hero,comic;
24-HOUR MAN/EMMANUEL,AA2 35;
3-D MAN/CHARLES CHAN,AVF 4;
3-D MAN/CHARLES CHAN,AVF 5;
3-D MAN/CHARLES CHAN,COC 1;
3-D MAN/CHARLES CHAN,H2 251;
3-D MAN/CHARLES CHAN,H2 252;
3-D MAN/CHARLES CHAN,M/PRM 35;
3-D MAN/CHARLES CHAN,M/PRM 36;
3-D MAN/CHARLES CHAN,M/PRM 37;
3-D MAN/CHARLES CHAN,WI? 9;
4-D MAN/MERCURIO,CA3 36;
4-D MAN/MERCURIO,CM 51;
4-D MAN/MERCURIO,Q 14;
4-D MAN/MERCURIO,Q 16;
4-D MAN/MERCURIO,T 208;
4-D MAN/MERCURIO,T 214;
4-D MAN/MERCURIO,T 215;
4-D MAN/MERCURIO,T 216;
4-D MAN/MERCURIO,T 440;
8-BALL/,SLEEP 1;
8-BALL/,SLEEP 19;
8-BALL/,SLEEP 2;
ABBOTT, JACK,DD/SM 1;
ABCISSA,W2 52;
ABCISSA,W2 53;
ABEL,XFOR 108;
ABEL,XFOR 109;
ABOMINATION/EMIL BLO,ABOM 2;
ABOMINATION/EMIL BLO,ABOM 3;
ABOMINATION/EMIL BLO,ASM 23;
ABOMINATION/EMIL BLO,H 15;
ABOMINATION/EMIL BLO,H 20;
ABOMINATION/EMIL BLO,H2 136;
ABOMINATION/EMIL BLO,H2 137;
ABOMINATION/EMIL BLO,H2 159;
ABOMINATION/EMIL BLO,H2 171;
ABOMINATION/EMIL BLO,H2 194;
ABOMINATION/EMIL BLO,H2 195;
ABOMINATION/EMIL BLO,H2 196;
ABOMINATION/EMIL BLO,H2 270;
ABOMINATION/EMIL BLO,H2 278;
ABOMINATION/EMIL BLO,H2 287;
ABOMINATION/EMIL BLO,H2 288;
ABOMINATION/EMIL BLO,H2 289;
ABOMINATION/EMIL BLO,H2 290;
ABOMINATION/EMIL BLO,H2 364;
ABOMINATION/EMIL BLO,H2 366;
ABOMINATION/EMIL BLO,H2 382;
ABOMINATION/EMIL BLO,H2 383;
ABOMINATION/EMIL BLO,H2 384;
ABOMINATION/EMIL BLO,H2 431;
ABOMINATION/EMIL BLO,H2 432;
ABOMINATION/EMIL BLO,H2 459;
ABOMINATION/EMIL BLO,H2 472;
ABOMINATION/EMIL BLO,H2 473;
ABOMINATION/EMIL BLO,H2 474;
ABOMINATION/EMIL BLO,H3 24;
ABOMINATION/EMIL BLO,H3 25;
ABOMINATION/EMIL BLO,M/SH3 6;
ABOMINATION/EMIL BLO,M/SH3 7;
ABOMINATION/EMIL BLO,M/SH3 8;
ABOMINATION/EMIL BLO,N 58;
ABOMINATION/EMIL BLO,N 59;
ABOMINATION/EMIL BLO,SOLOA 12;
ABOMINATION/EMIL BLO,SS 12;
ABOMINATION/EMIL BLO,SWII 7;
ABOMINATION/EMIL BLO,T 178;
ABOMINATION/EMIL BLO,TTA 90/2;
ABOMINATION/EMIL BLO,TTA 91/2;
ABOMINATION/EMIL BLO,WCA2 25;
ABOMINATION/EMIL BLO,X 74;
ABOMINATION/EMIL BLO,XM 32;
ABOMINATION | MUTANT,MX '01;
ABOMINATRIX,S-H2 21;
ABOMINATRIX,S-H2 22;
ABOMINATRIX,S-H2 23;
ABRAXAS,AA2 22;
ABRAXAS,AA2 23;
ABRAXAS,AA2 24;
ABRAXAS,FF '01;
ABSALOM,GAM3 14;
ABSALOM,XFOR 10;
ABSALOM,XFOR 53;
ABSALOM,XFOR 54;
ABSORBING MAN/CARL C,A 183;
ABSORBING MAN/CARL C,A 184;
ABSORBING MAN/CARL C,A 20/4;
ABSORBING MAN/CARL C,A 270;
ABSORBING MAN/CARL C,A 273;
ABSORBING MAN/CARL C,A 274;
ABSORBING MAN/CARL C,A 275;
ABSORBING MAN/CARL C,ASM 283;
ABSORBING MAN/CARL C,ASM 429;
ABSORBING MAN/CARL C,ASPOT 29/2;
ABSORBING MAN/CARL C,AUP 3;
ABSORBING MAN/CARL C,AUP 4;
ABSORBING MAN/CARL C,CA3 24;
ABSORBING MAN/CARL C,DAZZ 17;
ABSORBING MAN/CARL C,DAZZ 18;
ABSORBING MAN/CARL C,DAZZ 19;
ABSORBING MAN/CARL C,DD 1;
ABSORBING MAN/CARL C,DD 359;
ABSORBING MAN/CARL C,DD:Y 1;
ABSORBING MAN/CARL C,DPOOL3 43;
ABSORBING MAN/CARL C,FF3 22;
ABSORBING MAN/CARL C,H 18;
ABSORBING MAN/CARL C,H2 125;
ABSORBING MAN/CARL C,H2 208;
ABSORBING MAN/CARL C,H2 209;
ABSORBING MAN/CARL C,H2 261;
ABSORBING MAN/CARL C,H2 347;
ABSORBING MAN/CARL C,H2 348;
ABSORBING MAN/CARL C,H2 456;
ABSORBING MAN/CARL C,H2 457;
ABSORBING MAN/CARL C,HFH 17;
ABSORBING MAN/CARL C,JIM 114;
ABSORBING MAN/CARL C,JIM 115;
ABSORBING MAN/CARL C,JIM 120;
ABSORBING MAN/CARL C,JIM 121;
ABSORBING MAN/CARL C,JIM 122;
ABSORBING MAN/CARL C,JIM 123;
ABSORBING MAN/CARL C,M/CP 160/4;
ABSORBING MAN/CARL C,M/SHSW 1;
ABSORBING MAN/CARL C,M/SHSW 10;
ABSORBING MAN/CARL C,M/SHSW 11;
ABSORBING MAN/CARL C,M/SHSW 12;
ABSORBING MAN/CARL C,M/SHSW 2;
ABSORBING MAN/CARL C,M/SHSW 3;
ABSORBING MAN/CARL C,M/SHSW 4;
ABSORBING MAN/CARL C,M/SHSW 5;
ABSORBING MAN/CARL C,M/SHSW 6;
ABSORBING MAN/CARL C,M/SHSW 7;
ABSORBING MAN/CARL C,M/SHSW 8;
ABSORBING MAN/CARL C,M/SHSW 9;
ABSORBING MAN/CARL C,M/VS 1/4;
ABSORBING MAN/CARL C,Q 5;
ABSORBING MAN/CARL C,SWII 7;
ABSORBING MAN/CARL C,T 2;
ABSORBING MAN/CARL C,T 206;
ABSORBING MAN/CARL C,T 207;
ABSORBING MAN/CARL C,T2 14;
ABSORBING MAN/CARL C,T2 25;
ABSORBING MAN/CARL C,T2 26;
ABSORBING MAN/CARL C,T2 27;
ABSORBING MAN/CARL C,T 235;
ABSORBING MAN/CARL C,T 236;
ABSORBING MAN/CARL C,T 375;
ABSORBING MAN/CARL C,T 376;
ABSORBING MAN/CARL C,T 383;
ABSORBING MAN/CARL C,T 436;
ABSORBING MAN/CARL C,T 447;
ABSORBING MAN/CARL C,T 448;
ABSORBING MAN/CARL C,T 490;
ABSORBING MAN/CARL C,TS 16;
ABSORBING MAN/CARL C,W2 164;
ABSORBING MAN | MUTA,MX '01;
ACBA,Q 25;
ACHEBE, REVEREND DOC,BP3 10;
ACHEBE, REVEREND DOC,BP3 11;
ACHEBE, REVEREND DOC,BP3 12;
ACHEBE, REVEREND DOC,BP3 13;
ACHEBE, REVEREND DOC,BP3 23;
ACHEBE, REVEREND DOC,BP3 3;
ACHEBE, REVEREND DOC,BP3 4;
ACHEBE, REVEREND DOC,BP3 5;
ACHEBE, REVEREND DOC,BP3 8;
ACHEBE, REVEREND DOC,BP3 9;
ACHEBE, REVEREND DOC,DPOOL3 43;
ACHEBE, REVEREND DOC,DPOOL3 44;
ACHILLES II/HELMUT,CAGE 9;
ACHILLES II/HELMUT,H 17/5;
ACHILLES II/HELMUT,H 18/3;
ACHILLES II/HELMUT,H 20/3;
ACHILLES II/HELMUT,H2 379;
ACHILLES II/HELMUT,H2 381;
ACHILLES II/HELMUT,H2 382;
ACHILLES II/HELMUT,H2 386;
ACHILLES II/HELMUT,H2 387;
ACHILLES II/HELMUT,H2 395;
ACHILLES II/HELMUT,H2 397;
ACHILLES II/HELMUT,H2 421;
ACHILLES II/HELMUT,H2 423;
ACHILLES II/HELMUT,H2 424;
ACHILLES II/HELMUT,H2 425;
ACHILLES,T 8;
ACROBAT/CARL ZANTE,CA:SL2 11;
ACROBAT/CARL ZANTE,ST 106;
ACROBAT/CARL ZANTE,ST 114;
ADAM 3,031,AA2 27;
ADAM 3,031,AA2 28;
ADAM 3,031,AA2 29;
ADAM 3,031,AA2 31;
ADAMS, CINDY,ROM 60;
ADAMS, CINDY,ROM 61;
ADAMS, CINDY,ROM 62;
ADAMS, CINDY,ROM 63;
ADAMS, CINDY,ROM 64;
ADAMS, CINDY,ROM 65;
ADAMS, CINDY,ROM 66;
ADAMS, CINDY,ROM 67;
ADAMS, CINDY,ROM 71;
ADAMS, CINDY,ROM 72;
ADAMS, CONGRESSMAN H,DB 1;
ADAMS, GEORGE,ROM 60;
ADAMS, GEORGE,ROM 72;
ADAMS, MARTHA,ROM 60;
ADAMS, MARTHA,ROM 72;
ADAMS, NICOLE NIKKI,A 77;
ADAMS, NICOLE NIKKI,BP3 1;
ADAMS, NICOLE NIKKI,BP3 10;
ADAMS, NICOLE NIKKI,BP3 14;
ADAMS, NICOLE NIKKI,BP3 15;
ADAMS, NICOLE NIKKI,BP3 16;
ADAMS, NICOLE NIKKI,BP3 17;
ADAMS, NICOLE NIKKI,BP3 18;
ADAMS, NICOLE NIKKI,BP3 19;
ADAMS, NICOLE NIKKI,BP3 2;
ADAMS, NICOLE NIKKI,BP3 20;
ADAMS, NICOLE NIKKI,BP3 22;
ADAMS, NICOLE NIKKI,BP3 24;
ADAMS, NICOLE NIKKI,BP3 25;
ADAMS, NICOLE NIKKI,BP3 27;
ADAMS, NICOLE NIKKI,BP3 3;
ADAMS, NICOLE NIKKI,BP3 4;
ADAMS, NICOLE NIKKI,BP3 5;
ADAMS, NICOLE NIKKI,BP3 6;
ADAMS, NICOLE NIKKI,BP3 7;
ADAMS, NICOLE NIKKI,BP3 8;
ADAMSON, JASON,ST 174;
ADAMSON, JASON,ST 176;
ADAMSON, JASON,ST 177;
ADAMSON, REBECCA,ST 174;
ADAMSON, REBECCA,ST 176;
ADAMSON, REBECCA,ST 177;
ADAM X,CM4 2;
ADAM X,CM4 3;
ADAM X,X 38;
ADAM X,X 39;
ADMIRAL PROTOCOL/,NW 53;
ADMIRAL PROTOCOL/,NW 54;
ADMIRAL PROTOCOL/,NW 55;
ADMIRAL PROTOCOL/,NW 56;
ADMIRAL PROTOCOL/,NW 58;
ADMIRAL PROTOCOL/,NW 62;
ADMIRAL PROTOCOL/,NW 65;
ADMIRAL PROTOCOL/,NW 74;
ADORA,A 260;
ADORA CLONE,NO2 14;
ADORA CLONE,NW 42;
ADORA,FF 204;
ADORA,FF 205;
ADORA,FF 206;
ADORA,FF 208;
ADORA,FF 209;
ADORA,FF 214;
ADORA,NO2 15;
ADORA,NO2 17;
ADORA,NO2 18;
ADORA,ROM 24;
ADRIA,DRSTR2 56;
ADRIA,ST 141/2;
ADRIA,ST 142/2;
ADRIA,ST 143/2;
ADVA,T2 10;
ADVA,T2 11;
ADVA,T2 12;
ADVA,T2 4;
ADVA,T2 5;
ADVA,T2 7;
ADVA,T2 8;
ADVA,T2 9;
ADVENT/KYLE GROBE,NW 69;
ADVENT/KYLE GROBE,NW 70;
ADVENT/KYLE GROBE,NW 71;
ADVERSARY,UX 187;
ADVERSARY,UX 188;
ADVERSARY,UX 220;
ADVERSARY,UX 221;
ADVERSARY,UX 222;
ADVERSARY,UX 223;
ADVERSARY,UX 224;
ADVERSARY,UX 225;
ADVERSARY,UX 226;
ADVERSARY,UX 227;
ADVERSARY,XF 119;
ADVERSARY,XF 120;
ADVERSARY,XF 121;
AEGIS/TREY ROLLINS,NW2 1;
AEGIS/TREY ROLLINS,NW2 10;
AEGIS/TREY ROLLINS,NW2 2;
AEGIS/TREY ROLLINS,NW2 3;
AEGIS/TREY ROLLINS,NW2 4;
AEGIS/TREY ROLLINS,NW2 5;
AEGIS/TREY ROLLINS,NW2 6;
AEGIS/TREY ROLLINS,NW2 7;
AEGIS/TREY ROLLINS,NW2 8;
AEGIS/TREY ROLLINS,NW2 9;
AEGIS/TREY ROLLINS,W2 149;
AENTAROS,C2 79;
AENTAROS,C2 80;
AENTAROS,C2 81;
AENTAROS,C2 82;
AENTAROS,C2 83;
AENTAROS,C2 84;
AFTERLIFE,DRSTR3 88;
AFTERLIFE,DRSTR3 89;
AGAMEMNON II/ANDREI,M/TIO 10;
AGAMEMNON III/,H 17/5;
AGAMEMNON III/,H 18/2;
AGAMEMNON III/,H 18/3;
AGAMEMNON III/,H2 376;
AGAMEMNON III/,H2 381;
AGAMEMNON III/,H2 386;
AGAMEMNON III/,H2 387;
AGAMEMNON III/,H2 398;
AGAMEMNON III/,H2 399;
AGAMEMNON III/,H2 400;
AGAMEMNON III/,H2 421;
AGAMEMNON III/,H2 422;
AGAMEMNON III/,H2 423;
AGAMEMNON III/,H2 424;
AGAMEMNON III/,H2 425;
AGAMEMNON,T 8;
AGAMOTTO,DRSTR2 1;
AGAMOTTO,DRSTR2 5;
AGAMOTTO,DRSTR3 32;
AGAMOTTO,DRSTR3 43;
AGAMOTTO,DRSTR3 48;
AGAMOTTO,DRSTR3 49;
AGAMOTTO,DRSTR3 50;
AGAMOTTO,DRSTR3 6;
AGAMOTTO,DRSTR3 7;
AGAMOTTO,M/PRM 5;
AGAMOTTO,M/PRM 8;
AGAMOTTO,M/TU 77;
AGARN, CAPT.,ABOM 1;
AGED GENGHIS,DRSTR2 10;
AGED GENGHIS,DRSTR2 11;
AGED GENGHIS,DRSTR2 12;
AGED GENGHIS,DRSTR2 57;
AGED GENGHIS,DRSTR2 7;
AGED GENGHIS,DRSTR2 9;
AGED GENGHIS,DSDDGN;
AGED GENGHIS,ST 136/2;
AGEE, DR. AUBREY,UX 353;
AGEE, DR. AUBREY,UX 355;
AGEE, DR. AUBREY,UX 356;
AGEE, DR. AUBREY,UX 357;
AGEE, DR. AUBREY,UX 359;
AGEE, REBECCA,UX 357;
AGEE, REBECCA,UX 359;
AGENT 18/JACK TRUMAN,C2 59;
AGENT 18/JACK TRUMAN,C2 60;
AGENT 18/JACK TRUMAN,C2 61;
AGENT 18/JACK TRUMAN,C2 62;
AGENT AXIS/,INV 1;
AGENT AXIS/,INV 26;
AGENT AXIS/,INV 27;
AGENT AXIS/,INV 28;
AGENT-X/,GR3 29;
AGENT-X/,SSWP 7;
AGGAMON,DS 2/5;
AGGAMON,ST 119/2;
AGINAR,A 248;
AGINAR,E 11;
AGINAR,T 291;
AGON,INH2 1;
AGONY/,MK3 44;
AGUIRRE, ISOBEL,FF3 3;
AGUIRRE, ISOBEL,FF3 4;
AGUIRRE, ISOBEL,FF3 5;
AHAB/RORY CAMPBELL,C2 71;
AHAB/RORY CAMPBELL,FF 23;
AHAB/RORY CAMPBELL,NM 6;
AHAB/RORY CAMPBELL,UX 14;
AHAB/RORY CAMPBELL,UX 199;
AHAB/RORY CAMPBELL,UX 377;
AHAB/RORY CAMPBELL,X 96;
AHAB/RORY CAMPBELL,X 97;
AHAB/RORY CAMPBELL,XCAL 35;
AHAB/RORY CAMPBELL,XCAL 52;
AHAB/RORY CAMPBELL,XCAL 66;
AHAB/RORY CAMPBELL,XF 5;
AHQLAU,E2 10;
AHQLAU,E2 2;
AHQLAU,E2 5;
AHQLAU,E2 7;
AHQLAU,E2 9;
AHURA,AR 2;
AHURA,FF 402;
AHURA,FF 411;
AHURA,FF 413;
AHURA,FFU 11;
AHURA,I:GR;
AHURA,INHUMANS GRAPHIC NOV;
AI-CHIA,W2 119;
AI-CHIA,W2 121;
AINET,X 77;
AINET,X 78;
AIRBORNE/,IM3 1;
AIRBORNE/,IM '99;
AIREO/AEOLUS [INHUMA,AA2 1;
AIREO/AEOLUS [INHUMA,AA2 2;
AIREO/AEOLUS [INHUMA,FF 47;
AIREO/AEOLUS [INHUMA,FF 83;
AIREO/AEOLUS [INHUMA,H 1;
AIREO/AEOLUS [INHUMA,H2 119;
AIREO/AEOLUS [INHUMA,INH 4;
AIREO/AEOLUS [INHUMA,INH 5;
AIREO/AEOLUS [INHUMA,INH 6;
AIREO/AEOLUS [INHUMA,M/FAN 14/2;
AIREO/AEOLUS [INHUMA,NW 29;
AIREO/AEOLUS [INHUMA,NW 30;
AIREO/AEOLUS [INHUMA,NW 7;
AIREO/AEOLUS [INHUMA,NW 8;
AIREO/AEOLUS [INHUMA,NW 9;
AIREO/AEOLUS [INHUMA,SS 18;
AIR WALKER/ARLO SAMU,M/SH3 11/2;
AIR-WALKER/GABRIEL L,FF 120;
AIR-WALKER/GABRIEL L,FF 121;
AIR-WALKER/GABRIEL L,SS3 106;
AIR-WALKER/GABRIEL L,SS3 107;
AIR-WALKER/GABRIEL L,SS3 108;
AIR-WALKER/GABRIEL L,SS3 109;
AIR-WALKER/GABRIEL L,SS3 73;
AIR-WALKER/GABRIEL L,SS3 74;
AIR-WALKER/GABRIEL L,SS3 75;
AIR-WALKER/GABRIEL L,SS 7;
AIR-WALKER/GABRIEL L,T 305;
AIR-WALKER/GABRIEL L,T 306;
AJAK/TECUMOTZIN [ETE,A 248;
AJAK/TECUMOTZIN [ETE,COC 1;
AJAK/TECUMOTZIN [ETE,E 12;
AJAK/TECUMOTZIN [ETE,E 2;
AJAK/TECUMOTZIN [ETE,E 3;
AJAK/TECUMOTZIN [ETE,E 4;
AJAK/TECUMOTZIN [ETE,E 7;
AJAK/TECUMOTZIN [ETE,E:HEROD;
AJAK/TECUMOTZIN [ETE,IM 6;
AJAK/TECUMOTZIN [ETE,T 284;
AJAK/TECUMOTZIN [ETE,T 291;
AJAK/TECUMOTZIN [ETE,T 300;
AJAK/TECUMOTZIN [ETE,T 301;
AJAK/TECUMOTZIN [ETE,T 7;
AJAX,DRSTR 2;
AJAX,H 18/3;
AJAX,H 20/3;
AJAX,H2 379;
AJAX,H2 381;
AJAX,H2 382;
AJAX,H2 391;
AJAX,H2 392;
AJAX,H2 393;
AJAX,H2 394;
AJAX,H2 395;
AJAX,H2 397;
AJAX,H2 421;
AJAX,H2 423;
AJAX,H2 424;
AJAX,H2 425;
AJAX,H2 444;
AJAX,H2 446;
AJAX,H2 448;
AJAX II,DPOOL3 15;
AJAX II,DPOOL3 16;
AJAX II,DPOOL3 19;
AJAX,XF 76;
AJES'HA,TB 45;
AKAFE,BP3 31;
AKAFE,BP3 33;
AKULIA,M/CO 71/2;
AKULIA,M/CP 69/2;
AKULIA,M/CP 70/2;
AKUTAGAWA, OSAMU,CA3 1;
ALANYA,CA3 21;
ALBERIK,MAXSEC:DP;
ALBERT,GENX 42;
ALBERT,W2 37;
ALBERT,W2 38;
ALBERT,W2 39;
ALBERT,W2 40;
ALBERT,W2 41;
ALBERT,W2 42;
ALBERT,W2 43;
ALBERT,W2 45;
ALBERT,W2 46;
ALBERT,W2 51;
ALBERT,W2 52;
ALBERT,W2 53;
ALBERT,W2 82;
ALBERT,W2 83;
ALBERT,W2 84;
ALBERT,W2 86;
ALBINO/DR. AUGUSTA S,HAWK2;
ALBUQUERQUE, JEREMIA,NOM2 3;
ALCHEMY/THOMAS JONES,XCAL 57;
ALCHEMY/THOMAS JONES,XCAL 58;
ALCHEMY/THOMAS JONES,XF 40;
ALCHEMY/THOMAS JONES,XF 41;
ALDEN, PROF. MEREDIT,A:T;
ALDEN, PROF. MEREDIT,IM 28;
ALDEN, PROF. MEREDIT,IM 326;
ALDEN, PROF. MEREDIT,IM 327;
ALEGRIA, RICHIE,XFOR 71;
ALEGRIA, RICHIE,XFOR 72;
ALEGRIA, RICHIE,XFOR 73;
ALEGRIA, RICHIE,XFOR 74;
ALEXANDER, CALEB,M/SH3 10/2;
ALEXANDER, CALEB,N 1;
ALEXANDER, CALEB,N 1/3;
ALEXANDER, CALEB,N 17;
ALEXANDER, CALEB,N 19;
ALEXANDER, CALEB,N 2;
ALEXANDER, CALEB,N 26;
ALEXANDER, CALEB,N 28;
ALEXANDER, CALEB,N 3;
ALEXANDER, CALEB,N 6;
ALEXANDER, CALEB,N 8;
ALEXANDER, CALEB,N 9;
ALEXANDER, CARRIE,M/SH3 10/2;
ALEXANDER, CARRIE,N 1;
ALEXANDER, CARRIE,N 1/3;
ALEXANDER, CARRIE,N 13;
ALEXANDER, CARRIE,N 15;
ALEXANDER, CARRIE,N 16;
ALEXANDER, CARRIE,N 17;
ALEXANDER, CARRIE,N 18;
ALEXANDER, CARRIE,N 19;
ALEXANDER, CARRIE,N 2;
ALEXANDER, CARRIE,N 2/4;
ALEXANDER, CARRIE,N 26;
ALEXANDER, CARRIE,N 28;
ALEXANDER, CARRIE,N 3;
ALEXANDER, CARRIE,N 4;
ALEXANDER, CARRIE,N 54;
ALEXANDER, CARRIE,N 55;
ALEXANDER, CARRIE,N 56;
ALEXANDER, CARRIE,N 57;
ALEXANDER, CARRIE,N 58;
ALEXANDER, CARRIE,N 6;
ALEXANDER, CARRIE,N 8;
ALEXANDER, CARRIE,N 9;
ALEXANDER, CARRIE,WOSM 73;
ALFY,LSHOT 5;
ALFY,NM 2;
ALFY,UX 10;
ALIOTH,AVF 9;
ALISTRO,JIM 508;
ALIST,SS3 112;
AL-KHALAD,DOOM2 1;
AL-KHALAD,DOOM2 2;
ALLEN, TERRY,FF3 40;
ALOUETTE, GENARD,GAM3 17;
ALOUETTE, GENARD,GAM3 22;
ALPHA,FF 15;
ALPHA,FF 16;
ALRAUNE, MARLENE,ASM 220;
ALRAUNE, MARLENE,ASM 357;
ALRAUNE, MARLENE,BP3 20;
ALRAUNE, MARLENE,HMAG 11/2;
ALRAUNE, MARLENE,HMAG 12/2;
ALRAUNE, MARLENE,HMAG 13/2;
ALRAUNE, MARLENE,HMAG 14/2;
ALRAUNE, MARLENE,HMAG 17/2;
ALRAUNE, MARLENE,HMAG 18/2;
ALRAUNE, MARLENE,HMAG 20/2;
ALRAUNE, MARLENE,M/FAN 30;
ALRAUNE, MARLENE,MK 1;
ALRAUNE, MARLENE,MK 10;
ALRAUNE, MARLENE,MK 11;
ALRAUNE, MARLENE,MK 12;
ALRAUNE, MARLENE,MK 13;
ALRAUNE, MARLENE,MK 14;
ALRAUNE, MARLENE,MK 15;
ALRAUNE, MARLENE,MK 16;
ALRAUNE, MARLENE,MK 17;
ALRAUNE, MARLENE,MK 18;
ALRAUNE, MARLENE,MK 2;
ALRAUNE, MARLENE,MK 20;
ALRAUNE, MARLENE,MK2 1;
ALRAUNE, MARLENE,MK 22;
ALRAUNE, MARLENE,MK2 2;
ALRAUNE, MARLENE,MK 23;
ALRAUNE, MARLENE,MK2 3;
ALRAUNE, MARLENE,MK 24;
ALRAUNE, MARLENE,MK2 4;
ALRAUNE, MARLENE,MK 25;
ALRAUNE, MARLENE,MK 26/2;
ALRAUNE, MARLENE,MK 27;
ALRAUNE, MARLENE,MK 28;
ALRAUNE, MARLENE,MK 29;
ALRAUNE, MARLENE,MK 3;
ALRAUNE, MARLENE,MK 30;
ALRAUNE, MARLENE,MK3 1;
ALRAUNE, MARLENE,MK3 11;
ALRAUNE, MARLENE,MK3 14;
ALRAUNE, MARLENE,MK3 15;
ALRAUNE, MARLENE,MK3 16;
ALRAUNE, MARLENE,MK3 17;
ALRAUNE, MARLENE,MK3 18;
ALRAUNE, MARLENE,MK3 19;
ALRAUNE, MARLENE,MK 32;
ALRAUNE, MARLENE,MK3 2;
ALRAUNE, MARLENE,MK 32/2;
ALRAUNE, MARLENE,MK3 22;
ALRAUNE, MARLENE,MK3 23;
ALRAUNE, MARLENE,MK3 25;
ALRAUNE, MARLENE,MK3 26;
ALRAUNE, MARLENE,MK3 28;
ALRAUNE, MARLENE,MK3 29;
ALRAUNE, MARLENE,MK3 3;
ALRAUNE, MARLENE,MK3 31;
ALRAUNE, MARLENE,MK3 32;
ALRAUNE, MARLENE,MK3 33;
ALRAUNE, MARLENE,MK3 34;
ALRAUNE, MARLENE,MK3 35;
ALRAUNE, MARLENE,MK3 38;
ALRAUNE, MARLENE,MK3 4;
ALRAUNE, MARLENE,MK 34/2;
ALRAUNE, MARLENE,MK 35;
ALRAUNE, MARLENE,MK3 5;
ALRAUNE, MARLENE,MK 36;
ALRAUNE, MARLENE,MK 37;
ALRAUNE, MARLENE,MK 38;
ALRAUNE, MARLENE,MK4 1;
ALRAUNE, MARLENE,MK4 2;
ALRAUNE, MARLENE,MK4 3;
ALRAUNE, MARLENE,MK4 4;
ALRAUNE, MARLENE,MK 6;
ALRAUNE, MARLENE,MK 7;
ALRAUNE, MARLENE,MK 8;
ALRAUNE, MARLENE,MK 9;
ALRAUNE, MARLENE,M/PRV 21;
ALRAUNE, MARLENE,M/SPT 28;
ALRAUNE, MARLENE,M/SPT 29;
ALRAUNE, MARLENE,M/TU 4;
ALRAUNE, MARLENE,PM&IF 87;
ALRAUNE, MARLENE,PPTSS 23;
ALVAREZ, CARLY,UX 338;
ALVAREZ, CARLY,UX 340;
ALVAREZ, CARLY,X 59;
ALVAREZ, FELIX,FW 8;
ALVAREZ, FELIX,IM 238;
ALVAREZ, FELIX,IM 239;
ALVAREZ, FELIX,IM 241;
ALVAREZ, FELIX,IM 242;
ALVAREZ, FELIX,IM 243;
ALVAREZ, FELIX,IM 245;
ALVAREZ, FELIX,IM 246;
ALVAREZ, FELIX,IM 247;
ALVAREZ, FELIX,IM 248;
ALVAREZ, FELIX,IM 256;
ALVAREZ, FELIX,IM 281;
ALVAREZ, FELIX,IM 283;
ALVAREZ, FELIX,IM 284;
ALVAREZ, FELIX,IM 285;
ALVAREZ, FELIX,IM 286;
ALVAREZ, FELIX,IM 306;
ALVAREZ, FELIX,IM 310;
ALVAREZ, FELIX,WARM 8;
ALVAREZ, PAUL,FFOR 16;
ALVAREZ, PAUL,FFOR 2;
ALVAREZ, PAUL,FFOR 3;
ALVAREZ, PAUL,FFOR 5;
ALVAREZ, PAUL,FFOR 8;
ALVAREZ, PAUL,FFOR 9;
AMAZO-MAXI-WOMAN/,REMNANTS;
AMAZON,HFH 12;
AMENHOTEP,A 353;
AMENHOTEP,A 354;
AMERICAN EAGLE III/J,COC 3;
AMERICAN EAGLE III/J,H2 279;
AMERICAN EAGLE III/J,M/CP 27/4;
AMERICAN EAGLE III/J,M/TIO 6;
AMERICAN EAGLE III/J,ROM 65;
AMERICAN EAGLE II/JA,A 85;
AMERICAN SAMURAI/,ELEK 11;
AMERICAN SAMURAI/,ELEK 12;
AMERICAN SAMURAI/,ELEK 13;
AMERICOP/,CA 428;
AMERICOP/,CA 429;
AMERICOP/,CA 430;
AMIKO,ELEK 15;
AMIKO,KP&W 5;
AMIKO,UX 181;
AMIKO,W2 150;
AMIKO,W2 151;
AMIKO,W2 152;
AMIKO,W2 153;
AMIKO,W2 158;
AMIKO,W2 82;
AMINEDI,NM 7/2;
AMINEDI,UX 15/2;
AMINEDI,XF 6/2;
AMPERE/,A 377;
AMPHARON,DEF2 2;
AMPHIBIAN/KINGLEY RI,A 148;
AMPHIBIAN/KINGLEY RI,A 149;
AMPHIBIAN/KINGLEY RI,AWC 4/5;
AMPHIBIAN/KINGLEY RI,DEF 112;
AMPHIBIAN/KINGLEY RI,DEF 113;
AMPHIBIAN/KINGLEY RI,DEF 114;
AMPHIBIAN/KINGLEY RI,SQS 1;
AMPHIBIAN/KINGLEY RI,SQS 2;
AMPHIBIAN/KINGLEY RI,SQS 3;
AMPHIBIAN/KINGLEY RI,SQS 4;
AMPHIBIAN/KINGLEY RI,SQS 5;
AMPHIBIAN/KINGLEY RI,SQS 6;
AMPHIBIAN/KINGLEY RI,SQS:NWO;
AMPHIBIUS,A 105;
AMPHIBIUS,M/FAN 1;
AMPHIBIUS,M/FAN 2;
AMPHIBIUS,M/FAN 3;
AMPHIBIUS,M/FAN 4;
AMPHIBIUS,UX 12;
AMPHIBIUS,UX 249;
AMPHIBIUS,UX 250;
AMPHIBIUS,UX 274;
AMPHIBIUS,UX 62;
AMPHIBIUS,UX 63;
AMPHIBIUS,W2 69;
AMPHIBIUS,X:HY 1;
AMPHIBIUS,X:HY 10;
AMPHIBIUS,X:HY 11;
AMPHIBIUS,X:HY 12;
AMPHIBIUS,X:HY 3;
AMPHIBIUS,X:HY 4;
ANACONDA/BLANCHE SIT,CA 307;
ANACONDA/BLANCHE SIT,CA 308;
ANACONDA/BLANCHE SIT,CA 309;
ANACONDA/BLANCHE SIT,CA 310;
ANACONDA/BLANCHE SIT,CA 311;
ANACONDA/BLANCHE SIT,CA 313;
ANACONDA/BLANCHE SIT,CA 315;
ANACONDA/BLANCHE SIT,CA 319;
ANACONDA/BLANCHE SIT,CA 341;
ANACONDA/BLANCHE SIT,CA 342;
ANACONDA/BLANCHE SIT,CA 343;
ANACONDA/BLANCHE SIT,CA 365/2;
ANACONDA/BLANCHE SIT,CA 367/2;
ANACONDA/BLANCHE SIT,CA 371;
ANACONDA/BLANCHE SIT,CA 380;
ANACONDA/BLANCHE SIT,CA 381;
ANACONDA/BLANCHE SIT,CA 382;
ANACONDA/BLANCHE SIT,CA 385/2;
ANACONDA/BLANCHE SIT,CA 386/2;
ANACONDA/BLANCHE SIT,CA 387;
ANACONDA/BLANCHE SIT,CA 388;
ANACONDA/BLANCHE SIT,CA 389;
ANACONDA/BLANCHE SIT,CA 390;
ANACONDA/BLANCHE SIT,CA 391;
ANACONDA/BLANCHE SIT,CA 403/2;
ANACONDA/BLANCHE SIT,CA 434;
ANACONDA/BLANCHE SIT,CA 435;
ANACONDA/BLANCHE SIT,CA 436;
ANACONDA/BLANCHE SIT,CA 437;
ANACONDA/BLANCHE SIT,IM 160;
ANACONDA/BLANCHE SIT,M/TIO 64;
ANACONDA/BLANCHE SIT,M/TIO 65;
ANACONDA/BLANCHE SIT,UX 13;
ANAIS,X:SC 1;
ANAIS,X:SC 2;
ANAIS,X:SC 3;
ANAIS,X:SC 4;
ANAK,FFU 9;
ANAK,T 475;
ANAK,T 476;
ANAK,T 477;
ANAK,T 480;
ANAK,T 481;
ANAK,T 482;
ANAK,T 483;
ANAK,T 484;
ANAK,T 486;
ANAK,T 487;
ANAK,T 488;
ANAK,T 489;
ANALYZER,H2 176;
ANALYZER,H2 178;
ANALYZER,IM 112;
ANALYZER,Q 25;
ANALYZER,T 132;
ANALYZER,T 133;
ANALYZER,T 134;
ANALYZER,T 155;
ANALYZER,T 156;
ANALYZER,T 160;
ANALYZER,T 161;
ANALYZER,T 162;
ANALYZER,T 256;
ANALYZER,T 257;
ANALYZER,T 258;
ANALYZER,T 259;
ANALYZER,T 260;
ANALYZER,T 261;
ANALYZER,T 262;
ANALYZER,T 263;
ANALYZER,T 264;
ANALYZER,T 265;
ANALYZER,T 266;
ANALYZER,T 267;
ANALYZER,T 407;
ANALYZER,T 419;
ANALYZER,T 422;
ANALYZER,T 423;
ANALYZER,T 424;
ANALYZER,T 425;
ANALYZER,T 449/2;
ANALYZER,T 450/2;
ANALYZER,T 482;
ANALYZER,UX 137;
ANALYZER,WLOCK 8;
ANAMI, HIROSHI,AWC 72;
ANANASTASIA/ANNA,DPOOL3 46;
ANANASTASIA/ANNA,DPOOL3 47;
ANANASTASIA/ANNA,DPOOL3 48;
ANARCHIST/TIKE ALICA,XFOR 116;
ANARCHIST/TIKE ALICA,XFOR 117;
ANCESTOR/,FW 6;
ANCESTOR/,FW 7;
ANCESTOR/,IM 312;
ANCESTOR/,WARM 9;
ANCIENT ONE,AF 6/2;
ANCIENT ONE,ASPOT 37;
ANCIENT ONE/BARON MO,MX 32;
ANCIENT ONE,DEF 107;
ANCIENT ONE,DRSTR 1;
ANCIENT ONE,DRSTR 170;
ANCIENT ONE,DRSTR 174;
ANCIENT ONE,DRSTR 177;
ANCIENT ONE,DRSTR 178;
ANCIENT ONE,DRSTR2 11;
ANCIENT ONE,DRSTR2 12;
ANCIENT ONE,DRSTR2 13;
ANCIENT ONE,DRSTR2 19;
ANCIENT ONE,DRSTR2 26;
ANCIENT ONE,DRSTR2 27;
ANCIENT ONE,DRSTR2 28;
ANCIENT ONE,DRSTR2 4;
ANCIENT ONE,DRSTR2 51;
ANCIENT ONE,DRSTR2 75;
ANCIENT ONE,DRSTR3 23/2;
ANCIENT ONE,DRSTR3 8/2;
ANCIENT ONE,DRSTR3 84;
ANCIENT ONE,DRSTR3 85;
ANCIENT ONE,DRSTR3 87;
ANCIENT ONE,DRSTR3 88;
ANCIENT ONE,DS:WDS;
ANCIENT ONE,M/FEA 1/3;
ANCIENT ONE,M/FEA 2;
ANCIENT ONE,M/PRM 10;
ANCIENT ONE,M/PRM 3;
ANCIENT ONE,M/PRM 4;
ANCIENT ONE,M/PRM 5;
ANCIENT ONE,M/PRM 6;
ANCIENT ONE,M/PRM 8;
ANCIENT ONE,M/PRM 9;
ANCIENT ONE,ST 110/2;
ANCIENT ONE,ST 111/2;
ANCIENT ONE,ST 114/2;
ANCIENT ONE,ST 115/2;
ANCIENT ONE,ST 116/2;
ANCIENT ONE,ST 117/2;
ANCIENT ONE,ST 124/2;
ANCIENT ONE,ST 125/2;
ANCIENT ONE,ST 126/2;
ANCIENT ONE,ST 127/2;
ANCIENT ONE,ST 129/2;
ANCIENT ONE,ST 130/2;
ANCIENT ONE,ST 132/2;
ANCIENT ONE,ST 133/2;
ANCIENT ONE,ST 134/2;
ANCIENT ONE,ST 136/2;
ANCIENT ONE,ST 137/2;
ANCIENT ONE,ST 138/2;
ANCIENT ONE,ST 139/2;
ANCIENT ONE,ST 140/2;
ANCIENT ONE,ST 141/2;
ANCIENT ONE,ST 142/2;
ANCIENT ONE,ST 144/2;
ANCIENT ONE,ST 146/2;
ANCIENT ONE,ST 147/2;
ANCIENT ONE,ST 148;
ANCIENT ONE,ST 148/2;
ANCIENT ONE,ST 149/2;
ANCIENT ONE,ST 150/2;
ANCIENT ONE,ST 153/2;
ANCIENT ONE,ST 155/2;
ANCIENT ONE,ST 156/2;
ANCIENT ONE,ST 157/2;
ANCIENT ONE,ST 166;
ANCIENT ONE,ST 167/2;
ANCIENT ONE,ST 168;
ANCIENT ONE,ST3 11;
ANCIENT ONE,ST3 7/2;
ANCIENT ONE,UTSM:SE;
ANCIENT ONE,UX 33;
ANDERS, JOSHUA RICHI,CAGE 5;
ANDERS, JOSHUA RICHI,CAGE 6;
ANDERS, JOSHUA RICHI,CAGE 7;
ANDERSON, BAXTER,PPSM '00;
ANDERSON, CHARLES,ASM 268;
ANDERSON, CHARLES,SOLOA 17/2;
ANDERSON, CHARLES,WOSM 6;
ANDERSON, CHET,IM:IA 1;
ANDERSON, CHIEF MAGI,FF3 12;
ANDERSON, CHIEF MAGI,X 1;
ANDERSON, CHIEF MAGI,X 2;
ANDERSON, CHIEF MAGI,X 3;
ANDERSON, GINA,C2 92;
ANDERSON, GINA,C2 95;
ANDERSON, MARJORIE,IM:IA 1;
ANDERSON, NICKY,IM:IA 1;
ANDERSSEN, TANYA,M/FAN 1;
ANDERSSEN, TANYA,M/FAN 2;
ANDERSSEN, TANYA,M/FAN 4;
ANDERSSEN, TANYA,UX 60;
ANDERSSEN, TANYA,UX 61;
ANDERSSEN, TANYA,UX 62;
ANDERSSEN, TANYA,XFOR 5;
ANDREWS, DARYL TROOP,CAGE 10;
ANDREWS, DARYL TROOP,CAGE 2;
ANDREWS, DARYL TROOP,CAGE 3;
ANDREWS, DARYL TROOP,CAGE 4;
ANDREWS, DARYL TROOP,CAGE 5;
ANDREWS, DARYL TROOP,CAGE 6;
ANDREWS, DARYL TROOP,CAGE 9;
ANDROMEDA/ANDROMEDA,AWC 4;
ANDROMEDA/ANDROMEDA,DAMCON3 4;
ANDROMEDA/ANDROMEDA,DEF 146;
ANDROMEDA/ANDROMEDA,DEF 147;
ANDROMEDA/ANDROMEDA,DEF 149;
ANDROMEDA/ANDROMEDA,DEF 150;
ANDROMEDA/ANDROMEDA,DEF 151;
ANDROMEDA/ANDROMEDA,DEF 152;
ANDROMEDA/ANDROMEDA,DEF2 2;
ANDROMEDA/ANDROMEDA,DRSTR3 3;
ANDROMEDA/ANDROMEDA,DRSTR3 4;
ANDROMEDA/ANDROMEDA,FF 22;
ANDROMEDA/ANDROMEDA,IM 10/2;
ANDROMEDA/ANDROMEDA,N 52;
ANDROMEDA/ANDROMEDA,N 53;
ANDROMEDA/ANDROMEDA,N 55;
ANDROMEDA/ANDROMEDA,N 58;
ANDROMEDA/ANDROMEDA,N 59;
ANDROMEDA/ANDROMEDA,N 60;
ANDROMEDA/ANDROMEDA,N 61;
ANDROMEDA/ANDROMEDA,N 62;
ANDROMEDA/ANDROMEDA,ST2 5/2;
ANDROMEDA/ANDROMEDA,ST2 6/2;
ANDROMEDA/ANDROMEDA,ST2 7;
ANDROMEDA/ANDROMEDA,ST2 7/2;
ANDROMEDA/ANDROMEDA,T 14;
ANDROMEDA/ANDROMEDA,XF 4;
ANDROS,ASM 411;
ANDROS,PPTSS 234;
ANDROS,S-M 68;
ANDROS,S-M 69;
ANDWELLA,Q 42;
ANDWELLA,Q 43;
ANELLE,A 94;
ANELLE,A 97;
ANELLE,CM 2;
ANELLE,FF 257;
ANELLE,FF 37;
ANGAR THE SCREAMER/D,ASPOT 26;
ANGAR THE SCREAMER/D,ASPOT 28;
ANGAR THE SCREAMER/D,ASPOT 29/2;
ANGAR THE SCREAMER/D,AUP 4;
ANGAR THE SCREAMER/D,DD 100;
ANGAR THE SCREAMER/D,DD 101;
ANGAR THE SCREAMER/D,DD 105;
ANGAR THE SCREAMER/D,DD 106;
ANGAR THE SCREAMER/D,DD 107;
ANGAR THE SCREAMER/D,DEF 43;
ANGAR THE SCREAMER/D,IF 1;
ANGAR THE SCREAMER/D,IF 5;
ANGAR THE SCREAMER/D,IF 6;
ANGAR THE SCREAMER/D,IF 7;
ANGAR THE SCREAMER/D,M/CP 97/4;
ANGAR THE SCREAMER/D,M/PRM 25;
ANGAR THE SCREAMER/D,NF3 33;
ANGAR THE SCREAMER/D,NF3 34;
ANGAR THE SCREAMER/D,NF3 35;
ANGAR THE SCREAMER/D,S-W 34;
ANGAR THE SCREAMER/D,S-W 35;
ANGAR THE SCREAMER/D,S-W 50;
ANGAR THE SCREAMER/D,TB '97;
ANGEL 2013,PHOENIX 1;
ANGEL DOPPELGANGER,FF 370;
ANGEL III/HALLOWAY,CA 442;
ANGEL III/HALLOWAY,H2 432;
ANGEL II/THOMAS HALL,M/SH3 7/2;
ANGEL II/THOMAS HALL,USA 4;
ANGEL IV,S-M 70;
ANGEL IV,S-M 71;
ANGEL IV,S-M 74;
ANGEL IV,SMMM;
ANGELOPOULOS, ANGEL,CAGE 1;
ANGEL/WARREN KENNETH,A 111;
ANGEL/WARREN KENNETH,A 151;
ANGEL/WARREN KENNETH,A 211;
ANGEL/WARREN KENNETH,A 214;
ANGEL/WARREN KENNETH,A 3;
ANGEL/WARREN KENNETH,A 53;
ANGEL/WARREN KENNETH,A 60;
ANGEL/WARREN KENNETH,A '99;
ANGEL/WARREN KENNETH,AA2 11;
ANGEL/WARREN KENNETH,AA2 15;
ANGEL/WARREN KENNETH,AF 111;
ANGEL/WARREN KENNETH,ARCHANGEL;
ANGEL/WARREN KENNETH,ASM 1;
ANGEL/WARREN KENNETH,ASM 282;
ANGEL/WARREN KENNETH,ASTONX2 1;
ANGEL/WARREN KENNETH,ASTONX2 2;
ANGEL/WARREN KENNETH,ASTONX2 3;
ANGEL/WARREN KENNETH,BSHP 4;
ANGEL/WARREN KENNETH,C2 16;
ANGEL/WARREN KENNETH,C2 20;
ANGEL/WARREN KENNETH,C2 31;
ANGEL/WARREN KENNETH,CA 174;
ANGEL/WARREN KENNETH,CA 175;
ANGEL/WARREN KENNETH,CD 2;
ANGEL/WARREN KENNETH,CD 3;
ANGEL/WARREN KENNETH,CD 4;
ANGEL/WARREN KENNETH,CHAMP 1;
ANGEL/WARREN KENNETH,CHAMP 10;
ANGEL/WARREN KENNETH,CHAMP 11;
ANGEL/WARREN KENNETH,CHAMP 12;
ANGEL/WARREN KENNETH,CHAMP 13;
ANGEL/WARREN KENNETH,CHAMP 14;
ANGEL/WARREN KENNETH,CHAMP 15;
ANGEL/WARREN KENNETH,CHAMP 16;
ANGEL/WARREN KENNETH,CHAMP 17;
ANGEL/WARREN KENNETH,CHAMP 2;
ANGEL/WARREN KENNETH,CHAMP 3;
ANGEL/WARREN KENNETH,CHAMP 4;
ANGEL/WARREN KENNETH,CHAMP 5;
ANGEL/WARREN KENNETH,CHAMP 6;
ANGEL/WARREN KENNETH,CHAMP 7;
ANGEL/WARREN KENNETH,CHAMP 8;
ANGEL/WARREN KENNETH,CHAMP 9;
ANGEL/WARREN KENNETH,COC 1;
ANGEL/WARREN KENNETH,COC 3;
ANGEL/WARREN KENNETH,COH 2;
ANGEL/WARREN KENNETH,COH 3;
ANGEL/WARREN KENNETH,CX 1;
ANGEL/WARREN KENNETH,DAMCON3 4;
ANGEL/WARREN KENNETH,DAZZ 17;
ANGEL/WARREN KENNETH,DAZZ 18;
ANGEL/WARREN KENNETH,DAZZ 19;
ANGEL/WARREN KENNETH,DAZZ 2;
ANGEL/WARREN KENNETH,DAZZ 20;
ANGEL/WARREN KENNETH,DAZZ 21;
ANGEL/WARREN KENNETH,DAZZ 22;
ANGEL/WARREN KENNETH,DAZZ 23;
ANGEL/WARREN KENNETH,DAZZ 24;
ANGEL/WARREN KENNETH,DAZZ 27;
ANGEL/WARREN KENNETH,DAZZ 28;
ANGEL/WARREN KENNETH,DEF 125;
ANGEL/WARREN KENNETH,DEF 126;
ANGEL/WARREN KENNETH,DEF 127;
ANGEL/WARREN KENNETH,DEF 128;
ANGEL/WARREN KENNETH,DEF 129;
ANGEL/WARREN KENNETH,DEF 130;
ANGEL/WARREN KENNETH,DEF 131;
ANGEL/WARREN KENNETH,DEF 132;
ANGEL/WARREN KENNETH,DEF 133;
ANGEL/WARREN KENNETH,DEF 134;
ANGEL/WARREN KENNETH,DEF 135;
ANGEL/WARREN KENNETH,DEF 136;
ANGEL/WARREN KENNETH,DEF 137;
ANGEL/WARREN KENNETH,DEF 138;
ANGEL/WARREN KENNETH,DEF 139;
ANGEL/WARREN KENNETH,DEF 140;
ANGEL/WARREN KENNETH,DEF 141;
ANGEL/WARREN KENNETH,DEF 142;
ANGEL/WARREN KENNETH,DEF 143;
ANGEL/WARREN KENNETH,DEF 144;
ANGEL/WARREN KENNETH,DEF 145;
ANGEL/WARREN KENNETH,DEF 146;
ANGEL/WARREN KENNETH,DEF 149;
ANGEL/WARREN KENNETH,DEF 150;
ANGEL/WARREN KENNETH,DEF 151;
ANGEL/WARREN KENNETH,DEF 152;
ANGEL/WARREN KENNETH,E2 8;
ANGEL/WARREN KENNETH,FF 28;
ANGEL/WARREN KENNETH,FF 3;
ANGEL/WARREN KENNETH,FF 36;
ANGEL/WARREN KENNETH,FF 368;
ANGEL/WARREN KENNETH,FF 369;
ANGEL/WARREN KENNETH,FF 370;
ANGEL/WARREN KENNETH,GAM '00;
ANGEL/WARREN KENNETH,GAM3 14;
ANGEL/WARREN KENNETH,GAM3 19;
ANGEL/WARREN KENNETH,GR2 23;
ANGEL/WARREN KENNETH,GR3 9;
ANGEL/WARREN KENNETH,GSX 1;
ANGEL/WARREN KENNETH,GZIL 3;
ANGEL/WARREN KENNETH,H2 278;
ANGEL/WARREN KENNETH,H2 279;
ANGEL/WARREN KENNETH,H 7;
ANGEL/WARREN KENNETH,ICE 4;
ANGEL/WARREN KENNETH,IM3 1;
ANGEL/WARREN KENNETH,IM3 37;
ANGEL/WARREN KENNETH,IM 4;
ANGEL/WARREN KENNETH,IM 8;
ANGEL/WARREN KENNETH,IW 1;
ANGEL/WARREN KENNETH,IW 2;
ANGEL/WARREN KENNETH,IW 3;
ANGEL/WARREN KENNETH,IW 4;
ANGEL/WARREN KENNETH,IW 5;
ANGEL/WARREN KENNETH,IW 6;
ANGEL/WARREN KENNETH,JIM 109;
ANGEL/WARREN KENNETH,KZ 2/2;
ANGEL/WARREN KENNETH,KZ 3/3;
ANGEL/WARREN KENNETH,MARVELS 2;
ANGEL/WARREN KENNETH,M/CP 85/3;
ANGEL/WARREN KENNETH,M/CP 89/4;
ANGEL/WARREN KENNETH,MEPHV. 2;
ANGEL/WARREN KENNETH,M/FAN 1;
ANGEL/WARREN KENNETH,M/FAN 2;
ANGEL/WARREN KENNETH,M/FAN 3;
ANGEL/WARREN KENNETH,M/FAN 32;
ANGEL/WARREN KENNETH,M/FAN 4;
ANGEL/WARREN KENNETH,M/FAN 40;
ANGEL/WARREN KENNETH,M/FAN 50;
ANGEL/WARREN KENNETH,M/GN 1;
ANGEL/WARREN KENNETH,M/H&L 1;
ANGEL/WARREN KENNETH,MK3 41;
ANGEL/WARREN KENNETH,M/TALES 30/2;
ANGEL/WARREN KENNETH,M/TE 13;
ANGEL/WARREN KENNETH,M/TE 27;
ANGEL/WARREN KENNETH,M/TIO 68;
ANGEL/WARREN KENNETH,M/TU 23;
ANGEL/WARREN KENNETH,M/TU 4;
ANGEL/WARREN KENNETH,NM 88;
ANGEL/WARREN KENNETH,NM 95;
ANGEL/WARREN KENNETH,NM 96;
ANGEL/WARREN KENNETH,NM 97;
ANGEL/WARREN KENNETH,NW 27;
ANGEL/WARREN KENNETH,PP 35;
ANGEL/WARREN KENNETH,PPTSS 17;
ANGEL/WARREN KENNETH,PPTSS 18;
ANGEL/WARREN KENNETH,Q 38;
ANGEL/WARREN KENNETH,Q 39;
ANGEL/WARREN KENNETH,Q 40;
ANGEL/WARREN KENNETH,ROM 65;
ANGEL/WARREN KENNETH,ROM 66;
ANGEL/WARREN KENNETH,SS3 14;
ANGEL/WARREN KENNETH,ST 120;
ANGEL/WARREN KENNETH,ST 156;
ANGEL/WARREN KENNETH,SUB-M2 3;
ANGEL/WARREN KENNETH,SVTU 14;
ANGEL/WARREN KENNETH,S-W 37;
ANGEL/WARREN KENNETH,S-W 38;
ANGEL/WARREN KENNETH,T 373;
ANGEL/WARREN KENNETH,T 374;
ANGEL/WARREN KENNETH,TB 27;
ANGEL/WARREN KENNETH,TB 28;
ANGEL/WARREN KENNETH,TB 29;
ANGEL/WARREN KENNETH,TB 30;
ANGEL/WARREN KENNETH,THOR CORPS 3;
ANGEL/WARREN KENNETH,TOS 49;
ANGEL/WARREN KENNETH,UTSM 21;
ANGEL/WARREN KENNETH,UTSM '97;
ANGEL/WARREN KENNETH,UX 1;
ANGEL/WARREN KENNETH,UX 10;
ANGEL/WARREN KENNETH,UX 11;
ANGEL/WARREN KENNETH,UX 12;
ANGEL/WARREN KENNETH,UX 13;
ANGEL/WARREN KENNETH,UX 132;
ANGEL/WARREN KENNETH,UX 133;
ANGEL/WARREN KENNETH,UX 135;
ANGEL/WARREN KENNETH,UX 136;
ANGEL/WARREN KENNETH,UX 137;
ANGEL/WARREN KENNETH,UX 138;
ANGEL/WARREN KENNETH,UX 139;
ANGEL/WARREN KENNETH,UX 14;
ANGEL/WARREN KENNETH,UX 140;
ANGEL/WARREN KENNETH,UX 141;
ANGEL/WARREN KENNETH,UX 142;
ANGEL/WARREN KENNETH,UX 143;
ANGEL/WARREN KENNETH,UX 144;
ANGEL/WARREN KENNETH,UX 145;
ANGEL/WARREN KENNETH,UX 146;
ANGEL/WARREN KENNETH,UX 147;
ANGEL/WARREN KENNETH,UX 148;
ANGEL/WARREN KENNETH,UX 15;
ANGEL/WARREN KENNETH,UX 16;
ANGEL/WARREN KENNETH,UX 16/2;
ANGEL/WARREN KENNETH,UX 169;
ANGEL/WARREN KENNETH,UX 17;
ANGEL/WARREN KENNETH,UX 170;
ANGEL/WARREN KENNETH,UX 18;
ANGEL/WARREN KENNETH,UX 19;
ANGEL/WARREN KENNETH,UX 2;
ANGEL/WARREN KENNETH,UX 20;
ANGEL/WARREN KENNETH,UX 21;
ANGEL/WARREN KENNETH,UX 210;
ANGEL/WARREN KENNETH,UX 22;
ANGEL/WARREN KENNETH,UX 23;
ANGEL/WARREN KENNETH,UX 24;
ANGEL/WARREN KENNETH,UX 242;
ANGEL/WARREN KENNETH,UX 243;
ANGEL/WARREN KENNETH,UX 25;
ANGEL/WARREN KENNETH,UX 26;
ANGEL/WARREN KENNETH,UX 27;
ANGEL/WARREN KENNETH,UX 272;
ANGEL/WARREN KENNETH,UX 273;
ANGEL/WARREN KENNETH,UX 28;
ANGEL/WARREN KENNETH,UX 280;
ANGEL/WARREN KENNETH,UX 281;
ANGEL/WARREN KENNETH,UX 282;
ANGEL/WARREN KENNETH,UX 283;
ANGEL/WARREN KENNETH,UX 284;
ANGEL/WARREN KENNETH,UX 285;
ANGEL/WARREN KENNETH,UX 286;
ANGEL/WARREN KENNETH,UX 287;
ANGEL/WARREN KENNETH,UX 288;
ANGEL/WARREN KENNETH,UX 289;
ANGEL/WARREN KENNETH,UX 29;
ANGEL/WARREN KENNETH,UX 291;
ANGEL/WARREN KENNETH,UX 292;
ANGEL/WARREN KENNETH,UX 293;
ANGEL/WARREN KENNETH,UX 294;
ANGEL/WARREN KENNETH,UX 295;
ANGEL/WARREN KENNETH,UX 296;
ANGEL/WARREN KENNETH,UX 3;
ANGEL/WARREN KENNETH,UX 30;
ANGEL/WARREN KENNETH,UX 31;
ANGEL/WARREN KENNETH,UX 314;
ANGEL/WARREN KENNETH,UX 318;
ANGEL/WARREN KENNETH,UX 319;
ANGEL/WARREN KENNETH,UX 32;
ANGEL/WARREN KENNETH,UX 321;
ANGEL/WARREN KENNETH,UX 322;
ANGEL/WARREN KENNETH,UX 323;
ANGEL/WARREN KENNETH,UX 325;
ANGEL/WARREN KENNETH,UX 329;
ANGEL/WARREN KENNETH,UX 33;
ANGEL/WARREN KENNETH,UX 330;
ANGEL/WARREN KENNETH,UX 331;
ANGEL/WARREN KENNETH,UX 333;
ANGEL/WARREN KENNETH,UX 334;
ANGEL/WARREN KENNETH,UX 335;
ANGEL/WARREN KENNETH,UX 337;
ANGEL/WARREN KENNETH,UX 338;
ANGEL/WARREN KENNETH,UX 34;
ANGEL/WARREN KENNETH,UX 348;
ANGEL/WARREN KENNETH,UX 349;
ANGEL/WARREN KENNETH,UX 35;
ANGEL/WARREN KENNETH,UX 350;
ANGEL/WARREN KENNETH,UX 352;
ANGEL/WARREN KENNETH,UX 353;
ANGEL/WARREN KENNETH,UX 356;
ANGEL/WARREN KENNETH,UX 357;
ANGEL/WARREN KENNETH,UX 358;
ANGEL/WARREN KENNETH,UX 36;
ANGEL/WARREN KENNETH,UX 368;
ANGEL/WARREN KENNETH,UX 37;
ANGEL/WARREN KENNETH,UX 375;
ANGEL/WARREN KENNETH,UX 376;
ANGEL/WARREN KENNETH,UX 377;
ANGEL/WARREN KENNETH,UX 379;
ANGEL/WARREN KENNETH,UX 38;
ANGEL/WARREN KENNETH,UX 385;
ANGEL/WARREN KENNETH,UX 39;
ANGEL/WARREN KENNETH,UX 394;
ANGEL/WARREN KENNETH,UX 395;
ANGEL/WARREN KENNETH,UX 396;
ANGEL/WARREN KENNETH,UX 4;
ANGEL/WARREN KENNETH,UX 40;
ANGEL/WARREN KENNETH,UX 41;
ANGEL/WARREN KENNETH,UX 42;
ANGEL/WARREN KENNETH,UX 43;
ANGEL/WARREN KENNETH,UX 44;
ANGEL/WARREN KENNETH,UX 45;
ANGEL/WARREN KENNETH,UX 46;
ANGEL/WARREN KENNETH,UX 49;
ANGEL/WARREN KENNETH,UX 5;
ANGEL/WARREN KENNETH,UX 50;
ANGEL/WARREN KENNETH,UX 51;
ANGEL/WARREN KENNETH,UX 51/2;
ANGEL/WARREN KENNETH,UX 52;
ANGEL/WARREN KENNETH,UX 52/2;
ANGEL/WARREN KENNETH,UX 53;
ANGEL/WARREN KENNETH,UX 53/2;
ANGEL/WARREN KENNETH,UX 54;
ANGEL/WARREN KENNETH,UX 54/2;
ANGEL/WARREN KENNETH,UX 55;
ANGEL/WARREN KENNETH,UX 55/2;
ANGEL/WARREN KENNETH,UX 56;
ANGEL/WARREN KENNETH,UX 56/2;
ANGEL/WARREN KENNETH,UX 57;
ANGEL/WARREN KENNETH,UX 58;
ANGEL/WARREN KENNETH,UX 6;
ANGEL/WARREN KENNETH,UX 60;
ANGEL/WARREN KENNETH,UX 61;
ANGEL/WARREN KENNETH,UX 62;
ANGEL/WARREN KENNETH,UX 63;
ANGEL/WARREN KENNETH,UX 64;
ANGEL/WARREN KENNETH,UX 65;
ANGEL/WARREN KENNETH,UX 66;
ANGEL/WARREN KENNETH,UX 7;
ANGEL/WARREN KENNETH,UX 8;
ANGEL/WARREN KENNETH,UX 9;
ANGEL/WARREN KENNETH,UX 94;
ANGEL/WARREN KENNETH,UX '99;
ANGEL/WARREN KENNETH,W2 146;
ANGEL/WARREN KENNETH,W2 147;
ANGEL/WARREN KENNETH,W2 91;
ANGEL/WARREN KENNETH,WIW 8;
ANGEL/WARREN KENNETH,WM2 15;
ANGEL/WARREN KENNETH,X 1;
ANGEL/WARREN KENNETH,X 101;
ANGEL/WARREN KENNETH,X 102;
ANGEL/WARREN KENNETH,X 103;
ANGEL/WARREN KENNETH,X 104;
ANGEL/WARREN KENNETH,X 105;
ANGEL/WARREN KENNETH,X 108;
ANGEL/WARREN KENNETH,X 109;
ANGEL/WARREN KENNETH,X 14;
ANGEL/WARREN KENNETH,X 15;
ANGEL/WARREN KENNETH,X 16;
ANGEL/WARREN KENNETH,X 2;
ANGEL/WARREN KENNETH,X 3;
ANGEL/WARREN KENNETH,X 40;
ANGEL/WARREN KENNETH,X 41;
ANGEL/WARREN KENNETH,X 5;
ANGEL/WARREN KENNETH,X 50;
ANGEL/WARREN KENNETH,X 53;
ANGEL/WARREN KENNETH,X 55;
ANGEL/WARREN KENNETH,X 73;
ANGEL/WARREN KENNETH,X 74;
ANGEL/WARREN KENNETH,X 88;
ANGEL/WARREN KENNETH,X 94/2;
ANGEL/WARREN KENNETH,X '95;
ANGEL/WARREN KENNETH,X '95/2;
ANGEL/WARREN KENNETH,X 96;
ANGEL/WARREN KENNETH,X '97;
ANGEL/WARREN KENNETH,XCAL 100;
ANGEL/WARREN KENNETH,XCAL 125;
ANGEL/WARREN KENNETH,XCAL: XX CROSSING;
ANGEL/WARREN KENNETH,X&CD 1;
ANGEL/WARREN KENNETH,XF 1;
ANGEL/WARREN KENNETH,XF 10;
ANGEL/WARREN KENNETH,XF 11;
ANGEL/WARREN KENNETH,XF 12;
ANGEL/WARREN KENNETH,XF 13;
ANGEL/WARREN KENNETH,XF 14;
ANGEL/WARREN KENNETH,XF 15;
ANGEL/WARREN KENNETH,XF 17;
ANGEL/WARREN KENNETH,XF 18;
ANGEL/WARREN KENNETH,XF 19;
ANGEL/WARREN KENNETH,XF 2;
ANGEL/WARREN KENNETH,XF 21;
ANGEL/WARREN KENNETH,XF 22;
ANGEL/WARREN KENNETH,XF 23;
ANGEL/WARREN KENNETH,XF 24;
ANGEL/WARREN KENNETH,XF 25;
ANGEL/WARREN KENNETH,XF 26;
ANGEL/WARREN KENNETH,XF 27;
ANGEL/WARREN KENNETH,XF 28;
ANGEL/WARREN KENNETH,XF 29;
ANGEL/WARREN KENNETH,XF 3;
ANGEL/WARREN KENNETH,XF 30;
ANGEL/WARREN KENNETH,XF 31;
ANGEL/WARREN KENNETH,XF 33;
ANGEL/WARREN KENNETH,XF 34;
ANGEL/WARREN KENNETH,XF 36;
ANGEL/WARREN KENNETH,XF 37;
ANGEL/WARREN KENNETH,XF 38;
ANGEL/WARREN KENNETH,XF 39;
ANGEL/WARREN KENNETH,XF 4;
ANGEL/WARREN KENNETH,XF 40;
ANGEL/WARREN KENNETH,XF 41;
ANGEL/WARREN KENNETH,XF 42;
ANGEL/WARREN KENNETH,XF 4/3;
ANGEL/WARREN KENNETH,XF 43;
ANGEL/WARREN KENNETH,XF 44;
ANGEL/WARREN KENNETH,XF 45;
ANGEL/WARREN KENNETH,XF 46;
ANGEL/WARREN KENNETH,XF 47;
ANGEL/WARREN KENNETH,XF 48;
ANGEL/WARREN KENNETH,XF 49;
ANGEL/WARREN KENNETH,XF 5;
ANGEL/WARREN KENNETH,XF 50;
ANGEL/WARREN KENNETH,XF 51;
ANGEL/WARREN KENNETH,XF 52;
ANGEL/WARREN KENNETH,XF 53;
ANGEL/WARREN KENNETH,XF 54;
ANGEL/WARREN KENNETH,XF 56;
ANGEL/WARREN KENNETH,XF 57;
ANGEL/WARREN KENNETH,XF 58;
ANGEL/WARREN KENNETH,XF 59;
ANGEL/WARREN KENNETH,XF 6;
ANGEL/WARREN KENNETH,XF 60;
ANGEL/WARREN KENNETH,XF 61;
ANGEL/WARREN KENNETH,XF 62;
ANGEL/WARREN KENNETH,XF 63;
ANGEL/WARREN KENNETH,XF 65;
ANGEL/WARREN KENNETH,XF 66;
ANGEL/WARREN KENNETH,XF 67;
ANGEL/WARREN KENNETH,XF 68;
ANGEL/WARREN KENNETH,XF 69;
ANGEL/WARREN KENNETH,XF 7;
ANGEL/WARREN KENNETH,XF 70;
ANGEL/WARREN KENNETH,XF 8;
ANGEL/WARREN KENNETH,XF 84;
ANGEL/WARREN KENNETH,XF 85;
ANGEL/WARREN KENNETH,XF 86;
ANGEL/WARREN KENNETH,XF 9;
ANGEL/WARREN KENNETH,XFOR 16;
ANGEL/WARREN KENNETH,XFOR 17;
ANGEL/WARREN KENNETH,XFOR 18;
ANGEL/WARREN KENNETH,XFOR 43;
ANGEL/WARREN KENNETH,XFOR '98;
ANGEL/WARREN KENNETH,XF:PL;
ANGEL/WARREN KENNETH,X:HC 2;
ANGEL/WARREN KENNETH,X:HY 1;
ANGEL/WARREN KENNETH,X:HY 12;
ANGEL/WARREN KENNETH,X:HY 13;
ANGEL/WARREN KENNETH,X:HY 14;
ANGEL/WARREN KENNETH,X:HY 15;
ANGEL/WARREN KENNETH,X:HY 16;
ANGEL/WARREN KENNETH,X:HY 18;
ANGEL/WARREN KENNETH,X:HY 19;
ANGEL/WARREN KENNETH,X:HY 2;
ANGEL/WARREN KENNETH,X:HY 20;
ANGEL/WARREN KENNETH,X:HY 21;
ANGEL/WARREN KENNETH,X:HY 22;
ANGEL/WARREN KENNETH,X:HY 3;
ANGEL/WARREN KENNETH,X:HY 4;
ANGEL/WARREN KENNETH,X:HY 5;
ANGEL/WARREN KENNETH,X:HY 6;
ANGEL/WARREN KENNETH,X:HY 7;
ANGEL/WARREN KENNETH,X:HY 8;
ANGEL/WARREN KENNETH,X:L 1;
ANGEL/WARREN KENNETH,XMF 3;
ANGEL/WARREN KENNETH,X:PRIME;
ANGEL/WARREN KENNETH,XSOS 2;
ANGEL/WARREN KENNETH,XU 17;
ANGKOR,WM2 10;
ANGKOR,WM2 11;
ANGLER,Q 3;
ANGLER,Q 32;
ANGLER,Q 33;
ANGLER,Q 34;
ANGLER,Q 35;
ANGSTROM, EARL,DLOK2 12;
ANGSTROM, EARL,DLOK2 15;
ANIELLE,GAM2 2;
ANIMATOR/DR. FREDRIC,NM 59;
ANIMATOR/DR. FREDRIC,NM 60;
ANIMATOR/DR. FREDRIC,NM 65;
ANIMATOR II/,CAGE 9;
ANIMUS,H3 29;
ANNALEE,PP 12;
ANNALEE,PP 19;
ANNALEE,PP 27;
ANNALEE,UX 195;
ANNALEE,UX 211;
ANNIHILUS,A 233;
ANNIHILUS,A 89;
ANNIHILUS,A 96;
ANNIHILUS,A 97;
ANNIHILUS,CM 35;
ANNIHILUS,CM 37;
ANNIHILUS,FF 108;
ANNIHILUS,FF 109;
ANNIHILUS,FF 110;
ANNIHILUS,FF 140;
ANNIHILUS,FF 141;
ANNIHILUS,FF 179;
ANNIHILUS,FF 181;
ANNIHILUS,FF 182;
ANNIHILUS,FF 183;
ANNIHILUS,FF 251;
ANNIHILUS,FF 252;
ANNIHILUS,FF 253;
ANNIHILUS,FF 254;
ANNIHILUS,FF 255;
ANNIHILUS,FF 256;
ANNIHILUS,FF 289;
ANNIHILUS,FF 290;
ANNIHILUS,FF3 43;
ANNIHILUS,FF3 44;
ANNIHILUS,FF 6;
ANNIHILUS,IG 5;
ANNIHILUS,M/FAN 2/2;
ANNIHILUS,M/S&L /3;
ANNIHILUS,M/TIO 75;
ANNIHILUS,M/TU 2;
ANNIHILUS,T 404;
ANNIHILUS,T 405;
ANNIHILUS,T 434;
ANNIHILUS,T 435;
ANNIHILUS,WLOCK2 3;
ANNIHILUS,WLOCK2 4;
ANOMALY III,Q 37;
ANOMALY,Q 20;
ANON, LORD,QS 11;
ANSWER II/DAVID FERR,CA3 41;
ANSWER II/DAVID FERR,CA3 43;
ANSWER,PPTSS 91;
ANSWER,PPTSS 92;
ANSWER,PPTSS 93;
ANSWER,PPTSS 94;
ANSWER,PPTSS 95;
ANSWER,PPTSS 96;
ANTEUS,X 101;
ANTEUS,X 102;
ANTEUS,X 106;
ANTEUS,X 110;
ANTHROMORPHO,Q 37;
ANTHROMORPHO,Q 38;
ANTHROMORPHO,Q 58;
ANTIBODY,Q 31;
ANTI-PHOENIX,XCAL 48;
ANTI-PHOENIX,XCAL 50;
ANTIQUARY/,GAM '00/2;
ANTI-VISION,V 3;
ANTI-VISION,V 4;
ANT-MAN/DR. HENRY J.,A '01;
ANT-MAN/DR. HENRY J.,A 1;
ANT-MAN/DR. HENRY J.,A 10;
ANT-MAN/DR. HENRY J.,A 100;
ANT-MAN/DR. HENRY J.,A 11;
ANT-MAN/DR. HENRY J.,A 12;
ANT-MAN/DR. HENRY J.,A 13;
ANT-MAN/DR. HENRY J.,A 135;
ANT-MAN/DR. HENRY J.,A 137;
ANT-MAN/DR. HENRY J.,A 138;
ANT-MAN/DR. HENRY J.,A 139;
ANT-MAN/DR. HENRY J.,A 14;
ANT-MAN/DR. HENRY J.,A 140;
ANT-MAN/DR. HENRY J.,A 141;
ANT-MAN/DR. HENRY J.,A 146;
ANT-MAN/DR. HENRY J.,A 148;
ANT-MAN/DR. HENRY J.,A 1.5;
ANT-MAN/DR. HENRY J.,A 15;
ANT-MAN/DR. HENRY J.,A 150;
ANT-MAN/DR. HENRY J.,A 151;
ANT-MAN/DR. HENRY J.,A 152;
ANT-MAN/DR. HENRY J.,A 153;
ANT-MAN/DR. HENRY J.,A 154;
ANT-MAN/DR. HENRY J.,A 155;
ANT-MAN/DR. HENRY J.,A 156;
ANT-MAN/DR. HENRY J.,A 157;
ANT-MAN/DR. HENRY J.,A 158;
ANT-MAN/DR. HENRY J.,A 159;
ANT-MAN/DR. HENRY J.,A 16;
ANT-MAN/DR. HENRY J.,A 160;
ANT-MAN/DR. HENRY J.,A 161;
ANT-MAN/DR. HENRY J.,A 162;
ANT-MAN/DR. HENRY J.,A 164;
ANT-MAN/DR. HENRY J.,A 165;
ANT-MAN/DR. HENRY J.,A 166;
ANT-MAN/DR. HENRY J.,A 167;
ANT-MAN/DR. HENRY J.,A 168;
ANT-MAN/DR. HENRY J.,A 170;
ANT-MAN/DR. HENRY J.,A 171;
ANT-MAN/DR. HENRY J.,A 172;
ANT-MAN/DR. HENRY J.,A 173;
ANT-MAN/DR. HENRY J.,A 174;
ANT-MAN/DR. HENRY J.,A 175;
ANT-MAN/DR. HENRY J.,A 176;
ANT-MAN/DR. HENRY J.,A 177;
ANT-MAN/DR. HENRY J.,A 179;
ANT-MAN/DR. HENRY J.,A 18;
ANT-MAN/DR. HENRY J.,A 180;
ANT-MAN/DR. HENRY J.,A 181;
ANT-MAN/DR. HENRY J.,A 18/2;
ANT-MAN/DR. HENRY J.,A 182;
ANT-MAN/DR. HENRY J.,A 189;
ANT-MAN/DR. HENRY J.,A 19;
ANT-MAN/DR. HENRY J.,A 192;
ANT-MAN/DR. HENRY J.,A 195;
ANT-MAN/DR. HENRY J.,A 196;
ANT-MAN/DR. HENRY J.,A 197;
ANT-MAN/DR. HENRY J.,A 198;
ANT-MAN/DR. HENRY J.,A 199;
ANT-MAN/DR. HENRY J.,A 2;
ANT-MAN/DR. HENRY J.,A 200;
ANT-MAN/DR. HENRY J.,A 201;
ANT-MAN/DR. HENRY J.,A2 1;
ANT-MAN/DR. HENRY J.,A2 10;
ANT-MAN/DR. HENRY J.,A 211;
ANT-MAN/DR. HENRY J.,A2 11;
ANT-MAN/DR. HENRY J.,A 212;
ANT-MAN/DR. HENRY J.,A2 12;
ANT-MAN/DR. HENRY J.,A 213;
ANT-MAN/DR. HENRY J.,A 214;
ANT-MAN/DR. HENRY J.,A 217;
ANT-MAN/DR. HENRY J.,A2 2;
ANT-MAN/DR. HENRY J.,A 222;
ANT-MAN/DR. HENRY J.,A 224;
ANT-MAN/DR. HENRY J.,A 227;
ANT-MAN/DR. HENRY J.,A 228;
ANT-MAN/DR. HENRY J.,A 229;
ANT-MAN/DR. HENRY J.,A 23;
ANT-MAN/DR. HENRY J.,A 230;
ANT-MAN/DR. HENRY J.,A 23/2;
ANT-MAN/DR. HENRY J.,A2 4;
ANT-MAN/DR. HENRY J.,A 240;
ANT-MAN/DR. HENRY J.,A 241;
ANT-MAN/DR. HENRY J.,A 242;
ANT-MAN/DR. HENRY J.,A 26;
ANT-MAN/DR. HENRY J.,A 267;
ANT-MAN/DR. HENRY J.,A2 7;
ANT-MAN/DR. HENRY J.,A 28;
ANT-MAN/DR. HENRY J.,A2 8;
ANT-MAN/DR. HENRY J.,A 280;
ANT-MAN/DR. HENRY J.,A 29;
ANT-MAN/DR. HENRY J.,A2 9;
ANT-MAN/DR. HENRY J.,A 292;
ANT-MAN/DR. HENRY J.,A 293;
ANT-MAN/DR. HENRY J.,A 3;
ANT-MAN/DR. HENRY J.,A 30;
ANT-MAN/DR. HENRY J.,A 302;
ANT-MAN/DR. HENRY J.,A 303;
ANT-MAN/DR. HENRY J.,A 305;
ANT-MAN/DR. HENRY J.,A 306;
ANT-MAN/DR. HENRY J.,A 308;
ANT-MAN/DR. HENRY J.,A 31;
ANT-MAN/DR. HENRY J.,A3 1;
ANT-MAN/DR. HENRY J.,A3 10;
ANT-MAN/DR. HENRY J.,A3 11;
ANT-MAN/DR. HENRY J.,A 312;
ANT-MAN/DR. HENRY J.,A3 12;
ANT-MAN/DR. HENRY J.,A 313;
ANT-MAN/DR. HENRY J.,A3 13;
ANT-MAN/DR. HENRY J.,A 314;
ANT-MAN/DR. HENRY J.,A3 14;
ANT-MAN/DR. HENRY J.,A3 17;
ANT-MAN/DR. HENRY J.,A3 18;
ANT-MAN/DR. HENRY J.,A 32;
ANT-MAN/DR. HENRY J.,A3 2;
ANT-MAN/DR. HENRY J.,A3 20;
ANT-MAN/DR. HENRY J.,A3 21;
ANT-MAN/DR. HENRY J.,A3 22;
ANT-MAN/DR. HENRY J.,A3 23;
ANT-MAN/DR. HENRY J.,A3 25;
ANT-MAN/DR. HENRY J.,A3 27;
ANT-MAN/DR. HENRY J.,A3 28;
ANT-MAN/DR. HENRY J.,A 329;
ANT-MAN/DR. HENRY J.,A3 29;
ANT-MAN/DR. HENRY J.,A 33;
ANT-MAN/DR. HENRY J.,A3 3;
ANT-MAN/DR. HENRY J.,A3 30;
ANT-MAN/DR. HENRY J.,A3 31;
ANT-MAN/DR. HENRY J.,A 332;
ANT-MAN/DR. HENRY J.,A3 32;
ANT-MAN/DR. HENRY J.,A3 33;
ANT-MAN/DR. HENRY J.,A3 34;
ANT-MAN/DR. HENRY J.,A 335;
ANT-MAN/DR. HENRY J.,A3 35;
ANT-MAN/DR. HENRY J.,A 336;
ANT-MAN/DR. HENRY J.,A3 36;
ANT-MAN/DR. HENRY J.,A 337;
ANT-MAN/DR. HENRY J.,A 338;
ANT-MAN/DR. HENRY J.,A3 38;
ANT-MAN/DR. HENRY J.,A 34;
ANT-MAN/DR. HENRY J.,A3 4;
ANT-MAN/DR. HENRY J.,A 345;
ANT-MAN/DR. HENRY J.,A 35;
ANT-MAN/DR. HENRY J.,A 36;
ANT-MAN/DR. HENRY J.,A 37;
ANT-MAN/DR. HENRY J.,A 374;
ANT-MAN/DR. HENRY J.,A 375;
ANT-MAN/DR. HENRY J.,A 375/2;
ANT-MAN/DR. HENRY J.,A 378;
ANT-MAN/DR. HENRY J.,A 379/2;
ANT-MAN/DR. HENRY J.,A 38;
ANT-MAN/DR. HENRY J.,A 380/2;
ANT-MAN/DR. HENRY J.,A 381/2;
ANT-MAN/DR. HENRY J.,A 382/3;
ANT-MAN/DR. HENRY J.,A 383;
ANT-MAN/DR. HENRY J.,A 384;
ANT-MAN/DR. HENRY J.,A 387;
ANT-MAN/DR. HENRY J.,A 388;
ANT-MAN/DR. HENRY J.,A 39;
ANT-MAN/DR. HENRY J.,A 390;
ANT-MAN/DR. HENRY J.,A 391;
ANT-MAN/DR. HENRY J.,A 392;
ANT-MAN/DR. HENRY J.,A 393;
ANT-MAN/DR. HENRY J.,A 394;
ANT-MAN/DR. HENRY J.,A 395;
ANT-MAN/DR. HENRY J.,A 396;
ANT-MAN/DR. HENRY J.,A 397;
ANT-MAN/DR. HENRY J.,A 399;
ANT-MAN/DR. HENRY J.,A 4;
ANT-MAN/DR. HENRY J.,A 40;
ANT-MAN/DR. HENRY J.,A 400;
ANT-MAN/DR. HENRY J.,A 401;
ANT-MAN/DR. HENRY J.,A 402;
ANT-MAN/DR. HENRY J.,A 41;
ANT-MAN/DR. HENRY J.,A 42;
ANT-MAN/DR. HENRY J.,A 43;
ANT-MAN/DR. HENRY J.,A 44;
ANT-MAN/DR. HENRY J.,A 45;
ANT-MAN/DR. HENRY J.,A 46;
ANT-MAN/DR. HENRY J.,A 47;
ANT-MAN/DR. HENRY J.,A 48;
ANT-MAN/DR. HENRY J.,A 49;
ANT-MAN/DR. HENRY J.,A 5;
ANT-MAN/DR. HENRY J.,A 50;
ANT-MAN/DR. HENRY J.,A 51;
ANT-MAN/DR. HENRY J.,A 52;
ANT-MAN/DR. HENRY J.,A 53;
ANT-MAN/DR. HENRY J.,A 54;
ANT-MAN/DR. HENRY J.,A 55;
ANT-MAN/DR. HENRY J.,A 56;
ANT-MAN/DR. HENRY J.,A 57;
ANT-MAN/DR. HENRY J.,A 58;
ANT-MAN/DR. HENRY J.,A 59;
ANT-MAN/DR. HENRY J.,A 6;
ANT-MAN/DR. HENRY J.,A 60;
ANT-MAN/DR. HENRY J.,A 63;
ANT-MAN/DR. HENRY J.,A 64;
ANT-MAN/DR. HENRY J.,A 65;
ANT-MAN/DR. HENRY J.,A 66;
ANT-MAN/DR. HENRY J.,A 67;
ANT-MAN/DR. HENRY J.,A 68;
ANT-MAN/DR. HENRY J.,A 69;
ANT-MAN/DR. HENRY J.,A 7;
ANT-MAN/DR. HENRY J.,A 70;
ANT-MAN/DR. HENRY J.,A 71;
ANT-MAN/DR. HENRY J.,A 72;
ANT-MAN/DR. HENRY J.,A 73;
ANT-MAN/DR. HENRY J.,A 74;
ANT-MAN/DR. HENRY J.,A 75;
ANT-MAN/DR. HENRY J.,A 8;
ANT-MAN/DR. HENRY J.,A 83;
ANT-MAN/DR. HENRY J.,A 9;
ANT-MAN/DR. HENRY J.,A 90;
ANT-MAN/DR. HENRY J.,A 91;
ANT-MAN/DR. HENRY J.,A 93;
ANT-MAN/DR. HENRY J.,A '98;
ANT-MAN/DR. HENRY J.,A 99;
ANT-MAN/DR. HENRY J.,A:C;
ANT-MAN/DR. HENRY J.,A:DV;
ANT-MAN/DR. HENRY J.,AOI;
ANT-MAN/DR. HENRY J.,ASM 1;
ANT-MAN/DR. HENRY J.,ASM 18;
ANT-MAN/DR. HENRY J.,ASM 24/4;
ANT-MAN/DR. HENRY J.,ASM 3;
ANT-MAN/DR. HENRY J.,ASMU 18;
ANT-MAN/DR. HENRY J.,ASPOT 21;
ANT-MAN/DR. HENRY J.,ASPOT 23/2;
ANT-MAN/DR. HENRY J.,ASPOT 30;
ANT-MAN/DR. HENRY J.,A:T;
ANT-MAN/DR. HENRY J.,AUP 1;
ANT-MAN/DR. HENRY J.,AUP 2;
ANT-MAN/DR. HENRY J.,AUP 4;
ANT-MAN/DR. HENRY J.,AVF 1;
ANT-MAN/DR. HENRY J.,AVF 10;
ANT-MAN/DR. HENRY J.,AVF 11;
ANT-MAN/DR. HENRY J.,AVF 12;
ANT-MAN/DR. HENRY J.,AVF 2;
ANT-MAN/DR. HENRY J.,AVF 3;
ANT-MAN/DR. HENRY J.,AVF 4;
ANT-MAN/DR. HENRY J.,AVF 5;
ANT-MAN/DR. HENRY J.,AVF 6;
ANT-MAN/DR. HENRY J.,AVF 7;
ANT-MAN/DR. HENRY J.,AVF 8;
ANT-MAN/DR. HENRY J.,AWC 4/2;
ANT-MAN/DR. HENRY J.,AWC 47;
ANT-MAN/DR. HENRY J.,AWC 48;
ANT-MAN/DR. HENRY J.,AWC 49;
ANT-MAN/DR. HENRY J.,AWC 5;
ANT-MAN/DR. HENRY J.,AWC 50;
ANT-MAN/DR. HENRY J.,AWC 51;
ANT-MAN/DR. HENRY J.,AWC 52;
ANT-MAN/DR. HENRY J.,AWC 5/3;
ANT-MAN/DR. HENRY J.,AWC 53;
ANT-MAN/DR. HENRY J.,AWC 54;
ANT-MAN/DR. HENRY J.,AWC 5/5;
ANT-MAN/DR. HENRY J.,AWC 55;
ANT-MAN/DR. HENRY J.,AWC 56;
ANT-MAN/DR. HENRY J.,AWC 57;
ANT-MAN/DR. HENRY J.,AWC 58;
ANT-MAN/DR. HENRY J.,AWC 60;
ANT-MAN/DR. HENRY J.,AWC 61;
ANT-MAN/DR. HENRY J.,AWC 6/2;
ANT-MAN/DR. HENRY J.,AWC 62;
ANT-MAN/DR. HENRY J.,AWC 63;
ANT-MAN/DR. HENRY J.,AWC 65;
ANT-MAN/DR. HENRY J.,AWC 66;
ANT-MAN/DR. HENRY J.,AWC 67;
ANT-MAN/DR. HENRY J.,AWC 68;
ANT-MAN/DR. HENRY J.,AWC 69;
ANT-MAN/DR. HENRY J.,AWC 70;
ANT-MAN/DR. HENRY J.,AWC 71;
ANT-MAN/DR. HENRY J.,AWC 72;
ANT-MAN/DR. HENRY J.,AWC 73;
ANT-MAN/DR. HENRY J.,AWC 74;
ANT-MAN/DR. HENRY J.,AWC 81;
ANT-MAN/DR. HENRY J.,AWC 82;
ANT-MAN/DR. HENRY J.,AWC 83;
ANT-MAN/DR. HENRY J.,AWC 90;
ANT-MAN/DR. HENRY J.,AWC 91;
ANT-MAN/DR. HENRY J.,BG 1;
ANT-MAN/DR. HENRY J.,BIZADV 27/2;
ANT-MAN/DR. HENRY J.,BP3 23;
ANT-MAN/DR. HENRY J.,CA 114;
ANT-MAN/DR. HENRY J.,CA 115;
ANT-MAN/DR. HENRY J.,CA 116;
ANT-MAN/DR. HENRY J.,CA 121;
ANT-MAN/DR. HENRY J.,CA 221/2;
ANT-MAN/DR. HENRY J.,CA 224;
ANT-MAN/DR. HENRY J.,CA 301;
ANT-MAN/DR. HENRY J.,CA3 21;
ANT-MAN/DR. HENRY J.,CA3 3;
ANT-MAN/DR. HENRY J.,CA 366;
ANT-MAN/DR. HENRY J.,CA 367;
ANT-MAN/DR. HENRY J.,CA 377;
ANT-MAN/DR. HENRY J.,CA 378;
ANT-MAN/DR. HENRY J.,CA 383;
ANT-MAN/DR. HENRY J.,CA 400/2;
ANT-MAN/DR. HENRY J.,CA 401;
ANT-MAN/DR. HENRY J.,CA 434;
ANT-MAN/DR. HENRY J.,CA 435;
ANT-MAN/DR. HENRY J.,CA 436;
ANT-MAN/DR. HENRY J.,CA 437;
ANT-MAN/DR. HENRY J.,CA 438;
ANT-MAN/DR. HENRY J.,CA 440;
ANT-MAN/DR. HENRY J.,CA 443;
ANT-MAN/DR. HENRY J.,CA 444;
ANT-MAN/DR. HENRY J.,CM 35;
ANT-MAN/DR. HENRY J.,CM 37;
ANT-MAN/DR. HENRY J.,CM 56;
ANT-MAN/DR. HENRY J.,DD 52;
ANT-MAN/DR. HENRY J.,DEF 23;
ANT-MAN/DR. HENRY J.,DEF 24;
ANT-MAN/DR. HENRY J.,DEF 25;
ANT-MAN/DR. HENRY J.,DEF 78;
ANT-MAN/DR. HENRY J.,DEF 79;
ANT-MAN/DR. HENRY J.,DEF 80;
ANT-MAN/DR. HENRY J.,DEF 81;
ANT-MAN/DR. HENRY J.,DPOOL3 44;
ANT-MAN/DR. HENRY J.,DRSTR2 29;
ANT-MAN/DR. HENRY J.,FF 16;
ANT-MAN/DR. HENRY J.,FF 17;
ANT-MAN/DR. HENRY J.,FF2 12;
ANT-MAN/DR. HENRY J.,FF 22;
ANT-MAN/DR. HENRY J.,FF 24;
ANT-MAN/DR. HENRY J.,FF 25;
ANT-MAN/DR. HENRY J.,FF 26;
ANT-MAN/DR. HENRY J.,FF 31;
ANT-MAN/DR. HENRY J.,FF3 27;
ANT-MAN/DR. HENRY J.,FF 333;
ANT-MAN/DR. HENRY J.,FF 36;
ANT-MAN/DR. HENRY J.,FF 367;
ANT-MAN/DR. HENRY J.,FF 368;
ANT-MAN/DR. HENRY J.,FF 415;
ANT-MAN/DR. HENRY J.,FFU 11;
ANT-MAN/DR. HENRY J.,FW 13;
ANT-MAN/DR. HENRY J.,FW 14;
ANT-MAN/DR. HENRY J.,FW 8;
ANT-MAN/DR. HENRY J.,GSDEF 4;
ANT-MAN/DR. HENRY J.,GZILL 17;
ANT-MAN/DR. HENRY J.,GZILL 23;
ANT-MAN/DR. HENRY J.,GZILL 24;
ANT-MAN/DR. HENRY J.,H '00;
ANT-MAN/DR. HENRY J.,H 11;
ANT-MAN/DR. HENRY J.,H2 154;
ANT-MAN/DR. HENRY J.,H2 323;
ANT-MAN/DR. HENRY J.,H2 399;
ANT-MAN/DR. HENRY J.,H2 434;
ANT-MAN/DR. HENRY J.,H2 440;
ANT-MAN/DR. HENRY J.,H2 445;
ANT-MAN/DR. HENRY J.,HR:R 4;
ANT-MAN/DR. HENRY J.,IFW 2;
ANT-MAN/DR. HENRY J.,IG 2;
ANT-MAN/DR. HENRY J.,IM 108;
ANT-MAN/DR. HENRY J.,IM 109;
ANT-MAN/DR. HENRY J.,IM 114;
ANT-MAN/DR. HENRY J.,IM 115;
ANT-MAN/DR. HENRY J.,IM 18;
ANT-MAN/DR. HENRY J.,IM 194;
ANT-MAN/DR. HENRY J.,IM 203;
ANT-MAN/DR. HENRY J.,IM2 12;
ANT-MAN/DR. HENRY J.,IM 229;
ANT-MAN/DR. HENRY J.,IM 263;
ANT-MAN/DR. HENRY J.,IM 285;
ANT-MAN/DR. HENRY J.,IM 286;
ANT-MAN/DR. HENRY J.,IM3 12;
ANT-MAN/DR. HENRY J.,IM 314;
ANT-MAN/DR. HENRY J.,IM3 15;
ANT-MAN/DR. HENRY J.,IM 321;
ANT-MAN/DR. HENRY J.,IM 323;
ANT-MAN/DR. HENRY J.,IM 324;
ANT-MAN/DR. HENRY J.,IM 325;
ANT-MAN/DR. HENRY J.,IM 326;
ANT-MAN/DR. HENRY J.,IM 327;
ANT-MAN/DR. HENRY J.,IM3 37;
ANT-MAN/DR. HENRY J.,IM 44/2;
ANT-MAN/DR. HENRY J.,IM '98;
ANT-MAN/DR. HENRY J.,IMSVS 2;
ANT-MAN/DR. HENRY J.,INV 1;
ANT-MAN/DR. HENRY J.,IW 1;
ANT-MAN/DR. HENRY J.,IW 2;
ANT-MAN/DR. HENRY J.,IW 3;
ANT-MAN/DR. HENRY J.,IW 4;
ANT-MAN/DR. HENRY J.,JA 16;
ANT-MAN/DR. HENRY J.,JIM 101;
ANT-MAN/DR. HENRY J.,JIM 105;
ANT-MAN/DR. HENRY J.,JIM 108;
ANT-MAN/DR. HENRY J.,JIM 116;
ANT-MAN/DR. HENRY J.,KS;
ANT-MAN/DR. HENRY J.,MARVELS 2;
ANT-MAN/DR. HENRY J.,MAXSEC 1;
ANT-MAN/DR. HENRY J.,MAXSEC 2;
ANT-MAN/DR. HENRY J.,MAXSEC 3;
ANT-MAN/DR. HENRY J.,M/CP 43/2;
ANT-MAN/DR. HENRY J.,M/CP 44/2;
ANT-MAN/DR. HENRY J.,M/CP 45/2;
ANT-MAN/DR. HENRY J.,M:DS 2;
ANT-MAN/DR. HENRY J.,M:DS 3;
ANT-MAN/DR. HENRY J.,M:DS 4;
ANT-MAN/DR. HENRY J.,M/FEA 10;
ANT-MAN/DR. HENRY J.,M/FEA 4;
ANT-MAN/DR. HENRY J.,M/FEA 5;
ANT-MAN/DR. HENRY J.,M/FEA 6;
ANT-MAN/DR. HENRY J.,M/FEA 7;
ANT-MAN/DR. HENRY J.,M/FEA 8;
ANT-MAN/DR. HENRY J.,M/FEA 9;
ANT-MAN/DR. HENRY J.,M/GN 1;
ANT-MAN/DR. HENRY J.,M/H&L '97;
ANT-MAN/DR. HENRY J.,M/:LG 12;
ANT-MAN/DR. HENRY J.,M/PRM 48;
ANT-MAN/DR. HENRY J.,M/SH3 9;
ANT-MAN/DR. HENRY J.,MSM 18;
ANT-MAN/DR. HENRY J.,M/SS 1;
ANT-MAN/DR. HENRY J.,M/TE 13;
ANT-MAN/DR. HENRY J.,M/TIO 39;
ANT-MAN/DR. HENRY J.,M/TIO 40;
ANT-MAN/DR. HENRY J.,M/TU 59;
ANT-MAN/DR. HENRY J.,M/TU 60;
ANT-MAN/DR. HENRY J.,M/TU 88;
ANT-MAN/DR. HENRY J.,N 12;
ANT-MAN/DR. HENRY J.,N 1/3;
ANT-MAN/DR. HENRY J.,O:MU;
ANT-MAN/DR. HENRY J.,O:X;
ANT-MAN/DR. HENRY J.,PM&IF 125;
ANT-MAN/DR. HENRY J.,PPTSS 89;
ANT-MAN/DR. HENRY J.,PUN3 1;
ANT-MAN/DR. HENRY J.,Q 60;
ANT-MAN/DR. HENRY J.,SENSM 3;
ANT-MAN/DR. HENRY J.,SENTRY 1;
ANT-MAN/DR. HENRY J.,SMTU 4;
ANT-MAN/DR. HENRY J.,SOLOA 16;
ANT-MAN/DR. HENRY J.,SOLOA 8/2;
ANT-MAN/DR. HENRY J.,ST 156;
ANT-MAN/DR. HENRY J.,SUB-M 14;
ANT-MAN/DR. HENRY J.,SUB-M 8;
ANT-MAN/DR. HENRY J.,SVTU 14;
ANT-MAN/DR. HENRY J.,SVTU 9;
ANT-MAN/DR. HENRY J.,T 495;
ANT-MAN/DR. HENRY J.,TB 11;
ANT-MAN/DR. HENRY J.,TB 12;
ANT-MAN/DR. HENRY J.,TB 43;
ANT-MAN/DR. HENRY J.,TB 44;
ANT-MAN/DR. HENRY J.,TB 45;
ANT-MAN/DR. HENRY J.,TOMB OF DARKNESS 22;
ANT-MAN/DR. HENRY J.,TOS 49;
ANT-MAN/DR. HENRY J.,TOS 56;
ANT-MAN/DR. HENRY J.,TOS 58;
ANT-MAN/DR. HENRY J.,TOS 59;
ANT-MAN/DR. HENRY J.,TOS 60;
ANT-MAN/DR. HENRY J.,TOS 84/2;
ANT-MAN/DR. HENRY J.,TOS 91/2;
ANT-MAN/DR. HENRY J.,TOS 92/2;
ANT-MAN/DR. HENRY J.,TS 10;
ANT-MAN/DR. HENRY J.,TS 16;
ANT-MAN/DR. HENRY J.,TS 23;
ANT-MAN/DR. HENRY J.,TS 24;
ANT-MAN/DR. HENRY J.,TS 9;
ANT-MAN/DR. HENRY J.,TTA 27;
ANT-MAN/DR. HENRY J.,TTA3;
ANT-MAN/DR. HENRY J.,TTA 35;
ANT-MAN/DR. HENRY J.,TTA 36;
ANT-MAN/DR. HENRY J.,TTA 37;
ANT-MAN/DR. HENRY J.,TTA 38;
ANT-MAN/DR. HENRY J.,TTA 39;
ANT-MAN/DR. HENRY J.,TTA 40;
ANT-MAN/DR. HENRY J.,TTA 41;
ANT-MAN/DR. HENRY J.,TTA 42;
ANT-MAN/DR. HENRY J.,TTA 43;
ANT-MAN/DR. HENRY J.,TTA 44;
ANT-MAN/DR. HENRY J.,TTA 45;
ANT-MAN/DR. HENRY J.,TTA 46;
ANT-MAN/DR. HENRY J.,TTA 47;
ANT-MAN/DR. HENRY J.,TTA 48;
ANT-MAN/DR. HENRY J.,TTA 49;
ANT-MAN/DR. HENRY J.,TTA 50;
ANT-MAN/DR. HENRY J.,TTA 51;
ANT-MAN/DR. HENRY J.,TTA 52;
ANT-MAN/DR. HENRY J.,TTA 53;
ANT-MAN/DR. HENRY J.,TTA 53/2;
ANT-MAN/DR. HENRY J.,TTA 54;
ANT-MAN/DR. HENRY J.,TTA 54/2;
ANT-MAN/DR. HENRY J.,TTA 55;
ANT-MAN/DR. HENRY J.,TTA 55/2;
ANT-MAN/DR. HENRY J.,TTA 56;
ANT-MAN/DR. HENRY J.,TTA 56/2;
ANT-MAN/DR. HENRY J.,TTA 57;
ANT-MAN/DR. HENRY J.,TTA 57/2;
ANT-MAN/DR. HENRY J.,TTA 58;
ANT-MAN/DR. HENRY J.,TTA 58/2;
ANT-MAN/DR. HENRY J.,TTA 59;
ANT-MAN/DR. HENRY J.,TTA 60;
ANT-MAN/DR. HENRY J.,TTA 61;
ANT-MAN/DR. HENRY J.,TTA 62;
ANT-MAN/DR. HENRY J.,TTA 63;
ANT-MAN/DR. HENRY J.,TTA 64;
ANT-MAN/DR. HENRY J.,TTA 65;
ANT-MAN/DR. HENRY J.,TTA 66;
ANT-MAN/DR. HENRY J.,TTA 67;
ANT-MAN/DR. HENRY J.,TTA 68;
ANT-MAN/DR. HENRY J.,TTA 69;
ANT-MAN/DR. HENRY J.,TTA 77;
ANT-MAN/DR. HENRY J.,TTA 78;
ANT-MAN/DR. HENRY J.,UTSM 3;
ANT-MAN/DR. HENRY J.,UTSM '97;
ANT-MAN/DR. HENRY J.,UX 108;
ANT-MAN/DR. HENRY J.,UX 286;
ANT-MAN/DR. HENRY J.,UX 336;
ANT-MAN/DR. HENRY J.,UX 45;
ANT-MAN/DR. HENRY J.,UX 9;
ANT-MAN/DR. HENRY J.,V 1;
ANT-MAN/DR. HENRY J.,V 3;
ANT-MAN/DR. HENRY J.,V 4;
ANT-MAN/DR. HENRY J.,V&SW2 2;
ANT-MAN/DR. HENRY J.,WCA 1;
ANT-MAN/DR. HENRY J.,WCA 2;
ANT-MAN/DR. HENRY J.,WCA2 1;
ANT-MAN/DR. HENRY J.,WCA2 10;
ANT-MAN/DR. HENRY J.,WCA2 11;
ANT-MAN/DR. HENRY J.,WCA2 12;
ANT-MAN/DR. HENRY J.,WCA2 13;
ANT-MAN/DR. HENRY J.,WCA2 14;
ANT-MAN/DR. HENRY J.,WCA2 15;
ANT-MAN/DR. HENRY J.,WCA2 16;
ANT-MAN/DR. HENRY J.,WCA2 17;
ANT-MAN/DR. HENRY J.,WCA2 18;
ANT-MAN/DR. HENRY J.,WCA2 19;
ANT-MAN/DR. HENRY J.,WCA2 2;
ANT-MAN/DR. HENRY J.,WCA2 20;
ANT-MAN/DR. HENRY J.,WCA2 21;
ANT-MAN/DR. HENRY J.,WCA2 22;
ANT-MAN/DR. HENRY J.,WCA2 23;
ANT-MAN/DR. HENRY J.,WCA2 24;
ANT-MAN/DR. HENRY J.,WCA2 25;
ANT-MAN/DR. HENRY J.,WCA2 26;
ANT-MAN/DR. HENRY J.,WCA2 27;
ANT-MAN/DR. HENRY J.,WCA2 28;
ANT-MAN/DR. HENRY J.,WCA2 29;
ANT-MAN/DR. HENRY J.,WCA2 3;
ANT-MAN/DR. HENRY J.,WCA2 30;
ANT-MAN/DR. HENRY J.,WCA2 31;
ANT-MAN/DR. HENRY J.,WCA2 32;
ANT-MAN/DR. HENRY J.,WCA2 33;
ANT-MAN/DR. HENRY J.,WCA2 34;
ANT-MAN/DR. HENRY J.,WCA2 35;
ANT-MAN/DR. HENRY J.,WCA2 36;
ANT-MAN/DR. HENRY J.,WCA2 37;
ANT-MAN/DR. HENRY J.,WCA2 38;
ANT-MAN/DR. HENRY J.,WCA2 4;
ANT-MAN/DR. HENRY J.,WCA2 42;
ANT-MAN/DR. HENRY J.,WCA2 43;
ANT-MAN/DR. HENRY J.,WCA2 44;
ANT-MAN/DR. HENRY J.,WCA2 45;
ANT-MAN/DR. HENRY J.,WCA2 5;
ANT-MAN/DR. HENRY J.,WCA2 6;
ANT-MAN/DR. HENRY J.,WCA2 7;
ANT-MAN/DR. HENRY J.,WCA2 8;
ANT-MAN/DR. HENRY J.,WM2 12;
ANT-MAN/DR. HENRY J.,WM2 13;
ANT-MAN/DR. HENRY J.,WOSM 46;
ANT-MAN/DR. HENRY J.,X 55;
ANT-MAN/DR. HENRY J.,X 56;
ANT-MAN/DR. HENRY J.,XU 29;
ANT-MAN II/SCOTT HAR,A 181;
ANT-MAN II/SCOTT HAR,A 195;
ANT-MAN II/SCOTT HAR,A 196;
ANT-MAN II/SCOTT HAR,A 197;
ANT-MAN II/SCOTT HAR,A 222;
ANT-MAN II/SCOTT HAR,A 223;
ANT-MAN II/SCOTT HAR,A 224;
ANT-MAN II/SCOTT HAR,A 229;
ANT-MAN II/SCOTT HAR,A 275;
ANT-MAN II/SCOTT HAR,A 276;
ANT-MAN II/SCOTT HAR,A 277;
ANT-MAN II/SCOTT HAR,A3 26;
ANT-MAN II/SCOTT HAR,A3 27;
ANT-MAN II/SCOTT HAR,A 380/2;
ANT-MAN II/SCOTT HAR,A '99;
ANT-MAN II/SCOTT HAR,AR 1;
ANT-MAN II/SCOTT HAR,AR 2;
ANT-MAN II/SCOTT HAR,ASM 24;
ANT-MAN II/SCOTT HAR,ASM 24/4;
ANT-MAN II/SCOTT HAR,COC 1;
ANT-MAN II/SCOTT HAR,FF 27;
ANT-MAN II/SCOTT HAR,FF3 42;
ANT-MAN II/SCOTT HAR,FF3 43;
ANT-MAN II/SCOTT HAR,FF3 44;
ANT-MAN II/SCOTT HAR,FF 388;
ANT-MAN II/SCOTT HAR,FF 389;
ANT-MAN II/SCOTT HAR,FF 390;
ANT-MAN II/SCOTT HAR,FF 391;
ANT-MAN II/SCOTT HAR,FF 392;
ANT-MAN II/SCOTT HAR,FF 393;
ANT-MAN II/SCOTT HAR,FF 394;
ANT-MAN II/SCOTT HAR,FF 395;
ANT-MAN II/SCOTT HAR,FF 396;
ANT-MAN II/SCOTT HAR,FF 397;
ANT-MAN II/SCOTT HAR,FF 398;
ANT-MAN II/SCOTT HAR,FF 399;
ANT-MAN II/SCOTT HAR,FF 400;
ANT-MAN II/SCOTT HAR,FF 400/2;
ANT-MAN II/SCOTT HAR,FF 401;
ANT-MAN II/SCOTT HAR,FF 402;
ANT-MAN II/SCOTT HAR,FF 403;
ANT-MAN II/SCOTT HAR,FF 404;
ANT-MAN II/SCOTT HAR,FF 405;
ANT-MAN II/SCOTT HAR,FF 406;
ANT-MAN II/SCOTT HAR,FF 409;
ANT-MAN II/SCOTT HAR,FF 410;
ANT-MAN II/SCOTT HAR,FF 412;
ANT-MAN II/SCOTT HAR,FF 414;
ANT-MAN II/SCOTT HAR,FF 415;
ANT-MAN II/SCOTT HAR,FF 416;
ANT-MAN II/SCOTT HAR,FFOR 7;
ANT-MAN II/SCOTT HAR,FFU 10;
ANT-MAN II/SCOTT HAR,FFU 6;
ANT-MAN II/SCOTT HAR,FFU 7;
ANT-MAN II/SCOTT HAR,FFU 8;
ANT-MAN II/SCOTT HAR,FFU 9;
ANT-MAN II/SCOTT HAR,FFUP 2;
ANT-MAN II/SCOTT HAR,H2 262;
ANT-MAN II/SCOTT HAR,H2 285;
ANT-MAN II/SCOTT HAR,HFH 10;
ANT-MAN II/SCOTT HAR,HFH 11;
ANT-MAN II/SCOTT HAR,HFH 12;
ANT-MAN II/SCOTT HAR,HFH 13;
ANT-MAN II/SCOTT HAR,HFH 14;
ANT-MAN II/SCOTT HAR,HFH 15;
ANT-MAN II/SCOTT HAR,HFH 16;
ANT-MAN II/SCOTT HAR,HFH 19;
ANT-MAN II/SCOTT HAR,HFH 6;
ANT-MAN II/SCOTT HAR,HFH 7;
ANT-MAN II/SCOTT HAR,IM 12/4;
ANT-MAN II/SCOTT HAR,IM 125;
ANT-MAN II/SCOTT HAR,IM 131;
ANT-MAN II/SCOTT HAR,IM 132;
ANT-MAN II/SCOTT HAR,IM 133;
ANT-MAN II/SCOTT HAR,IM 137;
ANT-MAN II/SCOTT HAR,IM 142;
ANT-MAN II/SCOTT HAR,IM 145;
ANT-MAN II/SCOTT HAR,IM 151;
ANT-MAN II/SCOTT HAR,IM 156;
ANT-MAN II/SCOTT HAR,IM 224;
ANT-MAN II/SCOTT HAR,IM 225;
ANT-MAN II/SCOTT HAR,IM 233;
ANT-MAN II/SCOTT HAR,IM 243;
ANT-MAN II/SCOTT HAR,M/CP 11/3;
ANT-MAN II/SCOTT HAR,M/CP 81/3;
ANT-MAN II/SCOTT HAR,M/FAN 44;
ANT-MAN II/SCOTT HAR,MICRO 19;
ANT-MAN II/SCOTT HAR,MICRO 20;
ANT-MAN II/SCOTT HAR,M/PRM 47;
ANT-MAN II/SCOTT HAR,M/PRM 48;
ANT-MAN II/SCOTT HAR,M/TIO 87;
ANT-MAN II/SCOTT HAR,M/TIO 96;
ANT-MAN II/SCOTT HAR,M/TU 103;
ANT-MAN II/SCOTT HAR,NO2 11;
ANT-MAN II/SCOTT HAR,QS 11;
ANT-MAN II/SCOTT HAR,QS 12;
ANT-MAN II/SCOTT HAR,ROM 58;
ANT-MAN II/SCOTT HAR,ROM 59;
ANT-MAN II/SCOTT HAR,SS3 93;
ANT-MAN II/SCOTT HAR,SS3 94;
ANT-MAN II/SCOTT HAR,SS3 95;
ANT-MAN II/SCOTT HAR,SS3 96;
ANT-MAN II/SCOTT HAR,SS3 97;
ANT-MAN II/SCOTT HAR,TM/U 1;
ANT-MAN II/SCOTT HAR,TS 21;
ANT-MAN II/SCOTT HAR,UX 336;
ANT-MAN II/SCOTT HAR,WM 1;
ANT-MAN II/SCOTT HAR,X 55;
ANTOINETTE, MARIE,A 200;
ANTOINETTE, MARIE,DL 5/2;
ANTOINETTE, MARIE,DL 6/2;
ANTORO,ASM '98;
ANTRO,AWC 82;
ANTRO,AWC 84;
ANTRO,AWC 85;
ANTRO,AWC 86;
ANUBAR, ANWAR,GAM3 1;
ANUBAR, ANWAR,GAM3 15;
ANUBIA,SSU 1;
ANVIL/JOHNNY ANVIL,H2 182;
ANVIL/JOHNNY ANVIL,M/FAN 29;
ANVIL/JOHNNY ANVIL,M/TU 86;
ANVIL/JOHNNY ANVIL,S-W 34;
APE MAN/GORDON MONK,A 12;
APE MAN/GORDON MONK,CX 3;
APE MAN/GORDON MONK,DD 10;
APE MAN/GORDON MONK,DD 11;
APE MAN/GORDON MONK,DD 39;
APE MAN/GORDON MONK,DD 40;
APE MAN/GORDON MONK,DD 41;
APE MAN/GORDON MONK,IM 115;
APE MAN/GORDON MONK,IM 116;
APE MAN/GORDON MONK,M/TU 25;
APE MAN/GORDON MONK,UX 94;
APE MAN/GORDON MONK,UX 95;
APE MAN II/ROY MCVEY,DD 157;
APE MAN II/ROY MCVEY,DD 158;
APE/,PP 12;
APE/,PP 19;
APE/,PP 27;
APE/,UX 195;
APE/,XF 10;
APE/,XF 11;
APE/,XF 12;
APE/,XF 13;
APE/,XF 15;
APE-X/XINA,SQS 10;
APE-X/XINA,SQS 11;
APE-X/XINA,SQS 5;
APE-X/XINA,SQS 6;
APE-X/XINA,SQS 7;
APE-X/XINA,SQS 8;
APE-X/XINA,SQS 9;
APOCALYPSE/EN SABAH,BK:E;
APOCALYPSE/EN SABAH,C2 19;
APOCALYPSE/EN SABAH,C2 34;
APOCALYPSE/EN SABAH,C2 35;
APOCALYPSE/EN SABAH,C2 50;
APOCALYPSE/EN SABAH,C2 53;
APOCALYPSE/EN SABAH,C2 64;
APOCALYPSE/EN SABAH,C2 67;
APOCALYPSE/EN SABAH,C2 68;
APOCALYPSE/EN SABAH,C2 74;
APOCALYPSE/EN SABAH,C2 75;
APOCALYPSE/EN SABAH,C2 76;
APOCALYPSE/EN SABAH,C2 '99;
APOCALYPSE/EN SABAH,C&P 1;
APOCALYPSE/EN SABAH,C&P 2;
APOCALYPSE/EN SABAH,C&P2 1;
APOCALYPSE/EN SABAH,C&P2 2;
APOCALYPSE/EN SABAH,C&P2 3;
APOCALYPSE/EN SABAH,C&P2 4;
APOCALYPSE/EN SABAH,C&P 3;
APOCALYPSE/EN SABAH,C&P 4;
APOCALYPSE/EN SABAH,CX 25;
APOCALYPSE/EN SABAH,FF 335;
APOCALYPSE/EN SABAH,FF 415;
APOCALYPSE/EN SABAH,H2 455;
APOCALYPSE/EN SABAH,H2 456;
APOCALYPSE/EN SABAH,H2 457;
APOCALYPSE/EN SABAH,NEW ETERNALS;
APOCALYPSE/EN SABAH,O:MU;
APOCALYPSE/EN SABAH,ROA 1;
APOCALYPSE/EN SABAH,ROA 2;
APOCALYPSE/EN SABAH,ROA 3;
APOCALYPSE/EN SABAH,ROA 4;
APOCALYPSE/EN SABAH,S-H2 30;
APOCALYPSE/EN SABAH,T 373;
APOCALYPSE/EN SABAH,T 374;
APOCALYPSE/EN SABAH,UX 295;
APOCALYPSE/EN SABAH,UX 296;
APOCALYPSE/EN SABAH,UX 335;
APOCALYPSE/EN SABAH,UX 336;
APOCALYPSE/EN SABAH,UX 377;
APOCALYPSE/EN SABAH,UX 378;
APOCALYPSE/EN SABAH,W2 145;
APOCALYPSE/EN SABAH,W:JA;
APOCALYPSE/EN SABAH,X 14;
APOCALYPSE/EN SABAH,X 15;
APOCALYPSE/EN SABAH,X 16;
APOCALYPSE/EN SABAH,X 96;
APOCALYPSE/EN SABAH,X 97;
APOCALYPSE/EN SABAH,X 98;
APOCALYPSE/EN SABAH,XF 10;
APOCALYPSE/EN SABAH,XF 11;
APOCALYPSE/EN SABAH,XF 12;
APOCALYPSE/EN SABAH,XF 15;
APOCALYPSE/EN SABAH,XF 17;
APOCALYPSE/EN SABAH,XF 18;
APOCALYPSE/EN SABAH,XF 19;
APOCALYPSE/EN SABAH,XF 21;
APOCALYPSE/EN SABAH,XF 22;
APOCALYPSE/EN SABAH,XF 23;
APOCALYPSE/EN SABAH,XF 24;
APOCALYPSE/EN SABAH,XF 25;
APOCALYPSE/EN SABAH,XF 26;
APOCALYPSE/EN SABAH,XF 27;
APOCALYPSE/EN SABAH,XF 28;
APOCALYPSE/EN SABAH,XF 3;
APOCALYPSE/EN SABAH,XF 49;
APOCALYPSE/EN SABAH,XF 5;
APOCALYPSE/EN SABAH,XF 50/2;
APOCALYPSE/EN SABAH,XF 51;
APOCALYPSE/EN SABAH,XF 6;
APOCALYPSE/EN SABAH,XF 65;
APOCALYPSE/EN SABAH,XF 66;
APOCALYPSE/EN SABAH,XF 67;
APOCALYPSE/EN SABAH,XF 68;
APOCALYPSE/EN SABAH,XF 85;
APOCALYPSE/EN SABAH,XF 86;
APOCALYPSE/EN SABAH,XFOR 17;
APOCALYPSE/EN SABAH,XFOR 18;
APOCALYPSE/EN SABAH,XFOR 37;
APOCALYPSE/EN SABAH,XM 59;
APOCALYPSE/EN SABAH,XM 60;
APOCALYPSE/EN SABAH,X:SC 1;
APOCALYPSE/EN SABAH,X:SC 4;
APOCALYPSE | MUTANT,MX 19;
APOCALYPSE | MUTANT,MX 20;
APOCALYPSE | MUTANT,MX 21;
APOCALYPSE | MUTANT,MX 22;
APOCALYPSE | MUTANT,MX 23;
APOCRYPHUS,A 21;
APOCRYPHUS,AVF 3;
APOCRYPHUS,FF 25;
APOLLO [GREEK GOD],A 256;
APOLLO [GREEK GOD],A 283;
APOLLO [GREEK GOD],A 284;
APOLLO [GREEK GOD],A 285;
APOLLO [GREEK GOD],A 50;
APOLLO [GREEK GOD],NM 81;
APOLLO [GREEK GOD],T 10;
APOLLO [GREEK GOD],T 301;
APOSTATE,ASHEMA;
APOSTATE,DOOM;
APOSTATE,FF3 25;
APPALLA,DRSTR2 28;
APPALLA,M/SH3 3/5;
APPLEBAUM, PHANTASY,PPTSS 247;
AQUARIAN/WUNDARR,AIF 17;
AQUARIAN/WUNDARR,CA 7;
AQUARIAN/WUNDARR,M/CP 46/3;
AQUARIAN/WUNDARR,MSM 15;
AQUARIAN/WUNDARR,M/TIO 2;
AQUARIAN/WUNDARR,M/TIO 3;
AQUARIAN/WUNDARR,M/TIO 4;
AQUARIAN/WUNDARR,M/TIO 42;
AQUARIAN/WUNDARR,M/TIO 53;
AQUARIAN/WUNDARR,M/TIO 55;
AQUARIAN/WUNDARR,M/TIO 56;
AQUARIAN/WUNDARR,M/TIO 57;
AQUARIAN/WUNDARR,M/TIO 58;
AQUARIAN/WUNDARR,M/TIO 64;
AQUARIAN/WUNDARR,M/TIO 69;
AQUARIAN/WUNDARR,M/TIO 74;
AQUARIAN/WUNDARR,M/TIO 8;
AQUARIAN/WUNDARR,M/TIO 9;
AQUARIAN/WUNDARR,Q 28;
AQUARIAN/WUNDARR,Q 4;
AQUARIAN/WUNDARR,SMTU 6;
AQUARIUS/DARREN BENT,A 120;
AQUARIUS/DARREN BENT,A 121;
AQUARIUS/DARREN BENT,A 122;
AQUARIUS/DARREN BENT,A 72;
AQUARIUS/DARREN BENT,DD 73;
AQUARIUS/DARREN BENT,GR2 6;
AQUARIUS/DARREN BENT,GR2 7;
AQUARIUS/DARREN BENT,IM 35;
AQUARIUS/DARREN BENT,IM 36;
AQUARIUS III/,AF2 12;
AQUARIUS II/,IM 184;
AQUARIUS II/,IM 185;
AQUARIUS II/,WCA2 26;
ARABIAN KNIGHT/ABDUL,COC 1;
ARABIAN KNIGHT/ABDUL,COC 2;
ARABIAN KNIGHT/ABDUL,COC 3;
ARABIAN KNIGHT/ABDUL,GR2 61;
ARABIAN KNIGHT/ABDUL,GR2 62;
ARABIAN KNIGHT/ABDUL,H 20/3;
ARABIAN KNIGHT/ABDUL,H2 250;
ARABIAN KNIGHT/ABDUL,H2 257;
ARABIAN KNIGHT/ABDUL,H2 279;
ARABIAN KNIGHT/ABDUL,M/CP 114/4;
ARABIAN KNIGHT/ABDUL,M/CP 47/4;
ARABIAN KNIGHT/ABDUL,NM 7/2;
ARABIAN KNIGHT/ABDUL,ROM 65;
ARABIAN KNIGHT/ABDUL,UX 15/2;
ARABIAN KNIGHT/ABDUL,XF 6/2;
ARACHNE,AWC 82;
ARACHNE,AWC 84;
ARACHNE,AWC 85;
ARACHNE,AWC 86;
ARAGORN,A 100;
ARAGORN,A 11;
ARAGORN,A 116;
ARAGORN,A 117;
ARAGORN,A 48;
ARAGORN,A 54;
ARAGORN,A 55;
ARAGORN,A 61;
ARAGORN,A 62;
ARAGORN,A 70;
ARAGORN,A 84;
ARAGORN,A 85;
ARAGORN,DEF 116;
ARAGORN,DEF 12;
ARAGORN,DEF 122;
ARAGORN,DEF 126;
ARAGORN,DEF 128;
ARAGORN,DEF 137;
ARAGORN,DEF 22;
ARAGORN,DEF2 4;
ARAGORN,DEF2 6;
ARAGORN,DEF 33;
ARAGORN,DEF 4;
ARAGORN,DEF 7;
ARAGORN,DEF 9;
ARAGORN,DEF 94;
ARAGORN,DRSTR 178;
ARAGORN,GSDEF 4;
ARAGORN,M/SH 17;
ARAGORN,M/TU 34;
ARAGORN,VAL 1;
ARAGORN,XFOR '97;
ARAKI II,AWC 82;
ARAKI II,Q 33;
ARAKI II,T 446;
ARAKI [SHI'AR],UX 109;
ARAKI [SHI'AR],UX 122;
ARAKI [SHI'AR],UX 125;
ARAKI [SHI'AR],UX 135;
ARAKI [SHI'AR],UX 136;
ARAKI [SHI'AR],UX 137;
ARAKI [SHI'AR],UX 154;
ARAKI [SHI'AR],UX 155;
ARAKI [SHI'AR],UX 157;
ARBOGAST, BAMBI,A 10;
ARBOGAST, BAMBI,A 201;
ARBOGAST, BAMBI,A 217;
ARBOGAST, BAMBI,FF 214;
ARBOGAST, BAMBI,FW 8;
ARBOGAST, BAMBI,H2 361;
ARBOGAST, BAMBI,HFH 13;
ARBOGAST, BAMBI,HFH 19;
ARBOGAST, BAMBI,HFH 8;
ARBOGAST, BAMBI,HFH 9;
ARBOGAST, BAMBI,IM 10;
ARBOGAST, BAMBI,IM 11/4;
ARBOGAST, BAMBI,IM 118;
ARBOGAST, BAMBI,IM 125;
ARBOGAST, BAMBI,IM 129;
ARBOGAST, BAMBI,IM 131;
ARBOGAST, BAMBI,IM 13/3;
ARBOGAST, BAMBI,IM 134;
ARBOGAST, BAMBI,IM 137;
ARBOGAST, BAMBI,IM 142;
ARBOGAST, BAMBI,IM 144;
ARBOGAST, BAMBI,IM 146;
ARBOGAST, BAMBI,IM 147;
ARBOGAST, BAMBI,IM 15;
ARBOGAST, BAMBI,IM 151;
ARBOGAST, BAMBI,IM 154;
ARBOGAST, BAMBI,IM 155;
ARBOGAST, BAMBI,IM 158;
ARBOGAST, BAMBI,IM 159;
ARBOGAST, BAMBI,IM 160;
ARBOGAST, BAMBI,IM 162;
ARBOGAST, BAMBI,IM 164;
ARBOGAST, BAMBI,IM 165;
ARBOGAST, BAMBI,IM 166;
ARBOGAST, BAMBI,IM 167;
ARBOGAST, BAMBI,IM 168;
ARBOGAST, BAMBI,IM 169;
ARBOGAST, BAMBI,IM 170;
ARBOGAST, BAMBI,IM 172;
ARBOGAST, BAMBI,IM 173;
ARBOGAST, BAMBI,IM 174;
ARBOGAST, BAMBI,IM 178/2;
ARBOGAST, BAMBI,IM 199;
ARBOGAST, BAMBI,IM 201;
ARBOGAST, BAMBI,IM 222;
ARBOGAST, BAMBI,IM 223;
ARBOGAST, BAMBI,IM 225;
ARBOGAST, BAMBI,IM 226;
ARBOGAST, BAMBI,IM 227;
ARBOGAST, BAMBI,IM 228;
ARBOGAST, BAMBI,IM 231;
ARBOGAST, BAMBI,IM 233;
ARBOGAST, BAMBI,IM 235;
ARBOGAST, BAMBI,IM 238;
ARBOGAST, BAMBI,IM 239;
ARBOGAST, BAMBI,IM 241;
ARBOGAST, BAMBI,IM 242;
ARBOGAST, BAMBI,IM 243;
ARBOGAST, BAMBI,IM 244;
ARBOGAST, BAMBI,IM 245;
ARBOGAST, BAMBI,IM 246;
ARBOGAST, BAMBI,IM 247;
ARBOGAST, BAMBI,IM 248;
ARBOGAST, BAMBI,IM 249;
ARBOGAST, BAMBI,IM 252;
ARBOGAST, BAMBI,IM 254;
ARBOGAST, BAMBI,IM 255;
ARBOGAST, BAMBI,IM 256;
ARBOGAST, BAMBI,IM 258;
ARBOGAST, BAMBI,IM 259;
ARBOGAST, BAMBI,IM 281;
ARBOGAST, BAMBI,IM 283;
ARBOGAST, BAMBI,IM 285;
ARBOGAST, BAMBI,IM 288;
ARBOGAST, BAMBI,IM 306;
ARBOGAST, BAMBI,IM 308;
ARBOGAST, BAMBI,IM 309;
ARBOGAST, BAMBI,IM 310;
ARBOGAST, BAMBI,IM 312;
ARBOGAST, BAMBI,IM 313;
ARBOGAST, BAMBI,IM 318;
ARBOGAST, BAMBI,IM 319;
ARBOGAST, BAMBI,IM 327;
ARBOGAST, BAMBI,IM 9;
ARBOGAST, BAMBI,M/CP 51/3;
ARBOGAST, BAMBI,M/SH3 2;
ARBOGAST, BAMBI,WARM 8;
ARCADE/,COL 1;
ARCADE/,CX 30/2;
ARCADE/,M/CP 38;
ARCADE/,M/CP 99/2;
ARCADE/,M/FAN 50;
ARCADE/,MICRO 45;
ARCADE/,M/TU 65;
ARCADE/,M/TU 66;
ARCADE/,M/TU 89;
ARCADE/,SENSM 29;
ARCADE/,SENSM 30;
ARCADE/,S-M 25;
ARCADE/,UX 122;
ARCADE/,UX 123;
ARCADE/,UX 124;
ARCADE/,UX 145;
ARCADE/,UX 146;
ARCADE/,UX 147;
ARCADE/,UX 177;
ARCADE/,UX 197;
ARCADE/,UX 204;
ARCADE/,W/G 2;
ARCADE/,W/G 3;
ARCADE/,W/G 4;
ARCADE/,XCAL 125;
ARCADE/,XCAL 4;
ARCADE/,XCAL 5;
ARCADE/,XFOR 76;
ARCADIUS,AR 1;
ARCADIUS,AR 2;
ARCADIUS,FF 401;
ARCADIUS,FF 402;
ARCADIUS,FFOR 5;
ARCADIUS,FFOR 8;
ARCADIUS,FFOR 9;
ARCADIUS,FFU 11;
ARCANNA/ARCANNA JONE,A3 5;
ARCANNA/ARCANNA JONE,A3 6;
ARCANNA/ARCANNA JONE,A '98;
ARCANNA/ARCANNA JONE,AWC 4/5;
ARCANNA/ARCANNA JONE,DEF 112;
ARCANNA/ARCANNA JONE,DEF 113;
ARCANNA/ARCANNA JONE,DEF 114;
ARCANNA/ARCANNA JONE,OE 2;
ARCANNA/ARCANNA JONE,Q 13;
ARCANNA/ARCANNA JONE,Q 14;
ARCANNA/ARCANNA JONE,Q 15;
ARCANNA/ARCANNA JONE,Q 16;
ARCANNA/ARCANNA JONE,Q 17;
ARCANNA/ARCANNA JONE,Q 19;
ARCANNA/ARCANNA JONE,Q 23;
ARCANNA/ARCANNA JONE,Q 24;
ARCANNA/ARCANNA JONE,Q 25;
ARCANNA/ARCANNA JONE,Q 27;
ARCANNA/ARCANNA JONE,SQS 1;
ARCANNA/ARCANNA JONE,SQS 10;
ARCANNA/ARCANNA JONE,SQS 11;
ARCANNA/ARCANNA JONE,SQS 12;
ARCANNA/ARCANNA JONE,SQS 2;
ARCANNA/ARCANNA JONE,SQS 3;
ARCANNA/ARCANNA JONE,SQS 4;
ARCANNA/ARCANNA JONE,SQS 5;
ARCANNA/ARCANNA JONE,SQS 6;
ARCANNA/ARCANNA JONE,SQS 7;
ARCANNA/ARCANNA JONE,SQS 8;
ARCANNA/ARCANNA JONE,SQS 9;
ARCANNA/ARCANNA JONE,SQS:NWO;
ARCANNA/ARCANNA JONE,WOSM 5/6;
ARCHAEOPTERYX/TONAJA,INH2 10;
ARCHAEOPTERYX/TONAJA,INH2 11;
ARCHAEOPTERYX/TONAJA,INH2 12;
ARCHAEOPTERYX/TONAJA,INH2 2;
ARCHAEOPTERYX/TONAJA,INH2 3;
ARCHAEOPTERYX/TONAJA,INH2 4;
ARCHAEOPTERYX/TONAJA,INH2 5;
ARCHAEOPTERYX/TONAJA,INH2 6;
ARCHAEOPTERYX/TONAJA,INH2 7;
ARCHAEOPTERYX/TONAJA,INH2 8;
ARCHER/JUDE BLACK,XF 140;
ARCHER/JUDE BLACK,XF 141;
ARCHER/JUDE BLACK,XF 143;
ARCHER/JUDE BLACK,XF 144;
ARCHER/JUDE BLACK,XF 145;
ARCHER/JUDE BLACK,XF 146;
ARCHER/JUDE BLACK,XF 149;
ARCHER, ULYSSES SAMS,S-H2 39;
ARCHER, ULYSSES SAMS,S-H2 40;
ARCHER, ULYSSES SAMS,S-H2 41;
ARCHER, ULYSSES SAMS,S-H2 42;
ARCHER, ULYSSES SAMS,S-H2 43;
ARCHER, ULYSSES SAMS,S-H2 44;
ARCHER, ULYSSES SAMS,S-H2 45;
ARCHER, ULYSSES SAMS,S-H2 46;
ARCHER, ULYSSES SAMS,S-H2 7;
ARCHER, ULYSSES SAMS,US1 1;
ARCHER, ULYSSES SAMS,US1 10;
ARCHER, ULYSSES SAMS,US1 11;
ARCHER, ULYSSES SAMS,US1 12;
ARCHER, ULYSSES SAMS,US1 2;
ARCHER, ULYSSES SAMS,US1 3;
ARCHER, ULYSSES SAMS,US1 4;
ARCHER, ULYSSES SAMS,US1 5;
ARCHER, ULYSSES SAMS,US1 6;
ARCHER, ULYSSES SAMS,US1 7;
ARCHER, ULYSSES SAMS,US1 8;
ARCHER, ULYSSES SAMS,US1 9;
ARCLIGHT/PHILLIPA SO,C2 '99;
ARCLIGHT/PHILLIPA SO,CA 388;
ARCLIGHT/PHILLIPA SO,CA 389;
ARCLIGHT/PHILLIPA SO,CA 390;
ARCLIGHT/PHILLIPA SO,CA 391;
ARCLIGHT/PHILLIPA SO,CA 392;
ARCLIGHT/PHILLIPA SO,PP 27;
ARCLIGHT/PHILLIPA SO,T 373;
ARCLIGHT/PHILLIPA SO,UX 210;
ARCLIGHT/PHILLIPA SO,UX 211;
ARCLIGHT/PHILLIPA SO,UX 213;
ARCLIGHT/PHILLIPA SO,UX 215;
ARCLIGHT/PHILLIPA SO,UX 219;
ARCLIGHT/PHILLIPA SO,UX 221;
ARCLIGHT/PHILLIPA SO,UX 222;
ARCLIGHT/PHILLIPA SO,UX 223;
ARCLIGHT/PHILLIPA SO,UX 240;
ARCLIGHT/PHILLIPA SO,XF 10;
ARCLIGHT/PHILLIPA SO,XM 13;
ARCTURUS,W/P 3;
ARCTURUS,W/P 4;
ARES [GREEK GOD],A 100;
ARES [GREEK GOD],A 281;
ARES [GREEK GOD],A 282;
ARES [GREEK GOD],A 283;
ARES [GREEK GOD],A 284;
ARES [GREEK GOD],A 285;
ARES [GREEK GOD],A 349;
ARES [GREEK GOD],A 38;
ARES [GREEK GOD],A 381;
ARES [GREEK GOD],A 382;
ARES [GREEK GOD],A 384;
ARES [GREEK GOD],A 49;
ARES [GREEK GOD],A 50;
ARES [GREEK GOD],A 98;
ARES [GREEK GOD],CHAMP 1;
ARES [GREEK GOD],CHAMP 2;
ARES [GREEK GOD],CHAMP 3;
ARES [GREEK GOD],DRSTR3 32/2;
ARES [GREEK GOD],KZ 1/2;
ARES [GREEK GOD],NM 81;
ARES [GREEK GOD],SUB-M 57;
ARES [GREEK GOD],T 129;
ARES [GREEK GOD],T 131;
ARES [GREEK GOD],T 221;
ARES [GREEK GOD],T 222;
ARES [GREEK GOD],T2 7;
ARES [GREEK GOD],T 289;
ARES [GREEK GOD],T 291;
ARES [GREEK GOD],T 292;
AREX,FFU 10;
AREX,HFH 5;
ARGOS,XFOR 83;
ARGOS,XFOR 84;
ARGOS,XFOR 97;
ARGOSY, HERVE,CA 10/2;
ARIANE,ROM 73;
ARIANE,ROM 74;
ARIA,W2 134;
ARIA,W2 135;
ARIA,W2 136;
ARIA,W2 137;
ARIA,W2 138;
ARIDES,A 383;
ARIDES,INH 3;
ARIDES,INH 4;
ARIDES,INH 5;
ARIDES,INH 6;
ARIEL II,FA 2;
ARIEL II,FA 3;
ARIEL II,FA 4;
ARIEL II,FA 5;
ARIEL II,FA 6;
ARIEL II,FA 7;
ARIEL II,FA 8;
ARIEL II,XF 17;
ARIES II/GROVER RAYM,A 120;
ARIES II/GROVER RAYM,A 121;
ARIES II/GROVER RAYM,A 122;
ARIES II/GROVER RAYM,CA 177;
ARIES II/GROVER RAYM,CA 178;
ARIES II/GROVER RAYM,GR2 7;
ARIES II/GROVER RAYM,IM 184;
ARIES II/GROVER RAYM,IM '99;
ARIES II/GROVER RAYM,WCA2 26;
ARIES III/,AF2 12;
ARIES/MARCUS LASSITE,A 72;
ARIES/MARCUS LASSITE,A 82;
ARISHEM [CELESTIAL],A 339;
ARISHEM [CELESTIAL],E 12;
ARISHEM [CELESTIAL],E 2;
ARISHEM [CELESTIAL],E2 12;
ARISHEM [CELESTIAL],E2 8;
ARISHEM [CELESTIAL],E 3;
ARISHEM [CELESTIAL],E 4;
ARISHEM [CELESTIAL],E 7;
ARISHEM [CELESTIAL],FF 23;
ARISHEM [CELESTIAL],HR:R 4;
ARISHEM [CELESTIAL],Q 24;
ARISHEM [CELESTIAL],Q 25;
ARISHEM [CELESTIAL],T 284;
ARISHEM [CELESTIAL],T 291;
ARISHEM [CELESTIAL],T 300;
ARISHEM [CELESTIAL],T 387;
ARISHEM [CELESTIAL],T 388;
ARISHEM [CELESTIAL],T 389;
ARISHEM [CELESTIAL],T 7;
ARISHEM [CELESTIAL],XF 48;
ARISHEM [CELESTIAL],XF 49;
ARISHEM [CELESTIAL],XF 50;
ARIZE,UX 16;
ARIZE,X 1;
ARIZE,XF 7;
ARKANIAN, GLIB,CM4 1;
ARKANIAN, GLIB,CM4 4;
ARKANIAN, GLIB,CM4 5;
ARKON,A3 17;
ARKON,A3 18;
ARKON,A 75;
ARKON,A 76;
ARKON,A 84;
ARKON,AWC 75;
ARKON,DRSTR3 12;
ARKON,DRSTR3 13;
ARKON,FF 160;
ARKON,FF 162;
ARKON,FF 163;
ARKON,QS 2;
ARKON,QS 3;
ARKON,UX 3;
ARKON,UX 5;
ARKON,WCA2 31;
ARKO,T 453;
ARKO,T 453/2;
ARKO,T 454;
ARKO,T 454/2;
ARKO,T 455;
ARLINGTON, DR. MARCU,XM 34;
ARLINGTON, DR. MARCU,XM 35;
ARLINGTON, DR. MARCU,XM 38;
ARLISSE,FF3 20;
ARMADA II/,ASM 408;
ARMADA II/,ASM 413;
ARMADA II/,SENSM 0;
ARMADA,NO2 11;
ARMADILLO/ANTONIO RO,ASPOT 26;
ARMADILLO/ANTONIO RO,CA 308;
ARMADILLO/ANTONIO RO,CA 316;
ARMADILLO/ANTONIO RO,CA 340;
ARMADILLO/ANTONIO RO,FF 336;
ARMADILLO/ANTONIO RO,S-H2 30;
ARMADILLO/ANTONIO RO,TB '97;
ARMAGEDDON,H2 463;
ARMAGEDDON,H2 464;
ARMAGEDDON MAN,XFOR 89;
ARMAGEDDON MAN,XFOR 90;
ARMAND,D:LU 1;
ARMAND,D:LU 3;
ARMAROS,PUN4 3;
ARMAZIEL,H:PL 7;
ARMBRUSTER, COLONEL,H2 164;
ARMBRUSTER, COLONEL,H2 165;
ARMBRUSTER, COLONEL,H2 166;
ARMBRUSTER, COLONEL,H2 167;
ARMBRUSTER, COLONEL,H2 168;
ARMBRUSTER, COLONEL,H2 171;
ARMBRUSTER, COLONEL,H2 172;
ARMBRUSTER, COLONEL,H2 173;
ARMBRUSTER, COLONEL,H2 174;
ARMBRUSTER, COLONEL,H2 179;
ARMBRUSTER, COLONEL,H2 180;
ARMBRUSTER, COLONEL,H2 182;
ARMBRUSTER, COLONEL,H2 184;
ARMBRUSTER, COLONEL,H2 185;
ARMS MERCHANT/ANDREA,IM3 3;
ARMS MERCHANT/ANDREA,TB 3;
ARMSTRONG, ?,ASMSS 1/3;
ARMSTRONG, MYRA,X 73;
ARMSTRONG, MYRA,X 74;
ARNSTROM,X:HY 6;
ARNSTROM,X:HY 7;
ARNSTROM,X:HY 8;
ARON [WATCHER],CM 39;
ARON [WATCHER],CM 40;
ARON [WATCHER],FF 21;
ARON [WATCHER],FF 321;
ARON [WATCHER],FF 322;
ARON [WATCHER],FF 323;
ARON [WATCHER],FF 327;
ARON [WATCHER],FF 328;
ARON [WATCHER],FF 329;
ARON [WATCHER],FF 330;
ARON [WATCHER],FF 331;
ARON [WATCHER],FF 332;
ARON [WATCHER],FF 333;
ARON [WATCHER],FF 369;
ARON [WATCHER],FF 371;
ARON [WATCHER],FF 372;
ARON [WATCHER],FF 373;
ARON [WATCHER],FF 388;
ARON [WATCHER],FF 389;
ARON [WATCHER],FF 396;
ARON [WATCHER],FF 397;
ARON [WATCHER],FF 398;
ARON [WATCHER],FF 399;
ARON [WATCHER],FF 400;
ARRANGER/,ASM 22;
ARRANGER/,ASM 257;
ARRANGER/,ASM 268;
ARRANGER/,ASM 275;
ARRANGER/,ASM 280;
ARRANGER/,ASM 284;
ARRANGER/,ASM 285;
ARRANGER/,ASM 286;
ARRANGER/,ASM 287;
ARRANGER/,ASM 288;
ARRANGER/,DD 248;
ARRANGER/,DD 254;
ARRANGER/,DD 255;
ARRANGER/,M/TU 138;
ARRANGER/,M/TU 141;
ARRANGER/,PPTSS 133;
ARRANGER/,PPTSS 139;
ARRANGER/,PPTSS 140;
ARRANGER/,PPTSS 141;
ARRANGER/,PPTSS 142;
ARRANGER/,PPTSS 143;
ARRANGER/,PPTSS 146;
ARRANGER/,PPTSS 149;
ARRANGER/,PPTSS 150;
ARRANGER/,PPTSS 152;
ARRANGER/,PPTSS 154;
ARRANGER/,PPTSS 164;
ARRANGER/,PPTSS 165;
ARRANGER/,PWJ 17;
ARRANGER/,PWJ 18;
ARRANGER/,PWJ 19;
ARRANGER/,PWJ 20;
ARRANGER/,PWJ 21;
ARRANGER/,WOSM 29;
ARRANGER/,WOSM 33;
ARRANGER/,WOSM 38;
ARRANGER/,WOSM 48;
ARRANGER/,WOSM 50;
ARRANGER/,WOSM 51;
ARRANGER/,WOSM 53;
ARRANGER/,WOSM 54;
ARRANGER/,WOSM 55;
ARROW,AA2 19;
ARSENAL,A 9;
ARSENAL,H2 282;
ARSENAL II,MK3 12;
ARSENAL II,MK3 13;
ARSENAL II,MK3 14;
ARSENAL,IM 114;
ARSENIC,A 188;
ARSENIC,TB 6;
ARTEMIS,A 281;
ARTEMIS,A 283;
ARTEMIS,A 284;
ARTEMIS,T 129;
ARVAK,INH3 1;
ARYAN,W2 164;
ASANO,W 1;
ASANO,W 3;
ASANO,W 4;
ASBERY, SHAMARI,TS 13;
ASBERY, SHAMARI,TS 14;
ASBESTOS LADY,INV 22;
ASH, BRANDY,DD 271;
ASH, BRANDY,DD 272;
ASH, BRANDY,DD 273;
ASH, BRANDY,DD 274;
ASH, BRANDY,DD 275;
ASH, BRANDY,DD 276;
ASH, BRANDY,DD 278;
ASH, BRANDY,DD 279;
ASH, BRANDY,DD 280;
ASH, BRANDY,DD 281;
ASH, BRANDY,DD 282;
ASHEMA [CELESTIAL],ASHEMA;
ASHEMA [CELESTIAL],DOOM;
ASHEMA [CELESTIAL],FF3 25;
ASHEMA [CELESTIAL],FF3 26;
ASHEMA [CELESTIAL],HR:R 1;
ASHEMA [CELESTIAL],HR:R 2;
ASHEMA [CELESTIAL],HR:R 3;
ASHEMA [CELESTIAL],HR:R 4;
ASHER, CARL,BHOOD 1;
ASHER, DONNA,BHOOD 1;
ASHER, MICHAEL,BHOOD 1;
ASHER, MICHAEL,BHOOD 2;
ASHUR,NW2 3;
ASKANI,XF 66;
ASKANI,XF 67;
ASKANI,XF 68;
ASMODEUS,DRSTR 175;
ASMODEUS,DRSTR 176;
ASMODEUS,DRSTR 177;
ASMODEUS,DRSTR 178;
ASMODEUS,GSDEF 2;
ASP II/CLEO,AF 79;
ASP II/CLEO,AF 80;
ASP II/CLEO,CA 310;
ASP II/CLEO,CA 311;
ASP II/CLEO,CA 313;
ASP II/CLEO,CA 315;
ASP II/CLEO,CA 319;
ASP II/CLEO,CA 341;
ASP II/CLEO,CA 342;
ASP II/CLEO,CA 365/2;
ASP II/CLEO,CA 367/2;
ASP II/CLEO,CA 368;
ASP II/CLEO,CA 369;
ASP II/CLEO,CA 371;
ASP II/CLEO,CA 380;
ASP II/CLEO,CA 381;
ASP II/CLEO,CA 382;
ASP II/CLEO,CA 385/2;
ASP II/CLEO,CA 386/2;
ASP II/CLEO,CA 387;
ASP II/CLEO,CA 388;
ASP II/CLEO,CA 389;
ASP II/CLEO,CA 390;
ASP II/CLEO,CA 391;
ASP II/CLEO,CA 392;
ASP II/CLEO,CA 393;
ASP II/CLEO,CA 394/2;
ASP II/CLEO,CA 395/2;
ASP II/CLEO,CA 396/2;
ASP II/CLEO,CA 397/2;
ASP II/CLEO,UX 13;
ASSAULT/,NF3 33;
ASSAULT/,NF3 34;
ASSAULT/,NF3 35;
ASTARTE,XFOR 93;
ASTER, LUCIAN,DRSTR 2;
ASTER, LUCIAN,H 18/2;
ASTER, LUCIAN,N 2;
ASTER, LUCIAN,SS 5;
ASTRA,AWC 82;
ASTRA II,UX 366;
ASTRA II,UX 367;
ASTRA II,X 86;
ASTRA II,X 87;
ASTRA II,XMF 4;
ASTRA,INH3 3;
ASTRA,INH3 4;
ASTRA,T 446;
ASTRA,UX 107;
ASTRA,UX 108;
ASTRA,XSOS 2;
ASTROLOGER/,AA2 5/2;
ASTROLOGER/,AA2 6/2;
ASTROLOGER/,AA2 7/2;
ASTRONOMER,SS3 15;
ASTRONOMER,SS3 16;
ASTRONOMER,SS3 17;
ASTRONOMER,SS3 4;
ASTRONOMER,SS3 7;
ASTRONOMER,SS3 9;
ASTROVIK, ARNOLD,M/SH3 7/4;
ASTROVIK, ARNOLD,NW 20;
ASTROVIK, ARNOLD,NW 3;
ASTROVIK, ARNOLD,NW 7;
ASTROVIK, NORMA,A 170;
ASTROVIK, NORMA,GSDEF 5;
ASTROVIK, NORMA,JUSTICE 2;
ASTROVIK, NORMA,JUSTICE 3;
ASTROVIK, NORMA,JUSTICE 4;
ASTROVIK, NORMA,M/SH3 7/4;
ASTROVIK, NORMA,NW 1/3;
ASTROVIK, NORMA,NW 20;
ASTROVIK, NORMA,NW 21;
ASTROVIK, NORMA,NW 24;
ASTROVIK, NORMA,NW 25;
ASTROVIK, NORMA,NW 3;
ASTROVIK, NORMA,TG 32;
ASYLUM II/HENRIQUE M,NW 52;
ASYLUM II/HENRIQUE M,NW 60;
ASYLUM II/HENRIQUE M,NW 63;
ASYLUM/,NW 15;
ASYLUM/,NW 16;
ASYLUM/,NW 4;
ATALANTA,H 18/3;
ATALANTA,H2 376;
ATALANTA,H2 379;
ATALANTA,H2 381;
ATALANTA,H2 382;
ATALANTA,H2 391;
ATALANTA,H2 393;
ATALANTA,H2 394;
ATALANTA,H2 395;
ATALANTA,H2 397;
ATALANTA,H2 398;
ATALANTA,H2 399;
ATALANTA,H2 421;
ATALANTA,H2 423;
ATALANTA,H2 424;
ATALANTA,H2 425;
ATALANTA,H2 445;
ATALANTA,H2 446;
ATALANTA,H2 447;
ATALANTA,H2 448;
ATALANTA,H '97;
ATALANTA,XF 76;
ATALON,AA2 27;
ATALON,AA2 28;
ATALON,AA2 29;
ATALON,AA2 31;
ATHENA [GREEK GOD],A 283;
ATHENA [GREEK GOD],A 284;
ATHENA [GREEK GOD],A 285;
ATHENA [GREEK GOD],CHAMP 2;
ATHENA [GREEK GOD],NW2 10;
ATHENA [GREEK GOD],T 289;
ATHENA [GREEK GOD],T 291;
ATHENA [GREEK GOD],T 292;
ATKINSON, MAJ. EDMON,XF 137;
ATKINSON, MAJ. EDMON,XF 139;
ATKINSON, MAJ. EDMON,XF 142;
ATLAS,A 346;
ATLAS,A 347;
ATLAS,A 380/2;
ATLAS,A 381/2;
ATLAS,A 382/3;
ATLAS,AWC 81;
ATLAS III,T2 7;
ATLAS,Q 10;
ATLAS,Q 32;
ATLAS,Q 33;
ATLAS,Q 9;
ATLAS,WM2 7;
ATOM-SMASHER/,BG 1;
ATOM-SMASHER/,BG 2;
ATOM-SMASHER/,BG 3;
ATOM SMASHER II/,IM 287;
ATOM SMASHER II/,IM 288;
ATOM SMASHER/,M/TIO 54;
ATOR, GENERAL,AR 1;
ATOR, GENERAL,AR 2;
ATOR, GENERAL,FF 398;
ATOR, GENERAL,FF 399;
ATOR, GENERAL,FFOR 8;
ATOR, GENERAL,FFU 11;
ATTRACTIVE LAD/AUNDR,IM '99;
ATTUMA,A 154;
ATTUMA,A 155;
ATTUMA,A 156;
ATTUMA,A 17;
ATTUMA,A 18;
ATTUMA,A 26;
ATTUMA,A 27;
ATTUMA,A 272;
ATTUMA,A3 42;
ATTUMA,A3 43;
ATTUMA,AF 33;
ATTUMA,AF 34;
ATTUMA,AF 35;
ATTUMA,AF 36;
ATTUMA,AF 37;
ATTUMA,AF 38;
ATTUMA,AF 39;
ATTUMA,BIZ ADV 27;
ATTUMA,CV 2;
ATTUMA,DEF2 2;
ATTUMA,DEF2 5;
ATTUMA,DEF2 7;
ATTUMA,DEF 7;
ATTUMA,DEF 8;
ATTUMA,FF 3;
ATTUMA,FF 33;
ATTUMA,H '98;
ATTUMA,IM 10;
ATTUMA,IM 10/2;
ATTUMA,N 1;
ATTUMA,N 52;
ATTUMA,N 53;
ATTUMA,SUB-M 31;
ATTUMA,SUB-M 36;
ATTUMA,SUB-M 37;
ATTUMA,SUB-M 4;
ATTUMA,SVTU 1;
ATTUMA,SVTU 10;
ATTUMA,SVTU 2;
ATTUMA,SVTU 3;
ATTUMA,SVTU 9;
ATTUMA,TOS 66;
ATTUMA,TTA 64;
ATTUMA,TTA 88;
ATTUMA,TTA 89;
ATTUMA,TTA 91;
ATTUMA,WOSM 5;
ATTUMA,XF 4;
AUGUST PERSONAGE IN,DHKF 10;
AUGUST PERSONAGE IN,DHKF 21;
AUGUST PERSONAGE IN,IF 6;
AUGUST PERSONAGE IN,IF 7;
AUGUST PERSONAGE IN,IFW 2;
AUGUST PERSONAGE IN,IFW 3;
AUGUST PERSONAGE IN,IFW 4;
AUGUST PERSONAGE IN,M/PRM 15;
AUGUST PERSONAGE IN,M/PRM 16;
AUGUST PERSONAGE IN,M/PRM 18;
AUGUST PERSONAGE IN,M/PRM 22;
AUGUST PERSONAGE IN,M/TU 64;
AUGUST PERSONAGE IN,PM&IF 119;
AUGUST PERSONAGE IN,PM&IF 74;
AUGUST PERSONAGE IN,PM&IF 75;
AUNTIE FREEZE/,TG 33;
AUNTIE FREEZE/,TG 35;
AURA/ANN HERD,ASM2 3;
AURA/ANN HERD,PPTSS 255;
AURA/ANN HERD,SENSM 25;
AURA/ANN HERD,SENSM 33;
AURA/ANN HERD,SSCARSPI 1;
AURA/ANN HERD,WOSS 2;
AURIC/,AF 76;
AURIC/,AF 79;
AURIC/,AF 80;
AURIC/,AF 84;
AURIC/,AF 85;
AURIC/,AF 86;
AURIC/,AF 87;
AURIC/,AF 88;
AURIC/,AF 89;
AURIC/,AF 90;
AURIC/,ASM 26;
AURIC/,WOSM 8;
AURORA DOPPELGANGER,AF 111;
AURORA/JEANNE-MARIE,A 272;
AURORA/JEANNE-MARIE,AF 1;
AURORA/JEANNE-MARIE,AF 10;
AURORA/JEANNE-MARIE,AF 10/2;
AURORA/JEANNE-MARIE,AF 102;
AURORA/JEANNE-MARIE,AF 104;
AURORA/JEANNE-MARIE,AF 105;
AURORA/JEANNE-MARIE,AF 106;
AURORA/JEANNE-MARIE,AF 107;
AURORA/JEANNE-MARIE,AF 108;
AURORA/JEANNE-MARIE,AF 109;
AURORA/JEANNE-MARIE,AF 109/2;
AURORA/JEANNE-MARIE,AF 110;
AURORA/JEANNE-MARIE,AF 111;
AURORA/JEANNE-MARIE,AF 112;
AURORA/JEANNE-MARIE,AF 113;
AURORA/JEANNE-MARIE,AF 114;
AURORA/JEANNE-MARIE,AF 115;
AURORA/JEANNE-MARIE,AF 12;
AURORA/JEANNE-MARIE,AF 14;
AURORA/JEANNE-MARIE,AF 15;
AURORA/JEANNE-MARIE,AF 17;
AURORA/JEANNE-MARIE,AF 2;
AURORA/JEANNE-MARIE,AF 20;
AURORA/JEANNE-MARIE,AF 21;
AURORA/JEANNE-MARIE,AF2 12;
AURORA/JEANNE-MARIE,AF2 15;
AURORA/JEANNE-MARIE,AF2 18;
AURORA/JEANNE-MARIE,AF2 19;
AURORA/JEANNE-MARIE,AF 22;
AURORA/JEANNE-MARIE,AF2 20;
AURORA/JEANNE-MARIE,AF 23;
AURORA/JEANNE-MARIE,AF 24;
AURORA/JEANNE-MARIE,AF 25;
AURORA/JEANNE-MARIE,AF 26;
AURORA/JEANNE-MARIE,AF 27;
AURORA/JEANNE-MARIE,AF 28;
AURORA/JEANNE-MARIE,AF 29;
AURORA/JEANNE-MARIE,AF 3;
AURORA/JEANNE-MARIE,AF 30;
AURORA/JEANNE-MARIE,AF 31;
AURORA/JEANNE-MARIE,AF 32;
AURORA/JEANNE-MARIE,AF 33;
AURORA/JEANNE-MARIE,AF 34;
AURORA/JEANNE-MARIE,AF 35;
AURORA/JEANNE-MARIE,AF 36;
AURORA/JEANNE-MARIE,AF 37;
AURORA/JEANNE-MARIE,AF 38;
AURORA/JEANNE-MARIE,AF 39;
AURORA/JEANNE-MARIE,AF 4;
AURORA/JEANNE-MARIE,AF 40;
AURORA/JEANNE-MARIE,AF 41;
AURORA/JEANNE-MARIE,AF 42;
AURORA/JEANNE-MARIE,AF 43;
AURORA/JEANNE-MARIE,AF 44;
AURORA/JEANNE-MARIE,AF 45;
AURORA/JEANNE-MARIE,AF 46;
AURORA/JEANNE-MARIE,AF 48;
AURORA/JEANNE-MARIE,AF 49;
AURORA/JEANNE-MARIE,AF 50;
AURORA/JEANNE-MARIE,AF 52;
AURORA/JEANNE-MARIE,AF 64;
AURORA/JEANNE-MARIE,AF 7;
AURORA/JEANNE-MARIE,AF 8;
AURORA/JEANNE-MARIE,AF 81;
AURORA/JEANNE-MARIE,AF 82;
AURORA/JEANNE-MARIE,AF 84;
AURORA/JEANNE-MARIE,AF 85;
AURORA/JEANNE-MARIE,AF 86;
AURORA/JEANNE-MARIE,AF 87;
AURORA/JEANNE-MARIE,AF 88;
AURORA/JEANNE-MARIE,AF 89;
AURORA/JEANNE-MARIE,AF 90;
AURORA/JEANNE-MARIE,AF 91;
AURORA/JEANNE-MARIE,AF 9/2;
AURORA/JEANNE-MARIE,AF 92;
AURORA/JEANNE-MARIE,AF 93;
AURORA/JEANNE-MARIE,AF 94;
AURORA/JEANNE-MARIE,AF 95;
AURORA/JEANNE-MARIE,AF 98;
AURORA/JEANNE-MARIE,COC 1;
AURORA/JEANNE-MARIE,CX 27;
AURORA/JEANNE-MARIE,H2 277;
AURORA/JEANNE-MARIE,H2 279;
AURORA/JEANNE-MARIE,H2 313;
AURORA/JEANNE-MARIE,IW 1;
AURORA/JEANNE-MARIE,IW 2;
AURORA/JEANNE-MARIE,IW 3;
AURORA/JEANNE-MARIE,M/FAN 28;
AURORA/JEANNE-MARIE,MM 18;
AURORA/JEANNE-MARIE,M/TIO 84;
AURORA/JEANNE-MARIE,M/TU 7;
AURORA/JEANNE-MARIE,Q 38;
AURORA/JEANNE-MARIE,SWII 4;
AURORA/JEANNE-MARIE,SWII 9;
AURORA/JEANNE-MARIE,UX 120;
AURORA/JEANNE-MARIE,UX 121;
AURORA/JEANNE-MARIE,UX 379;
AURORA/JEANNE-MARIE,W2 142;
AURORA/JEANNE-MARIE,W2 143;
AURORA/JEANNE-MARIE,X&AF 1;
AURORA/JEANNE-MARIE,X&AF 2;
AURORA/JEANNE-MARIE,X&AF2 1;
AURORA/JEANNE-MARIE,X&AF2 2;
AURORA/JEANNE-MARIE,XF 116;
AURORA/JEANNE-MARIE,XF 143;
AURORA/JEANNE-MARIE,XM 28;
AURORA | MUTANT X-VE,MX 3;
AUSTIN, GEN.,C2 91;
AUSTIN, GEN.,C2 92;
AUSTIN, SUSAN,M/SH3 9/2;
AUSTIN, SUSAN,T 392;
AUSTIN, SUSAN,T 405;
AUSTIN, SUSAN,T 408;
AUSTIN, SUSAN,T 411;
AUSTIN, SUSAN,T 412;
AUSTIN, SUSAN,T 413;
AUSTIN, SUSAN,T 414;
AUSTIN, SUSAN,T 416;
AUSTIN, SUSAN,T 417;
AUSTIN, SUSAN,T 419;
AUSTIN, SUSAN,T 420;
AUSTIN, SUSAN,T 421;
AUSTIN, SUSAN,T 422;
AUSTIN, SUSAN,T 423;
AUSTIN, SUSAN,T 427;
AUSTIN, SUSAN,T 429;
AUSTIN, SUSAN,T 430;
AUSTIN, SUSAN,T 431;
AUSTIN, SUSAN,T 432;
AUSTIN, SUSAN,T 433;
AUSTIN, SUSAN,T 435;
AUSTIN, SUSAN,T 437;
AUSTIN, SUSAN,T 438;
AUSTIN, SUSAN,T 440;
AUSTIN, SUSAN,T 443;
AUSTIN, SUSAN,T 444;
AUSTIN, SUSAN,T 448;
AUSTIN, SUSAN,T 449;
AUSTIN, SUSAN,T 451;
AUSTIN, SUSAN,T 453;
AUSTIN, SUSAN,T 455/2;
AUSTIN, SUSAN,T 456;
AUSTIN, SUSAN,TS 10;
AUSTIN, SUSAN,TS 11;
AUSTIN, SUSAN,TS 13;
AUSTIN, SUSAN,TS 15;
AUSTIN, SUSAN,TS 19;
AUSTIN, SUSAN,TS 22;
AUSTIN, TERRY,UX 120;
AUSTIN, TERRY,UX 123;
AUTHIER, POLICE CHIE,GENX 33;
AUTHIER, POLICE CHIE,GENX 36;
AUTHIER, POLICE CHIE,GENX 37;
AUTHIER, POLICE CHIE,GENX 40;
AUTHIER, POLICE CHIE,GENX 42;
AUTHIER, POLICE CHIE,GENX 46;
AUTHIER, POLICE CHIE,XU 20;
AUTHIER, TRACY TRACE,GENX 33;
AUTHIER, TRACY TRACE,GENX 34;
AUTHIER, TRACY TRACE,GENX 35;
AUTHIER, TRACY TRACE,GENX 36;
AUTHIER, TRACY TRACE,GENX 37;
AUTHIER, TRACY TRACE,GENX 38;
AUTHIER, TRACY TRACE,GENX 39;
AUTHIER, TRACY TRACE,GENX 44;
AUTHORITY/,M/TU2 1;
AUTHORITY/,M/TU2 2;
AUTHORITY/,M/TU2 3;
AUTHORITY/,M/TU2 4;
AUTHORITY/,M/TU2 5;
AUTOLYCUS,SS3 46;
AUTOLYCUS,SS3 47;
AUTOLYCUS,SS3 48;
AVALANCHE/DOMINIC PE,A 10;
AVALANCHE/DOMINIC PE,A 15;
AVALANCHE/DOMINIC PE,A 312;
AVALANCHE/DOMINIC PE,AWC 84;
AVALANCHE/DOMINIC PE,C2 87;
AVALANCHE/DOMINIC PE,CA 333;
AVALANCHE/DOMINIC PE,CA 334;
AVALANCHE/DOMINIC PE,CA 339;
AVALANCHE/DOMINIC PE,CA 346;
AVALANCHE/DOMINIC PE,H2 263;
AVALANCHE/DOMINIC PE,H2 369;
AVALANCHE/DOMINIC PE,M/CP 41/4;
AVALANCHE/DOMINIC PE,M/CP 82/2;
AVALANCHE/DOMINIC PE,M/CP 83/2;
AVALANCHE/DOMINIC PE,M/CP 84/2;
AVALANCHE/DOMINIC PE,M/CP 86/2;
AVALANCHE/DOMINIC PE,M/SH3 11/3;
AVALANCHE/DOMINIC PE,NM 65;
AVALANCHE/DOMINIC PE,NM 7/2;
AVALANCHE/DOMINIC PE,NM 78;
AVALANCHE/DOMINIC PE,NM 80;
AVALANCHE/DOMINIC PE,NM 82;
AVALANCHE/DOMINIC PE,PUN2 29;
AVALANCHE/DOMINIC PE,QS 6;
AVALANCHE/DOMINIC PE,QS 8;
AVALANCHE/DOMINIC PE,QS 9;
AVALANCHE/DOMINIC PE,ROM 31;
AVALANCHE/DOMINIC PE,UX 141;
AVALANCHE/DOMINIC PE,UX 142;
AVALANCHE/DOMINIC PE,UX 15/2;
AVALANCHE/DOMINIC PE,UX 177;
AVALANCHE/DOMINIC PE,UX 178;
AVALANCHE/DOMINIC PE,UX 199;
AVALANCHE/DOMINIC PE,UX 206;
AVALANCHE/DOMINIC PE,UX 223;
AVALANCHE/DOMINIC PE,UX 224;
AVALANCHE/DOMINIC PE,UX 225;
AVALANCHE/DOMINIC PE,UX 226;
AVALANCHE/DOMINIC PE,UX 227;
AVALANCHE/DOMINIC PE,UX 255;
AVALANCHE/DOMINIC PE,WCA 1;
AVALANCHE/DOMINIC PE,X 106;
AVALANCHE/DOMINIC PE,XF 10;
AVALANCHE/DOMINIC PE,XF 108;
AVALANCHE/DOMINIC PE,XF 109;
AVALANCHE/DOMINIC PE,XF 30;
AVALANCHE/DOMINIC PE,XF 31;
AVALANCHE/DOMINIC PE,XF 33;
AVALANCHE/DOMINIC PE,XF 6/2;
AVALANCHE/DOMINIC PE,XF 8;
AVALANCHE/DOMINIC PE,XF 9;
AVALANCHE/DOMINIC PE,XMF 2;
AVANDALIA,C&D3 16;
AVANDALIA,C&D3 17;
AVANDALIA,C&D3 18;
AVANDALIA,C&D3 19;
AVATAR II/PRINCESS A,SS3 65;
AVATAR II/PRINCESS A,SS3 66;
AVATAR,UX 285;
AVATAR,UX 286;
AVIA,X:HY 10;
AVIA,X:HY 11;
AVIA,X:HY 14;
AVIA,X:HY 15;
AVIA,X:HY 16;
AVIA,X:HY 17;
AVIA,X:HY 2;
AVIA,X:HY 3;
AVIA,X:HY 4;
AVIA,X:HY 5;
AVIA,X:HY 6;
AVIA,X:HY 7;
AVIA,X:HY 8;
AVIOS,MAXSEC 3;
AVIOS,MAXSEC:DP;
AVIUS,FF 129;
AVIUS,INH 1;
AVIUS,INH 2;
AVIUS,INH 5;
AVRIL, SALLY,AAF 15;
AVRIL, SALLY,AAF 16;
AVRIL, SALLY,AAF 18;
AVRIL, SALLY,UTSM 1;
AVRIL, SALLY,UTSM 10;
AVRIL, SALLY,UTSM 11;
AVRIL, SALLY,UTSM 12;
AVRIL, SALLY,UTSM 13;
AVRIL, SALLY,UTSM 2;
AVRIL, SALLY,UTSM 3;
AVRIL, SALLY,UTSM 4;
AVRIL, SALLY,UTSM 5;
AVRIL, SALLY,UTSM 6;
AVRIL, SALLY,UTSM 7;
AVRIL, SALLY,UTSM 8;
AVRIL, SALLY,UTSM 9;
AVRIL, YVETTE,IM3 8;
A,W2 159;
A,W2 160;
A,W2 161;
AWESOME ANDROID,FF3 43;
AWESOME ANDROID,FF3 44;
AWESOME ANDROID,HFH 1;
AXE/,NM 29;
AXE/,NM 7;
AXE/,W2 164;
AXIS/,M/:LG 6;
AYALA, AWILDA,DHKF 20/2;
AYALA, AWILDA,DHKF 21/2;
AYALA, AWILDA,DHKF 22/2;
AYALA, AWILDA,DHKF 23/2;
AYALA, AWILDA,DHKF 24/2;
AYALA, AWILDA,DHKF 26;
AYALA, AWILDA,DHKF 27;
AYALA, AWILDA,DHKF 29/2;
AYALA, AWILDA,DHKF 30;
AYALA, FILIPPO,DHKF 27;
AYALA, FILIPPO,DHKF 29/2;
AYALA, FILIPPO,DHKF 30;
AYALA, FILIPPO,DHKF 31;
AYALA, MRS.,DHKF 20/2;
AYALA, MRS.,DHKF 21/2;
AYALA, MRS.,DHKF 22/2;
AYALA, MRS.,DHKF 27;
AYALA, MRS.,DHKF 29/2;
AYALA, NESTOR,DHKF 22/2;
AYESHA,FF3 11;
AYESHA,FF3 12;
A'YIN,XCAL 107;
A'YIN,XCAL 108;
A'YIN,XCAL 109;
A'YIN,XCAL 110;
AZAZEL,C2 84;
AZAZEL II,PUN4 3;
AZIR,M/PRM 17;
AZIR,PM&IF 105;
AZIR,PM&IF 60;
AZIR,PM&IF 81;
AZIR,PM&IF 82;
AZOPARDI,DRSTR3 68;
AZOR,H '98;
AZRAEL,DRSTR3 19;
AZURE,XF 55;
BAAL II,DD2 3;
BAAL,ROA 1;
BAAL,ROA 2;
BACILLUS,M/CP 114/3;
BACILLUS,M/CP 115/3;
BACILLUS,M/CP 116/3;
BACILLUS,M/CP 117/3;
BACILLUS,M/CP 118/3;
BADALAMENTE, JESUS,DD 8;
BADALAMENTE, JESUS,DLOK 1;
BADALAMENTE, JESUS,DLOK 2;
BADALAMENTE, JESUS,DLOK2 10;
BADALAMENTE, JESUS,DLOK2 11;
BADALAMENTE, JESUS,DLOK2 12;
BADALAMENTE, JESUS,DLOK2 16;
BADALAMENTE, JESUS,DLOK2 17;
BADALAMENTE, JESUS,DLOK2 2;
BADALAMENTE, JESUS,DLOK2 4;
BADALAMENTE, JESUS,DLOK2 8;
BADALAMENTE, JESUS,DLOK2 9;
BADALAMENTE, JESUS,SLEEP 8;
BADALINO, LT. MICHAE,GR3 21;
BADALINO, LT. MICHAE,GR3 22;
BADALINO, LT. MICHAE,GR3 23;
BADALINO, LT. MICHAE,GR3 25;
BADALINO, LT. MICHAE,GR3 28;
BAILEY, GAILYN,X 51;
BAILEY, GAILYN,XM 30;
BAILEY, JOEY,X 51;
BAILEY, JOEY,XM 30;
BAILEY, SARA GREY,BIZADV 27;
BAILEY, SARA GREY,UX 136;
BAILEY, SARA GREY,UX 138;
BAILEY, SARA GREY,UX 322;
BAILEY, SARA GREY,X 36;
BAILEY, SARA GREY,XF 12;
BAIRD, DR.,IM3 25;
BAKER, ANNE-MARIE,ASM 25;
BAKER, ANNE-MARIE,ASM 310;
BAKER, ANNE-MARIE,ASM 311;
BAKER, ANNE-MARIE,ASM 334;
BAKER, ANNE-MARIE,ASM 350;
BAKER, ANNE-MARIE,PPTSS 149;
BAKER,XFOR 108;
BAKER,XFOR 109;
BALABAN/,XFOR 4;
BALDER [ASGARDIAN],A 105;
BALDER [ASGARDIAN],BLDR 1;
BALDER [ASGARDIAN],BLDR 2;
BALDER [ASGARDIAN],BLDR 3;
BALDER [ASGARDIAN],BLDR 4;
BALDER [ASGARDIAN],H2 279;
BALDER [ASGARDIAN],JIM -1;
BALDER [ASGARDIAN],JIM 104;
BALDER [ASGARDIAN],JIM 106/2;
BALDER [ASGARDIAN],JIM 107/2;
BALDER [ASGARDIAN],JIM 111;
BALDER [ASGARDIAN],JIM 111/2;
BALDER [ASGARDIAN],JIM 113;
BALDER [ASGARDIAN],JIM 114;
BALDER [ASGARDIAN],JIM 116;
BALDER [ASGARDIAN],JIM 117;
BALDER [ASGARDIAN],JIM 121;
BALDER [ASGARDIAN],JIM 121/2;
BALDER [ASGARDIAN],JIM 122/2;
BALDER [ASGARDIAN],JIM 123/2;
BALDER [ASGARDIAN],JIM 124/2;
BALDER [ASGARDIAN],JIM 125;
BALDER [ASGARDIAN],JIM 125/2;
BALDER [ASGARDIAN],JIM 503;
BALDER [ASGARDIAN],JIM 504;
BALDER [ASGARDIAN],JIM 505;
BALDER [ASGARDIAN],JIM 508;
BALDER [ASGARDIAN],JIM 509;
BALDER [ASGARDIAN],JIM 510;
BALDER [ASGARDIAN],JIM 511;
BALDER [ASGARDIAN],JIM 512;
BALDER [ASGARDIAN],JIM 513;
BALDER [ASGARDIAN],JIM 85;
BALDER [ASGARDIAN],M/CP 66/4;
BALDER [ASGARDIAN],M/SH3 9/2;
BALDER [ASGARDIAN],NM 84;
BALDER [ASGARDIAN],NM 85;
BALDER [ASGARDIAN],NM 86;
BALDER [ASGARDIAN],NM 87;
BALDER [ASGARDIAN],SS 4;
BALDER [ASGARDIAN],T '00;
BALDER [ASGARDIAN],T 10;
BALDER [ASGARDIAN],T 126;
BALDER [ASGARDIAN],T 126/2;
BALDER [ASGARDIAN],T 127;
BALDER [ASGARDIAN],T 127/2;
BALDER [ASGARDIAN],T 128;
BALDER [ASGARDIAN],T 128/2;
BALDER [ASGARDIAN],T 129;
BALDER [ASGARDIAN],T 135;
BALDER [ASGARDIAN],T 142;
BALDER [ASGARDIAN],T 143;
BALDER [ASGARDIAN],T 144;
BALDER [ASGARDIAN],T 145;
BALDER [ASGARDIAN],T 146;
BALDER [ASGARDIAN],T 147;
BALDER [ASGARDIAN],T 148;
BALDER [ASGARDIAN],T 149;
BALDER [ASGARDIAN],T 150;
BALDER [ASGARDIAN],T 151;
BALDER [ASGARDIAN],T 152;
BALDER [ASGARDIAN],T 15/3;
BALDER [ASGARDIAN],T 153;
BALDER [ASGARDIAN],T 154;
BALDER [ASGARDIAN],T 155;
BALDER [ASGARDIAN],T 156;
BALDER [ASGARDIAN],T 157;
BALDER [ASGARDIAN],T 158;
BALDER [ASGARDIAN],T 159;
BALDER [ASGARDIAN],T 162;
BALDER [ASGARDIAN],T 164;
BALDER [ASGARDIAN],T 165;
BALDER [ASGARDIAN],T 166;
BALDER [ASGARDIAN],T 167;
BALDER [ASGARDIAN],T 168;
BALDER [ASGARDIAN],T 169;
BALDER [ASGARDIAN],T 170;
BALDER [ASGARDIAN],T 172;
BALDER [ASGARDIAN],T 175;
BALDER [ASGARDIAN],T 176;
BALDER [ASGARDIAN],T 177;
BALDER [ASGARDIAN],T 179;
BALDER [ASGARDIAN],T 180;
BALDER [ASGARDIAN],T 181;
BALDER [ASGARDIAN],T 182;
BALDER [ASGARDIAN],T 183;
BALDER [ASGARDIAN],T 184;
BALDER [ASGARDIAN],T 186;
BALDER [ASGARDIAN],T 187;
BALDER [ASGARDIAN],T 188;
BALDER [ASGARDIAN],T 189;
BALDER [ASGARDIAN],T 190;
BALDER [ASGARDIAN],T 191;
BALDER [ASGARDIAN],T 192;
BALDER [ASGARDIAN],T 193;
BALDER [ASGARDIAN],T 194;
BALDER [ASGARDIAN],T 198;
BALDER [ASGARDIAN],T 199;
BALDER [ASGARDIAN],T 2;
BALDER [ASGARDIAN],T 200;
BALDER [ASGARDIAN],T 201;
BALDER [ASGARDIAN],T 202;
BALDER [ASGARDIAN],T 203;
BALDER [ASGARDIAN],T 204;
BALDER [ASGARDIAN],T 205;
BALDER [ASGARDIAN],T 206;
BALDER [ASGARDIAN],T 208;
BALDER [ASGARDIAN],T 210;
BALDER [ASGARDIAN],T2 10;
BALDER [ASGARDIAN],T2 11;
BALDER [ASGARDIAN],T 212;
BALDER [ASGARDIAN],T2 12;
BALDER [ASGARDIAN],T2 13;
BALDER [ASGARDIAN],T2 14;
BALDER [ASGARDIAN],T 216;
BALDER [ASGARDIAN],T2 16;
BALDER [ASGARDIAN],T 217;
BALDER [ASGARDIAN],T 218;
BALDER [ASGARDIAN],T 219;
BALDER [ASGARDIAN],T 220;
BALDER [ASGARDIAN],T2 20;
BALDER [ASGARDIAN],T 221;
BALDER [ASGARDIAN],T2 22;
BALDER [ASGARDIAN],T2 23;
BALDER [ASGARDIAN],T2 24;
BALDER [ASGARDIAN],T2 25;
BALDER [ASGARDIAN],T2 26;
BALDER [ASGARDIAN],T2 28;
BALDER [ASGARDIAN],T2 29;
BALDER [ASGARDIAN],T2 30;
BALDER [ASGARDIAN],T2 31;
BALDER [ASGARDIAN],T2 32;
BALDER [ASGARDIAN],T2 33;
BALDER [ASGARDIAN],T2 34;
BALDER [ASGARDIAN],T2 35;
BALDER [ASGARDIAN],T2 36;
BALDER [ASGARDIAN],T2 39;
BALDER [ASGARDIAN],T 244;
BALDER [ASGARDIAN],T 246;
BALDER [ASGARDIAN],T 247;
BALDER [ASGARDIAN],T 248;
BALDER [ASGARDIAN],T 249;
BALDER [ASGARDIAN],T 250;
BALDER [ASGARDIAN],T 251;
BALDER [ASGARDIAN],T 252;
BALDER [ASGARDIAN],T 255;
BALDER [ASGARDIAN],T 256;
BALDER [ASGARDIAN],T 257;
BALDER [ASGARDIAN],T 258;
BALDER [ASGARDIAN],T 259;
BALDER [ASGARDIAN],T 260;
BALDER [ASGARDIAN],T 261;
BALDER [ASGARDIAN],T 262;
BALDER [ASGARDIAN],T 264;
BALDER [ASGARDIAN],T 265;
BALDER [ASGARDIAN],T 266;
BALDER [ASGARDIAN],T 267;
BALDER [ASGARDIAN],T 273;
BALDER [ASGARDIAN],T 274;
BALDER [ASGARDIAN],T 275;
BALDER [ASGARDIAN],T 276;
BALDER [ASGARDIAN],T 277;
BALDER [ASGARDIAN],T 278;
BALDER [ASGARDIAN],T2 8;
BALDER [ASGARDIAN],T 283;
BALDER [ASGARDIAN],T 288;
BALDER [ASGARDIAN],T 289;
BALDER [ASGARDIAN],T 301;
BALDER [ASGARDIAN],T 302;
BALDER [ASGARDIAN],T 304/2;
BALDER [ASGARDIAN],T 305/2;
BALDER [ASGARDIAN],T 306/2;
BALDER [ASGARDIAN],T 311/2;
BALDER [ASGARDIAN],T 313;
BALDER [ASGARDIAN],T 326/2;
BALDER [ASGARDIAN],T 327;
BALDER [ASGARDIAN],T 328;
BALDER [ASGARDIAN],T 337;
BALDER [ASGARDIAN],T 338;
BALDER [ASGARDIAN],T 341;
BALDER [ASGARDIAN],T 342;
BALDER [ASGARDIAN],T 344;
BALDER [ASGARDIAN],T 345;
BALDER [ASGARDIAN],T 346;
BALDER [ASGARDIAN],T 347;
BALDER [ASGARDIAN],T 348;
BALDER [ASGARDIAN],T 349;
BALDER [ASGARDIAN],T 350;
BALDER [ASGARDIAN],T 351;
BALDER [ASGARDIAN],T 353;
BALDER [ASGARDIAN],T 354;
BALDER [ASGARDIAN],T 360;
BALDER [ASGARDIAN],T 361;
BALDER [ASGARDIAN],T 362;
BALDER [ASGARDIAN],T 368;
BALDER [ASGARDIAN],T 369;
BALDER [ASGARDIAN],T 371;
BALDER [ASGARDIAN],T 372;
BALDER [ASGARDIAN],T 373;
BALDER [ASGARDIAN],T 374;
BALDER [ASGARDIAN],T 375;
BALDER [ASGARDIAN],T 376;
BALDER [ASGARDIAN],T 378;
BALDER [ASGARDIAN],T 379;
BALDER [ASGARDIAN],T 381;
BALDER [ASGARDIAN],T 382;
BALDER [ASGARDIAN],T 386;
BALDER [ASGARDIAN],T 387;
BALDER [ASGARDIAN],T 390;
BALDER [ASGARDIAN],T 391;
BALDER [ASGARDIAN],T 392;
BALDER [ASGARDIAN],T 393;
BALDER [ASGARDIAN],T 394;
BALDER [ASGARDIAN],T 395;
BALDER [ASGARDIAN],T 396;
BALDER [ASGARDIAN],T 397;
BALDER [ASGARDIAN],T 398;
BALDER [ASGARDIAN],T 399;
BALDER [ASGARDIAN],T 400;
BALDER [ASGARDIAN],T 402;
BALDER [ASGARDIAN],T 404;
BALDER [ASGARDIAN],T 405;
BALDER [ASGARDIAN],T 423/2;
BALDER [ASGARDIAN],T 424/2;
BALDER [ASGARDIAN],T 425;
BALDER [ASGARDIAN],T 426;
BALDER [ASGARDIAN],T 434;
BALDER [ASGARDIAN],T 435;
BALDER [ASGARDIAN],T 437/2;
BALDER [ASGARDIAN],T 438/2;
BALDER [ASGARDIAN],T 439/2;
BALDER [ASGARDIAN],T 440/2;
BALDER [ASGARDIAN],T 441/2;
BALDER [ASGARDIAN],T 442/2;
BALDER [ASGARDIAN],T 447/2;
BALDER [ASGARDIAN],T 448/2;
BALDER [ASGARDIAN],T 449/2;
BALDER [ASGARDIAN],T 450/2;
BALDER [ASGARDIAN],T 451;
BALDER [ASGARDIAN],T 452;
BALDER [ASGARDIAN],T 453;
BALDER [ASGARDIAN],T 454;
BALDER [ASGARDIAN],T 455;
BALDER [ASGARDIAN],T 456;
BALDER [ASGARDIAN],T 477;
BALDER [ASGARDIAN],T 478;
BALDER [ASGARDIAN],T 479;
BALDER [ASGARDIAN],T 480;
BALDER [ASGARDIAN],T 482;
BALDER [ASGARDIAN],T 487;
BALDER [ASGARDIAN],T 488;
BALDER [ASGARDIAN],T 489;
BALDER [ASGARDIAN],T 490;
BALDER [ASGARDIAN],T 9;
BALDER [ASGARDIAN],TS 18/2;
BALDWIN, JUSTIN,M/CP 14/3;
BALDWIN, JUSTIN,M/SH3 2/4;
BALDWIN, JUSTIN,M/SH3 4/5;
BALDWIN, JUSTIN,M/SH3 6/4;
BALDWIN, JUSTIN,NW 17;
BALDWIN, JUSTIN,NW 2/6;
BALDWIN, JUSTIN,NW 27;
BALDWIN, JUSTIN,NW 3;
BALDWIN, JUSTIN,NW 5;
BALDWIN, JUSTIN,NW 66;
BALDWIN, JUSTIN,NW 7;
BALDWIN, JUSTIN,SB 1;
BALDWIN, JUSTIN,SB 2;
BALDWIN, JUSTIN,SB 2/2;
BALDWIN, JUSTIN,SB 3;
BALDWIN, JUSTIN,SB 4;
BALDWIN, JUSTIN,SB 5/2;
BALDWIN, JUSTIN,SB 6;
BALDWIN, JUSTIN,SB 7;
BALDWIN, JUSTIN,SB 8;
BALDWIN, JUSTIN,SB 9;
BALDWIN, MADELYNE MA,ASM 22;
BALDWIN, MADELYNE MA,ASM 22/2;
BALDWIN, MADELYNE MA,M/CP 14/3;
BALDWIN, MADELYNE MA,M/SH3 2/4;
BALDWIN, MADELYNE MA,M/SH3 4/5;
BALDWIN, MADELYNE MA,M/SH3 6/4;
BALDWIN, MADELYNE MA,NW 1;
BALDWIN, MADELYNE MA,NW 10;
BALDWIN, MADELYNE MA,NW 17;
BALDWIN, MADELYNE MA,NW2 2;
BALDWIN, MADELYNE MA,NW 2/6;
BALDWIN, MADELYNE MA,NW 27;
BALDWIN, MADELYNE MA,NW 3;
BALDWIN, MADELYNE MA,NW 5;
BALDWIN, MADELYNE MA,NW 61;
BALDWIN, MADELYNE MA,NW 65;
BALDWIN, MADELYNE MA,NW 66;
BALDWIN, MADELYNE MA,NW 67;
BALDWIN, MADELYNE MA,NW 8;
BALDWIN, MADELYNE MA,NW 9;
BALDWIN, MADELYNE MA,SB 1;
BALDWIN, MADELYNE MA,SB 2;
BALDWIN, MADELYNE MA,SB 2/2;
BALDWIN, MADELYNE MA,SB 3;
BALDWIN, MADELYNE MA,SB 4;
BALDWIN, MADELYNE MA,SB 5/2;
BALDWIN, MADELYNE MA,SB 6;
BALDWIN, MADELYNE MA,SB 7;
BALDWIN, MADELYNE MA,SB 8;
BALDWIN, MADELYNE MA,SB 8/2;
BALDWIN, MADELYNE MA,SB 9;
BALDWIN, MADELYNE MA,WOSS 4;
BALE, EMERSON,A 190;
BALE, EMERSON,A 191;
BALE, EMERSON,CHAMP 5;
BALE, EMERSON,CHAMP 7;
BALE, EMERSON,CHAMP 8;
BALE, EMERSON,M/TU 51;
BALE, EMERSON,PPTSS 55;
BALLANTINE, DEVON,Q 34;
BALLANTINE, DEVON,Q 35;
BALLANTINE, KAYLA,A 325;
BALLANTINE, KAYLA,Q 10;
BALLANTINE, KAYLA,Q 11;
BALLANTINE, KAYLA,Q 12;
BALLANTINE, KAYLA,Q 13;
BALLANTINE, KAYLA,Q 14;
BALLANTINE, KAYLA,Q 15;
BALLANTINE, KAYLA,Q 17;
BALLANTINE, KAYLA,Q 18;
BALLANTINE, KAYLA,Q 19;
BALLANTINE, KAYLA,Q 20;
BALLANTINE, KAYLA,Q 21;
BALLANTINE, KAYLA,Q 22;
BALLANTINE, KAYLA,Q 23;
BALLANTINE, KAYLA,Q 24;
BALLANTINE, KAYLA,Q 26;
BALLANTINE, KAYLA,Q 3;
BALLANTINE, KAYLA,Q 30;
BALLANTINE, KAYLA,Q 31;
BALLANTINE, KAYLA,Q 32;
BALLANTINE, KAYLA,Q 33;
BALLANTINE, KAYLA,Q 34;
BALLANTINE, KAYLA,Q 35;
BALLANTINE, KAYLA,Q 36;
BALLANTINE, KAYLA,Q 37;
BALLANTINE, KAYLA,Q 38;
BALLANTINE, KAYLA,Q 39;
BALLANTINE, KAYLA,Q 4;
BALLANTINE, KAYLA,Q 40;
BALLANTINE, KAYLA,Q 41;
BALLANTINE, KAYLA,Q 42;
BALLANTINE, KAYLA,Q 43;
BALLANTINE, KAYLA,Q 5;
BALLANTINE, KAYLA,Q 57;
BALLANTINE, KAYLA,Q 6;
BALLANTINE, KAYLA,Q 9;
BALLANTINE, MR.,Q 35;
BALLANTINE, MRS.,Q 35;
BALOR,A 225;
BALOR,A 226;
BALOR,BK2 3;
BAMBI,ASM 266;
BAMBI,ASM 271;
BAMBI,ASM 276;
BAMBI,ASM 300;
BAMBI,ASM 326;
BAMBI,M/TU 150;
BAMBI,PPTSS 100;
BAMBI,PPTSS 112;
BAMBI,PPTSS 119;
BAMBI,PPTSS 123;
BAMBI,PPTSS 128;
BAMBI,PPTSS 99;
BAMBI,WOSM 1;
BAMBI,WOSM 2;
BAMBI,WOSM 38;
BAMBI,WOSM 7;
BANCROFT, MARTINE,AIF 20;
BANCROFT, MARTINE,AIF 21;
BANCROFT, MARTINE,AIF 22;
BANCROFT, MARTINE,AIF 25;
BANCROFT, MARTINE,AIF 26;
BANCROFT, MARTINE,AIF 27;
BANCROFT, MARTINE,AIF 28;
BANCROFT, MARTINE,AIF 30;
BANCROFT, MARTINE,AIF 31;
BANCROFT, MARTINE,ASM 102;
BANCROFT, MARTINE,GSWBN 4;
BANCROFT, MARTINE,MORBIUS 1;
BANCROFT, MARTINE,M/TU 3;
BANCROFT, MARTINE,ST:DC 1/2;
BANCROFT, MARTINE,VT 1;
BANDIT/,NT2 14;
BANDIT/,NW 49;
BANDIT/,NW 50;
BANDIT/,NW 51;
BANK, IRVING,JUSTICE 4;
BANKS, SHARON,ASM 278;
BANKS, SHARON,ASM 280;
BANKS, SHARON,ASM 281;
BANKS, SHARON,ASM 282;
BANKS, SHARON,ASM 289;
BANNER, BETTY ROSS T,A 5;
BANNER, BETTY ROSS T,ASPOT 25/2;
BANNER, BETTY ROSS T,H 1;
BANNER, BETTY ROSS T,H 15;
BANNER, BETTY ROSS T,H 17/2;
BANNER, BETTY ROSS T,H 18/2;
BANNER, BETTY ROSS T,H 2;
BANNER, BETTY ROSS T,H2 103;
BANNER, BETTY ROSS T,H2 104;
BANNER, BETTY ROSS T,H2 105;
BANNER, BETTY ROSS T,H2 106;
BANNER, BETTY ROSS T,H2 111;
BANNER, BETTY ROSS T,H2 113;
BANNER, BETTY ROSS T,H2 114;
BANNER, BETTY ROSS T,H2 115;
BANNER, BETTY ROSS T,H2 116;
BANNER, BETTY ROSS T,H2 117;
BANNER, BETTY ROSS T,H2 119;
BANNER, BETTY ROSS T,H2 120;
BANNER, BETTY ROSS T,H2 121;
BANNER, BETTY ROSS T,H2 122;
BANNER, BETTY ROSS T,H2 123;
BANNER, BETTY ROSS T,H2 124;
BANNER, BETTY ROSS T,H2 125;
BANNER, BETTY ROSS T,H2 126;
BANNER, BETTY ROSS T,H2 128;
BANNER, BETTY ROSS T,H2 130;
BANNER, BETTY ROSS T,H2 131;
BANNER, BETTY ROSS T,H2 132;
BANNER, BETTY ROSS T,H2 136;
BANNER, BETTY ROSS T,H2 138;
BANNER, BETTY ROSS T,H2 139;
BANNER, BETTY ROSS T,H2 141;
BANNER, BETTY ROSS T,H2 142;
BANNER, BETTY ROSS T,H2 143;
BANNER, BETTY ROSS T,H2 144;
BANNER, BETTY ROSS T,H2 145;
BANNER, BETTY ROSS T,H2 146;
BANNER, BETTY ROSS T,H2 147;
BANNER, BETTY ROSS T,H2 148;
BANNER, BETTY ROSS T,H2 149;
BANNER, BETTY ROSS T,H2 150;
BANNER, BETTY ROSS T,H2 151;
BANNER, BETTY ROSS T,H2 154;
BANNER, BETTY ROSS T,H2 155;
BANNER, BETTY ROSS T,H2 156;
BANNER, BETTY ROSS T,H2 157;
BANNER, BETTY ROSS T,H2 158;
BANNER, BETTY ROSS T,H2 162;
BANNER, BETTY ROSS T,H2 163;
BANNER, BETTY ROSS T,H2 164;
BANNER, BETTY ROSS T,H2 165;
BANNER, BETTY ROSS T,H2 167;
BANNER, BETTY ROSS T,H2 168;
BANNER, BETTY ROSS T,H2 169;
BANNER, BETTY ROSS T,H2 170;
BANNER, BETTY ROSS T,H2 171;
BANNER, BETTY ROSS T,H2 172;
BANNER, BETTY ROSS T,H2 173;
BANNER, BETTY ROSS T,H2 174;
BANNER, BETTY ROSS T,H2 175;
BANNER, BETTY ROSS T,H2 176;
BANNER, BETTY ROSS T,H2 179;
BANNER, BETTY ROSS T,H2 180;
BANNER, BETTY ROSS T,H2 184;
BANNER, BETTY ROSS T,H2 185;
BANNER, BETTY ROSS T,H2 186;
BANNER, BETTY ROSS T,H2 187;
BANNER, BETTY ROSS T,H2 188;
BANNER, BETTY ROSS T,H2 190;
BANNER, BETTY ROSS T,H2 192;
BANNER, BETTY ROSS T,H2 193;
BANNER, BETTY ROSS T,H2 194;
BANNER, BETTY ROSS T,H2 195;
BANNER, BETTY ROSS T,H2 196;
BANNER, BETTY ROSS T,H2 197;
BANNER, BETTY ROSS T,H2 198;
BANNER, BETTY ROSS T,H2 199;
BANNER, BETTY ROSS T,H2 200;
BANNER, BETTY ROSS T,H2 202;
BANNER, BETTY ROSS T,H2 205;
BANNER, BETTY ROSS T,H2 206;
BANNER, BETTY ROSS T,H2 207;
BANNER, BETTY ROSS T,H2 209;
BANNER, BETTY ROSS T,H2 210;
BANNER, BETTY ROSS T,H2 211;
BANNER, BETTY ROSS T,H2 212;
BANNER, BETTY ROSS T,H2 216;
BANNER, BETTY ROSS T,H2 233;
BANNER, BETTY ROSS T,H2 234;
BANNER, BETTY ROSS T,H2 238;
BANNER, BETTY ROSS T,H2 240;
BANNER, BETTY ROSS T,H2 243;
BANNER, BETTY ROSS T,H2 247;
BANNER, BETTY ROSS T,H2 248;
BANNER, BETTY ROSS T,H2 249;
BANNER, BETTY ROSS T,H2 251;
BANNER, BETTY ROSS T,H2 252;
BANNER, BETTY ROSS T,H2 253;
BANNER, BETTY ROSS T,H2 256;
BANNER, BETTY ROSS T,H2 261;
BANNER, BETTY ROSS T,H2 262;
BANNER, BETTY ROSS T,H2 263;
BANNER, BETTY ROSS T,H2 264;
BANNER, BETTY ROSS T,H2 265;
BANNER, BETTY ROSS T,H2 266;
BANNER, BETTY ROSS T,H2 267;
BANNER, BETTY ROSS T,H2 268;
BANNER, BETTY ROSS T,H2 269;
BANNER, BETTY ROSS T,H2 270;
BANNER, BETTY ROSS T,H2 271;
BANNER, BETTY ROSS T,H2 272;
BANNER, BETTY ROSS T,H2 273;
BANNER, BETTY ROSS T,H2 274;
BANNER, BETTY ROSS T,H2 275;
BANNER, BETTY ROSS T,H2 276;
BANNER, BETTY ROSS T,H2 277;
BANNER, BETTY ROSS T,H2 278;
BANNER, BETTY ROSS T,H2 279;
BANNER, BETTY ROSS T,H2 282;
BANNER, BETTY ROSS T,H2 289;
BANNER, BETTY ROSS T,H2 314;
BANNER, BETTY ROSS T,H2 315;
BANNER, BETTY ROSS T,H2 316;
BANNER, BETTY ROSS T,H2 317;
BANNER, BETTY ROSS T,H2 318;
BANNER, BETTY ROSS T,H2 319;
BANNER, BETTY ROSS T,H2 320;
BANNER, BETTY ROSS T,H2 321;
BANNER, BETTY ROSS T,H2 322;
BANNER, BETTY ROSS T,H2 323;
BANNER, BETTY ROSS T,H2 324;
BANNER, BETTY ROSS T,H2 325;
BANNER, BETTY ROSS T,H2 326;
BANNER, BETTY ROSS T,H2 327;
BANNER, BETTY ROSS T,H2 329;
BANNER, BETTY ROSS T,H2 330;
BANNER, BETTY ROSS T,H2 331;
BANNER, BETTY ROSS T,H2 332;
BANNER, BETTY ROSS T,H2 333;
BANNER, BETTY ROSS T,H2 334;
BANNER, BETTY ROSS T,H2 337;
BANNER, BETTY ROSS T,H2 339;
BANNER, BETTY ROSS T,H2 342;
BANNER, BETTY ROSS T,H2 343;
BANNER, BETTY ROSS T,H2 344;
BANNER, BETTY ROSS T,H2 345;
BANNER, BETTY ROSS T,H2 346;
BANNER, BETTY ROSS T,H2 360;
BANNER, BETTY ROSS T,H2 366;
BANNER, BETTY ROSS T,H2 367;
BANNER, BETTY ROSS T,H2 371;
BANNER, BETTY ROSS T,H2 372;
BANNER, BETTY ROSS T,H2 373;
BANNER, BETTY ROSS T,H2 374;
BANNER, BETTY ROSS T,H2 375;
BANNER, BETTY ROSS T,H2 376;
BANNER, BETTY ROSS T,H2 377;
BANNER, BETTY ROSS T,H2 379;
BANNER, BETTY ROSS T,H2 380;
BANNER, BETTY ROSS T,H2 381;
BANNER, BETTY ROSS T,H2 382;
BANNER, BETTY ROSS T,H2 383;
BANNER, BETTY ROSS T,H2 384;
BANNER, BETTY ROSS T,H2 386;
BANNER, BETTY ROSS T,H2 387;
BANNER, BETTY ROSS T,H2 388;
BANNER, BETTY ROSS T,H2 390;
BANNER, BETTY ROSS T,H2 391;
BANNER, BETTY ROSS T,H2 394;
BANNER, BETTY ROSS T,H2 395;
BANNER, BETTY ROSS T,H2 396;
BANNER, BETTY ROSS T,H2 397;
BANNER, BETTY ROSS T,H2 398;
BANNER, BETTY ROSS T,H2 399;
BANNER, BETTY ROSS T,H2 400;
BANNER, BETTY ROSS T,H2 418;
BANNER, BETTY ROSS T,H2 419;
BANNER, BETTY ROSS T,H2 420;
BANNER, BETTY ROSS T,H2 421;
BANNER, BETTY ROSS T,H2 422;
BANNER, BETTY ROSS T,H2 423;
BANNER, BETTY ROSS T,H2 424;
BANNER, BETTY ROSS T,H2 425;
BANNER, BETTY ROSS T,H2 426;
BANNER, BETTY ROSS T,H2 427;
BANNER, BETTY ROSS T,H2 428;
BANNER, BETTY ROSS T,H2 429;
BANNER, BETTY ROSS T,H2 430;
BANNER, BETTY ROSS T,H2 431;
BANNER, BETTY ROSS T,H2 432;
BANNER, BETTY ROSS T,H2 434;
BANNER, BETTY ROSS T,H2 435;
BANNER, BETTY ROSS T,H2 436;
BANNER, BETTY ROSS T,H2 437;
BANNER, BETTY ROSS T,H2 438;
BANNER, BETTY ROSS T,H2 439;
BANNER, BETTY ROSS T,H2 440;
BANNER, BETTY ROSS T,H2 441;
BANNER, BETTY ROSS T,H2 445;
BANNER, BETTY ROSS T,H2 446;
BANNER, BETTY ROSS T,H2 447;
BANNER, BETTY ROSS T,H2 455;
BANNER, BETTY ROSS T,H2 456;
BANNER, BETTY ROSS T,H2 458;
BANNER, BETTY ROSS T,H2 461;
BANNER, BETTY ROSS T,H2 462;
BANNER, BETTY ROSS T,H2 463;
BANNER, BETTY ROSS T,H2 464;
BANNER, BETTY ROSS T,H2 465;
BANNER, BETTY ROSS T,H2 466;
BANNER, BETTY ROSS T,H2 467;
BANNER, BETTY ROSS T,H2 474;
BANNER, BETTY ROSS T,H3 15;
BANNER, BETTY ROSS T,H3 16;
BANNER, BETTY ROSS T,H3 24;
BANNER, BETTY ROSS T,H 5;
BANNER, BETTY ROSS T,H 6;
BANNER, BETTY ROSS T,M/TIO 5;
BANNER, BETTY ROSS T,OE 3;
BANNER, BETTY ROSS T,RH2 1;
BANNER, BETTY ROSS T,RH2 3;
BANNER, BETTY ROSS T,RH2 4;
BANNER, BETTY ROSS T,RH2 5;
BANNER, BETTY ROSS T,TTA 100;
BANNER, BETTY ROSS T,TTA 59;
BANNER, BETTY ROSS T,TTA 60/2;
BANNER, BETTY ROSS T,TTA 61/2;
BANNER, BETTY ROSS T,TTA 62/2;
BANNER, BETTY ROSS T,TTA 64/2;
BANNER, BETTY ROSS T,TTA 66/2;
BANNER, BETTY ROSS T,TTA 68/2;
BANNER, BETTY ROSS T,TTA 70/2;
BANNER, BETTY ROSS T,TTA 75/2;
BANNER, BETTY ROSS T,TTA 77/2;
BANNER, BETTY ROSS T,TTA 78/2;
BANNER, BETTY ROSS T,TTA 79/2;
BANNER, BETTY ROSS T,TTA 80/2;
BANNER, BETTY ROSS T,TTA 81/2;
BANNER, BETTY ROSS T,TTA 82/2;
BANNER, BETTY ROSS T,TTA 83/2;
BANNER, BETTY ROSS T,TTA 84/2;
BANNER, BETTY ROSS T,TTA 86/2;
BANNER, BETTY ROSS T,TTA 87/2;
BANNER, BETTY ROSS T,TTA 88/2;
BANNER, BETTY ROSS T,TTA 89/2;
BANNER, BETTY ROSS T,TTA 90/2;
BANNER, BETTY ROSS T,TTA 91/2;
BANNER, BETTY ROSS T,TTA 92/2;
BANNER, BETTY ROSS T,TTA 97/2;
BANNER, BETTY ROSS T,TTA 98/2;
BANNER, BETTY ROSS T,TTA 99;
BANNER, BETTY ROSS T,WOSM 69;
BANNERJEE, DR.,GENX 46;
BANNON, LANCE,ASM 208;
BANNON, LANCE,ASM 222;
BANNON, LANCE,ASM 224;
BANNON, LANCE,ASM 23;
BANNON, LANCE,ASM 230;
BANNON, LANCE,ASM 232;
BANNON, LANCE,ASM 238;
BANNON, LANCE,ASM 239;
BANNON, LANCE,ASM 241;
BANNON, LANCE,ASM 242;
BANNON, LANCE,ASM 243;
BANNON, LANCE,ASM 271;
BANNON, LANCE,ASM 273;
BANNON, LANCE,ASM 276;
BANNON, LANCE,ASM 278;
BANNON, LANCE,ASM 283;
BANNON, LANCE,ASM 284;
BANNON, LANCE,ASM 286;
BANNON, LANCE,ASM 287;
BANNON, LANCE,ASM 288;
BANNON, LANCE,ASM 289;
BANNON, LANCE,ASM 318;
BANNON, LANCE,M/TU 107;
BANNON, LANCE,M/TU 108;
BANNON, LANCE,M/TU 109;
BANNON, LANCE,PM&IF 110;
BANNON, LANCE,PPTSS 109;
BANNON, LANCE,PPTSS 118;
BANNON, LANCE,PPTSS 124;
BANNON, LANCE,PPTSS 150;
BANNON, LANCE,PPTSS 157;
BANNON, LANCE,PPTSS 161;
BANNON, LANCE,PPTSS 173;
BANNON, LANCE,PPTSS 174;
BANNON, LANCE,PPTSS 3;
BANNON, LANCE,PPTSS 67;
BANNON, LANCE,PPTSS 71;
BANNON, LANCE,PPTSS 80;
BANNON, LANCE,PPTSS 84;
BANNON, LANCE,PPTSS 9/3;
BANNON, LANCE,S-M 47;
BANNON, LANCE,WOSM 114;
BANNON, LANCE,WOSM 38;
BANNON, LANCE,WOSM 59;
BANNON, LANCE,XF 4/3;
BANSHEE 2013,NM 6;
BANSHEE II,GR2 56;
BANSHEE II,H2 265;
BANSHEE II,M/CP 102/4;
BANSHEE II,WCA2 31;
BANSHEE II,WCA2 39;
BANSHEE II,WCA2 41;
BANSHEE II,WCA2 8;
BANSHEE II,WCA2 9;
BANSHEE/SEAN CASSIDY,AF 88;
BANSHEE/SEAN CASSIDY,CA 172;
BANSHEE/SEAN CASSIDY,CX 1;
BANSHEE/SEAN CASSIDY,CX 12;
BANSHEE/SEAN CASSIDY,CX 13;
BANSHEE/SEAN CASSIDY,CX 14;
BANSHEE/SEAN CASSIDY,CX 15;
BANSHEE/SEAN CASSIDY,CX 16/2;
BANSHEE/SEAN CASSIDY,CX 17/2;
BANSHEE/SEAN CASSIDY,CX 18;
BANSHEE/SEAN CASSIDY,CX 18/2;
BANSHEE/SEAN CASSIDY,CX 19;
BANSHEE/SEAN CASSIDY,CX 2;
BANSHEE/SEAN CASSIDY,CX 20;
BANSHEE/SEAN CASSIDY,CX 21/2;
BANSHEE/SEAN CASSIDY,CX 26/2;
BANSHEE/SEAN CASSIDY,CX 3;
BANSHEE/SEAN CASSIDY,CX 3/2;
BANSHEE/SEAN CASSIDY,CX 36/2;
BANSHEE/SEAN CASSIDY,CX 4;
BANSHEE/SEAN CASSIDY,CX 6;
BANSHEE/SEAN CASSIDY,CX 7;
BANSHEE/SEAN CASSIDY,CX 8;
BANSHEE/SEAN CASSIDY,CX 8/2;
BANSHEE/SEAN CASSIDY,CX 9;
BANSHEE/SEAN CASSIDY,CX 9/2;
BANSHEE/SEAN CASSIDY,DPOOL2 1;
BANSHEE/SEAN CASSIDY,DPOOL2 2;
BANSHEE/SEAN CASSIDY,DPOOL2 3;
BANSHEE/SEAN CASSIDY,DPOOL2 4;
BANSHEE/SEAN CASSIDY,FF 23;
BANSHEE/SEAN CASSIDY,GENX 1;
BANSHEE/SEAN CASSIDY,GENX 10;
BANSHEE/SEAN CASSIDY,GENX 11;
BANSHEE/SEAN CASSIDY,GENX 12;
BANSHEE/SEAN CASSIDY,GENX 13;
BANSHEE/SEAN CASSIDY,GENX 14;
BANSHEE/SEAN CASSIDY,GENX 15;
BANSHEE/SEAN CASSIDY,GENX 17;
BANSHEE/SEAN CASSIDY,GENX 2;
BANSHEE/SEAN CASSIDY,GENX 23;
BANSHEE/SEAN CASSIDY,GENX 25;
BANSHEE/SEAN CASSIDY,GENX 29;
BANSHEE/SEAN CASSIDY,GENX 3;
BANSHEE/SEAN CASSIDY,GENX 31;
BANSHEE/SEAN CASSIDY,GENX 32;
BANSHEE/SEAN CASSIDY,GENX 33;
BANSHEE/SEAN CASSIDY,GENX 34;
BANSHEE/SEAN CASSIDY,GENX 35;
BANSHEE/SEAN CASSIDY,GENX 36;
BANSHEE/SEAN CASSIDY,GENX 37;
BANSHEE/SEAN CASSIDY,GENX 38;
BANSHEE/SEAN CASSIDY,GENX 39;
BANSHEE/SEAN CASSIDY,GENX 4;
BANSHEE/SEAN CASSIDY,GENX 40;
BANSHEE/SEAN CASSIDY,GENX 42;
BANSHEE/SEAN CASSIDY,GENX 43;
BANSHEE/SEAN CASSIDY,GENX 44;
BANSHEE/SEAN CASSIDY,GENX 45;
BANSHEE/SEAN CASSIDY,GENX 46;
BANSHEE/SEAN CASSIDY,GENX 47;
BANSHEE/SEAN CASSIDY,GENX 48;
BANSHEE/SEAN CASSIDY,GENX 49;
BANSHEE/SEAN CASSIDY,GENX 5;
BANSHEE/SEAN CASSIDY,GENX 50;
BANSHEE/SEAN CASSIDY,GENX 51;
BANSHEE/SEAN CASSIDY,GENX 52;
BANSHEE/SEAN CASSIDY,GENX 57;
BANSHEE/SEAN CASSIDY,GENX 58;
BANSHEE/SEAN CASSIDY,GENX 6;
BANSHEE/SEAN CASSIDY,GENX 60;
BANSHEE/SEAN CASSIDY,GENX 61;
BANSHEE/SEAN CASSIDY,GENX 63;
BANSHEE/SEAN CASSIDY,GENX 64;
BANSHEE/SEAN CASSIDY,GENX 65;
BANSHEE/SEAN CASSIDY,GENX 66;
BANSHEE/SEAN CASSIDY,GENX 67;
BANSHEE/SEAN CASSIDY,GENX 68;
BANSHEE/SEAN CASSIDY,GENX 69;
BANSHEE/SEAN CASSIDY,GENX 7;
BANSHEE/SEAN CASSIDY,GENX 70;
BANSHEE/SEAN CASSIDY,GENX 72;
BANSHEE/SEAN CASSIDY,GENX 73;
BANSHEE/SEAN CASSIDY,GENX 74;
BANSHEE/SEAN CASSIDY,GENX 75;
BANSHEE/SEAN CASSIDY,GENX 8;
BANSHEE/SEAN CASSIDY,GENX 9;
BANSHEE/SEAN CASSIDY,GENX '95;
BANSHEE/SEAN CASSIDY,GENX '96;
BANSHEE/SEAN CASSIDY,GENX '97;
BANSHEE/SEAN CASSIDY,GENX '98;
BANSHEE/SEAN CASSIDY,GENX '99;
BANSHEE/SEAN CASSIDY,GSX 1;
BANSHEE/SEAN CASSIDY,H '97/2;
BANSHEE/SEAN CASSIDY,IF 15;
BANSHEE/SEAN CASSIDY,M/CP 17/4;
BANSHEE/SEAN CASSIDY,M/CP 18;
BANSHEE/SEAN CASSIDY,M/CP 19;
BANSHEE/SEAN CASSIDY,M/CP 20;
BANSHEE/SEAN CASSIDY,M/CP 22/3;
BANSHEE/SEAN CASSIDY,M/CP 23;
BANSHEE/SEAN CASSIDY,M/CP 24;
BANSHEE/SEAN CASSIDY,M/HOL SPECIAL 1;
BANSHEE/SEAN CASSIDY,MK3 41;
BANSHEE/SEAN CASSIDY,M/TALES 262/2;
BANSHEE/SEAN CASSIDY,M/TU 1;
BANSHEE/SEAN CASSIDY,M/TU 53;
BANSHEE/SEAN CASSIDY,NM 26;
BANSHEE/SEAN CASSIDY,NM 3;
BANSHEE/SEAN CASSIDY,NM 46;
BANSHEE/SEAN CASSIDY,NM 6;
BANSHEE/SEAN CASSIDY,NM 95;
BANSHEE/SEAN CASSIDY,NM 97;
BANSHEE/SEAN CASSIDY,NW2 5;
BANSHEE/SEAN CASSIDY,UX 100;
BANSHEE/SEAN CASSIDY,UX 101;
BANSHEE/SEAN CASSIDY,UX 102;
BANSHEE/SEAN CASSIDY,UX 103;
BANSHEE/SEAN CASSIDY,UX 104;
BANSHEE/SEAN CASSIDY,UX 105;
BANSHEE/SEAN CASSIDY,UX 106;
BANSHEE/SEAN CASSIDY,UX 107;
BANSHEE/SEAN CASSIDY,UX 108;
BANSHEE/SEAN CASSIDY,UX 109;
BANSHEE/SEAN CASSIDY,UX 110;
BANSHEE/SEAN CASSIDY,UX 111;
BANSHEE/SEAN CASSIDY,UX 112;
BANSHEE/SEAN CASSIDY,UX 113;
BANSHEE/SEAN CASSIDY,UX 114;
BANSHEE/SEAN CASSIDY,UX 115;
BANSHEE/SEAN CASSIDY,UX 116;
BANSHEE/SEAN CASSIDY,UX 117;
BANSHEE/SEAN CASSIDY,UX 118;
BANSHEE/SEAN CASSIDY,UX 119;
BANSHEE/SEAN CASSIDY,UX 120;
BANSHEE/SEAN CASSIDY,UX 121;
BANSHEE/SEAN CASSIDY,UX 122;
BANSHEE/SEAN CASSIDY,UX 123;
BANSHEE/SEAN CASSIDY,UX 124;
BANSHEE/SEAN CASSIDY,UX 125;
BANSHEE/SEAN CASSIDY,UX 126;
BANSHEE/SEAN CASSIDY,UX 127;
BANSHEE/SEAN CASSIDY,UX 128;
BANSHEE/SEAN CASSIDY,UX 129;
BANSHEE/SEAN CASSIDY,UX 133;
BANSHEE/SEAN CASSIDY,UX 135;
BANSHEE/SEAN CASSIDY,UX 14;
BANSHEE/SEAN CASSIDY,UX 145;
BANSHEE/SEAN CASSIDY,UX 146;
BANSHEE/SEAN CASSIDY,UX 148;
BANSHEE/SEAN CASSIDY,UX 175;
BANSHEE/SEAN CASSIDY,UX 193;
BANSHEE/SEAN CASSIDY,UX 217;
BANSHEE/SEAN CASSIDY,UX 253;
BANSHEE/SEAN CASSIDY,UX 254;
BANSHEE/SEAN CASSIDY,UX 255;
BANSHEE/SEAN CASSIDY,UX 257;
BANSHEE/SEAN CASSIDY,UX 258;
BANSHEE/SEAN CASSIDY,UX 259;
BANSHEE/SEAN CASSIDY,UX 260;
BANSHEE/SEAN CASSIDY,UX 261;
BANSHEE/SEAN CASSIDY,UX 262;
BANSHEE/SEAN CASSIDY,UX 263;
BANSHEE/SEAN CASSIDY,UX 264;
BANSHEE/SEAN CASSIDY,UX 270;
BANSHEE/SEAN CASSIDY,UX 272;
BANSHEE/SEAN CASSIDY,UX 273;
BANSHEE/SEAN CASSIDY,UX 274;
BANSHEE/SEAN CASSIDY,UX 275;
BANSHEE/SEAN CASSIDY,UX 276;
BANSHEE/SEAN CASSIDY,UX 277;
BANSHEE/SEAN CASSIDY,UX 278;
BANSHEE/SEAN CASSIDY,UX 28;
BANSHEE/SEAN CASSIDY,UX 280;
BANSHEE/SEAN CASSIDY,UX 3;
BANSHEE/SEAN CASSIDY,UX 314;
BANSHEE/SEAN CASSIDY,UX 316;
BANSHEE/SEAN CASSIDY,UX 317;
BANSHEE/SEAN CASSIDY,UX 318;
BANSHEE/SEAN CASSIDY,UX 325;
BANSHEE/SEAN CASSIDY,UX 331;
BANSHEE/SEAN CASSIDY,UX 35;
BANSHEE/SEAN CASSIDY,UX 37;
BANSHEE/SEAN CASSIDY,UX 375;
BANSHEE/SEAN CASSIDY,UX 389;
BANSHEE/SEAN CASSIDY,UX 39;
BANSHEE/SEAN CASSIDY,UX 58;
BANSHEE/SEAN CASSIDY,UX 60;
BANSHEE/SEAN CASSIDY,UX 94;
BANSHEE/SEAN CASSIDY,UX 95;
BANSHEE/SEAN CASSIDY,UX 96;
BANSHEE/SEAN CASSIDY,UX 97;
BANSHEE/SEAN CASSIDY,UX 98;
BANSHEE/SEAN CASSIDY,UX 99;
BANSHEE/SEAN CASSIDY,W2 141;
BANSHEE/SEAN CASSIDY,W2 94;
BANSHEE/SEAN CASSIDY,X 1;
BANSHEE/SEAN CASSIDY,X 2;
BANSHEE/SEAN CASSIDY,X 3;
BANSHEE/SEAN CASSIDY,X 3/2;
BANSHEE/SEAN CASSIDY,X 36;
BANSHEE/SEAN CASSIDY,X 37;
BANSHEE/SEAN CASSIDY,X 4;
BANSHEE/SEAN CASSIDY,X 49;
BANSHEE/SEAN CASSIDY,X 5;
BANSHEE/SEAN CASSIDY,X 50;
BANSHEE/SEAN CASSIDY,XCAL 115;
BANSHEE/SEAN CASSIDY,XF 5;
BANSHEE/SEAN CASSIDY,XF 57;
BANSHEE/SEAN CASSIDY,XF 58;
BANSHEE/SEAN CASSIDY,XF 60;
BANSHEE/SEAN CASSIDY,XF 61;
BANSHEE/SEAN CASSIDY,XF 62;
BANSHEE/SEAN CASSIDY,XF 69;
BANSHEE/SEAN CASSIDY,X-FOR 31;
BANSHEE/SEAN CASSIDY,X-FOR 35;
BANSHEE/SEAN CASSIDY,XFOR 42;
BANSHEE/SEAN CASSIDY,XFOR 44;
BANSHEE/SEAN CASSIDY,XFOR 91;
BANSHEE/SEAN CASSIDY,X:L 2;
BANSHEE/SEAN CASSIDY,XU 16;
BANSHEE/SEAN CASSIDY,XU 23;
BANSHEE/SEAN CASSIDY,XU 25;
BANTAM/,BSHP 1;
BANTAM/,BSHP2 10;
BANTAM/,BSHP2 11;
BANTAM/,BSHP2 12;
BANTAM/,BSHP2 3;
BANTAM/,UX 17/2;
BANTAM/,UX 282;
BANTAM/,XF 140;
BANTAM/,XF 141;
BANTOCK, LT. OLIVER,XFOR 73;
BAPTISTE, TANTE MATT,GAM2 2;
BARAK,XCAL 107;
BARAK,XCAL 108;
BARAK,XCAL 109;
BARAK,XCAL 110;
BARBAROSSA, MARIO,SM/P:FP 1;
BARBAROSSA, MARIO,SM/P:FP 2;
BARBAROSSA, VINNIE,OE 5;
BARBAROSSA, VINNIE,PUN3 1;
BARBAROSSA, VINNIE,PUN3 2;
BARBAROSSA, VINNIE,PUN3 3;
BARBAROSSA, VINNIE,SM/P:FP 1;
BARBARUS,A 105;
BARBARUS,M/FAN 1;
BARBARUS,M/FAN 2;
BARBARUS,M/FAN 3;
BARBARUS,M/FAN 4;
BARBARUS,UX 12;
BARBARUS,UX 249;
BARBARUS,UX 250;
BARBARUS,UX 274;
BARBARUS,UX 62;
BARBARUS,UX 63;
BARBARUS,W2 69;
BARBARUS,XU 6;
BARIUM,A 188;
BARIUM,TB 6;
BARKER, MATTHEW T.,XM 34;
BARKER,PPSM2 30;
BARKER,PPSM2 31;
BARKER,PPSM2 32;
BARNACLE/,M:DS 1;
BARNACLE/,M:DS 2;
BARNACLE/,X:MW 1;
BARNETT, MIKE,M/SH3 10/3;
BARNETT, MIKE,M/SH3 11/3;
BARON BLOOD II/VICTO,DRSTR3 10;
BARON BLOOD II/VICTO,DRSTR3 11;
BARON BLOOD II/VICTO,DRSTR3 15;
BARON BLOOD II/VICTO,DRSTR3 16;
BARON BLOOD II/VICTO,DRSTR3 17;
BARON BLOOD II/VICTO,DRSTR3 18;
BARON BLOOD II/VICTO,DRSTR3 20;
BARON BLOOD II/VICTO,DRSTR3 21;
BARON BLOOD II/VICTO,DRSTR3 29;
BARON BLOOD II/VICTO,DRSTR3 30;
BARON BLOOD II/VICTO,DRSTR3 32;
BARON BLOOD II/VICTO,DRSTR3 36;
BARON BLOOD II/VICTO,DRSTR 3/4;
BARON BLOOD II/VICTO,DRSTR3 45;
BARON BLOOD/JOHN FAL,A 16;
BARON BLOOD/JOHN FAL,CA 253;
BARON BLOOD/JOHN FAL,CA 254;
BARON BLOOD/JOHN FAL,CA3 20/2;
BARON BLOOD/JOHN FAL,CA3 21/2;
BARON BLOOD/JOHN FAL,INV 39;
BARON BLOOD/JOHN FAL,INV 40;
BARON BLOOD/JOHN FAL,INV 41;
BARON BLOOD/JOHN FAL,INV 7;
BARON BLOOD/JOHN FAL,INV 8;
BARON BLOOD/JOHN FAL,INV 9;
BARON BLOOD/JOHN FAL,N 2/2;
BARON BRIMSTONE/,A 251;
BARON BRIMSTONE/,FF 335;
BARON BRIMSTONE/,MM 16;
BARON BRIMSTONE/,M/TU 99;
BARONESS ZEMO/HEIKE,CA 431;
BARONESS ZEMO/HEIKE,CA 432;
BARONESS ZEMO/HEIKE,CA 433;
BARONESS ZEMO/HEIKE,CA 434;
BARON MACABRE/,JA 10;
BARON MACABRE/,JA 11;
BARON MACABRE/,JA 17;
BARON MACABRE/,JA 9;
BARON MORDO/KARL MOR,DRSTR2 10;
BARON MORDO/KARL MOR,DRSTR2 11;
BARON MORDO/KARL MOR,DRSTR2 12;
BARON MORDO/KARL MOR,DRSTR2 39;
BARON MORDO/KARL MOR,DRSTR2 40;
BARON MORDO/KARL MOR,DRSTR2 41;
BARON MORDO/KARL MOR,DRSTR2 49;
BARON MORDO/KARL MOR,DRSTR2 50;
BARON MORDO/KARL MOR,DRSTR2 51;
BARON MORDO/KARL MOR,DRSTR3 13;
BARON MORDO/KARL MOR,DRSTR3 21;
BARON MORDO/KARL MOR,DRSTR3 22;
BARON MORDO/KARL MOR,DRSTR3 23;
BARON MORDO/KARL MOR,DRSTR3 24;
BARON MORDO/KARL MOR,DRSTR3 48;
BARON MORDO/KARL MOR,DRSTR3 5;
BARON MORDO/KARL MOR,DRSTR3 6;
BARON MORDO/KARL MOR,DRSTR3 6/2;
BARON MORDO/KARL MOR,DRSTR3 7;
BARON MORDO/KARL MOR,DRSTR3 8;
BARON MORDO/KARL MOR,DRSTR3 85;
BARON MORDO/KARL MOR,DRSTR3 86;
BARON MORDO/KARL MOR,DRSTR3 87;
BARON MORDO/KARL MOR,DRSTR3 88;
BARON MORDO/KARL MOR,DRSTR3 9;
BARON MORDO/KARL MOR,M/FEA 1/3;
BARON MORDO/KARL MOR,M/PRM 13;
BARON MORDO/KARL MOR,M/PRM 14;
BARON MORDO/KARL MOR,M-T2 4;
BARON MORDO/KARL MOR,ST 111/2;
BARON MORDO/KARL MOR,ST 114/2;
BARON MORDO/KARL MOR,ST 115/2;
BARON MORDO/KARL MOR,ST 117/2;
BARON MORDO/KARL MOR,ST 121/2;
BARON MORDO/KARL MOR,ST 125/2;
BARON MORDO/KARL MOR,ST 130/2;
BARON MORDO/KARL MOR,ST 131/2;
BARON MORDO/KARL MOR,ST 132/2;
BARON MORDO/KARL MOR,ST 133/2;
BARON MORDO/KARL MOR,ST 134/2;
BARON MORDO/KARL MOR,ST 135/2;
BARON MORDO/KARL MOR,ST 136/2;
BARON MORDO/KARL MOR,ST 137/2;
BARON MORDO/KARL MOR,ST 138/2;
BARON MORDO/KARL MOR,ST 139/2;
BARON MORDO/KARL MOR,ST 140/2;
BARON MORDO/KARL MOR,ST 141/2;
BARON MORDO/KARL MOR,ST 146/2;
BARON MORDO/KARL MOR,ST 159/2;
BARON MORDO/KARL MOR,ST 160/2;
BARON MORDO/KARL MOR,ST 161/2;
BARON MORDO/KARL MOR,ST 162/2;
BARON MORDO/KARL MOR,SWII 7;
BARON MORDO/KARL MOR,UTSM:SE;
BARON SAMEDI,ST 171;
BARON STRUCKER/WOLFG,CA 10;
BARON STRUCKER/WOLFG,CA 387/2;
BARON STRUCKER/WOLFG,CA 394;
BARON STRUCKER/WOLFG,CV 3;
BARON STRUCKER/WOLFG,DD 295;
BARON STRUCKER/WOLFG,DD 298;
BARON STRUCKER/WOLFG,DD 299;
BARON STRUCKER/WOLFG,DD 307;
BARON STRUCKER/WOLFG,DD 308;
BARON STRUCKER/WOLFG,DD 309;
BARON STRUCKER/WOLFG,DD 330;
BARON STRUCKER/WOLFG,DD 331;
BARON STRUCKER/WOLFG,DD 332;
BARON STRUCKER/WOLFG,DD 7;
BARON STRUCKER/WOLFG,DD 7/3;
BARON STRUCKER/WOLFG,HMAG 23/2;
BARON STRUCKER/WOLFG,INV 40;
BARON STRUCKER/WOLFG,M/U 1;
BARON STRUCKER/WOLFG,M/U 2;
BARON STRUCKER/WOLFG,M/U 3;
BARON STRUCKER/WOLFG,N 4;
BARON STRUCKER/WOLFG,NF3 21;
BARON STRUCKER/WOLFG,NF3 22;
BARON STRUCKER/WOLFG,NF3 23;
BARON STRUCKER/WOLFG,NF3 25;
BARON STRUCKER/WOLFG,NF3 26;
BARON STRUCKER/WOLFG,NF3 27;
BARON STRUCKER/WOLFG,NF3 42;
BARON STRUCKER/WOLFG,NS 2;
BARON STRUCKER/WOLFG,PUN 4;
BARON STRUCKER/WOLFG,SGTF 114;
BARON STRUCKER/WOLFG,SGTF 5;
BARON STRUCKER/WOLFG,SKK 2;
BARON STRUCKER/WOLFG,SKK 3;
BARON STRUCKER/WOLFG,S-M 80;
BARON STRUCKER/WOLFG,ST 150;
BARON STRUCKER/WOLFG,ST 151;
BARON STRUCKER/WOLFG,ST 152;
BARON STRUCKER/WOLFG,ST 153;
BARON STRUCKER/WOLFG,ST 154;
BARON STRUCKER/WOLFG,ST 155;
BARON STRUCKER/WOLFG,ST 156;
BARON STRUCKER/WOLFG,ST 157;
BARON STRUCKER/WOLFG,ST 158;
BARON STRUCKER/WOLFG,TB 5;
BARON STRUCKER/WOLFG,UX 161;
BARON STRUCKER/WOLFG,UX 268;
BARON STRUCKER/WOLFG,X&AF2 1;
BARON STRUCKER/WOLFG,X&AF2 2;
BARON ZEBEK,AF2 10;
BARON ZEBEK,AF2 11;
BARRACUDA/,NW2 4;
BARRACUDA/,NW2 7;
BARRAGE,C2 18;
BARRAGE,C2 19;
BARRAGE,XF 65;
BARRAGE,XF 66;
BARRAGE,XF 68;
BARRANCO, MARIA ESME,A3 30;
BARRENOS, OMAR,NW 2/7;
BARRENOS, OMAR,NW 8;
BARRENOS, OMAR,NW 9;
B'ARR,FF3 1;
B'ARR,FF3 20;
BARRIER/,H 17/5;
BARRINGTON,GENX '95;
BARRON, RICK,PPTSSSS 1/3;
BARRON, RICK,WOSMSS 1/3;
BARROWS, WALTER,FFOR 3;
BARTLETT, STU,CA 385;
BARTLETT, STU,CA 386;
BARTON, SEN.,SKK 2;
BARTOS,MAXSEC:DP;
BASALLO/LAVA MEN KIN,A 5;
BASALLO/LAVA MEN KIN,JIM 97;
BASALLO/LAVA MEN KIN,T 481;
BASALTAR,MAXSEC:DP;
BASILISK/BASIL ELKS,FF 289;
BASILISK/BASIL ELKS,M/TIO 17;
BASILISK/BASIL ELKS,M/TU 16;
BASILISK/BASIL ELKS,M/TU 17;
BASILISK/BASIL ELKS,M/TU 47;
BASILISK III/,MK3 44;
BASILISK II,PP 8;
BATAL/,NW 58;
BATROC/GEORGES BATRO,CA 105;
BATROC/GEORGES BATRO,CA 130;
BATROC/GEORGES BATRO,CA 132;
BATROC/GEORGES BATRO,CA 149;
BATROC/GEORGES BATRO,CA 150;
BATROC/GEORGES BATRO,CA 251;
BATROC/GEORGES BATRO,CA 252;
BATROC/GEORGES BATRO,CA 302;
BATROC/GEORGES BATRO,CA 303;
BATROC/GEORGES BATRO,CA3 4;
BATROC/GEORGES BATRO,CA3 41;
BATROC/GEORGES BATRO,CA 357/2;
BATROC/GEORGES BATRO,CA 358;
BATROC/GEORGES BATRO,CA 359;
BATROC/GEORGES BATRO,CA 360;
BATROC/GEORGES BATRO,CA 361;
BATROC/GEORGES BATRO,CA 362;
BATROC/GEORGES BATRO,CA 433;
BATROC/GEORGES BATRO,DEF 63;
BATROC/GEORGES BATRO,DEF 64;
BATROC/GEORGES BATRO,DPOOL3 20;
BATROC/GEORGES BATRO,GAM3 17;
BATROC/GEORGES BATRO,GAM3 19;
BATROC/GEORGES BATRO,HAWK2;
BATROC/GEORGES BATRO,M/CP 97/4;
BATROC/GEORGES BATRO,M/PRM 20;
BATROC/GEORGES BATRO,M/PRM 21;
BATROC/GEORGES BATRO,M/TU 52;
BATROC/GEORGES BATRO,PUN2 65;
BATROC/GEORGES BATRO,PUN2 66;
BATROC/GEORGES BATRO,PUN2 67;
BATROC/GEORGES BATRO,PUN2 68;
BATROC/GEORGES BATRO,PUN2 69;
BATROC/GEORGES BATRO,PUN2 70;
BATROC/GEORGES BATRO,SOLOA 3;
BATROC/GEORGES BATRO,TOS 75/2;
BATROC/GEORGES BATRO,TOS 76/2;
BATROC/GEORGES BATRO,TOS 85/2;
BATROC/GEORGES BATRO,W2 164;
BATTERING RAM,XFOR 116;
BATTERY/,NF3 33;
BATTERY/,NF3 34;
BATTERY/,NF3 35;
BATTLEAXE/,CA 389;
BATTLEAXE/,CA 390;
BATTLEAXE/,CA 391;
BATTLEAXE/,CA 394/2;
BATTLEAXE/,CA 395;
BATTLEAXE/,CA 395/2;
BATTLEAXE II/JEROME,UX 261;
BATTLEAXE II/JEROME,W2 5;
BATTLE, MONTGOMERY,W2 164;
BATTLESTAR/LEMAR HOS,ASM '00/2;
BATTLESTAR/LEMAR HOS,ASMU 16;
BATTLESTAR/LEMAR HOS,CA 335;
BATTLESTAR/LEMAR HOS,CA 338;
BATTLESTAR/LEMAR HOS,CA 339;
BATTLESTAR/LEMAR HOS,CA 341;
BATTLESTAR/LEMAR HOS,CA 343;
BATTLESTAR/LEMAR HOS,CA 344;
BATTLESTAR/LEMAR HOS,CA 345;
BATTLESTAR/LEMAR HOS,CA 346;
BATTLESTAR/LEMAR HOS,CA 347;
BATTLESTAR/LEMAR HOS,CA 348;
BATTLESTAR/LEMAR HOS,CA 349;
BATTLESTAR/LEMAR HOS,CA 350;
BATTLESTAR/LEMAR HOS,CA 351;
BATTLESTAR/LEMAR HOS,CA 352;
BATTLESTAR/LEMAR HOS,CA 353;
BATTLESTAR/LEMAR HOS,CA 354;
BATTLESTAR/LEMAR HOS,CA 355;
BATTLESTAR/LEMAR HOS,CA 372/2;
BATTLESTAR/LEMAR HOS,CA 373/2;
BATTLESTAR/LEMAR HOS,CA 374/2;
BATTLESTAR/LEMAR HOS,CA 375/2;
BATTLESTAR/LEMAR HOS,CA 376/2;
BATTLESTAR/LEMAR HOS,CA 377/2;
BATTLESTAR/LEMAR HOS,CA 378/2;
BATTLESTAR/LEMAR HOS,CA 380/2;
BATTLESTAR/LEMAR HOS,CA 381/2;
BATTLESTAR/LEMAR HOS,DLOK2 18;
BATTLESTAR/LEMAR HOS,Q 28;
BATTLESTAR/LEMAR HOS,SSWP 3;
BATTLESTAR/LEMAR HOS,SSWP 4;
BATTLESTAR/LEMAR HOS,SSWP 5;
BATTLESTAR/LEMAR HOS,SSWP 6;
BATTLESTAR/LEMAR HOS,SSWP 7;
BATTLESTAR/LEMAR HOS,TB 41;
BATWING/,UTSM 2;
BATWING/,UTSM 7;
BAV-TEK,CM4 4;
BAXTER, ABIGAIL,FF3 36;
BAXTER, ABIGAIL,FF3 38;
BAXTER, ABIGAIL,FF3 45;
BAXTER,GENX 65;
BAXTER, NOAH,FF3 36;
BAXTER, NOAH,FF3 37;
BAXTER, NOAH,FF3 38;
BAXTER, NOAH,FF3 39;
BAXTER, NOAH,FF3 40;
BAXTER, NOAH,FF3 41;
BAXTER, NOAH,FF3 43;
BAXTER, NOAH,FF3 44;
BAYLOR, FRANK,SLEEP 1;
BAYMAX,AF2 17;
BAYMAX,S&BH6 1;
BAYMAX,S&BH6 2;
BAYMAX,S&BH6 3;
BAYMAX,TB 25;
BAZIN, ALLEGRA,DHAWK 11;
BAZIN, ALLEGRA,DHAWK 12;
BAZIN, ALLEGRA,DHAWK 16;
BAZIN, ALLEGRA,DHAWK 21;
BAZIN, ALLEGRA,DHAWK 23;
BAZIN, ALLEGRA,DHAWK 24;
BAZIN, ALLEGRA,DHAWK 25;
BAZIN, ALLEGRA,DHAWK 6;
BAZIN, ALLEGRA,DHAWK 8;
BAZIN, ANDREW,DHAWK 16;
BAZIN, ANDREW,DHAWK 6;
BAZIN, BRODERICK RIC,DHAWK 11;
BAZIN, BRODERICK RIC,DHAWK 12;
BAZIN, BRODERICK RIC,DHAWK 16;
BAZIN, BRODERICK RIC,DHAWK 6;
BAZIN, PHILLIPPE,DHAWK 1;
BAZIN, PHILLIPPE,DHAWK 10;
BAZIN, PHILLIPPE,DHAWK 11;
BAZIN, PHILLIPPE,DHAWK 12;
BAZIN, PHILLIPPE,DHAWK 14;
BAZIN, PHILLIPPE,DHAWK 2;
BAZIN, PHILLIPPE,DHAWK 3;
BAZIN, PHILLIPPE,DHAWK 5;
BAZIN, PHILLIPPE,DHAWK 6;
BAZIN, PHILLIPPE,DHAWK 7;
BAZIN, PHILLIPPE,DHAWK 8;
BAZIN, PHILLIPPE,WOSM 81;
BEACH, GINGER,IM '99;
BEACH, GINGER,WM 1;
BEACH, GINGER,WM2 1;
BEACH, GINGER,WM2 11;
BEACH, GINGER,WM2 12;
BEACH, GINGER,WM2 13;
BEACH, GINGER,WM2 17;
BEACH, GINGER,WM2 18;
BEACH, GINGER,WM2 3;
BEACH, GINGER,WM2 6;
BEACH, SPIDER,IM '99;
BEACH, SPIDER,WM 1;
BEACH, SPIDER,WM2 10;
BEACH, SPIDER,WM2 11;
BEACH, SPIDER,WM2 12;
BEACH, SPIDER,WM2 13;
BEACH, SPIDER,WM2 17;
BEACH, SPIDER,WM2 18;
BEACH, SPIDER,WM2 3;
BEACH, SPIDER,WM2 6;
BEALE, ERIC,M/GN 12;
BEALE, ERIC,UX 259;
BEALE, ERIC,UX 260;
BEAR/,PUN2 66;
BEAST 2013,PHOENIX 1;
BEAST DOPPELGANGER I,IW 3;
BEAST DOPPELGANGER I,IW 4;
BEAST DOPPELGANGER I,MK3 43;
BEAST DOPPELGANGER I,SLEEP 18;
BEAST DOPPELGANGER,IW 1;
BEAST/HENRY &HANK& P,A 10;
BEAST/HENRY &HANK& P,A 11;
BEAST/HENRY &HANK& P,A 13;
BEAST/HENRY &HANK& P,A 137;
BEAST/HENRY &HANK& P,A 138;
BEAST/HENRY &HANK& P,A 139;
BEAST/HENRY &HANK& P,A 140;
BEAST/HENRY &HANK& P,A 141;
BEAST/HENRY &HANK& P,A 142;
BEAST/HENRY &HANK& P,A 143;
BEAST/HENRY &HANK& P,A 144;
BEAST/HENRY &HANK& P,A 145;
BEAST/HENRY &HANK& P,A 146;
BEAST/HENRY &HANK& P,A 147;
BEAST/HENRY &HANK& P,A 148;
BEAST/HENRY &HANK& P,A 149;
BEAST/HENRY &HANK& P,A 150;
BEAST/HENRY &HANK& P,A 151;
BEAST/HENRY &HANK& P,A 152;
BEAST/HENRY &HANK& P,A 153;
BEAST/HENRY &HANK& P,A 154;
BEAST/HENRY &HANK& P,A 155;
BEAST/HENRY &HANK& P,A 156;
BEAST/HENRY &HANK& P,A 157;
BEAST/HENRY &HANK& P,A 158;
BEAST/HENRY &HANK& P,A 159;
BEAST/HENRY &HANK& P,A 160;
BEAST/HENRY &HANK& P,A 161;
BEAST/HENRY &HANK& P,A 162;
BEAST/HENRY &HANK& P,A 163;
BEAST/HENRY &HANK& P,A 164;
BEAST/HENRY &HANK& P,A 165;
BEAST/HENRY &HANK& P,A 166;
BEAST/HENRY &HANK& P,A 167;
BEAST/HENRY &HANK& P,A 168;
BEAST/HENRY &HANK& P,A 17;
BEAST/HENRY &HANK& P,A 170;
BEAST/HENRY &HANK& P,A 171;
BEAST/HENRY &HANK& P,A 172;
BEAST/HENRY &HANK& P,A 178;
BEAST/HENRY &HANK& P,A 179;
BEAST/HENRY &HANK& P,A 18;
BEAST/HENRY &HANK& P,A 180;
BEAST/HENRY &HANK& P,A 181;
BEAST/HENRY &HANK& P,A 182;
BEAST/HENRY &HANK& P,A 183;
BEAST/HENRY &HANK& P,A 184;
BEAST/HENRY &HANK& P,A 185;
BEAST/HENRY &HANK& P,A 186;
BEAST/HENRY &HANK& P,A 187;
BEAST/HENRY &HANK& P,A 188;
BEAST/HENRY &HANK& P,A 189;
BEAST/HENRY &HANK& P,A 190;
BEAST/HENRY &HANK& P,A 191;
BEAST/HENRY &HANK& P,A 192;
BEAST/HENRY &HANK& P,A 193;
BEAST/HENRY &HANK& P,A 194;
BEAST/HENRY &HANK& P,A 195;
BEAST/HENRY &HANK& P,A 196;
BEAST/HENRY &HANK& P,A 197;
BEAST/HENRY &HANK& P,A 198;
BEAST/HENRY &HANK& P,A 199;
BEAST/HENRY &HANK& P,A 200;
BEAST/HENRY &HANK& P,A 201;
BEAST/HENRY &HANK& P,A 201/2;
BEAST/HENRY &HANK& P,A 203;
BEAST/HENRY &HANK& P,A 204;
BEAST/HENRY &HANK& P,A 205;
BEAST/HENRY &HANK& P,A 206;
BEAST/HENRY &HANK& P,A 207;
BEAST/HENRY &HANK& P,A 208;
BEAST/HENRY &HANK& P,A 209;
BEAST/HENRY &HANK& P,A 210;
BEAST/HENRY &HANK& P,A 211;
BEAST/HENRY &HANK& P,A 231;
BEAST/HENRY &HANK& P,A 239;
BEAST/HENRY &HANK& P,A 3;
BEAST/HENRY &HANK& P,A 305;
BEAST/HENRY &HANK& P,A3 1;
BEAST/HENRY &HANK& P,A3 14;
BEAST/HENRY &HANK& P,A3 2;
BEAST/HENRY &HANK& P,A3 3;
BEAST/HENRY &HANK& P,A3 31;
BEAST/HENRY &HANK& P,A 335;
BEAST/HENRY &HANK& P,A 336;
BEAST/HENRY &HANK& P,A 337;
BEAST/HENRY &HANK& P,A 338;
BEAST/HENRY &HANK& P,A 339;
BEAST/HENRY &HANK& P,A3 4;
BEAST/HENRY &HANK& P,A 53;
BEAST/HENRY &HANK& P,A 6;
BEAST/HENRY &HANK& P,A 60;
BEAST/HENRY &HANK& P,A 7;
BEAST/HENRY &HANK& P,A 8;
BEAST/HENRY &HANK& P,A 9;
BEAST/HENRY &HANK& P,AA2 11;
BEAST/HENRY &HANK& P,AA2 12;
BEAST/HENRY &HANK& P,AA2 13;
BEAST/HENRY &HANK& P,AA2 14;
BEAST/HENRY &HANK& P,AA2 15;
BEAST/HENRY &HANK& P,AA2 16;
BEAST/HENRY &HANK& P,A:C;
BEAST/HENRY &HANK& P,AF 111;
BEAST/HENRY &HANK& P,AOI;
BEAST/HENRY &HANK& P,ASM 1;
BEAST/HENRY &HANK& P,ASM 282;
BEAST/HENRY &HANK& P,ASM 429;
BEAST/HENRY &HANK& P,AT:WMB 1;
BEAST/HENRY &HANK& P,AT:WMB 2;
BEAST/HENRY &HANK& P,AVF 1;
BEAST/HENRY &HANK& P,AWC 4;
BEAST/HENRY &HANK& P,B&B 1;
BEAST/HENRY &HANK& P,B&B 2;
BEAST/HENRY &HANK& P,B&B 3;
BEAST/HENRY &HANK& P,B&B 4;
BEAST/HENRY &HANK& P,BEAST 1;
BEAST/HENRY &HANK& P,BEAST 2;
BEAST/HENRY &HANK& P,BEAST 3;
BEAST/HENRY &HANK& P,BP 14;
BEAST/HENRY &HANK& P,BP 15;
BEAST/HENRY &HANK& P,BSHP 4;
BEAST/HENRY &HANK& P,C2 16;
BEAST/HENRY &HANK& P,C2 17;
BEAST/HENRY &HANK& P,C2 20;
BEAST/HENRY &HANK& P,C2 84;
BEAST/HENRY &HANK& P,C2 87;
BEAST/HENRY &HANK& P,C2 89;
BEAST/HENRY &HANK& P,C2 92;
BEAST/HENRY &HANK& P,CA 174;
BEAST/HENRY &HANK& P,CA 175;
BEAST/HENRY &HANK& P,CA 183;
BEAST/HENRY &HANK& P,CA 224;
BEAST/HENRY &HANK& P,CA 228;
BEAST/HENRY &HANK& P,CA 229;
BEAST/HENRY &HANK& P,CA 237;
BEAST/HENRY &HANK& P,CA 250;
BEAST/HENRY &HANK& P,CA 259;
BEAST/HENRY &HANK& P,CA 261;
BEAST/HENRY &HANK& P,C&D3 1;
BEAST/HENRY &HANK& P,C&D3 2;
BEAST/HENRY &HANK& P,CHAMP 16;
BEAST/HENRY &HANK& P,CM 50;
BEAST/HENRY &HANK& P,CM 51;
BEAST/HENRY &HANK& P,COC 1;
BEAST/HENRY &HANK& P,COC 3;
BEAST/HENRY &HANK& P,COH 3;
BEAST/HENRY &HANK& P,CX 17;
BEAST/HENRY &HANK& P,CX 18;
BEAST/HENRY &HANK& P,CX 20;
BEAST/HENRY &HANK& P,DAMCON3 4;
BEAST/HENRY &HANK& P,DAZZ 1;
BEAST/HENRY &HANK& P,DAZZ 2;
BEAST/HENRY &HANK& P,DAZZ 21;
BEAST/HENRY &HANK& P,DAZZ 42;
BEAST/HENRY &HANK& P,DAZZ 5;
BEAST/HENRY &HANK& P,DD 155;
BEAST/HENRY &HANK& P,DD 156;
BEAST/HENRY &HANK& P,DD 157;
BEAST/HENRY &HANK& P,DD 164;
BEAST/HENRY &HANK& P,DEF 103;
BEAST/HENRY &HANK& P,DEF 104;
BEAST/HENRY &HANK& P,DEF 105;
BEAST/HENRY &HANK& P,DEF 106;
BEAST/HENRY &HANK& P,DEF 107;
BEAST/HENRY &HANK& P,DEF 108;
BEAST/HENRY &HANK& P,DEF 109;
BEAST/HENRY &HANK& P,DEF 112;
BEAST/HENRY &HANK& P,DEF 113;
BEAST/HENRY &HANK& P,DEF 114;
BEAST/HENRY &HANK& P,DEF 115;
BEAST/HENRY &HANK& P,DEF 116;
BEAST/HENRY &HANK& P,DEF 120;
BEAST/HENRY &HANK& P,DEF 121;
BEAST/HENRY &HANK& P,DEF 122;
BEAST/HENRY &HANK& P,DEF 123;
BEAST/HENRY &HANK& P,DEF 124;
BEAST/HENRY &HANK& P,DEF 125;
BEAST/HENRY &HANK& P,DEF 126;
BEAST/HENRY &HANK& P,DEF 127;
BEAST/HENRY &HANK& P,DEF 128;
BEAST/HENRY &HANK& P,DEF 129;
BEAST/HENRY &HANK& P,DEF 130;
BEAST/HENRY &HANK& P,DEF 131;
BEAST/HENRY &HANK& P,DEF 132;
BEAST/HENRY &HANK& P,DEF 133;
BEAST/HENRY &HANK& P,DEF 134;
BEAST/HENRY &HANK& P,DEF 135;
BEAST/HENRY &HANK& P,DEF 136;
BEAST/HENRY &HANK& P,DEF 137;
BEAST/HENRY &HANK& P,DEF 138;
BEAST/HENRY &HANK& P,DEF 139;
BEAST/HENRY &HANK& P,DEF 140;
BEAST/HENRY &HANK& P,DEF 141;
BEAST/HENRY &HANK& P,DEF 142;
BEAST/HENRY &HANK& P,DEF 143;
BEAST/HENRY &HANK& P,DEF 144;
BEAST/HENRY &HANK& P,DEF 145;
BEAST/HENRY &HANK& P,DEF 146;
BEAST/HENRY &HANK& P,DEF 147;
BEAST/HENRY &HANK& P,DEF 148;
BEAST/HENRY &HANK& P,DEF 149;
BEAST/HENRY &HANK& P,DEF 150;
BEAST/HENRY &HANK& P,DEF 151;
BEAST/HENRY &HANK& P,DEF 152;
BEAST/HENRY &HANK& P,DEF 44;
BEAST/HENRY &HANK& P,DEF 58;
BEAST/HENRY &HANK& P,DEF 98;
BEAST/HENRY &HANK& P,DRSTR2 29;
BEAST/HENRY &HANK& P,FA 3;
BEAST/HENRY &HANK& P,FF 22;
BEAST/HENRY &HANK& P,FF 230;
BEAST/HENRY &HANK& P,FF 28;
BEAST/HENRY &HANK& P,FF 286;
BEAST/HENRY &HANK& P,FF 3;
BEAST/HENRY &HANK& P,FF 312;
BEAST/HENRY &HANK& P,FF 36;
BEAST/HENRY &HANK& P,FF 367;
BEAST/HENRY &HANK& P,FF 368;
BEAST/HENRY &HANK& P,FF 416;
BEAST/HENRY &HANK& P,FW 10/2;
BEAST/HENRY &HANK& P,GR3 26;
BEAST/HENRY &HANK& P,GR3 27;
BEAST/HENRY &HANK& P,GR3 29;
BEAST/HENRY &HANK& P,H 11;
BEAST/HENRY &HANK& P,H2 161;
BEAST/HENRY &HANK& P,H2 277;
BEAST/HENRY &HANK& P,H2 278;
BEAST/HENRY &HANK& P,H2 279;
BEAST/HENRY &HANK& P,H2 350;
BEAST/HENRY &HANK& P,HCAT 3;
BEAST/HENRY &HANK& P,ICE 4;
BEAST/HENRY &HANK& P,IM 114;
BEAST/HENRY &HANK& P,IM 115;
BEAST/HENRY &HANK& P,IM 125;
BEAST/HENRY &HANK& P,IM 8;
BEAST/HENRY &HANK& P,IM 90;
BEAST/HENRY &HANK& P,IW 1;
BEAST/HENRY &HANK& P,IW 2;
BEAST/HENRY &HANK& P,IW 3;
BEAST/HENRY &HANK& P,IW 4;
BEAST/HENRY &HANK& P,IW 6;
BEAST/HENRY &HANK& P,JIM 109;
BEAST/HENRY &HANK& P,MARVELS 2;
BEAST/HENRY &HANK& P,M/CP 160/4;
BEAST/HENRY &HANK& P,M/CP 39/2;
BEAST/HENRY &HANK& P,M/CP 40/2;
BEAST/HENRY &HANK& P,M/CP 41/2;
BEAST/HENRY &HANK& P,M/CP 42/2;
BEAST/HENRY &HANK& P,M/CP 43/2;
BEAST/HENRY &HANK& P,M/CP 44/2;
BEAST/HENRY &HANK& P,M/CP 85/3;
BEAST/HENRY &HANK& P,M/CP 86/3;
BEAST/HENRY &HANK& P,M/CP 87/3;
BEAST/HENRY &HANK& P,M/CP 88/2;
BEAST/HENRY &HANK& P,M/CP 88/3;
BEAST/HENRY &HANK& P,M/CP 89/2;
BEAST/HENRY &HANK& P,M/CP 89/4;
BEAST/HENRY &HANK& P,M/CP 90/2;
BEAST/HENRY &HANK& P,M/CP 91/2;
BEAST/HENRY &HANK& P,M/CP 92/2;
BEAST/HENRY &HANK& P,MEPHV. 2;
BEAST/HENRY &HANK& P,M/FAN 24/2;
BEAST/HENRY &HANK& P,M/FAN 32;
BEAST/HENRY &HANK& P,M/FAN 50;
BEAST/HENRY &HANK& P,M/GN 1;
BEAST/HENRY &HANK& P,M/H&L 1;
BEAST/HENRY &HANK& P,M/HOL 1994;
BEAST/HENRY &HANK& P,MK3 41;
BEAST/HENRY &HANK& P,MK3 43;
BEAST/HENRY &HANK& P,MK3 44;
BEAST/HENRY &HANK& P,MSM 16;
BEAST/HENRY &HANK& P,M/SS 1;
BEAST/HENRY &HANK& P,M/TE 13;
BEAST/HENRY &HANK& P,M/TIO 2;
BEAST/HENRY &HANK& P,M/TIO 51;
BEAST/HENRY &HANK& P,M/TIO 75;
BEAST/HENRY &HANK& P,M/TIO 78;
BEAST/HENRY &HANK& P,M/TU 124;
BEAST/HENRY &HANK& P,M/TU 38;
BEAST/HENRY &HANK& P,M/TU 4;
BEAST/HENRY &HANK& P,M/TU 69;
BEAST/HENRY &HANK& P,M/TU 90;
BEAST/HENRY &HANK& P,NM 76;
BEAST/HENRY &HANK& P,NM 88;
BEAST/HENRY &HANK& P,NM 95;
BEAST/HENRY &HANK& P,NM 96;
BEAST/HENRY &HANK& P,NM 97;
BEAST/HENRY &HANK& P,NW 1/8;
BEAST/HENRY &HANK& P,NW 27;
BEAST/HENRY &HANK& P,PM&IF 110;
BEAST/HENRY &HANK& P,PP 27;
BEAST/HENRY &HANK& P,PP 35;
BEAST/HENRY &HANK& P,ROM 65;
BEAST/HENRY &HANK& P,ROM 66;
BEAST/HENRY &HANK& P,S-M 15;
BEAST/HENRY &HANK& P,SMTU 1;
BEAST/HENRY &HANK& P,SS3 123;
BEAST/HENRY &HANK& P,SS 6;
BEAST/HENRY &HANK& P,ST 156;
BEAST/HENRY &HANK& P,ST2 18;
BEAST/HENRY &HANK& P,SUB-M 14;
BEAST/HENRY &HANK& P,SUB-M2 3;
BEAST/HENRY &HANK& P,SVTU 14;
BEAST/HENRY &HANK& P,SVTU 9;
BEAST/HENRY &HANK& P,T 14;
BEAST/HENRY &HANK& P,T 271;
BEAST/HENRY &HANK& P,T 377;
BEAST/HENRY &HANK& P,T 379 M/FAN 50;
BEAST/HENRY &HANK& P,THOR CORPS 3;
BEAST/HENRY &HANK& P,TOS 49;
BEAST/HENRY &HANK& P,UTSM 21;
BEAST/HENRY &HANK& P,UTSM '97;
BEAST/HENRY &HANK& P,UX 1;
BEAST/HENRY &HANK& P,UX 10;
BEAST/HENRY &HANK& P,UX 108;
BEAST/HENRY &HANK& P,UX 11;
BEAST/HENRY &HANK& P,UX 111;
BEAST/HENRY &HANK& P,UX 112;
BEAST/HENRY &HANK& P,UX 113;
BEAST/HENRY &HANK& P,UX 114;
BEAST/HENRY &HANK& P,UX 12;
BEAST/HENRY &HANK& P,UX 125;
BEAST/HENRY &HANK& P,UX 13;
BEAST/HENRY &HANK& P,UX 134;
BEAST/HENRY &HANK& P,UX 135;
BEAST/HENRY &HANK& P,UX 136;
BEAST/HENRY &HANK& P,UX 137;
BEAST/HENRY &HANK& P,UX 138;
BEAST/HENRY &HANK& P,UX 14;
BEAST/HENRY &HANK& P,UX 145;
BEAST/HENRY &HANK& P,UX 15;
BEAST/HENRY &HANK& P,UX 16;
BEAST/HENRY &HANK& P,UX 16/2;
BEAST/HENRY &HANK& P,UX 17;
BEAST/HENRY &HANK& P,UX 175;
BEAST/HENRY &HANK& P,UX 18;
BEAST/HENRY &HANK& P,UX 19;
BEAST/HENRY &HANK& P,UX 2;
BEAST/HENRY &HANK& P,UX 20;
BEAST/HENRY &HANK& P,UX 21;
BEAST/HENRY &HANK& P,UX 210;
BEAST/HENRY &HANK& P,UX 22;
BEAST/HENRY &HANK& P,UX 23;
BEAST/HENRY &HANK& P,UX 24;
BEAST/HENRY &HANK& P,UX 242;
BEAST/HENRY &HANK& P,UX 243;
BEAST/HENRY &HANK& P,UX 25;
BEAST/HENRY &HANK& P,UX 26;
BEAST/HENRY &HANK& P,UX 264;
BEAST/HENRY &HANK& P,UX 27;
BEAST/HENRY &HANK& P,UX 272;
BEAST/HENRY &HANK& P,UX 273;
BEAST/HENRY &HANK& P,UX 28;
BEAST/HENRY &HANK& P,UX 280;
BEAST/HENRY &HANK& P,UX 288;
BEAST/HENRY &HANK& P,UX 29;
BEAST/HENRY &HANK& P,UX 295;
BEAST/HENRY &HANK& P,UX 296;
BEAST/HENRY &HANK& P,UX 3;
BEAST/HENRY &HANK& P,UX 30;
BEAST/HENRY &HANK& P,UX 31;
BEAST/HENRY &HANK& P,UX 311;
BEAST/HENRY &HANK& P,UX 318;
BEAST/HENRY &HANK& P,UX 319;
BEAST/HENRY &HANK& P,UX 32;
BEAST/HENRY &HANK& P,UX 321;
BEAST/HENRY &HANK& P,UX 322;
BEAST/HENRY &HANK& P,UX 323;
BEAST/HENRY &HANK& P,UX 324;
BEAST/HENRY &HANK& P,UX 325;
BEAST/HENRY &HANK& P,UX 326;
BEAST/HENRY &HANK& P,UX 328;
BEAST/HENRY &HANK& P,UX 33;
BEAST/HENRY &HANK& P,UX 330;
BEAST/HENRY &HANK& P,UX 337;
BEAST/HENRY &HANK& P,UX 338;
BEAST/HENRY &HANK& P,UX 339;
BEAST/HENRY &HANK& P,UX 34;
BEAST/HENRY &HANK& P,UX 341;
BEAST/HENRY &HANK& P,UX 342;
BEAST/HENRY &HANK& P,UX 343;
BEAST/HENRY &HANK& P,UX 344;
BEAST/HENRY &HANK& P,UX 345;
BEAST/HENRY &HANK& P,UX 347;
BEAST/HENRY &HANK& P,UX 348;
BEAST/HENRY &HANK& P,UX 349;
BEAST/HENRY &HANK& P,UX 35;
BEAST/HENRY &HANK& P,UX 350;
BEAST/HENRY &HANK& P,UX 352;
BEAST/HENRY &HANK& P,UX 356;
BEAST/HENRY &HANK& P,UX 357;
BEAST/HENRY &HANK& P,UX 358;
BEAST/HENRY &HANK& P,UX 36;
BEAST/HENRY &HANK& P,UX 368;
BEAST/HENRY &HANK& P,UX 37;
BEAST/HENRY &HANK& P,UX 375;
BEAST/HENRY &HANK& P,UX 376;
BEAST/HENRY &HANK& P,UX 377;
BEAST/HENRY &HANK& P,UX 378;
BEAST/HENRY &HANK& P,UX 379;
BEAST/HENRY &HANK& P,UX 38;
BEAST/HENRY &HANK& P,UX 380;
BEAST/HENRY &HANK& P,UX 381;
BEAST/HENRY &HANK& P,UX 382;
BEAST/HENRY &HANK& P,UX 383;
BEAST/HENRY &HANK& P,UX 384;
BEAST/HENRY &HANK& P,UX 385;
BEAST/HENRY &HANK& P,UX 386;
BEAST/HENRY &HANK& P,UX 387;
BEAST/HENRY &HANK& P,UX 388;
BEAST/HENRY &HANK& P,UX 389;
BEAST/HENRY &HANK& P,UX 39;
BEAST/HENRY &HANK& P,UX 390;
BEAST/HENRY &HANK& P,UX 4;
BEAST/HENRY &HANK& P,UX 40;
BEAST/HENRY &HANK& P,UX 41;
BEAST/HENRY &HANK& P,UX 42;
BEAST/HENRY &HANK& P,UX 43;
BEAST/HENRY &HANK& P,UX 44;
BEAST/HENRY &HANK& P,UX 45;
BEAST/HENRY &HANK& P,UX 46;
BEAST/HENRY &HANK& P,UX 47;
BEAST/HENRY &HANK& P,UX 49;
BEAST/HENRY &HANK& P,UX 49/2;
BEAST/HENRY &HANK& P,UX 5;
BEAST/HENRY &HANK& P,UX 50;
BEAST/HENRY &HANK& P,UX 50/2;
BEAST/HENRY &HANK& P,UX 51;
BEAST/HENRY &HANK& P,UX 51/2;
BEAST/HENRY &HANK& P,UX 52;
BEAST/HENRY &HANK& P,UX 52/2;
BEAST/HENRY &HANK& P,UX 53;
BEAST/HENRY &HANK& P,UX 53/2;
BEAST/HENRY &HANK& P,UX 54;
BEAST/HENRY &HANK& P,UX 55;
BEAST/HENRY &HANK& P,UX 56;
BEAST/HENRY &HANK& P,UX 57;
BEAST/HENRY &HANK& P,UX 58;
BEAST/HENRY &HANK& P,UX 59;
BEAST/HENRY &HANK& P,UX 6;
BEAST/HENRY &HANK& P,UX 60;
BEAST/HENRY &HANK& P,UX 61;
BEAST/HENRY &HANK& P,UX 62;
BEAST/HENRY &HANK& P,UX 63;
BEAST/HENRY &HANK& P,UX 64;
BEAST/HENRY &HANK& P,UX 65;
BEAST/HENRY &HANK& P,UX 66;
BEAST/HENRY &HANK& P,UX 7;
BEAST/HENRY &HANK& P,UX 8;
BEAST/HENRY &HANK& P,UX 9;
BEAST/HENRY &HANK& P,UX 94;
BEAST/HENRY &HANK& P,UX/FF '98;
BEAST/HENRY &HANK& P,W '00;
BEAST/HENRY &HANK& P,W2 162;
BEAST/HENRY &HANK& P,W2 163;
BEAST/HENRY &HANK& P,W2 164;
BEAST/HENRY &HANK& P,W2 165;
BEAST/HENRY &HANK& P,W2 53;
BEAST/HENRY &HANK& P,W2 91;
BEAST/HENRY &HANK& P,W2 92;
BEAST/HENRY &HANK& P,W2 93;
BEAST/HENRY &HANK& P,WCA 1;
BEAST/HENRY &HANK& P,WM2 13;
BEAST/HENRY &HANK& P,WM2 5;
BEAST/HENRY &HANK& P,WM2 6;
BEAST/HENRY &HANK& P,X 1;
BEAST/HENRY &HANK& P,X 10;
BEAST/HENRY &HANK& P,X 104;
BEAST/HENRY &HANK& P,X 108;
BEAST/HENRY &HANK& P,X 109;
BEAST/HENRY &HANK& P,X 11;
BEAST/HENRY &HANK& P,X 111;
BEAST/HENRY &HANK& P,X 114;
BEAST/HENRY &HANK& P,X 115;
BEAST/HENRY &HANK& P,X 12;
BEAST/HENRY &HANK& P,X 13;
BEAST/HENRY &HANK& P,X 14;
BEAST/HENRY &HANK& P,X 15;
BEAST/HENRY &HANK& P,X 16;
BEAST/HENRY &HANK& P,X 2;
BEAST/HENRY &HANK& P,X 3;
BEAST/HENRY &HANK& P,X 33;
BEAST/HENRY &HANK& P,X 34;
BEAST/HENRY &HANK& P,X 38;
BEAST/HENRY &HANK& P,X 39;
BEAST/HENRY &HANK& P,X 4;
BEAST/HENRY &HANK& P,X 40;
BEAST/HENRY &HANK& P,X 41;
BEAST/HENRY &HANK& P,X 42;
BEAST/HENRY &HANK& P,X 43;
BEAST/HENRY &HANK& P,X 48;
BEAST/HENRY &HANK& P,X 49;
BEAST/HENRY &HANK& P,X 5;
BEAST/HENRY &HANK& P,X 50;
BEAST/HENRY &HANK& P,X 53;
BEAST/HENRY &HANK& P,X 54;
BEAST/HENRY &HANK& P,X 57;
BEAST/HENRY &HANK& P,X 59;
BEAST/HENRY &HANK& P,X 6;
BEAST/HENRY &HANK& P,X 7;
BEAST/HENRY &HANK& P,X 70;
BEAST/HENRY &HANK& P,X 71;
BEAST/HENRY &HANK& P,X 72;
BEAST/HENRY &HANK& P,X 73;
BEAST/HENRY &HANK& P,X 74;
BEAST/HENRY &HANK& P,X 75;
BEAST/HENRY &HANK& P,X 76;
BEAST/HENRY &HANK& P,X 79;
BEAST/HENRY &HANK& P,X 8;
BEAST/HENRY &HANK& P,X 88;
BEAST/HENRY &HANK& P,X 9;
BEAST/HENRY &HANK& P,X 94/2;
BEAST/HENRY &HANK& P,X '95;
BEAST/HENRY &HANK& P,X 95;
BEAST/HENRY &HANK& P,X 96;
BEAST/HENRY &HANK& P,X '97;
BEAST/HENRY &HANK& P,X 97;
BEAST/HENRY &HANK& P,X 98;
BEAST/HENRY &HANK& P,X 99;
BEAST/HENRY &HANK& P,XCAL 121;
BEAST/HENRY &HANK& P,XCAL 57;
BEAST/HENRY &HANK& P,XCAL 58;
BEAST/HENRY &HANK& P,XCAL: XX CROSSING;
BEAST/HENRY &HANK& P,X&CD 1;
BEAST/HENRY &HANK& P,XF 1;
BEAST/HENRY &HANK& P,XF 10;
BEAST/HENRY &HANK& P,XF 11;
BEAST/HENRY &HANK& P,XF 12;
BEAST/HENRY &HANK& P,XF 13;
BEAST/HENRY &HANK& P,XF 14;
BEAST/HENRY &HANK& P,XF 15;
BEAST/HENRY &HANK& P,XF 17;
BEAST/HENRY &HANK& P,XF 18;
BEAST/HENRY &HANK& P,XF 19;
BEAST/HENRY &HANK& P,XF 2;
BEAST/HENRY &HANK& P,XF 20;
BEAST/HENRY &HANK& P,XF 21;
BEAST/HENRY &HANK& P,XF 22;
BEAST/HENRY &HANK& P,XF 23;
BEAST/HENRY &HANK& P,XF 24;
BEAST/HENRY &HANK& P,XF 25;
BEAST/HENRY &HANK& P,XF 26;
BEAST/HENRY &HANK& P,XF 27;
BEAST/HENRY &HANK& P,XF 28;
BEAST/HENRY &HANK& P,XF 29;
BEAST/HENRY &HANK& P,XF 3;
BEAST/HENRY &HANK& P,XF 30;
BEAST/HENRY &HANK& P,XF 31;
BEAST/HENRY &HANK& P,XF 3/2;
BEAST/HENRY &HANK& P,XF 32;
BEAST/HENRY &HANK& P,XF 33;
BEAST/HENRY &HANK& P,XF 35;
BEAST/HENRY &HANK& P,XF 36;
BEAST/HENRY &HANK& P,XF 37;
BEAST/HENRY &HANK& P,XF 38;
BEAST/HENRY &HANK& P,XF 39;
BEAST/HENRY &HANK& P,XF 4;
BEAST/HENRY &HANK& P,XF 40;
BEAST/HENRY &HANK& P,XF 41;
BEAST/HENRY &HANK& P,XF 42;
BEAST/HENRY &HANK& P,XF 4/3;
BEAST/HENRY &HANK& P,XF 43;
BEAST/HENRY &HANK& P,XF 44;
BEAST/HENRY &HANK& P,XF 45;
BEAST/HENRY &HANK& P,XF 46;
BEAST/HENRY &HANK& P,XF 48;
BEAST/HENRY &HANK& P,XF 49;
BEAST/HENRY &HANK& P,XF 5;
BEAST/HENRY &HANK& P,XF 50;
BEAST/HENRY &HANK& P,XF 51;
BEAST/HENRY &HANK& P,XF 52;
BEAST/HENRY &HANK& P,XF 54;
BEAST/HENRY &HANK& P,XF 55;
BEAST/HENRY &HANK& P,XF 56;
BEAST/HENRY &HANK& P,XF 57;
BEAST/HENRY &HANK& P,XF 58;
BEAST/HENRY &HANK& P,XF 59;
BEAST/HENRY &HANK& P,XF 6;
BEAST/HENRY &HANK& P,XF 60;
BEAST/HENRY &HANK& P,XF 61;
BEAST/HENRY &HANK& P,XF 62;
BEAST/HENRY &HANK& P,XF 63;
BEAST/HENRY &HANK& P,XF 65;
BEAST/HENRY &HANK& P,XF 66;
BEAST/HENRY &HANK& P,XF 67;
BEAST/HENRY &HANK& P,XF 68;
BEAST/HENRY &HANK& P,XF 69;
BEAST/HENRY &HANK& P,XF 7;
BEAST/HENRY &HANK& P,XF 70;
BEAST/HENRY &HANK& P,XF 8;
BEAST/HENRY &HANK& P,XF 84;
BEAST/HENRY &HANK& P,XF 86;
BEAST/HENRY &HANK& P,XF 9;
BEAST/HENRY &HANK& P,XFOR 16;
BEAST/HENRY &HANK& P,XFOR 17;
BEAST/HENRY &HANK& P,XFOR 18;
BEAST/HENRY &HANK& P,XFOR 40;
BEAST/HENRY &HANK& P,XFOR 45;
BEAST/HENRY &HANK& P,XFOR 51;
BEAST/HENRY &HANK& P,XF:PL;
BEAST/HENRY &HANK& P,X:HY 1;
BEAST/HENRY &HANK& P,X:HY 10;
BEAST/HENRY &HANK& P,X:HY 11;
BEAST/HENRY &HANK& P,X:HY 12;
BEAST/HENRY &HANK& P,X:HY 13;
BEAST/HENRY &HANK& P,X:HY 14;
BEAST/HENRY &HANK& P,X:HY 15;
BEAST/HENRY &HANK& P,X:HY 16;
BEAST/HENRY &HANK& P,X:HY 17;
BEAST/HENRY &HANK& P,X:HY 18;
BEAST/HENRY &HANK& P,X:HY 19;
BEAST/HENRY &HANK& P,X:HY 2;
BEAST/HENRY &HANK& P,X:HY 20;
BEAST/HENRY &HANK& P,X:HY 21;
BEAST/HENRY &HANK& P,X:HY 22;
BEAST/HENRY &HANK& P,X:HY 3;
BEAST/HENRY &HANK& P,X:HY 4;
BEAST/HENRY &HANK& P,X:HY 5;
BEAST/HENRY &HANK& P,X:HY 6;
BEAST/HENRY &HANK& P,X:HY 7;
BEAST/HENRY &HANK& P,X:HY 8;
BEAST/HENRY &HANK& P,X:HY 9;
BEAST/HENRY &HANK& P,XMF 3;
BEAST/HENRY &HANK& P,X:PRIME;
BEAST/HENRY &HANK& P,XSOS 2;
BEAST/HENRY &HANK& P,XTERM 1;
BEAST/HENRY &HANK& P,XU 10;
BEAST/HENRY &HANK& P,XU 21;
BEAST/HENRY &HANK& P,XU 25;
BEAST/HENRY &HANK& P,XU 27;
BEAST/HENRY &HANK& P,XU 28;
BEAST/HENRY &HANK& P,XU 9;
BEAST/HENRY &HANK& P,XX 1;
BEAST/HENRY &HANK& P,XX 2;
BEAST/HENRY &HANK& P,XX 3;
BEAUMONT, SPENCER,XFOR 69;
BEAUTIFUL DREAMER II,ASTONX2 2;
BEAUTIFUL DREAMER II,ASTONX2 3;
BEAUTIFUL DREAMER II,X 92;
BEAUTIFUL DREAMER,PP 12;
BEAUTIFUL DREAMER,PP 27;
BEAUTIFUL DREAMER,UX 195;
BEAUTIFUL DREAMER,XF 10;
BEAUTY,FFU 10;
BEAUTY,Q 14;
BEAUTY,Q 20;
BEAUTY,Q 21;
BEAUTY,Q 22;
BEAUTY,Q 23;
BEAUTY,Q 25;
BECKFORD, NOEL,ASM '98;
BECKLEY, BENNY,CM5 7;
BECKMAN, CHARLES,H:PL 6;
BECKMAN, JOSEPH,H:PL 6;
BECKMAN, LISA,H:PL 6;
BECKMAN, SARAH,H:PL 6;
BEDFORD, BRAD HULK,RH2 1/2;
BEDLAM II/OLISA KABA,A3 24;
BEDLAM II/OLISA KABA,A3 25;
BEDLAM II/OLISA KABA,J:ED;
BEDLAM II/OLISA KABA,PPSM2 11;
BEDLAM II/OLISA KABA,T2 17;
BEDLAM/JESSE AARONSO,C2 73;
BEDLAM/JESSE AARONSO,C2 74;
BEDLAM/JESSE AARONSO,UX 388;
BEDLAM/JESSE AARONSO,XFOR 100;
BEDLAM/JESSE AARONSO,XFOR 101;
BEDLAM/JESSE AARONSO,XFOR 102;
BEDLAM/JESSE AARONSO,XFOR 103;
BEDLAM/JESSE AARONSO,XFOR 104;
BEDLAM/JESSE AARONSO,XFOR 105;
BEDLAM/JESSE AARONSO,XFOR 106;
BEDLAM/JESSE AARONSO,XFOR 107;
BEDLAM/JESSE AARONSO,XFOR 108;
BEDLAM/JESSE AARONSO,XFOR 109;
BEDLAM/JESSE AARONSO,XFOR 110;
BEDLAM/JESSE AARONSO,XFOR 111;
BEDLAM/JESSE AARONSO,XFOR 112;
BEDLAM/JESSE AARONSO,XFOR 113;
BEDLAM/JESSE AARONSO,XFOR 114;
BEDLAM/JESSE AARONSO,XFOR 115;
BEDLAM/JESSE AARONSO,XFOR 82;
BEDLAM/JESSE AARONSO,XFOR 83;
BEDLAM/JESSE AARONSO,XFOR 84;
BEDLAM/JESSE AARONSO,XFOR 85;
BEDLAM/JESSE AARONSO,XFOR 86;
BEDLAM/JESSE AARONSO,XFOR 87;
BEDLAM/JESSE AARONSO,XFOR 89;
BEDLAM/JESSE AARONSO,XFOR 90;
BEDLAM/JESSE AARONSO,XFOR 91;
BEDLAM/JESSE AARONSO,XFOR 92;
BEDLAM/JESSE AARONSO,XFOR 93;
BEDLAM/JESSE AARONSO,XFOR 94;
BEDLAM/JESSE AARONSO,XFOR 95;
BEDLAM/JESSE AARONSO,XFOR 96;
BEDLAM/JESSE AARONSO,XFOR 97;
BEDLAM/JESSE AARONSO,XFOR '98;
BEDLAM/JESSE AARONSO,XFOR 98;
BEDLAM/JESSE AARONSO,XFOR 99;
BEEFER,DAZZ 10;
BEEFER,DAZZ 11;
BEEFER,DAZZ 14;
BEEFER,DAZZ 15;
BEEFER,DAZZ 16;
BEEFER,DAZZ 17;
BEEFER,DAZZ 18;
BEEFER,DAZZ 21;
BEEFER,DAZZ 22;
BEEFER,DAZZ 23;
BEEFER,DAZZ 26;
BEEFER,DAZZ 6;
BEEFER,DAZZ 7;
BEEF/,NW 10;
BEEF/,NW 9;
BEERE, JASON,A 169;
BEERE, JASON,IM 115;
BEETLE/ABNER RONALD,A 228;
BEETLE/ABNER RONALD,A 229;
BEETLE/ABNER RONALD,A 230;
BEETLE/ABNER RONALD,A 26;
BEETLE/ABNER RONALD,A 27;
BEETLE/ABNER RONALD,A 28;
BEETLE/ABNER RONALD,A3 12;
BEETLE/ABNER RONALD,A3 33;
BEETLE/ABNER RONALD,A3 34;
BEETLE/ABNER RONALD,ASM 21;
BEETLE/ABNER RONALD,ASM 280;
BEETLE/ABNER RONALD,ASM 281;
BEETLE/ABNER RONALD,ASM 94;
BEETLE/ABNER RONALD,ASMU 12;
BEETLE/ABNER RONALD,ASMU 9;
BEETLE/ABNER RONALD,DD 108;
BEETLE/ABNER RONALD,DD 109;
BEETLE/ABNER RONALD,DD 140;
BEETLE/ABNER RONALD,DD 33;
BEETLE/ABNER RONALD,DD 34;
BEETLE/ABNER RONALD,DEF 63;
BEETLE/ABNER RONALD,DEF 64;
BEETLE/ABNER RONALD,DEF 65;
BEETLE/ABNER RONALD,DFSM 1;
BEETLE/ABNER RONALD,DFSM 2;
BEETLE/ABNER RONALD,DFSM 3;
BEETLE/ABNER RONALD,DFSM 4;
BEETLE/ABNER RONALD,FF 3;
BEETLE/ABNER RONALD,FF 334;
BEETLE/ABNER RONALD,H2 449;
BEETLE/ABNER RONALD,HFH 7;
BEETLE/ABNER RONALD,HR:R 2;
BEETLE/ABNER RONALD,IM 126;
BEETLE/ABNER RONALD,IM 127;
BEETLE/ABNER RONALD,IM 223;
BEETLE/ABNER RONALD,IM 224;
BEETLE/ABNER RONALD,IM 227;
BEETLE/ABNER RONALD,IM 285;
BEETLE/ABNER RONALD,IM 286;
BEETLE/ABNER RONALD,M/H&L 1;
BEETLE/ABNER RONALD,M/TIO 96;
BEETLE/ABNER RONALD,PPTSS 12;
BEETLE/ABNER RONALD,PPTSS 16;
BEETLE/ABNER RONALD,PPTSS 164;
BEETLE/ABNER RONALD,PPTSS 58;
BEETLE/ABNER RONALD,PPTSS 59;
BEETLE/ABNER RONALD,PPTSS 60;
BEETLE/ABNER RONALD,SMTU 7;
BEETLE/ABNER RONALD,ST 123;
BEETLE/ABNER RONALD,TB '00;
BEETLE/ABNER RONALD,TB -1;
BEETLE/ABNER RONALD,TB 1;
BEETLE/ABNER RONALD,TB 10;
BEETLE/ABNER RONALD,TB 11;
BEETLE/ABNER RONALD,TB 12;
BEETLE/ABNER RONALD,TB 13;
BEETLE/ABNER RONALD,TB 14;
BEETLE/ABNER RONALD,TB 15;
BEETLE/ABNER RONALD,TB 16;
BEETLE/ABNER RONALD,TB 17;
BEETLE/ABNER RONALD,TB 18;
BEETLE/ABNER RONALD,TB 19;
BEETLE/ABNER RONALD,TB 2;
BEETLE/ABNER RONALD,TB 20;
BEETLE/ABNER RONALD,TB 21;
BEETLE/ABNER RONALD,TB 22;
BEETLE/ABNER RONALD,TB 23;
BEETLE/ABNER RONALD,TB 26;
BEETLE/ABNER RONALD,TB 29;
BEETLE/ABNER RONALD,TB 3;
BEETLE/ABNER RONALD,TB 37;
BEETLE/ABNER RONALD,TB 38;
BEETLE/ABNER RONALD,TB 39;
BEETLE/ABNER RONALD,TB 4;
BEETLE/ABNER RONALD,TB 40;
BEETLE/ABNER RONALD,TB 41;
BEETLE/ABNER RONALD,TB 42;
BEETLE/ABNER RONALD,TB 43;
BEETLE/ABNER RONALD,TB 44;
BEETLE/ABNER RONALD,TB 45;
BEETLE/ABNER RONALD,TB 46;
BEETLE/ABNER RONALD,TB 47;
BEETLE/ABNER RONALD,TB 48;
BEETLE/ABNER RONALD,TB 49;
BEETLE/ABNER RONALD,TB 5;
BEETLE/ABNER RONALD,TB 50;
BEETLE/ABNER RONALD,TB 51;
BEETLE/ABNER RONALD,TB 52;
BEETLE/ABNER RONALD,TB 54;
BEETLE/ABNER RONALD,TB 6;
BEETLE/ABNER RONALD,TB 7;
BEETLE/ABNER RONALD,TB 8;
BEETLE/ABNER RONALD,TB 9;
BEETLE/ABNER RONALD,TB '97;
BEETLE/ABNER RONALD,TB:LS;
BEETLE/ABNER RONALD,TM/U 1;
BEETLE/ABNER RONALD,WOSM 8;
BEETLE II/LEILA DAVI,DFSM 1;
BEETLE II/LEILA DAVI,DFSM 2;
BEETLE II/LEILA DAVI,DFSM 3;
BEETLE II/LEILA DAVI,DFSM 4;
BEETLE II/LEILA DAVI,TB 48;
BEETLE II/LEILA DAVI,TB 49;
BEETLE II/LEILA DAVI,TB 50;
BEETLE II/LEILA DAVI,TB 51;
BEETLE II/LEILA DAVI,TB 52;
BEETLE II/LEILA DAVI,TB 53;
BEETLE II/LEILA DAVI,TB 54;
BEETLE ROBOT,TB 33;
BEETLE ROBOT,TB 34;
BEETLE ROBOT,TB 35;
BEETLE ROBOT,TB 36;
BEHEMOTH,HFH 12;
BELASCO,C2 13;
BELASCO,C2 14;
BELASCO,FF 314;
BELASCO,KZ3 11;
BELASCO,KZ3 12;
BELASCO,KZ3 28;
BELASCO,KZ3 29;
BELASCO,MGK 1;
BELASCO,MGK 2;
BELASCO,MGK 3;
BELASCO,MGK 4;
BELASCO,UX 160;
BELASCO,XCAL -1;
BELASCO,XCAL 103;
BELASCO,XU 19;
BELASCO,XU 9;
BELDAME,UX 385;
BELDAME,X 103;
BELDAME,X 104;
BEL-DANN, GEN.,CM4 1;
BEL-DANN, GEN.,CM4 2;
BEL-DANN, GEN.,CM4 4;
BEL-DANN, GEN.,FF 18;
BEL-DANN, GEN.,UX 137;
BELGRADE, DR. HORATI,C2 58;
BELGRADE, DR. HORATI,C2 61;
BELGRADE, DR. HORATI,C2 62;
BELIAL,NS 2;
BELLADONNA,PPTSS 43;
BELLADONNA,PPTSS 47;
BELLADONNA,PPTSS 48;
BELLAM,FFU 9;
BELLAM,T 473;
BELLAM,T 475;
BELLAM,T 480;
BELLAM,T 481;
BELLAM,T 482;
BELLAM,T 487;
BELLAM,T 488;
BELLE,DRSTR3 78;
BELL, HERBERT,BG 2;
BELL, HERBERT,M/TIO 85;
BENAZA,KZ4 -1;
BENCHLEY,XFOR 85;
BENDIX, DR. ALBERT,SM:RGG 1;
BENDIX, DR. ALBERT,SM:RGG 2;
BENDIX, DR. ALBERT,SM:RGG 3;
BENEDICT,A3 32;
BENEDICT,A3 33;
BENEDICT,A 399;
BENEDICT, ANDREW,C2 94;
BENGAL/,M/K 11;
BENGAL/,M/K 12;
BENGAL/,NT 1;
BENGAL/,NW 7;
BENGAL/,NW 8;
BENGAL/,NW 9;
BENJAMIN, BYRON,MM 11;
BENJAMIN, BYRON,MM 13;
BENJAMIN, BYRON,MM 15;
BENJAMIN, BYRON,MM 19;
BENJAMIN, BYRON,ROM 21;
BENNETT, DANNY,RH2 4;
BENNETT, MITCH,RH2 4;
BENNING, VERONICA,FW 4;
BENNING, VERONICA,IM 303;
BENNING, VERONICA,IM 306;
BENNING, VERONICA,IM 308;
BENNING, VERONICA,IM 309;
BENNY, JAKE,LSHOT2 1;
BENTLEY, MILES,PUN2 64;
BENTLEY, MILES,PUN2 65;
BENTLEY, MILES,PUN2 66;
BENTLEY, MILES,PUN2 69;
BENTLEY, MILES,PUN2 70;
BENTLEY, VICTORIA,ASPOT 39;
BENTLEY, VICTORIA,BK2 1;
BENTLEY, VICTORIA,BK2 2;
BENTLEY, VICTORIA,BK2 3;
BENTLEY, VICTORIA,BK2 4;
BENTLEY, VICTORIA,DRSTR 171;
BENTLEY, VICTORIA,DRSTR 172;
BENTLEY, VICTORIA,DRSTR 173;
BENTLEY, VICTORIA,DRSTR 174;
BENTLEY, VICTORIA,DRSTR 178;
BENTLEY, VICTORIA,DRSTR2 36;
BENTLEY, VICTORIA,DRSTR2 37;
BENTLEY, VICTORIA,DRSTR2 68;
BENTLEY, VICTORIA,N 61;
BENTLEY, VICTORIA,ST 114/2;
BENTLEY, VICTORIA,ST 160/2;
BENTLEY, VICTORIA,ST 161/2;
BENTLEY, VICTORIA,ST 162/2;
BENTLEY, VICTORIA,ST 163/2;
BENTLEY, VICTORIA,ST 164;
BENTLEY, VICTORIA,ST 165/2;
BENTLEY, VICTORIA,ST 166;
BENTLEY, VICTORIA,ST 167/2;
BENTLEY, VICTORIA,ST 168;
BENTLEY, VICTORIA,ST2 12/2;
BENTLEY, VICTORIA,ST2 18/2;
BENTON, TERRY,XFOR 73;
BENWAY, DR.,CA 409;
BENWAY, DR.,CA 410;
BERDITCHEV, ITZHAK,A 340;
BEREET,H2 269;
BEREET,H2 270;
BEREET,H2 271;
BEREET,H2 272;
BEREET,H2 273;
BEREET,H2 274;
BEREET,H2 275;
BEREET,H2 276;
BEREET,H2 277;
BEREET,H2 278;
BEREET,H2 279;
BEREET,H2 280;
BEREET,H2 281;
BEREET,H2 282;
BEREET,H2 285;
BEREET,H2 287;
BEREET,RH 9;
BERENGHETTI, MICHAEL,H2 347;
BERENGHETTI, MICHAEL,H2 348;
BERENGHETTI, MICHAEL,H2 353;
BERENGHETTI, MICHAEL,H2 354;
BERENGHETTI, MICHAEL,H2 357;
BERENGHETTI, MICHAEL,H2 358;
BERENGHETTI, MICHAEL,H2 359;
BERENGHETTI, MICHAEL,H2 395;
BERENGHETTI, MICHAEL,M/CP 38/3;
BERENGHETTI, MICHAEL,M/CP 52/4;
BERENGHETTI, MICHAEL,M/CP 6/4;
BERENGHETTI, SUSAN,H2 395;
BERENGHETTI, SUSAN,H2 397;
BERGER, PROF.,C2 79;
BERGER, PROF.,C2 80;
BERGER, PROF.,C2 81;
BERGER, PROF.,C2 83;
BERGER, PROF.,C2 84;
BERGIER, REBECCA,IM 310;
BERGIER, REBECCA,WARM 11;
BERGIER, REBECCA,WARM 12;
BERGIER, REBECCA,WARM 17;
BERGIER, REBECCA,WARM 19;
BERGIER, REBECCA,WARM 20;
BERGIER, REBECCA,WARM 5;
BERGIER, REBECCA,WARM 6;
BERGIER, REBECCA,WARM 7;
BERGIER, REBECCA,WARM 8;
BERGLUND, GEN.,C&D3 16;
BERGLUND, GEN.,C&D3 17;
BERKELEY, TRAVIS,IM 310;
BERKELEY, TRAVIS,NT2 17;
BERKELEY, TRAVIS,WARM 11;
BERKELEY, TRAVIS,WARM 19;
BERKELEY, TRAVIS,WARM 5;
BERMAN, ADAM,XU 16;
BERNARD THE POET,M/HOL 1994;
BERNARD THE POET,UX 14;
BERNARD THE POET,UX 31;
BERNARD THE POET,UX 32;
BERNARD THE POET,UX 7;
BERNHARD, CLARICE,ASM2 11;
BERNIE,M/TIO 3;
BERNIE,NO2 8;
BERNIE,NO2 9;
BERNIE,NW2 9;
BERNIE,W2 149;
BERNSTEIN, DR. NOAH,CAGE 5;
BERNSTEIN, DR. NOAH,CAGE 6;
BERNSTEIN, DR. NOAH,CAGE 7;
BERNSTEIN, DR. NOAH,LCHFH 1;
BERNSTEIN, DR. NOAH,LCHFH 2;
BERNSTEIN, DR. NOAH,LCHFH 3;
BERNSTEIN, DR. NOAH,LCHFH 4;
BERNSTEIN, DR. NOAH,LCHFH 7;
BERNSTEIN, DR. NOAH,PM 28;
BERNSTEIN, DR. NOAH,PM 33;
BERNSTEIN, DR. NOAH,PM 34;
BERNSTEIN, DR. NOAH,PM 35;
BERNSTEIN, DR. NOAH,PM 40;
BERNSTEIN, DR. NOAH,PM 41;
BERNSTEIN, DR. NOAH,PM 43;
BERNSTEIN, DR. NOAH,PM&IF 49;
BERNSTEIN, DR. NOAH,PM&IF 67;
BERNSTEIN, DR. NOAH,PM&IF 68;
BERNSTEIN, DR. NOAH,PM&IF 83;
BERNSTEIN, EMMA WEBS,PM&IF 67;
BERNSTEIN, EMMA WEBS,PM&IF 68;
BERNSTEIN, EMMA WEBS,PM&IF 83;
BERSERKER,A 207;
BERSERKER,A 208;
BERSERKER II,FRANK 16;
BERSERKER III,X&AF 1;
BERTRAM,GR3 9;
BERYLLIUM,TB 7;
BERYLLIUM,TB 8;
BERYL,XF 56;
BERYL,XF 57;
BERYL,XF 58;
BETA RAY BILL,A 249;
BETA RAY BILL,MAXSEC 2;
BETA RAY BILL,MAXSEC 3;
BETA RAY BILL | MUTA,MX '01;
BETA RAY BILL,PP 15;
BETA RAY BILL,PP 19;
BETA RAY BILL,ROM 65;
BETA RAY BILL,SS3 111;
BETA RAY BILL,SS3 121;
BETA RAY BILL,SS3 122;
BETA RAY BILL,SWII 6;
BETA RAY BILL,T '01;
BETA RAY BILL,T 16/5;
BETA RAY BILL,T2 30;
BETA RAY BILL,T2 31;
BETA RAY BILL,T2 32;
BETA RAY BILL,T2 33;
BETA RAY BILL,T2 39;
BETA RAY BILL,T 337;
BETA RAY BILL,T 338;
BETA RAY BILL,T 339;
BETA RAY BILL,T 340;
BETA RAY BILL,T 350;
BETA RAY BILL,T 351;
BETA RAY BILL,T 352;
BETA RAY BILL,T 353;
BETA RAY BILL,T 354;
BETA RAY BILL,T 357;
BETA RAY BILL,T 358;
BETA RAY BILL,T 359;
BETA RAY BILL,T 363;
BETA RAY BILL,T 364;
BETA RAY BILL,T 366;
BETA RAY BILL,T 367;
BETA RAY BILL,T 371;
BETA RAY BILL,T 372;
BETA RAY BILL,T 411/2;
BETA RAY BILL,T 412/2;
BETA RAY BILL,T 413/2;
BETA RAY BILL,T 439;
BETA RAY BILL,T 440;
BETA RAY BILL,T 441;
BETA RAY BILL,T 442/2;
BETA RAY BILL,T 477;
BETA RAY BILL,T 478;
BETA RAY BILL,T 479;
BETA RAY BILL,T 480;
BETA RAY BILL,T 484;
BETA RAY BILL,T 487;
BETA RAY BILL,T 488;
BETA RAY BILL,T 489;
BETA RAY BILL,T 492;
BETELHEIM, NORMA,Q 18;
BETTY-6,ABOM 1;
BETTY-6,ABOM 2;
BETTY-6,ABOM 3;
BEVATRON/,NW 10;
BEVATRON/,NW 9;
BEYNON, DR. BRADLEY,UX/FF '98;
BEYONDER,A 260;
BEYONDER,A 261;
BEYONDER,A 265;
BEYONDER,AF 28;
BEYONDER,ASM 249;
BEYONDER,ASM 250;
BEYONDER,ASM 273;
BEYONDER,ASM 274;
BEYONDER,CA 308;
BEYONDER,C&D2 4;
BEYONDER,DAZZ 40;
BEYONDER,DD 223;
BEYONDER,DEF 152;
BEYONDER,DRSTR2 74;
BEYONDER,FF 23/3;
BEYONDER,FF 27/2;
BEYONDER,FF 282;
BEYONDER,FF 285;
BEYONDER,FF 288;
BEYONDER,FF 319;
BEYONDER,FF 351;
BEYONDER,H2 312;
BEYONDER,MICRO2 16;
BEYONDER,M/SHSW 1;
BEYONDER,M/SHSW 10;
BEYONDER,M/SHSW 12;
BEYONDER | MUTANT X-,MX '01;
BEYONDER | MUTANT X-,MX 32;
BEYONDER,NM 13;
BEYONDER,NM 30;
BEYONDER,NM 36;
BEYONDER,NM 37;
BEYONDER,PM&IF 121;
BEYONDER,PP 18;
BEYONDER,PPTSS 111;
BEYONDER,ROM 72;
BEYONDER,SWII 1;
BEYONDER,SWII 2;
BEYONDER,SWII 3;
BEYONDER,SWII 4;
BEYONDER,SWII 5;
BEYONDER,SWII 6;
BEYONDER,SWII 7;
BEYONDER,SWII 8;
BEYONDER,SWII 9;
BEYONDER,T 363;
BEYONDER,TG 30;
BEYONDER,UX 196;
BEYONDER,UX 202;
BEYONDER,UX 203;
B'GON,ASPOT 35;
BIANDU,SK 4;
BI-BEAST,H2 169;
BI-BEAST II,DEF2 5;
BI-BEAST II,DEF2 6;
BI-BEAST II,H2 214;
BI-BEAST II,H2 215;
BI-BEAST II,H2 216;
BI-BEAST II,H2 217;
BI-BEAST II,Q 14;
BI-BEAST II,Q 16;
BI-BEAST II,T 315;
BI-BEAST II,T 316;
BIG BEN/,LCHFH 14;
BIG BEN/,LCHFH 16;
BIG BEN/,M/K 11;
BIG BEN/,M/K 12;
BIG BEN/,PM&IF 61;
BIG BEN/,PM&IF 62;
BIG BERTHA/ASHLEY CR,A 19;
BIG BERTHA/ASHLEY CR,A 309;
BIG BERTHA/ASHLEY CR,AWC 48;
BIG BERTHA/ASHLEY CR,AWC 49;
BIG BERTHA/ASHLEY CR,AWC 64;
BIG BERTHA/ASHLEY CR,DPOOL3 10;
BIG BERTHA/ASHLEY CR,DPOOL3 11;
BIG BERTHA/ASHLEY CR,TB 15;
BIG BERTHA/ASHLEY CR,TB 16;
BIG BERTHA/ASHLEY CR,TB 17;
BIG BERTHA/ASHLEY CR,WCA2 46;
BIG CASINO/,UX 383;
BIG CASINO/,X 106;
BIGGERS, MELVIN,TB 30;
BIG MAN/FREDERICK FO,ASM 10;
BIG MAN/FREDERICK FO,ASM 23;
BIG MAN/FREDERICK FO,ASM 24;
BIG MAN/FREDERICK FO,ASM 25;
BIG MAN/FREDERICK FO,ASM 27;
BIG MAN/FREDERICK FO,ASM 29;
BIG MAN/FREDERICK FO,ASM 3;
BIG MAN/FREDERICK FO,ASM 30;
BIG MAN/FREDERICK FO,ASM 31;
BIG MAN/FREDERICK FO,ASM 32;
BIG MAN/FREDERICK FO,ASM 33;
BIG MAN/FREDERICK FO,ASM 34;
BIG MAN/FREDERICK FO,ASM 37;
BIG MAN/FREDERICK FO,ASM 42;
BIG MAN/FREDERICK FO,ASM 43;
BIG MAN/FREDERICK FO,ASM 44;
BIG MAN/FREDERICK FO,ASM 45;
BIG MAN/FREDERICK FO,ASM 46;
BIG MAN/FREDERICK FO,ASM 47;
BIG MAN/FREDERICK FO,ASM 49;
BIG MAN/FREDERICK FO,ASM 50;
BIG MAN/FREDERICK FO,ASM 51;
BIG MAN/FREDERICK FO,ASM 52;
BIG MAN/FREDERICK FO,UTSM 7;
BIG ONE/KENJIRO SASA,AWC 70;
BIG ONE/KENJIRO SASA,AWC 71;
BIG ONE/KENJIRO SASA,AWC 74;
BILE/,AF 110;
BILE/,AF 111;
BILE/,AF 112;
BILLUPS, AGENT,CA3 25;
BILLUPS, AGENT,CA3 26;
BILLUPS, AGENT,CA3 27;
BILLUPS, AGENT,CA3 28;
BILLUPS, AGENT,CA3 29;
BILLUPS, AGENT,CA3 38;
BILLUPS, AGENT,CA3 40;
BINARY/CAROL DANVERS,A 10;
BINARY/CAROL DANVERS,A 171;
BINARY/CAROL DANVERS,A 172;
BINARY/CAROL DANVERS,A 175;
BINARY/CAROL DANVERS,A 176;
BINARY/CAROL DANVERS,A 177;
BINARY/CAROL DANVERS,A 181;
BINARY/CAROL DANVERS,A 183;
BINARY/CAROL DANVERS,A 184;
BINARY/CAROL DANVERS,A 185;
BINARY/CAROL DANVERS,A 186;
BINARY/CAROL DANVERS,A 187;
BINARY/CAROL DANVERS,A 188;
BINARY/CAROL DANVERS,A 190;
BINARY/CAROL DANVERS,A 191;
BINARY/CAROL DANVERS,A 192;
BINARY/CAROL DANVERS,A 193;
BINARY/CAROL DANVERS,A 194;
BINARY/CAROL DANVERS,A 195;
BINARY/CAROL DANVERS,A 196;
BINARY/CAROL DANVERS,A 197;
BINARY/CAROL DANVERS,A 198;
BINARY/CAROL DANVERS,A 199;
BINARY/CAROL DANVERS,A 200;
BINARY/CAROL DANVERS,A3 1;
BINARY/CAROL DANVERS,A3 16;
BINARY/CAROL DANVERS,A3 17;
BINARY/CAROL DANVERS,A3 18;
BINARY/CAROL DANVERS,A3 2;
BINARY/CAROL DANVERS,A3 26;
BINARY/CAROL DANVERS,A3 27;
BINARY/CAROL DANVERS,A3 28;
BINARY/CAROL DANVERS,A3 29;
BINARY/CAROL DANVERS,A3 3;
BINARY/CAROL DANVERS,A3 30;
BINARY/CAROL DANVERS,A3 31;
BINARY/CAROL DANVERS,A3 32;
BINARY/CAROL DANVERS,A3 33;
BINARY/CAROL DANVERS,A3 34;
BINARY/CAROL DANVERS,A3 35;
BINARY/CAROL DANVERS,A3 36;
BINARY/CAROL DANVERS,A3 37;
BINARY/CAROL DANVERS,A3 38;
BINARY/CAROL DANVERS,A3 39;
BINARY/CAROL DANVERS,A3 4;
BINARY/CAROL DANVERS,A3 40;
BINARY/CAROL DANVERS,A3 41;
BINARY/CAROL DANVERS,A3 42;
BINARY/CAROL DANVERS,A3 43;
BINARY/CAROL DANVERS,A 348;
BINARY/CAROL DANVERS,A3 5;
BINARY/CAROL DANVERS,A 350;
BINARY/CAROL DANVERS,A 351;
BINARY/CAROL DANVERS,A3 6;
BINARY/CAROL DANVERS,A3 7;
BINARY/CAROL DANVERS,A 8;
BINARY/CAROL DANVERS,A 90;
BINARY/CAROL DANVERS,BFF:BGL 1;
BINARY/CAROL DANVERS,BFF:BGL 2;
BINARY/CAROL DANVERS,BFF:BGL 3;
BINARY/CAROL DANVERS,BP3 27;
BINARY/CAROL DANVERS,CA 237;
BINARY/CAROL DANVERS,CA3 8;
BINARY/CAROL DANVERS,CM 1;
BINARY/CAROL DANVERS,CM 10;
BINARY/CAROL DANVERS,CM 11;
BINARY/CAROL DANVERS,CM 12;
BINARY/CAROL DANVERS,CM 13;
BINARY/CAROL DANVERS,CM 14;
BINARY/CAROL DANVERS,CM 16;
BINARY/CAROL DANVERS,CM 18;
BINARY/CAROL DANVERS,CM 3;
BINARY/CAROL DANVERS,CM 34;
BINARY/CAROL DANVERS,CM 35;
BINARY/CAROL DANVERS,CM 4;
BINARY/CAROL DANVERS,CM 40;
BINARY/CAROL DANVERS,CM 5;
BINARY/CAROL DANVERS,CM 6;
BINARY/CAROL DANVERS,CM 7;
BINARY/CAROL DANVERS,CM 8;
BINARY/CAROL DANVERS,CM 9;
BINARY/CAROL DANVERS,DEF 57;
BINARY/CAROL DANVERS,DEF 62;
BINARY/CAROL DANVERS,DEF 63;
BINARY/CAROL DANVERS,FF 14;
BINARY/CAROL DANVERS,H '00;
BINARY/CAROL DANVERS,IFW 2;
BINARY/CAROL DANVERS,IM 125;
BINARY/CAROL DANVERS,IM3 11;
BINARY/CAROL DANVERS,IM3 12;
BINARY/CAROL DANVERS,IM3 18;
BINARY/CAROL DANVERS,IM3 19;
BINARY/CAROL DANVERS,IM3 21;
BINARY/CAROL DANVERS,IM3 23;
BINARY/CAROL DANVERS,IM3 24;
BINARY/CAROL DANVERS,IM3 25;
BINARY/CAROL DANVERS,IM3 39;
BINARY/CAROL DANVERS,IM3 7;
BINARY/CAROL DANVERS,KS;
BINARY/CAROL DANVERS,MAXSEC 1;
BINARY/CAROL DANVERS,MAXSEC 2;
BINARY/CAROL DANVERS,MAXSEC 3;
BINARY/CAROL DANVERS,M/CP 160/4;
BINARY/CAROL DANVERS,M:DS 2;
BINARY/CAROL DANVERS,M:DS 3;
BINARY/CAROL DANVERS,M:DS 4;
BINARY/CAROL DANVERS,M/FAN 24/2;
BINARY/CAROL DANVERS,M/SH 13;
BINARY/CAROL DANVERS,M/SH3 10/3;
BINARY/CAROL DANVERS,M/SH3 11/3;
BINARY/CAROL DANVERS,MSM 1;
BINARY/CAROL DANVERS,MSM 10;
BINARY/CAROL DANVERS,MSM 11;
BINARY/CAROL DANVERS,MSM 12;
BINARY/CAROL DANVERS,MSM 13;
BINARY/CAROL DANVERS,MSM 14;
BINARY/CAROL DANVERS,MSM 15;
BINARY/CAROL DANVERS,MSM 16;
BINARY/CAROL DANVERS,MSM 17;
BINARY/CAROL DANVERS,MSM 18;
BINARY/CAROL DANVERS,MSM 19;
BINARY/CAROL DANVERS,MSM 2;
BINARY/CAROL DANVERS,MSM 20;
BINARY/CAROL DANVERS,MSM 21;
BINARY/CAROL DANVERS,MSM 22;
BINARY/CAROL DANVERS,MSM 23;
BINARY/CAROL DANVERS,MSM 3;
BINARY/CAROL DANVERS,MSM 4;
BINARY/CAROL DANVERS,MSM 5;
BINARY/CAROL DANVERS,MSM 6;
BINARY/CAROL DANVERS,MSM 7;
BINARY/CAROL DANVERS,MSM 8;
BINARY/CAROL DANVERS,MSM 9;
BINARY/CAROL DANVERS,M/TIO 51;
BINARY/CAROL DANVERS,M/TU 61;
BINARY/CAROL DANVERS,M/TU 62;
BINARY/CAROL DANVERS,M/TU 76;
BINARY/CAROL DANVERS,M/TU 77;
BINARY/CAROL DANVERS,NM 19;
BINARY/CAROL DANVERS,NM 50;
BINARY/CAROL DANVERS,NM 51;
BINARY/CAROL DANVERS,Q 33;
BINARY/CAROL DANVERS,Q 34;
BINARY/CAROL DANVERS,QS 10;
BINARY/CAROL DANVERS,SS3 123;
BINARY/CAROL DANVERS,TB 43;
BINARY/CAROL DANVERS,TB 44;
BINARY/CAROL DANVERS,UX 150;
BINARY/CAROL DANVERS,UX 153;
BINARY/CAROL DANVERS,UX 154;
BINARY/CAROL DANVERS,UX 158;
BINARY/CAROL DANVERS,UX 161;
BINARY/CAROL DANVERS,UX 162;
BINARY/CAROL DANVERS,UX 163;
BINARY/CAROL DANVERS,UX 164;
BINARY/CAROL DANVERS,UX 166;
BINARY/CAROL DANVERS,UX 167;
BINARY/CAROL DANVERS,UX 171;
BINARY/CAROL DANVERS,UX 174;
BINARY/CAROL DANVERS,UX 175;
BINARY/CAROL DANVERS,UX 182;
BINARY/CAROL DANVERS,UX 200;
BINARY/CAROL DANVERS,UX 201;
BINARY/CAROL DANVERS,UX 203;
BINARY/CAROL DANVERS,W2 -1;
BINARY/CAROL DANVERS,W2 133;
BINARY/CAROL DANVERS,W2 134;
BINARY/CAROL DANVERS,W2 138;
BINARY/CAROL DANVERS,XCAL 116;
BINARY/CAROL DANVERS,XCAL 17;
BINARY/CAROL DANVERS,XSOS 2;
BINARY/CAROL DANVERS,XU 29;
BINARY | MUTANT X-VE,MX 14;
BINARY | MUTANT X-VE,MX 17;
BIOHAZARD,DLOK2 12;
BIOHAZARD,DLOK2 13;
BIOHAZARD,DLOK2 14;
BIOHAZARD,DLOK2 15;
BIOHAZARD II/FLETCHE,NW2 5;
BIRDBRAIN,NM 55;
BIRDBRAIN,NM 56;
BIRDBRAIN,NM 57;
BIRDBRAIN,NM 58;
BIRDBRAIN,NM 59;
BIRDBRAIN,NM 60;
BIRDBRAIN,NM 61;
BIRD MAN/HENRY HAWK,CX 3;
BIRD MAN/HENRY HAWK,DD 10;
BIRD MAN/HENRY HAWK,DD 11;
BIRD MAN/HENRY HAWK,DD 39;
BIRD MAN/HENRY HAWK,DD 40;
BIRD MAN/HENRY HAWK,DD 41;
BIRD MAN/HENRY HAWK,IM 115;
BIRD MAN/HENRY HAWK,IM 116;
BIRD MAN/HENRY HAWK,M/TU 25;
BIRD MAN/HENRY HAWK,UX 94;
BIRD MAN/HENRY HAWK,UX 95;
BIRD MAN III/,CA 319;
BIRD MAN III/,DD 157;
BIRD MAN III/,DD 158;
BIRD, TUESDAY,ARCHANGEL;
BIRDY,MAV;
BIRDY,X 6;
BISHOP /,A 401;
BISHOP /,AMAZX 1;
BISHOP /,AMAZX 3;
BISHOP /,AMAZX 4;
BISHOP /,ASTONX 1;
BISHOP /,ASTONX 2;
BISHOP /,ASTONX 3;
BISHOP /,BSHP 1;
BISHOP /,BSHP 2;
BISHOP /,BSHP2 1;
BISHOP /,BSHP2 10;
BISHOP /,BSHP2 11;
BISHOP /,BSHP2 12;
BISHOP /,BSHP2 13;
BISHOP /,BSHP2 14;
BISHOP /,BSHP2 15;
BISHOP /,BSHP2 16;
BISHOP /,BSHP2 2;
BISHOP /,BSHP2 3;
BISHOP /,BSHP2 4;
BISHOP /,BSHP2 5;
BISHOP /,BSHP2 6;
BISHOP /,BSHP2 7;
BISHOP /,BSHP2 8;
BISHOP /,BSHP2 9;
BISHOP /,BSHP 3;
BISHOP /,BSHP 4;
BISHOP /,C2 16;
BISHOP /,C2 76;
BISHOP /,FF 415;
BISHOP /,FF 416;
BISHOP /,GENNXT 1;
BISHOP /,GENX 13;
BISHOP /,GENX 14;
BISHOP /,MAXSEC 3;
BISHOP /,M/HOL 1996/5;
BISHOP /,O:MU;
BISHOP /,O:X;
BISHOP /,SS3 123;
BISHOP /,TX2K 1;
BISHOP /,UX 16;
BISHOP /,UX 16/3;
BISHOP /,UX 18/2;
BISHOP /,UX 282;
BISHOP /,UX 283;
BISHOP /,UX 284;
BISHOP /,UX 285;
BISHOP /,UX 287;
BISHOP /,UX 288;
BISHOP /,UX 289;
BISHOP /,UX 290;
BISHOP /,UX 291;
BISHOP /,UX 292;
BISHOP /,UX 293;
BISHOP /,UX 294;
BISHOP /,UX 295;
BISHOP /,UX 296;
BISHOP /,UX 311;
BISHOP /,UX 314;
BISHOP /,UX 318;
BISHOP /,UX 320;
BISHOP /,UX 321;
BISHOP /,UX 322;
BISHOP /,UX 325;
BISHOP /,UX 328;
BISHOP /,UX 331;
BISHOP /,UX 333;
BISHOP /,UX 334;
BISHOP /,UX 335;
BISHOP /,UX 336;
BISHOP /,UX 337;
BISHOP /,UX 339;
BISHOP /,UX 341;
BISHOP /,UX 342;
BISHOP /,UX 343;
BISHOP /,UX 344;
BISHOP /,UX 345;
BISHOP /,UX 348;
BISHOP /,UX 353;
BISHOP /,UX 354;
BISHOP /,UX 357;
BISHOP /,UX 358;
BISHOP /,UX 372;
BISHOP /,UX 377;
BISHOP /,UX 388;
BISHOP /,UX 389;
BISHOP /,UX '95;
BISHOP /,W2 91;
BISHOP /,W2 93;
BISHOP /,X 107;
BISHOP /,X 108;
BISHOP /,X 14;
BISHOP /,X 15;
BISHOP /,X 16;
BISHOP /,X 3;
BISHOP /,X 38;
BISHOP /,X 40;
BISHOP /,X 41;
BISHOP /,X 43;
BISHOP /,X 44;
BISHOP /,X 46;
BISHOP /,X 47;
BISHOP /,X 48;
BISHOP /,X 49;
BISHOP /,X 50;
BISHOP /,X 51;
BISHOP /,X 54;
BISHOP /,X 55;
BISHOP /,X 57;
BISHOP /,X 58;
BISHOP /,X 59;
BISHOP /,X 8;
BISHOP /,X 92;
BISHOP /,X '97;
BISHOP /,X 97;
BISHOP /,X:ALPHA;
BISHOP /,XCAL 83;
BISHOP /,XF 84;
BISHOP /,XF 85;
BISHOP /,XF 86;
BISHOP /,XFOR 16;
BISHOP /,XFOR 17;
BISHOP /,XFOR 18;
BISHOP /,XFOR 51;
BISHOP /,XM 5;
BISHOP /,X:OMEGA;
BISHOP /,X:PRIME;
BISHOP /,XU 29;
BISHOP /,XX 1;
BISHOP /,XX 2;
BISHOP /,XX 3;
BISON/BILLY KITSON,TB 24;
BISON/BILLY KITSON,TB 25;
BISON/BILLY KITSON,TS 13;
BISON/BILLY KITSON,TS 14;
BITMAP/,DD 330;
BITMAP/,DD 331;
BITMAP/,DD 332;
BIZEN,ELEK 15;
B'KOSA, GEN. JONATHA,MK3 12;
B'KOSA, GEN. JONATHA,MK3 13;
B'KOSA, GEN. JONATHA,MK3 14;
BLACK AVENGER/JERRY,ALL WINNERS 6;
BLACK AVENGER/JERRY,CA 442;
BLACKBALL,NW 27;
BLACKBIRD/,CA 388;
BLACKBIRD/,CA 389;
BLACKBODY,SS3 112;
BLACKBODY,SS3 113;
BLACKBODY,SS3 114;
BLACKBODY,SS3 117;
BLACKBODY,SS3 118;
BLACKBODY,SS3 121;
BLACK BOLT/BLACKANTO,A 118;
BLACK BOLT/BLACKANTO,A 12;
BLACK BOLT/BLACKANTO,A 127;
BLACK BOLT/BLACKANTO,A 188;
BLACK BOLT/BLACKANTO,A 334;
BLACK BOLT/BLACKANTO,A 95;
BLACK BOLT/BLACKANTO,AA2 1;
BLACK BOLT/BLACKANTO,AA2 10;
BLACK BOLT/BLACKANTO,AA2 2;
BLACK BOLT/BLACKANTO,AA2 3;
BLACK BOLT/BLACKANTO,AA2 4;
BLACK BOLT/BLACKANTO,AA2 5;
BLACK BOLT/BLACKANTO,AA2 6;
BLACK BOLT/BLACKANTO,AA2 7;
BLACK BOLT/BLACKANTO,AA2 8;
BLACK BOLT/BLACKANTO,AA2 9;
BLACK BOLT/BLACKANTO,AR 1;
BLACK BOLT/BLACKANTO,AR 2;
BLACK BOLT/BLACKANTO,CM 53;
BLACK BOLT/BLACKANTO,COC 1;
BLACK BOLT/BLACKANTO,DAZZ 19;
BLACK BOLT/BLACKANTO,DAZZ 32;
BLACK BOLT/BLACKANTO,DD 272;
BLACK BOLT/BLACKANTO,DD 273;
BLACK BOLT/BLACKANTO,DD 274;
BLACK BOLT/BLACKANTO,FF 12;
BLACK BOLT/BLACKANTO,FF 129;
BLACK BOLT/BLACKANTO,FF 130;
BLACK BOLT/BLACKANTO,FF 131;
BLACK BOLT/BLACKANTO,FF 132;
BLACK BOLT/BLACKANTO,FF 150;
BLACK BOLT/BLACKANTO,FF 158;
BLACK BOLT/BLACKANTO,FF 159;
BLACK BOLT/BLACKANTO,FF 18;
BLACK BOLT/BLACKANTO,FF 21;
BLACK BOLT/BLACKANTO,FF2 10;
BLACK BOLT/BLACKANTO,FF 21/2;
BLACK BOLT/BLACKANTO,FF2 12;
BLACK BOLT/BLACKANTO,FF 240;
BLACK BOLT/BLACKANTO,FF 248;
BLACK BOLT/BLACKANTO,FF2 8;
BLACK BOLT/BLACKANTO,FF2 9;
BLACK BOLT/BLACKANTO,FF 306;
BLACK BOLT/BLACKANTO,FF 391;
BLACK BOLT/BLACKANTO,FF 400/2;
BLACK BOLT/BLACKANTO,FF 401;
BLACK BOLT/BLACKANTO,FF 402;
BLACK BOLT/BLACKANTO,FF 411;
BLACK BOLT/BLACKANTO,FF 412;
BLACK BOLT/BLACKANTO,FF 413;
BLACK BOLT/BLACKANTO,FF 416;
BLACK BOLT/BLACKANTO,FF 45;
BLACK BOLT/BLACKANTO,FF 46;
BLACK BOLT/BLACKANTO,FF 47;
BLACK BOLT/BLACKANTO,FF 48;
BLACK BOLT/BLACKANTO,FF 5;
BLACK BOLT/BLACKANTO,FF 50;
BLACK BOLT/BLACKANTO,FF 52;
BLACK BOLT/BLACKANTO,FF 54;
BLACK BOLT/BLACKANTO,FF 56;
BLACK BOLT/BLACKANTO,FF 57;
BLACK BOLT/BLACKANTO,FF 59;
BLACK BOLT/BLACKANTO,FF 60;
BLACK BOLT/BLACKANTO,FF 61;
BLACK BOLT/BLACKANTO,FF 62;
BLACK BOLT/BLACKANTO,FF 82;
BLACK BOLT/BLACKANTO,FF 83;
BLACK BOLT/BLACKANTO,FF 99;
BLACK BOLT/BLACKANTO,FFU 11;
BLACK BOLT/BLACKANTO,H 1;
BLACK BOLT/BLACKANTO,H2 175;
BLACK BOLT/BLACKANTO,H2 279;
BLACK BOLT/BLACKANTO,HR:R 4;
BLACK BOLT/BLACKANTO,IG 2;
BLACK BOLT/BLACKANTO,I:GR;
BLACK BOLT/BLACKANTO,IM2 12;
BLACK BOLT/BLACKANTO,INH 1;
BLACK BOLT/BLACKANTO,INH 10;
BLACK BOLT/BLACKANTO,INH 11;
BLACK BOLT/BLACKANTO,INH 12;
BLACK BOLT/BLACKANTO,INH 2;
BLACK BOLT/BLACKANTO,INH2 1;
BLACK BOLT/BLACKANTO,INH2 10;
BLACK BOLT/BLACKANTO,INH2 11;
BLACK BOLT/BLACKANTO,INH2 12;
BLACK BOLT/BLACKANTO,INH2 2;
BLACK BOLT/BLACKANTO,INH2 3;
BLACK BOLT/BLACKANTO,INH2 4;
BLACK BOLT/BLACKANTO,INH2 5;
BLACK BOLT/BLACKANTO,INH2 6;
BLACK BOLT/BLACKANTO,INH2 7;
BLACK BOLT/BLACKANTO,INH2 8;
BLACK BOLT/BLACKANTO,INH2 9;
BLACK BOLT/BLACKANTO,INH 3;
BLACK BOLT/BLACKANTO,INH3 1;
BLACK BOLT/BLACKANTO,INH3 2;
BLACK BOLT/BLACKANTO,INH3 3;
BLACK BOLT/BLACKANTO,INH3 4;
BLACK BOLT/BLACKANTO,INH 4;
BLACK BOLT/BLACKANTO,INH 5;
BLACK BOLT/BLACKANTO,INH 6;
BLACK BOLT/BLACKANTO,INH 7;
BLACK BOLT/BLACKANTO,INH 8;
BLACK BOLT/BLACKANTO,INHUMANS GRAPHIC NOV;
BLACK BOLT/BLACKANTO,I:US 1;
BLACK BOLT/BLACKANTO,KZ4 10;
BLACK BOLT/BLACKANTO,M/FAN 14/2;
BLACK BOLT/BLACKANTO,M/GN 1;
BLACK BOLT/BLACKANTO,M/SH 15;
BLACK BOLT/BLACKANTO,M/TIO 4;
BLACK BOLT/BLACKANTO,M/TIO 72;
BLACK BOLT/BLACKANTO,M/TU 11;
BLACK BOLT/BLACKANTO,NO2 12;
BLACK BOLT/BLACKANTO,NO2 13;
BLACK BOLT/BLACKANTO,NW 6;
BLACK BOLT/BLACKANTO,PPTSS 11;
BLACK BOLT/BLACKANTO,PPTSSSS 1;
BLACK BOLT/BLACKANTO,QS 4;
BLACK BOLT/BLACKANTO,QS 5;
BLACK BOLT/BLACKANTO,QS 6;
BLACK BOLT/BLACKANTO,SS 18;
BLACK BOLT/BLACKANTO,SS3 60;
BLACK BOLT/BLACKANTO,SUB-M 2;
BLACK BOLT/BLACKANTO,T 148/2;
BLACK BOLT/BLACKANTO,T 149/2;
BLACK BOLT/BLACKANTO,T 152/2;
BLACK BOLT/BLACKANTO,TG 3;
BLACK BOLT/BLACKANTO,V&SW2 10;
BLACK BOLT/BLACKANTO,V&SW 4;
BLACK BOLT/BLACKANTO,WI? 30/2;
BLACK BOLT/BLACKANTO,XF 2;
BLACK BOLT/BLACKANTO,XF 67;
BLACK BOLT/BLACKANTO,XF 68;
BLACK BOLT/BLACKANTO,X:HY 16;
BLACK BOLT | MUTANT,MX 32;
BLACK BRIGADE,A3 20;
BLACK BRIGADE,FW 11;
BLACK BRIGADE,FW 12;
BLACK BRIGADE,FW 4;
BLACK BRIGADE,FW 5;
BLACK BRIGADE,WARM 14;
BLACK, CAL,XF 146;
BLACK CAT/FELICIA HA,ASM 194;
BLACK CAT/FELICIA HA,ASM 195;
BLACK CAT/FELICIA HA,ASM 204;
BLACK CAT/FELICIA HA,ASM 205;
BLACK CAT/FELICIA HA,ASM 226;
BLACK CAT/FELICIA HA,ASM 227;
BLACK CAT/FELICIA HA,ASM 239;
BLACK CAT/FELICIA HA,ASM 243;
BLACK CAT/FELICIA HA,ASM 244;
BLACK CAT/FELICIA HA,ASM 246;
BLACK CAT/FELICIA HA,ASM 252;
BLACK CAT/FELICIA HA,ASM 256;
BLACK CAT/FELICIA HA,ASM 257;
BLACK CAT/FELICIA HA,ASM 258;
BLACK CAT/FELICIA HA,ASM 263;
BLACK CAT/FELICIA HA,ASM 266;
BLACK CAT/FELICIA HA,ASM 288;
BLACK CAT/FELICIA HA,ASM 289;
BLACK CAT/FELICIA HA,ASM 306;
BLACK CAT/FELICIA HA,ASM 308;
BLACK CAT/FELICIA HA,ASM 316;
BLACK CAT/FELICIA HA,ASM 329;
BLACK CAT/FELICIA HA,ASM 330;
BLACK CAT/FELICIA HA,ASM 331;
BLACK CAT/FELICIA HA,ASM 335;
BLACK CAT/FELICIA HA,ASM 337;
BLACK CAT/FELICIA HA,ASM 341;
BLACK CAT/FELICIA HA,ASM 342;
BLACK CAT/FELICIA HA,ASM 343;
BLACK CAT/FELICIA HA,ASM 346;
BLACK CAT/FELICIA HA,ASM 347;
BLACK CAT/FELICIA HA,ASM 359;
BLACK CAT/FELICIA HA,ASM 368;
BLACK CAT/FELICIA HA,ASM 369;
BLACK CAT/FELICIA HA,ASM 370;
BLACK CAT/FELICIA HA,ASM 371;
BLACK CAT/FELICIA HA,ASM 372;
BLACK CAT/FELICIA HA,ASM 400;
BLACK CAT/FELICIA HA,ASMU 11;
BLACK CAT/FELICIA HA,ASMU 9;
BLACK CAT/FELICIA HA,BCAT 1;
BLACK CAT/FELICIA HA,BCAT 2;
BLACK CAT/FELICIA HA,BCAT 3;
BLACK CAT/FELICIA HA,BCAT 4;
BLACK CAT/FELICIA HA,FF 367;
BLACK CAT/FELICIA HA,IW 3;
BLACK CAT/FELICIA HA,M/CP 57/4;
BLACK CAT/FELICIA HA,MK3 4;
BLACK CAT/FELICIA HA,MK3 5;
BLACK CAT/FELICIA HA,M/TU 7;
BLACK CAT/FELICIA HA,PPSM '00;
BLACK CAT/FELICIA HA,PPSM2 5;
BLACK CAT/FELICIA HA,PPTSS 100;
BLACK CAT/FELICIA HA,PPTSS 112;
BLACK CAT/FELICIA HA,PPTSS 113;
BLACK CAT/FELICIA HA,PPTSS 115;
BLACK CAT/FELICIA HA,PPTSS 116;
BLACK CAT/FELICIA HA,PPTSS 117;
BLACK CAT/FELICIA HA,PPTSS 119;
BLACK CAT/FELICIA HA,PPTSS 123;
BLACK CAT/FELICIA HA,PPTSS 128;
BLACK CAT/FELICIA HA,PPTSS 129;
BLACK CAT/FELICIA HA,PPTSS 130;
BLACK CAT/FELICIA HA,PPTSS 155;
BLACK CAT/FELICIA HA,PPTSS 156;
BLACK CAT/FELICIA HA,PPTSS 4;
BLACK CAT/FELICIA HA,PPTSS 74;
BLACK CAT/FELICIA HA,PPTSS 75;
BLACK CAT/FELICIA HA,PPTSS 76;
BLACK CAT/FELICIA HA,PPTSS 77;
BLACK CAT/FELICIA HA,PPTSS 78;
BLACK CAT/FELICIA HA,PPTSS 79;
BLACK CAT/FELICIA HA,PPTSS 81;
BLACK CAT/FELICIA HA,PPTSS 82;
BLACK CAT/FELICIA HA,PPTSS 83;
BLACK CAT/FELICIA HA,PPTSS 84;
BLACK CAT/FELICIA HA,PPTSS 85;
BLACK CAT/FELICIA HA,PPTSS 86;
BLACK CAT/FELICIA HA,PPTSS 87;
BLACK CAT/FELICIA HA,PPTSS 88;
BLACK CAT/FELICIA HA,PPTSS 89;
BLACK CAT/FELICIA HA,PPTSS 90;
BLACK CAT/FELICIA HA,PPTSS 91;
BLACK CAT/FELICIA HA,PPTSS 92;
BLACK CAT/FELICIA HA,PPTSS 93;
BLACK CAT/FELICIA HA,PPTSS 94;
BLACK CAT/FELICIA HA,PPTSS 95;
BLACK CAT/FELICIA HA,PPTSS 96;
BLACK CAT/FELICIA HA,PPTSS 97;
BLACK CAT/FELICIA HA,PPTSS 98;
BLACK CAT/FELICIA HA,PPTSS 99;
BLACK CAT/FELICIA HA,SENSM 29;
BLACK CAT/FELICIA HA,SENSM 30;
BLACK CAT/FELICIA HA,SENSM 7;
BLACK CAT/FELICIA HA,S-M 23;
BLACK CAT/FELICIA HA,ST2 10;
BLACK CAT/FELICIA HA,W2 134;
BLACK CAT/FELICIA HA,WM2 13;
BLACK CAT/FELICIA HA,WOSM 128;
BLACK CAT/FELICIA HA,WOSM 77;
BLACK CAT/FELICIA HA,WOSM 78;
BLACK CAT/FELICIA HA,WOSM 80;
BLACK CAT/FELICIA HA,WOSM 8/3;
BLACK CAT/FELICIA HA,WOSSSS 1/2;
BLACK CRANE/,DPOOL3 27;
BLACK CRANE/,UX 363;
BLACK CROW/JESSE BLA,CA 292;
BLACK CROW/JESSE BLA,CA 299;
BLACK CROW/JESSE BLA,CA 300;
BLACK CROW/JESSE BLA,CA 440;
BLACK CROW/JESSE BLA,CA 443;
BLACK CROW/JESSE BLA,DD 225;
BLACK CROW/JESSE BLA,DRSTR3 25;
BLACK CROW/JESSE BLA,M/FAN 39;
BLACK CROW/JESSE BLA,PPTSS 191;
BLACK CROW/JESSE BLA,PPTSS 192;
BLACK CROW/JESSE BLA,PPTSS 193;
BLACK CROW/JESSE BLA,Q 23;
BLACK, CYRUS,DEF 6;
BLACK, CYRUS,DRSTR2 34;
BLACK, CYRUS,TTA2 13/2;
BLACK DEATH/DR. IVAN,XU 28;
BLACK FOX II/,ASM 255;
BLACK FOX II/,ASM 265;
BLACK FOX II/,ASM 304;
BLACK FOX II/,ASM 305;
BLACK FOX II/,ASM 348;
BLACK FOX II/,ASM 349;
BLACK FOX II/,ASM 350;
BLACK FOX II/,WOSM 14;
BLACK FOX II/,WOSM 15;
BLACK FOX/ROBERT W.,M/:LG 1;
BLACK FOX/ROBERT W.,M/:LG 11;
BLACK FOX/ROBERT W.,M/:LG 12;
BLACK FOX/ROBERT W.,M/:LG 2;
BLACK FOX/ROBERT W.,M/:LG 3;
BLACK FOX/ROBERT W.,M/:LG 4;
BLACK FOX/ROBERT W.,M/:LG 5;
BLACK FOX/ROBERT W.,M/:LG 6;
BLACK FOX/ROBERT W.,M/:LG 7;
BLACK FOX/ROBERT W.,M/:LG 8;
BLACK FOX/ROBERT W.,M/:LG 9;
BLACK GOLIATH/DR. WI,A 244;
BLACK GOLIATH/DR. WI,A 246;
BLACK GOLIATH/DR. WI,A 32;
BLACK GOLIATH/DR. WI,A 33;
BLACK GOLIATH/DR. WI,A 34;
BLACK GOLIATH/DR. WI,A 35;
BLACK GOLIATH/DR. WI,A 379/2;
BLACK GOLIATH/DR. WI,A 380/2;
BLACK GOLIATH/DR. WI,A 381/2;
BLACK GOLIATH/DR. WI,A 382/3;
BLACK GOLIATH/DR. WI,A 41;
BLACK GOLIATH/DR. WI,A 54;
BLACK GOLIATH/DR. WI,A 75;
BLACK GOLIATH/DR. WI,AWC 100/2;
BLACK GOLIATH/DR. WI,BG 1;
BLACK GOLIATH/DR. WI,BG 2;
BLACK GOLIATH/DR. WI,BG 3;
BLACK GOLIATH/DR. WI,BG 4;
BLACK GOLIATH/DR. WI,BG 5;
BLACK GOLIATH/DR. WI,BP3 17;
BLACK GOLIATH/DR. WI,CHAMP 11;
BLACK GOLIATH/DR. WI,CHAMP 12;
BLACK GOLIATH/DR. WI,CHAMP 13;
BLACK GOLIATH/DR. WI,DEF 62;
BLACK GOLIATH/DR. WI,DEF 63;
BLACK GOLIATH/DR. WI,DEF 64;
BLACK GOLIATH/DR. WI,DEF 65;
BLACK GOLIATH/DR. WI,M/CP 113/2;
BLACK GOLIATH/DR. WI,M/CP 114/2;
BLACK GOLIATH/DR. WI,M/CP 115/2;
BLACK GOLIATH/DR. WI,M/CP 116/2;
BLACK GOLIATH/DR. WI,M/CP 117/2;
BLACK GOLIATH/DR. WI,M/CP 118/2;
BLACK GOLIATH/DR. WI,M/FEA 9;
BLACK GOLIATH/DR. WI,M/SH3 11/2;
BLACK GOLIATH/DR. WI,M/TIO 24;
BLACK GOLIATH/DR. WI,M/TIO 54;
BLACK GOLIATH/DR. WI,M/TIO 55;
BLACK GOLIATH/DR. WI,M/TIO 56;
BLACK GOLIATH/DR. WI,M/TIO 57;
BLACK GOLIATH/DR. WI,M/TIO 58;
BLACK GOLIATH/DR. WI,M/TIO 76;
BLACK GOLIATH/DR. WI,M/TIO 81;
BLACK GOLIATH/DR. WI,M/TIO 82;
BLACK GOLIATH/DR. WI,M/TIO 83;
BLACK GOLIATH/DR. WI,M/TIO 84;
BLACK GOLIATH/DR. WI,M/TIO 85;
BLACK GOLIATH/DR. WI,M/TIO 96;
BLACK GOLIATH/DR. WI,PM 24;
BLACK GOLIATH/DR. WI,PM 25;
BLACK GOLIATH/DR. WI,PPTSS 41;
BLACK GOLIATH/DR. WI,S-W 4;
BLACK GOLIATH/DR. WI,S-W 47;
BLACK GOLIATH/DR. WI,WCA2 39;
BLACK GOLIATH/DR. WI,WCA 3;
BLACK GOLIATH/DR. WI,WCA 3/2;
BLACKHEART,DD 270;
BLACKHEART,DD 278;
BLACKHEART,DD 279;
BLACKHEART,DD 281;
BLACKHEART,DD 282;
BLACKHEART,FF '99;
BLACKHEART,HOD;
BLACKHEART,XFOR 74;
BLACKHEART,XFOR 98;
BLACK HOLE/MORTON KI,S-H2 15;
BLACK HOLE/MORTON KI,S-H2 16;
BLACK HOLE/MORTON KI,S-H2 17;
BLACKJACK/,M/:LG 2;
BLACKJACK/,M/:LG 6;
BLACKJACK/,M/:LG 9;
BLACK KING/SEBASTIAN,AF 43;
BLACK KING/SEBASTIAN,ASM 328;
BLACK KING/SEBASTIAN,ASM 329;
BLACK KING/SEBASTIAN,C2 31;
BLACK KING/SEBASTIAN,C2 50;
BLACK KING/SEBASTIAN,C2 51;
BLACK KING/SEBASTIAN,C2 52;
BLACK KING/SEBASTIAN,C2 53;
BLACK KING/SEBASTIAN,CX 6;
BLACK KING/SEBASTIAN,CX 7;
BLACK KING/SEBASTIAN,CX 7/2;
BLACK KING/SEBASTIAN,FS 2;
BLACK KING/SEBASTIAN,FS 3;
BLACK KING/SEBASTIAN,FS 4;
BLACK KING/SEBASTIAN,GENX 69;
BLACK KING/SEBASTIAN,IM3 37;
BLACK KING/SEBASTIAN,M/SH3 11/3;
BLACK KING/SEBASTIAN,MX 15;
BLACK KING/SEBASTIAN,NM 12;
BLACK KING/SEBASTIAN,NM 13;
BLACK KING/SEBASTIAN,NM 17;
BLACK KING/SEBASTIAN,NM 2;
BLACK KING/SEBASTIAN,NM 22;
BLACK KING/SEBASTIAN,NM 23;
BLACK KING/SEBASTIAN,NM 4;
BLACK KING/SEBASTIAN,NM 51;
BLACK KING/SEBASTIAN,NM 53;
BLACK KING/SEBASTIAN,NM 54;
BLACK KING/SEBASTIAN,NM 61;
BLACK KING/SEBASTIAN,NM 7;
BLACK KING/SEBASTIAN,NM 70;
BLACK KING/SEBASTIAN,NM 71;
BLACK KING/SEBASTIAN,NM 73;
BLACK KING/SEBASTIAN,NM 74;
BLACK KING/SEBASTIAN,NM 75;
BLACK KING/SEBASTIAN,NM 8;
BLACK KING/SEBASTIAN,S-M 94;
BLACK KING/SEBASTIAN,UX 129;
BLACK KING/SEBASTIAN,UX 130;
BLACK KING/SEBASTIAN,UX 132;
BLACK KING/SEBASTIAN,UX 133;
BLACK KING/SEBASTIAN,UX 134;
BLACK KING/SEBASTIAN,UX 135;
BLACK KING/SEBASTIAN,UX 142;
BLACK KING/SEBASTIAN,UX 151;
BLACK KING/SEBASTIAN,UX 152;
BLACK KING/SEBASTIAN,UX 169;
BLACK KING/SEBASTIAN,UX 182;
BLACK KING/SEBASTIAN,UX 189;
BLACK KING/SEBASTIAN,UX 208;
BLACK KING/SEBASTIAN,UX 209;
BLACK KING/SEBASTIAN,UX 210;
BLACK KING/SEBASTIAN,UX 246;
BLACK KING/SEBASTIAN,UX 247;
BLACK KING/SEBASTIAN,UX 7;
BLACK KING/SEBASTIAN,X51 2;
BLACK KING/SEBASTIAN,X51 6;
BLACK KING/SEBASTIAN,X 63;
BLACK KING/SEBASTIAN,X 64;
BLACK KING/SEBASTIAN,X 71;
BLACK KING/SEBASTIAN,X 73;
BLACK KING/SEBASTIAN,XCAL 96;
BLACK KING/SEBASTIAN,XF 67;
BLACK KING/SEBASTIAN,XFOR 48;
BLACK KING/SEBASTIAN,XFOR 49;
BLACK KING/SEBASTIAN,XFOR 50;
BLACK KING/SEBASTIAN,X:HC 4;
BLACK KING/SEBASTIAN,XM 15;
BLACK KING/SEBASTIAN,XM 25;
BLACK KING/SEBASTIAN,XM 28;
BLACK KING/SEBASTIAN,XU 17;
BLACK KNIGHT III/EOB,A 264;
BLACK KNIGHT III/EOB,BK:E;
BLACK KNIGHT III/EOB,DEF 11;
BLACK KNIGHT III/EOB,M/CP 73/3;
BLACK KNIGHT III/EOB,M/FAN 52;
BLACK KNIGHT III/EOB,M/FAN 53;
BLACK KNIGHT III/EOB,M/FAN 54;
BLACK KNIGHT III/EOB,M/SH3 4/6;
BLACK KNIGHT II/SIR,A 21;
BLACK KNIGHT II/SIR,AVF 3;
BLACK KNIGHT II/SIR,FF 25;
BLACK KNIGHT IV DOPP,IW 1;
BLACK KNIGHT IV/PROF,A 15;
BLACK KNIGHT IV/PROF,A 16;
BLACK KNIGHT IV/PROF,A 353;
BLACK KNIGHT IV/PROF,A 354;
BLACK KNIGHT IV/PROF,A 47;
BLACK KNIGHT IV/PROF,A 48;
BLACK KNIGHT IV/PROF,A 6;
BLACK KNIGHT IV/PROF,AWC 61;
BLACK KNIGHT IV/PROF,FF 3;
BLACK KNIGHT IV/PROF,FF 405;
BLACK KNIGHT IV/PROF,MARVELS 2;
BLACK KNIGHT IV/PROF,TOS 59;
BLACK KNIGHT IV/PROF,TOS 73;
BLACK KNIGHT IV/PROF,TTA 52;
BLACK KNIGHT/SIR PER,A 100;
BLACK KNIGHT/SIR PER,A 16;
BLACK KNIGHT/SIR PER,A 20/2;
BLACK KNIGHT/SIR PER,A 71;
BLACK KNIGHT/SIR PER,A 84;
BLACK KNIGHT/SIR PER,BK 1;
BLACK KNIGHT/SIR PER,BK 2;
BLACK KNIGHT/SIR PER,BK2 1;
BLACK KNIGHT/SIR PER,BK2 2;
BLACK KNIGHT/SIR PER,BK2 3;
BLACK KNIGHT/SIR PER,BK2 4;
BLACK KNIGHT/SIR PER,BK 3;
BLACK KNIGHT/SIR PER,BK 4;
BLACK KNIGHT/SIR PER,BK 5;
BLACK KNIGHT/SIR PER,DRSTR2 38;
BLACK KNIGHT/SIR PER,DRSTR2 68;
BLACK KNIGHT/SIR PER,M/SH 17;
BLACK KNIGHT/SIR PER,N 61;
BLACK KNIGHT V/DANE,A 100;
BLACK KNIGHT V/DANE,A 14;
BLACK KNIGHT V/DANE,A 15;
BLACK KNIGHT V/DANE,A 157;
BLACK KNIGHT V/DANE,A 16;
BLACK KNIGHT V/DANE,A 21;
BLACK KNIGHT V/DANE,A 21/2;
BLACK KNIGHT V/DANE,A 21/3;
BLACK KNIGHT V/DANE,A 225;
BLACK KNIGHT V/DANE,A 226;
BLACK KNIGHT V/DANE,A 252;
BLACK KNIGHT V/DANE,A 253;
BLACK KNIGHT V/DANE,A 254;
BLACK KNIGHT V/DANE,A 255;
BLACK KNIGHT V/DANE,A 256;
BLACK KNIGHT V/DANE,A 257;
BLACK KNIGHT V/DANE,A 258;
BLACK KNIGHT V/DANE,A 259;
BLACK KNIGHT V/DANE,A 260;
BLACK KNIGHT V/DANE,A 261;
BLACK KNIGHT V/DANE,A 262;
BLACK KNIGHT V/DANE,A 263;
BLACK KNIGHT V/DANE,A 264;
BLACK KNIGHT V/DANE,A 265;
BLACK KNIGHT V/DANE,A 266;
BLACK KNIGHT V/DANE,A 267;
BLACK KNIGHT V/DANE,A 268;
BLACK KNIGHT V/DANE,A 269;
BLACK KNIGHT V/DANE,A 270;
BLACK KNIGHT V/DANE,A 271;
BLACK KNIGHT V/DANE,A 272;
BLACK KNIGHT V/DANE,A 273;
BLACK KNIGHT V/DANE,A 274;
BLACK KNIGHT V/DANE,A 275;
BLACK KNIGHT V/DANE,A 276;
BLACK KNIGHT V/DANE,A 277;
BLACK KNIGHT V/DANE,A 278;
BLACK KNIGHT V/DANE,A 279;
BLACK KNIGHT V/DANE,A 281;
BLACK KNIGHT V/DANE,A 282;
BLACK KNIGHT V/DANE,A 283;
BLACK KNIGHT V/DANE,A 284;
BLACK KNIGHT V/DANE,A 285;
BLACK KNIGHT V/DANE,A 286;
BLACK KNIGHT V/DANE,A 287;
BLACK KNIGHT V/DANE,A 288;
BLACK KNIGHT V/DANE,A 290;
BLACK KNIGHT V/DANE,A 291;
BLACK KNIGHT V/DANE,A 292;
BLACK KNIGHT V/DANE,A 293;
BLACK KNIGHT V/DANE,A 294;
BLACK KNIGHT V/DANE,A 295;
BLACK KNIGHT V/DANE,A 296;
BLACK KNIGHT V/DANE,A 297;
BLACK KNIGHT V/DANE,A 300;
BLACK KNIGHT V/DANE,A3 1;
BLACK KNIGHT V/DANE,A3 16;
BLACK KNIGHT V/DANE,A3 17;
BLACK KNIGHT V/DANE,A3 18;
BLACK KNIGHT V/DANE,A3 2;
BLACK KNIGHT V/DANE,A 329;
BLACK KNIGHT V/DANE,A3 3;
BLACK KNIGHT V/DANE,A 330;
BLACK KNIGHT V/DANE,A 332;
BLACK KNIGHT V/DANE,A 333;
BLACK KNIGHT V/DANE,A 336;
BLACK KNIGHT V/DANE,A 337;
BLACK KNIGHT V/DANE,A 338;
BLACK KNIGHT V/DANE,A3 38;
BLACK KNIGHT V/DANE,A 339;
BLACK KNIGHT V/DANE,A3 4;
BLACK KNIGHT V/DANE,A3 40;
BLACK KNIGHT V/DANE,A3 41;
BLACK KNIGHT V/DANE,A3 42;
BLACK KNIGHT V/DANE,A 343;
BLACK KNIGHT V/DANE,A3 43;
BLACK KNIGHT V/DANE,A 344;
BLACK KNIGHT V/DANE,A 345;
BLACK KNIGHT V/DANE,A 346;
BLACK KNIGHT V/DANE,A 347;
BLACK KNIGHT V/DANE,A 348;
BLACK KNIGHT V/DANE,A 349;
BLACK KNIGHT V/DANE,A 350;
BLACK KNIGHT V/DANE,A 350/2;
BLACK KNIGHT V/DANE,A 351;
BLACK KNIGHT V/DANE,A 352;
BLACK KNIGHT V/DANE,A 353;
BLACK KNIGHT V/DANE,A 354;
BLACK KNIGHT V/DANE,A 355;
BLACK KNIGHT V/DANE,A 356;
BLACK KNIGHT V/DANE,A 357;
BLACK KNIGHT V/DANE,A 374;
BLACK KNIGHT V/DANE,A 375;
BLACK KNIGHT V/DANE,A 380;
BLACK KNIGHT V/DANE,A 47;
BLACK KNIGHT V/DANE,A 48;
BLACK KNIGHT V/DANE,A 54;
BLACK KNIGHT V/DANE,A 55;
BLACK KNIGHT V/DANE,A 60;
BLACK KNIGHT V/DANE,A 61;
BLACK KNIGHT V/DANE,A 62;
BLACK KNIGHT V/DANE,A 70;
BLACK KNIGHT V/DANE,A 71;
BLACK KNIGHT V/DANE,A 84;
BLACK KNIGHT V/DANE,A 85;
BLACK KNIGHT V/DANE,AF 110;
BLACK KNIGHT V/DANE,AF 36;
BLACK KNIGHT V/DANE,AF 61;
BLACK KNIGHT V/DANE,ASM 270;
BLACK KNIGHT V/DANE,ASPOT 39;
BLACK KNIGHT V/DANE,BK2 1;
BLACK KNIGHT V/DANE,BK2 2;
BLACK KNIGHT V/DANE,BK2 3;
BLACK KNIGHT V/DANE,BK2 4;
BLACK KNIGHT V/DANE,BK:E;
BLACK KNIGHT V/DANE,C2 30;
BLACK KNIGHT V/DANE,CA 310;
BLACK KNIGHT V/DANE,CA 314;
BLACK KNIGHT V/DANE,CA 323;
BLACK KNIGHT V/DANE,CA 399;
BLACK KNIGHT V/DANE,CA 400;
BLACK KNIGHT V/DANE,CA 401;
BLACK KNIGHT V/DANE,COC 1;
BLACK KNIGHT V/DANE,DAMCON 1;
BLACK KNIGHT V/DANE,DEF 11;
BLACK KNIGHT V/DANE,DEF 4;
BLACK KNIGHT V/DANE,DEF 8;
BLACK KNIGHT V/DANE,DRSTR 178;
BLACK KNIGHT V/DANE,DRSTR2 68;
BLACK KNIGHT V/DANE,DRSTR2 69;
BLACK KNIGHT V/DANE,FF 19;
BLACK KNIGHT V/DANE,FF 25;
BLACK KNIGHT V/DANE,FF 367;
BLACK KNIGHT V/DANE,FF 368;
BLACK KNIGHT V/DANE,H2 320;
BLACK KNIGHT V/DANE,H2 321;
BLACK KNIGHT V/DANE,H2 322;
BLACK KNIGHT V/DANE,H2 323;
BLACK KNIGHT V/DANE,HFH 12;
BLACK KNIGHT V/DANE,HFH 13;
BLACK KNIGHT V/DANE,HFH 14;
BLACK KNIGHT V/DANE,HFH 15;
BLACK KNIGHT V/DANE,HFH 16;
BLACK KNIGHT V/DANE,HFH 17;
BLACK KNIGHT V/DANE,HFH 2;
BLACK KNIGHT V/DANE,HFH 3;
BLACK KNIGHT V/DANE,HFH 4;
BLACK KNIGHT V/DANE,HFH 5;
BLACK KNIGHT V/DANE,HFH 6;
BLACK KNIGHT V/DANE,HFH 7;
BLACK KNIGHT V/DANE,HFH 8;
BLACK KNIGHT V/DANE,HFH '98;
BLACK KNIGHT V/DANE,IG 2;
BLACK KNIGHT V/DANE,IM 278;
BLACK KNIGHT V/DANE,IM 279;
BLACK KNIGHT V/DANE,IW 1;
BLACK KNIGHT V/DANE,IW 2;
BLACK KNIGHT V/DANE,IW 3;
BLACK KNIGHT V/DANE,IW 4;
BLACK KNIGHT V/DANE,IW 6;
BLACK KNIGHT V/DANE,M/CP 73/3;
BLACK KNIGHT V/DANE,MEPHVS 4;
BLACK KNIGHT V/DANE,M/FAN 52;
BLACK KNIGHT V/DANE,M/FAN 53;
BLACK KNIGHT V/DANE,M/FAN 54;
BLACK KNIGHT V/DANE,MK3 41;
BLACK KNIGHT V/DANE,MK3 43;
BLACK KNIGHT V/DANE,MK3 44;
BLACK KNIGHT V/DANE,M/SH 17;
BLACK KNIGHT V/DANE,M/SH3 4/6;
BLACK KNIGHT V/DANE,NFV.S 2;
BLACK KNIGHT V/DANE,NM 40;
BLACK KNIGHT V/DANE,NW 26;
BLACK KNIGHT V/DANE,NW 27;
BLACK KNIGHT V/DANE,PM&IF 125;
BLACK KNIGHT V/DANE,PP 28;
BLACK KNIGHT V/DANE,Q 41;
BLACK KNIGHT V/DANE,Q 42;
BLACK KNIGHT V/DANE,QS 11;
BLACK KNIGHT V/DANE,QS 12;
BLACK KNIGHT V/DANE,QS 7;
BLACK KNIGHT V/DANE,ROM 65;
BLACK KNIGHT V/DANE,SOLOA 12/2;
BLACK KNIGHT V/DANE,SOLOA 4/2;
BLACK KNIGHT V/DANE,SWII 5;
BLACK KNIGHT V/DANE,SWII 8;
BLACK KNIGHT V/DANE,SWII 9;
BLACK KNIGHT V/DANE,T 17;
BLACK KNIGHT V/DANE,T 381;
BLACK KNIGHT V/DANE,T 390;
BLACK KNIGHT V/DANE,T 396;
BLACK KNIGHT V/DANE,T 397;
BLACK KNIGHT V/DANE,T 398;
BLACK KNIGHT V/DANE,T 399;
BLACK KNIGHT V/DANE,T 400;
BLACK KNIGHT V/DANE,T 447;
BLACK KNIGHT V/DANE,WCA1;
BLACK KNIGHT V/DANE,WCA 2;
BLACK KNIGHT V/DANE,WCA2 31;
BLACK KNIGHT V/DANE,WM2 13;
BLACK KNIGHT V/DANE,WM2 9;
BLACK KNIGHT V/DANE,XCAL 125;
BLACK KNIGHT V/DANE,XCAL2 1;
BLACK KNIGHT V/DANE,XCAL2 2;
BLACK KNIGHT V/DANE,XCAL2 3;
BLACK KNIGHT V/DANE,XCAL2 4;
BLACK KNIGHT V/DANE,XF 32;
BLACK KNIGHT V/DANE,XVSA 1;
BLACK KNIGHT V/DANE,XVSA 2;
BLACK KNIGHT V/DANE,XVSA 3;
BLACK KNIGHT V/DANE,XVSA 4;
BLACK KNIGHT V DOPPE,IW 3;
BLACK KNIGHT V DOPPE,MK3 43;
BLACK KNIGHT VI/PROF,MASTERS OF EVIL;
BLACK KNIGHT V STATU,A 116;
BLACK KNIGHT V STATU,A 117;
BLACK KNIGHT V STATU,A 157;
BLACK KNIGHT V STATU,A 158;
BLACK KNIGHT V STATU,A 226;
BLACK KNIGHT V STATU,DEF 10;
BLACK KNIGHT V STATU,DEF 11;
BLACK KNIGHT V STATU,DEF 4;
BLACK KNIGHT V STATU,DEF 5;
BLACK KNIGHT V STATU,DEF 6;
BLACK KNIGHT V STATU,DEF 8;
BLACK KNIGHT V STATU,DEF 9;
BLACK KNIGHT V STATU,DRSTR2 29;
BLACK KNIGHT V STATU,DRSTR2 37;
BLACK LAMA,IM 53;
BLACK LAMA,IM 71;
BLACK LAMA,IM 72;
BLACK LAMA,IM 74;
BLACK LAMA,IM 75;
BLACK LAMA,IM 77;
BLACK LAMA,IM 80;
BLACK LAMA,IM 81;
BLACK MAMBA/TANYA SE,A 274;
BLACK MAMBA/TANYA SE,CA 307;
BLACK MAMBA/TANYA SE,CA 308;
BLACK MAMBA/TANYA SE,CA 310;
BLACK MAMBA/TANYA SE,CA 311;
BLACK MAMBA/TANYA SE,CA 313;
BLACK MAMBA/TANYA SE,CA 315;
BLACK MAMBA/TANYA SE,CA 319;
BLACK MAMBA/TANYA SE,CA 341/3;
BLACK MAMBA/TANYA SE,CA 342;
BLACK MAMBA/TANYA SE,CA 365/2;
BLACK MAMBA/TANYA SE,CA 367/2;
BLACK MAMBA/TANYA SE,CA 368;
BLACK MAMBA/TANYA SE,CA 371;
BLACK MAMBA/TANYA SE,CA 371/2;
BLACK MAMBA/TANYA SE,CA 380;
BLACK MAMBA/TANYA SE,CA 381;
BLACK MAMBA/TANYA SE,CA 382;
BLACK MAMBA/TANYA SE,CA 385/2;
BLACK MAMBA/TANYA SE,CA 386/2;
BLACK MAMBA/TANYA SE,CA 387;
BLACK MAMBA/TANYA SE,CA 388;
BLACK MAMBA/TANYA SE,CA 389;
BLACK MAMBA/TANYA SE,CA 390;
BLACK MAMBA/TANYA SE,CA 391;
BLACK MAMBA/TANYA SE,CA 392;
BLACK MAMBA/TANYA SE,CA 393;
BLACK MAMBA/TANYA SE,CA 394/2;
BLACK MAMBA/TANYA SE,CA 395;
BLACK MAMBA/TANYA SE,CA 395/2;
BLACK MAMBA/TANYA SE,CA 396/2;
BLACK MAMBA/TANYA SE,CA 397/2;
BLACK MAMBA/TANYA SE,IM 160;
BLACK MAMBA/TANYA SE,M/TIO 64;
BLACK MAMBA/TANYA SE,M/TIO 65;
BLACK MAMBA/TANYA SE,UX 13;
BLACK MARIAH,LCHFH 5;
BLACK MARIAH,PM&IF 88;
BLACK MARVEL/DAN LYO,CA 442;
BLACK MARVEL/DAN LYO,MARVELS 1;
BLACK MORAY,N 52;
BLACK MORAY,N 53;
BLACK MOUNTAIN/KUROY,ELEK 14;
BLACKOUT II/,GR3 14;
BLACKOUT II/,GR3 15;
BLACKOUT II/,GR3 2;
BLACKOUT II/,GR3 25;
BLACKOUT II/,GR3 28;
BLACKOUT II/,GR3 3;
BLACKOUT II/,GR3 31;
BLACKOUT II/,GR3 7;
BLACKOUT II/,GR3 8;
BLACKOUT II/,GR3 9;
BLACKOUT II/,MORBIUS 1;
BLACKOUT II/,SOV 1;
BLACKOUT II/,SOV 3;
BLACKOUT/MARCUS DANI,A 236;
BLACKOUT/MARCUS DANI,A 237;
BLACKOUT/MARCUS DANI,A 238;
BLACKOUT/MARCUS DANI,A 273;
BLACKOUT/MARCUS DANI,A 274;
BLACKOUT/MARCUS DANI,A 275;
BLACKOUT/MARCUS DANI,A 276;
BLACKOUT/MARCUS DANI,A 277;
BLACKOUT/MARCUS DANI,DAZZ 32;
BLACKOUT/MARCUS DANI,FF 405;
BLACKOUT/MARCUS DANI,M/SH3 12/3;
BLACKOUT/MARCUS DANI,NO 19;
BLACK PANTHER | MUTA,MX '01;
BLACK PANTHER/T'CHAL,A 100;
BLACK PANTHER/T'CHAL,A 105;
BLACK PANTHER/T'CHAL,A 106;
BLACK PANTHER/T'CHAL,A 107;
BLACK PANTHER/T'CHAL,A 108;
BLACK PANTHER/T'CHAL,A 109;
BLACK PANTHER/T'CHAL,A 110;
BLACK PANTHER/T'CHAL,A 111;
BLACK PANTHER/T'CHAL,A 112;
BLACK PANTHER/T'CHAL,A 113;
BLACK PANTHER/T'CHAL,A 114;
BLACK PANTHER/T'CHAL,A 115;
BLACK PANTHER/T'CHAL,A 116;
BLACK PANTHER/T'CHAL,A 117;
BLACK PANTHER/T'CHAL,A 118;
BLACK PANTHER/T'CHAL,A 119;
BLACK PANTHER/T'CHAL,A 121;
BLACK PANTHER/T'CHAL,A 122;
BLACK PANTHER/T'CHAL,A 123;
BLACK PANTHER/T'CHAL,A 124;
BLACK PANTHER/T'CHAL,A 125;
BLACK PANTHER/T'CHAL,A 126;
BLACK PANTHER/T'CHAL,A 137;
BLACK PANTHER/T'CHAL,A 157;
BLACK PANTHER/T'CHAL,A 159;
BLACK PANTHER/T'CHAL,A 160;
BLACK PANTHER/T'CHAL,A 161;
BLACK PANTHER/T'CHAL,A 162;
BLACK PANTHER/T'CHAL,A 164;
BLACK PANTHER/T'CHAL,A 165;
BLACK PANTHER/T'CHAL,A 169;
BLACK PANTHER/T'CHAL,A 172;
BLACK PANTHER/T'CHAL,A 173;
BLACK PANTHER/T'CHAL,A 174;
BLACK PANTHER/T'CHAL,A 175;
BLACK PANTHER/T'CHAL,A 176;
BLACK PANTHER/T'CHAL,A 177;
BLACK PANTHER/T'CHAL,A 179;
BLACK PANTHER/T'CHAL,A 18;
BLACK PANTHER/T'CHAL,A 180;
BLACK PANTHER/T'CHAL,A 181;
BLACK PANTHER/T'CHAL,A 2;
BLACK PANTHER/T'CHAL,A 211;
BLACK PANTHER/T'CHAL,A 239;
BLACK PANTHER/T'CHAL,A 280;
BLACK PANTHER/T'CHAL,A 305;
BLACK PANTHER/T'CHAL,A 306;
BLACK PANTHER/T'CHAL,A 307;
BLACK PANTHER/T'CHAL,A 308;
BLACK PANTHER/T'CHAL,A3 1;
BLACK PANTHER/T'CHAL,A3 19;
BLACK PANTHER/T'CHAL,A3 2;
BLACK PANTHER/T'CHAL,A3 20;
BLACK PANTHER/T'CHAL,A3 21;
BLACK PANTHER/T'CHAL,A3 22;
BLACK PANTHER/T'CHAL,A3 23;
BLACK PANTHER/T'CHAL,A3 3;
BLACK PANTHER/T'CHAL,A 335;
BLACK PANTHER/T'CHAL,A 336;
BLACK PANTHER/T'CHAL,A 337;
BLACK PANTHER/T'CHAL,A 338;
BLACK PANTHER/T'CHAL,A 339;
BLACK PANTHER/T'CHAL,A3 4;
BLACK PANTHER/T'CHAL,A3 43;
BLACK PANTHER/T'CHAL,A 356;
BLACK PANTHER/T'CHAL,A 394;
BLACK PANTHER/T'CHAL,A 400;
BLACK PANTHER/T'CHAL,A 51;
BLACK PANTHER/T'CHAL,A 52;
BLACK PANTHER/T'CHAL,A 53;
BLACK PANTHER/T'CHAL,A 54;
BLACK PANTHER/T'CHAL,A 55;
BLACK PANTHER/T'CHAL,A 56;
BLACK PANTHER/T'CHAL,A 57;
BLACK PANTHER/T'CHAL,A 58;
BLACK PANTHER/T'CHAL,A 59;
BLACK PANTHER/T'CHAL,A 60;
BLACK PANTHER/T'CHAL,A 61;
BLACK PANTHER/T'CHAL,A 62;
BLACK PANTHER/T'CHAL,A 63;
BLACK PANTHER/T'CHAL,A 64;
BLACK PANTHER/T'CHAL,A 65;
BLACK PANTHER/T'CHAL,A 68;
BLACK PANTHER/T'CHAL,A 69;
BLACK PANTHER/T'CHAL,A 70;
BLACK PANTHER/T'CHAL,A 71;
BLACK PANTHER/T'CHAL,A 73;
BLACK PANTHER/T'CHAL,A 74;
BLACK PANTHER/T'CHAL,A 75;
BLACK PANTHER/T'CHAL,A 76;
BLACK PANTHER/T'CHAL,A 77;
BLACK PANTHER/T'CHAL,A 78;
BLACK PANTHER/T'CHAL,A 79;
BLACK PANTHER/T'CHAL,A 8;
BLACK PANTHER/T'CHAL,A 80;
BLACK PANTHER/T'CHAL,A 81;
BLACK PANTHER/T'CHAL,A 82;
BLACK PANTHER/T'CHAL,A 83;
BLACK PANTHER/T'CHAL,A 84;
BLACK PANTHER/T'CHAL,A 85;
BLACK PANTHER/T'CHAL,A 86;
BLACK PANTHER/T'CHAL,A 87;
BLACK PANTHER/T'CHAL,A 88;
BLACK PANTHER/T'CHAL,A 99;
BLACK PANTHER/T'CHAL,AR 1;
BLACK PANTHER/T'CHAL,ASM 25;
BLACK PANTHER/T'CHAL,AT 6/2;
BLACK PANTHER/T'CHAL,AT 7/2;
BLACK PANTHER/T'CHAL,AWC 47;
BLACK PANTHER/T'CHAL,BP 1;
BLACK PANTHER/T'CHAL,BP 10;
BLACK PANTHER/T'CHAL,BP 11;
BLACK PANTHER/T'CHAL,BP 12;
BLACK PANTHER/T'CHAL,BP 13;
BLACK PANTHER/T'CHAL,BP 14;
BLACK PANTHER/T'CHAL,BP 15;
BLACK PANTHER/T'CHAL,BP 2;
BLACK PANTHER/T'CHAL,BP2 1;
BLACK PANTHER/T'CHAL,BP2 2;
BLACK PANTHER/T'CHAL,BP2 3;
BLACK PANTHER/T'CHAL,BP2 4;
BLACK PANTHER/T'CHAL,BP 3;
BLACK PANTHER/T'CHAL,BP3 1;
BLACK PANTHER/T'CHAL,BP3 10;
BLACK PANTHER/T'CHAL,BP3 11;
BLACK PANTHER/T'CHAL,BP3 12;
BLACK PANTHER/T'CHAL,BP3 13;
BLACK PANTHER/T'CHAL,BP3 14;
BLACK PANTHER/T'CHAL,BP3 15;
BLACK PANTHER/T'CHAL,BP3 16;
BLACK PANTHER/T'CHAL,BP3 17;
BLACK PANTHER/T'CHAL,BP3 18;
BLACK PANTHER/T'CHAL,BP3 19;
BLACK PANTHER/T'CHAL,BP3 19/2;
BLACK PANTHER/T'CHAL,BP3 2;
BLACK PANTHER/T'CHAL,BP3 20;
BLACK PANTHER/T'CHAL,BP3 21;
BLACK PANTHER/T'CHAL,BP3 22;
BLACK PANTHER/T'CHAL,BP3 23;
BLACK PANTHER/T'CHAL,BP3 24;
BLACK PANTHER/T'CHAL,BP3 25;
BLACK PANTHER/T'CHAL,BP3 26;
BLACK PANTHER/T'CHAL,BP3 27;
BLACK PANTHER/T'CHAL,BP3 28;
BLACK PANTHER/T'CHAL,BP3 29;
BLACK PANTHER/T'CHAL,BP3 3;
BLACK PANTHER/T'CHAL,BP3 30;
BLACK PANTHER/T'CHAL,BP3 31;
BLACK PANTHER/T'CHAL,BP3 32;
BLACK PANTHER/T'CHAL,BP3 33;
BLACK PANTHER/T'CHAL,BP3 34;
BLACK PANTHER/T'CHAL,BP3 4;
BLACK PANTHER/T'CHAL,BP3 5;
BLACK PANTHER/T'CHAL,BP3 6;
BLACK PANTHER/T'CHAL,BP3 7;
BLACK PANTHER/T'CHAL,BP3 8;
BLACK PANTHER/T'CHAL,BP3 9;
BLACK PANTHER/T'CHAL,BP 4;
BLACK PANTHER/T'CHAL,BP 5;
BLACK PANTHER/T'CHAL,BP 6;
BLACK PANTHER/T'CHAL,BP 7;
BLACK PANTHER/T'CHAL,BP 8;
BLACK PANTHER/T'CHAL,BP 9;
BLACK PANTHER/T'CHAL,C2 54;
BLACK PANTHER/T'CHAL,CA 100;
BLACK PANTHER/T'CHAL,CA 113;
BLACK PANTHER/T'CHAL,CA 114;
BLACK PANTHER/T'CHAL,CA 121;
BLACK PANTHER/T'CHAL,CA 169;
BLACK PANTHER/T'CHAL,CA 170;
BLACK PANTHER/T'CHAL,CA 171;
BLACK PANTHER/T'CHAL,CA3 3;
BLACK PANTHER/T'CHAL,CA 342;
BLACK PANTHER/T'CHAL,CM 27;
BLACK PANTHER/T'CHAL,CM 28;
BLACK PANTHER/T'CHAL,CM 31;
BLACK PANTHER/T'CHAL,CM 32;
BLACK PANTHER/T'CHAL,CM 33;
BLACK PANTHER/T'CHAL,COC 1;
BLACK PANTHER/T'CHAL,COC 3;
BLACK PANTHER/T'CHAL,DAMCON3 4;
BLACK PANTHER/T'CHAL,DD 245;
BLACK PANTHER/T'CHAL,DD2 8;
BLACK PANTHER/T'CHAL,DD 4;
BLACK PANTHER/T'CHAL,DD 52;
BLACK PANTHER/T'CHAL,DD 69;
BLACK PANTHER/T'CHAL,DD 92;
BLACK PANTHER/T'CHAL,DD 99;
BLACK PANTHER/T'CHAL,DEF 10;
BLACK PANTHER/T'CHAL,DEF 11;
BLACK PANTHER/T'CHAL,DEF 84;
BLACK PANTHER/T'CHAL,DEF 85;
BLACK PANTHER/T'CHAL,DEF 86;
BLACK PANTHER/T'CHAL,DEF 9;
BLACK PANTHER/T'CHAL,DPOOL3 44;
BLACK PANTHER/T'CHAL,FF 119;
BLACK PANTHER/T'CHAL,FF2 12;
BLACK PANTHER/T'CHAL,FF 22;
BLACK PANTHER/T'CHAL,FF2 4;
BLACK PANTHER/T'CHAL,FF 241;
BLACK PANTHER/T'CHAL,FF2 5;
BLACK PANTHER/T'CHAL,FF2 6;
BLACK PANTHER/T'CHAL,FF 311;
BLACK PANTHER/T'CHAL,FF 312;
BLACK PANTHER/T'CHAL,FF 313;
BLACK PANTHER/T'CHAL,FF3 27;
BLACK PANTHER/T'CHAL,FF 390;
BLACK PANTHER/T'CHAL,FF 391;
BLACK PANTHER/T'CHAL,FF 392;
BLACK PANTHER/T'CHAL,FF 400/2;
BLACK PANTHER/T'CHAL,FF 416;
BLACK PANTHER/T'CHAL,FF 5;
BLACK PANTHER/T'CHAL,FF 52;
BLACK PANTHER/T'CHAL,FF 53;
BLACK PANTHER/T'CHAL,FF 54;
BLACK PANTHER/T'CHAL,FF 56;
BLACK PANTHER/T'CHAL,FF 60;
BLACK PANTHER/T'CHAL,FFOR 1;
BLACK PANTHER/T'CHAL,FFOR 10;
BLACK PANTHER/T'CHAL,FFOR 10/2;
BLACK PANTHER/T'CHAL,FFOR 11;
BLACK PANTHER/T'CHAL,FFOR 12;
BLACK PANTHER/T'CHAL,FFOR 13;
BLACK PANTHER/T'CHAL,FFOR 14;
BLACK PANTHER/T'CHAL,FFOR 15;
BLACK PANTHER/T'CHAL,FFOR 4;
BLACK PANTHER/T'CHAL,FFOR 5;
BLACK PANTHER/T'CHAL,GENX 59;
BLACK PANTHER/T'CHAL,H2 128;
BLACK PANTHER/T'CHAL,H2 278;
BLACK PANTHER/T'CHAL,H2 279;
BLACK PANTHER/T'CHAL,HR:R 4;
BLACK PANTHER/T'CHAL,IM 5;
BLACK PANTHER/T'CHAL,INV 1;
BLACK PANTHER/T'CHAL,JA 10;
BLACK PANTHER/T'CHAL,JA 11;
BLACK PANTHER/T'CHAL,JA 12;
BLACK PANTHER/T'CHAL,JA 13;
BLACK PANTHER/T'CHAL,JA 14;
BLACK PANTHER/T'CHAL,JA 15;
BLACK PANTHER/T'CHAL,JA 16;
BLACK PANTHER/T'CHAL,JA 17;
BLACK PANTHER/T'CHAL,JA 18;
BLACK PANTHER/T'CHAL,JA 19;
BLACK PANTHER/T'CHAL,JA 20;
BLACK PANTHER/T'CHAL,JA 21;
BLACK PANTHER/T'CHAL,JA 22;
BLACK PANTHER/T'CHAL,JA 24;
BLACK PANTHER/T'CHAL,JA 6;
BLACK PANTHER/T'CHAL,JA 7;
BLACK PANTHER/T'CHAL,JA 8;
BLACK PANTHER/T'CHAL,JA 9;
BLACK PANTHER/T'CHAL,KS;
BLACK PANTHER/T'CHAL,KZ 1/2;
BLACK PANTHER/T'CHAL,KZ4 17;
BLACK PANTHER/T'CHAL,MAXSEC 3;
BLACK PANTHER/T'CHAL,M/CP 13/2;
BLACK PANTHER/T'CHAL,M/CP 14/2;
BLACK PANTHER/T'CHAL,M/CP 15/2;
BLACK PANTHER/T'CHAL,M/CP 16/2;
BLACK PANTHER/T'CHAL,M/CP 17/2;
BLACK PANTHER/T'CHAL,M/CP 18/2;
BLACK PANTHER/T'CHAL,M/CP 19/2;
BLACK PANTHER/T'CHAL,M/CP 20/2;
BLACK PANTHER/T'CHAL,M/CP 21/2;
BLACK PANTHER/T'CHAL,M/CP 22/2;
BLACK PANTHER/T'CHAL,M/CP 23/2;
BLACK PANTHER/T'CHAL,M/CP 24/2;
BLACK PANTHER/T'CHAL,M/CP 25/2;
BLACK PANTHER/T'CHAL,M/CP 26/2;
BLACK PANTHER/T'CHAL,M/CP 27/2;
BLACK PANTHER/T'CHAL,M/CP 28/2;
BLACK PANTHER/T'CHAL,M/CP 29/2;
BLACK PANTHER/T'CHAL,M/CP 30/2;
BLACK PANTHER/T'CHAL,M/CP 31/2;
BLACK PANTHER/T'CHAL,M/CP 32/2;
BLACK PANTHER/T'CHAL,M/CP 33/2;
BLACK PANTHER/T'CHAL,M/CP 34/2;
BLACK PANTHER/T'CHAL,M/CP 35/2;
BLACK PANTHER/T'CHAL,M/CP 36/2;
BLACK PANTHER/T'CHAL,M/CP 37/2;
BLACK PANTHER/T'CHAL,M/FAN 60;
BLACK PANTHER/T'CHAL,M/FEA 10;
BLACK PANTHER/T'CHAL,M/GN 1;
BLACK PANTHER/T'CHAL,M/PRM 51;
BLACK PANTHER/T'CHAL,M/PRM 52;
BLACK PANTHER/T'CHAL,M/PRM 53;
BLACK PANTHER/T'CHAL,MR 1;
BLACK PANTHER/T'CHAL,M/SH3 1/7;
BLACK PANTHER/T'CHAL,M/SS 1;
BLACK PANTHER/T'CHAL,M/TIO 40;
BLACK PANTHER/T'CHAL,M/TIO 41;
BLACK PANTHER/T'CHAL,M/TU 100/2;
BLACK PANTHER/T'CHAL,M/TU 20;
BLACK PANTHER/T'CHAL,M/TU 7/2;
BLACK PANTHER/T'CHAL,M/TU 87;
BLACK PANTHER/T'CHAL,M/TU 9;
BLACK PANTHER/T'CHAL,NT2 18;
BLACK PANTHER/T'CHAL,OE 6;
BLACK PANTHER/T'CHAL,O:MU;
BLACK PANTHER/T'CHAL,PPTSS 11;
BLACK PANTHER/T'CHAL,SOLOA 19/2;
BLACK PANTHER/T'CHAL,SUB-M 14;
BLACK PANTHER/T'CHAL,SUB-M 35;
BLACK PANTHER/T'CHAL,T 233;
BLACK PANTHER/T'CHAL,TOS 97;
BLACK PANTHER/T'CHAL,TOS 98;
BLACK PANTHER/T'CHAL,TOS 98/2;
BLACK PANTHER/T'CHAL,TOS 99;
BLACK PANTHER/T'CHAL,TOS 99/2;
BLACK PANTHER/T'CHAL,TS 20;
BLACK PANTHER/T'CHAL,UX 108;
BLACK PANTHER/T'CHAL,UX 45;
BLACK PANTHER/T'CHAL,WCA 1;
BLACK PANTHER/T'CHAL,WCA 3;
BLACK PANTHER/T'CHAL,WOSM 7;
BLACK PANTHER/T'CHAL,XCAL 59;
BLACK PANTHER/T'CHAL,XCAL 60;
BLACK RAAZER/,NM 7/2;
BLACK RAAZER/,UX 15/2;
BLACK RAAZER/,XF 6/2;
BLACK RACER/,CA 337;
BLACK RACER/,CA 338;
BLACK RACER/,CA 341;
BLACK RACER/,CA 342;
BLACK RACER/,CA 365/2;
BLACK RACER/,CA 367/2;
BLACK RACER/,CA 380;
BLACK RACER/,CA 381;
BLACK RACER/,CA 382;
BLACK RACER/,Q 17;
BLACK RACER/,UX 13;
BLACK, RACHEL,XF 145;
BLACK, RACHEL,XF 146;
BLACK RAZER,M/CP 99/2;
BLACKSHEAR, JONAS,XFOR 72;
BLACKSHEAR, JONAS,XFOR 74;
BLACK SPECTRE/CARSON,MK 25;
BLACK SPECTRE/CARSON,MK4 2;
BLACK SPECTRE/CARSON,MK4 3;
BLACK SPECTRE/CARSON,MK4 4;
BLACK TALON/DESMOND,ST 173;
BLACK TALON III,HTD MAG 9;
BLACK TALON II/SAMUE,A 152;
BLACK TALON II/SAMUE,DPOOL3 29;
BLACK TALON II/SAMUE,S-H2 34;
BLACK TALON II/SAMUE,S-H2 35;
BLACK TALON II/SAMUE,V&SW2 1;
BLACK TALON II/SAMUE,V&SW2 2;
BLACK TALON II/SAMUE,WCA2 2;
BLACK TARANTULA II/C,ASM 419;
BLACK TARANTULA II/C,ASM 420;
BLACK TARANTULA II/C,ASM 421/2;
BLACK TARANTULA II/C,ASM 422;
BLACK TARANTULA II/C,ASM 424;
BLACK TARANTULA II/C,ASM 427;
BLACK TARANTULA II/C,ASM 428;
BLACK TARANTULA II/C,ASM 432;
BLACK TARANTULA II/C,ASM 434;
BLACK TARANTULA II/C,ASM 435;
BLACK TARANTULA II/C,ASM 436;
BLACK TARANTULA II/C,ASMU 22;
BLACK TARANTULA/LAMU,ASM 435;
BLACK TOM CASSIDY,ASM 229;
BLACK TOM CASSIDY,ASM 230;
BLACK TOM CASSIDY,CX 11;
BLACK TOM CASSIDY,CX 16/2;
BLACK TOM CASSIDY,DPOOL2 1;
BLACK TOM CASSIDY,DPOOL2 2;
BLACK TOM CASSIDY,DPOOL2 3;
BLACK TOM CASSIDY,DPOOL2 4;
BLACK TOM CASSIDY,GENX 23;
BLACK TOM CASSIDY,GENX 24;
BLACK TOM CASSIDY,GENX 25;
BLACK TOM CASSIDY,GENX 60;
BLACK TOM CASSIDY,GENX 61;
BLACK TOM CASSIDY,M/TU 150;
BLACK TOM CASSIDY,S-M 16;
BLACK TOM CASSIDY,S-W 37;
BLACK TOM CASSIDY,S-W 38;
BLACK TOM CASSIDY,UX 101;
BLACK TOM CASSIDY,UX 102;
BLACK TOM CASSIDY,UX 103;
BLACK TOM CASSIDY,UX 122;
BLACK TOM CASSIDY,UX 361;
BLACK TOM CASSIDY,UX 369;
BLACK TOM CASSIDY,UX 99;
BLACK TOM CASSIDY,X 88;
BLACK TOM CASSIDY,XFOR 1;
BLACK TOM CASSIDY,XFOR 2;
BLACK TOM CASSIDY,XFOR 3;
BLACK TOM CASSIDY,X-FOR 31;
BLACK TOM CASSIDY,XFOR 4;
BLACK TOM CASSIDY,XFOR 5;
BLACK TOM CASSIDY,XFOR 91;
BLACK TOM CASSIDY,XMF 3;
BLACKWELL,PUN2 73;
BLACKWELL,PUN2 74;
BLACKWELL,PUN2 75;
BLACK WIDOW DOPPELGA,IW 1;
BLACK WIDOW II/YELEN,BW 1;
BLACK WIDOW II/YELEN,BW 2;
BLACK WIDOW II/YELEN,BW2 1;
BLACK WIDOW II/YELEN,BW2 2;
BLACK WIDOW II/YELEN,BW 3;
BLACK WIDOW II/YELEN,INH2 5;
BLACK WIDOW | MUTANT,MX 30;
BLACK WIDOW | MUTANT,MX 31;
BLACK WIDOW/NATASHA,A 111;
BLACK WIDOW/NATASHA,A 112;
BLACK WIDOW/NATASHA,A 137;
BLACK WIDOW/NATASHA,A 151;
BLACK WIDOW/NATASHA,A 16;
BLACK WIDOW/NATASHA,A 163;
BLACK WIDOW/NATASHA,A 173;
BLACK WIDOW/NATASHA,A 174;
BLACK WIDOW/NATASHA,A 175;
BLACK WIDOW/NATASHA,A 176;
BLACK WIDOW/NATASHA,A 177;
BLACK WIDOW/NATASHA,A 18;
BLACK WIDOW/NATASHA,A 181;
BLACK WIDOW/NATASHA,A 19/3;
BLACK WIDOW/NATASHA,A 20;
BLACK WIDOW/NATASHA,A 211;
BLACK WIDOW/NATASHA,A 221;
BLACK WIDOW/NATASHA,A 239;
BLACK WIDOW/NATASHA,A 29;
BLACK WIDOW/NATASHA,A 30;
BLACK WIDOW/NATASHA,A 305;
BLACK WIDOW/NATASHA,A3 1;
BLACK WIDOW/NATASHA,A 313;
BLACK WIDOW/NATASHA,A 32;
BLACK WIDOW/NATASHA,A3 2;
BLACK WIDOW/NATASHA,A 329;
BLACK WIDOW/NATASHA,A 33;
BLACK WIDOW/NATASHA,A3 3;
BLACK WIDOW/NATASHA,A 330;
BLACK WIDOW/NATASHA,A 331;
BLACK WIDOW/NATASHA,A 332;
BLACK WIDOW/NATASHA,A3 32;
BLACK WIDOW/NATASHA,A 333;
BLACK WIDOW/NATASHA,A3 33;
BLACK WIDOW/NATASHA,A 334;
BLACK WIDOW/NATASHA,A3 34;
BLACK WIDOW/NATASHA,A 335;
BLACK WIDOW/NATASHA,A 336;
BLACK WIDOW/NATASHA,A 337;
BLACK WIDOW/NATASHA,A 338;
BLACK WIDOW/NATASHA,A 339;
BLACK WIDOW/NATASHA,A 341;
BLACK WIDOW/NATASHA,A 342;
BLACK WIDOW/NATASHA,A 343;
BLACK WIDOW/NATASHA,A3 43;
BLACK WIDOW/NATASHA,A 344;
BLACK WIDOW/NATASHA,A 345;
BLACK WIDOW/NATASHA,A 348;
BLACK WIDOW/NATASHA,A 349;
BLACK WIDOW/NATASHA,A 35;
BLACK WIDOW/NATASHA,A 350;
BLACK WIDOW/NATASHA,A 350/2;
BLACK WIDOW/NATASHA,A 351;
BLACK WIDOW/NATASHA,A 355;
BLACK WIDOW/NATASHA,A 356;
BLACK WIDOW/NATASHA,A 357;
BLACK WIDOW/NATASHA,A 36;
BLACK WIDOW/NATASHA,A 37;
BLACK WIDOW/NATASHA,A 374;
BLACK WIDOW/NATASHA,A 375;
BLACK WIDOW/NATASHA,A 375/2;
BLACK WIDOW/NATASHA,A 378;
BLACK WIDOW/NATASHA,A 379;
BLACK WIDOW/NATASHA,A 38;
BLACK WIDOW/NATASHA,A 380;
BLACK WIDOW/NATASHA,A 382;
BLACK WIDOW/NATASHA,A 382/3;
BLACK WIDOW/NATASHA,A 384;
BLACK WIDOW/NATASHA,A 385;
BLACK WIDOW/NATASHA,A 386;
BLACK WIDOW/NATASHA,A 387;
BLACK WIDOW/NATASHA,A 388;
BLACK WIDOW/NATASHA,A 389;
BLACK WIDOW/NATASHA,A 39;
BLACK WIDOW/NATASHA,A 391;
BLACK WIDOW/NATASHA,A 393;
BLACK WIDOW/NATASHA,A 394;
BLACK WIDOW/NATASHA,A 395;
BLACK WIDOW/NATASHA,A 397;
BLACK WIDOW/NATASHA,A 398;
BLACK WIDOW/NATASHA,A 399;
BLACK WIDOW/NATASHA,A 40;
BLACK WIDOW/NATASHA,A 400;
BLACK WIDOW/NATASHA,A 401;
BLACK WIDOW/NATASHA,A 402;
BLACK WIDOW/NATASHA,A 41;
BLACK WIDOW/NATASHA,A 42;
BLACK WIDOW/NATASHA,A 43;
BLACK WIDOW/NATASHA,A 44;
BLACK WIDOW/NATASHA,A 45;
BLACK WIDOW/NATASHA,A 46;
BLACK WIDOW/NATASHA,A 47;
BLACK WIDOW/NATASHA,A 52;
BLACK WIDOW/NATASHA,A 57;
BLACK WIDOW/NATASHA,A 59;
BLACK WIDOW/NATASHA,A 63;
BLACK WIDOW/NATASHA,A 64;
BLACK WIDOW/NATASHA,A 76;
BLACK WIDOW/NATASHA,A 83;
BLACK WIDOW/NATASHA,A '99;
BLACK WIDOW/NATASHA,AA2 1/2;
BLACK WIDOW/NATASHA,AA2 2/2;
BLACK WIDOW/NATASHA,AA2 3/2;
BLACK WIDOW/NATASHA,AA2 4/2;
BLACK WIDOW/NATASHA,AA2 5/2;
BLACK WIDOW/NATASHA,AA2 6/2;
BLACK WIDOW/NATASHA,AA2 7/2;
BLACK WIDOW/NATASHA,AA2 8/2;
BLACK WIDOW/NATASHA,A:C;
BLACK WIDOW/NATASHA,AF 100;
BLACK WIDOW/NATASHA,AF 98;
BLACK WIDOW/NATASHA,AF 99;
BLACK WIDOW/NATASHA,AOI;
BLACK WIDOW/NATASHA,ASM 348;
BLACK WIDOW/NATASHA,ASM 86;
BLACK WIDOW/NATASHA,ASPOT 27/2;
BLACK WIDOW/NATASHA,A:T;
BLACK WIDOW/NATASHA,AUP 1;
BLACK WIDOW/NATASHA,AUP 3;
BLACK WIDOW/NATASHA,AUP 4;
BLACK WIDOW/NATASHA,AWC 6;
BLACK WIDOW/NATASHA,AWC 69;
BLACK WIDOW/NATASHA,BFF:BGL 1;
BLACK WIDOW/NATASHA,BFF:BGL 2;
BLACK WIDOW/NATASHA,BFF:BGL 3;
BLACK WIDOW/NATASHA,BIZADV 25;
BLACK WIDOW/NATASHA,BW 1;
BLACK WIDOW/NATASHA,BW 2;
BLACK WIDOW/NATASHA,BW2 1;
BLACK WIDOW/NATASHA,BW2 2;
BLACK WIDOW/NATASHA,BW 3;
BLACK WIDOW/NATASHA,BW:CW;
BLACK WIDOW/NATASHA,CA3 3;
BLACK WIDOW/NATASHA,CA 373;
BLACK WIDOW/NATASHA,CA 374;
BLACK WIDOW/NATASHA,CA 376;
BLACK WIDOW/NATASHA,CA 377;
BLACK WIDOW/NATASHA,CA 383;
BLACK WIDOW/NATASHA,CA 401;
BLACK WIDOW/NATASHA,CA 402;
BLACK WIDOW/NATASHA,CA 408/3;
BLACK WIDOW/NATASHA,CA 430;
BLACK WIDOW/NATASHA,CA 431;
BLACK WIDOW/NATASHA,CA 434;
BLACK WIDOW/NATASHA,CA 440;
BLACK WIDOW/NATASHA,CA 441;
BLACK WIDOW/NATASHA,CA 443;
BLACK WIDOW/NATASHA,CA 444;
BLACK WIDOW/NATASHA,CA 445;
BLACK WIDOW/NATASHA,CHAMP 1;
BLACK WIDOW/NATASHA,CHAMP 10;
BLACK WIDOW/NATASHA,CHAMP 11;
BLACK WIDOW/NATASHA,CHAMP 12;
BLACK WIDOW/NATASHA,CHAMP 13;
BLACK WIDOW/NATASHA,CHAMP 14;
BLACK WIDOW/NATASHA,CHAMP 15;
BLACK WIDOW/NATASHA,CHAMP 16;
BLACK WIDOW/NATASHA,CHAMP 17;
BLACK WIDOW/NATASHA,CHAMP 2;
BLACK WIDOW/NATASHA,CHAMP 3;
BLACK WIDOW/NATASHA,CHAMP 4;
BLACK WIDOW/NATASHA,CHAMP 5;
BLACK WIDOW/NATASHA,CHAMP 6;
BLACK WIDOW/NATASHA,CHAMP 7;
BLACK WIDOW/NATASHA,CHAMP 8;
BLACK WIDOW/NATASHA,CHAMP 9;
BLACK WIDOW/NATASHA,CM 12;
BLACK WIDOW/NATASHA,COC 1;
BLACK WIDOW/NATASHA,COH 2;
BLACK WIDOW/NATASHA,COH 3;
BLACK WIDOW/NATASHA,DD 101;
BLACK WIDOW/NATASHA,DD 102;
BLACK WIDOW/NATASHA,DD 103;
BLACK WIDOW/NATASHA,DD 104;
BLACK WIDOW/NATASHA,DD 105;
BLACK WIDOW/NATASHA,DD 106;
BLACK WIDOW/NATASHA,DD 107;
BLACK WIDOW/NATASHA,DD 108;
BLACK WIDOW/NATASHA,DD 109;
BLACK WIDOW/NATASHA,DD 110;
BLACK WIDOW/NATASHA,DD 111;
BLACK WIDOW/NATASHA,DD 112;
BLACK WIDOW/NATASHA,DD 113;
BLACK WIDOW/NATASHA,DD 114;
BLACK WIDOW/NATASHA,DD 115;
BLACK WIDOW/NATASHA,DD 116;
BLACK WIDOW/NATASHA,DD 117;
BLACK WIDOW/NATASHA,DD 120;
BLACK WIDOW/NATASHA,DD 121;
BLACK WIDOW/NATASHA,DD 122;
BLACK WIDOW/NATASHA,DD 123;
BLACK WIDOW/NATASHA,DD 124;
BLACK WIDOW/NATASHA,DD 155;
BLACK WIDOW/NATASHA,DD 156;
BLACK WIDOW/NATASHA,DD 157;
BLACK WIDOW/NATASHA,DD 158;
BLACK WIDOW/NATASHA,DD 160;
BLACK WIDOW/NATASHA,DD 161;
BLACK WIDOW/NATASHA,DD 164;
BLACK WIDOW/NATASHA,DD 165;
BLACK WIDOW/NATASHA,DD 187;
BLACK WIDOW/NATASHA,DD 188;
BLACK WIDOW/NATASHA,DD 189;
BLACK WIDOW/NATASHA,DD 190;
BLACK WIDOW/NATASHA,DD 200;
BLACK WIDOW/NATASHA,DD 201;
BLACK WIDOW/NATASHA,DD 207;
BLACK WIDOW/NATASHA,DD 208;
BLACK WIDOW/NATASHA,DD2 14;
BLACK WIDOW/NATASHA,DD2 15;
BLACK WIDOW/NATASHA,DD 217;
BLACK WIDOW/NATASHA,DD2 2;
BLACK WIDOW/NATASHA,DD 222;
BLACK WIDOW/NATASHA,DD 236;
BLACK WIDOW/NATASHA,DD 237;
BLACK WIDOW/NATASHA,DD 239;
BLACK WIDOW/NATASHA,DD2 4;
BLACK WIDOW/NATASHA,DD 247;
BLACK WIDOW/NATASHA,DD 252;
BLACK WIDOW/NATASHA,DD 262;
BLACK WIDOW/NATASHA,DD2 8;
BLACK WIDOW/NATASHA,DD2 9;
BLACK WIDOW/NATASHA,DD 332;
BLACK WIDOW/NATASHA,DD 368;
BLACK WIDOW/NATASHA,DD 369;
BLACK WIDOW/NATASHA,DD 370;
BLACK WIDOW/NATASHA,DD 371;
BLACK WIDOW/NATASHA,DD 375;
BLACK WIDOW/NATASHA,DD 81;
BLACK WIDOW/NATASHA,DD 82;
BLACK WIDOW/NATASHA,DD 83;
BLACK WIDOW/NATASHA,DD 84;
BLACK WIDOW/NATASHA,DD 85;
BLACK WIDOW/NATASHA,DD 86;
BLACK WIDOW/NATASHA,DD 87;
BLACK WIDOW/NATASHA,DD 88;
BLACK WIDOW/NATASHA,DD 89;
BLACK WIDOW/NATASHA,DD 90;
BLACK WIDOW/NATASHA,DD 91;
BLACK WIDOW/NATASHA,DD 92;
BLACK WIDOW/NATASHA,DD 93;
BLACK WIDOW/NATASHA,DD 94;
BLACK WIDOW/NATASHA,DD 95;
BLACK WIDOW/NATASHA,DD 96;
BLACK WIDOW/NATASHA,DD 97;
BLACK WIDOW/NATASHA,DD 98;
BLACK WIDOW/NATASHA,DD 99;
BLACK WIDOW/NATASHA,DD/SM 2;
BLACK WIDOW/NATASHA,FF 22;
BLACK WIDOW/NATASHA,FF 25;
BLACK WIDOW/NATASHA,FF3 27;
BLACK WIDOW/NATASHA,FF 367;
BLACK WIDOW/NATASHA,FF 368;
BLACK WIDOW/NATASHA,FF 370;
BLACK WIDOW/NATASHA,FF 415;
BLACK WIDOW/NATASHA,FFU 11;
BLACK WIDOW/NATASHA,FW 1;
BLACK WIDOW/NATASHA,FW 10/2;
BLACK WIDOW/NATASHA,FW 13;
BLACK WIDOW/NATASHA,FW 14;
BLACK WIDOW/NATASHA,FW 17;
BLACK WIDOW/NATASHA,FW 18;
BLACK WIDOW/NATASHA,FW 19;
BLACK WIDOW/NATASHA,FW 2;
BLACK WIDOW/NATASHA,GR2 23;
BLACK WIDOW/NATASHA,GUARD 1;
BLACK WIDOW/NATASHA,GZIL 3;
BLACK WIDOW/NATASHA,H2 152;
BLACK WIDOW/NATASHA,H2 434;
BLACK WIDOW/NATASHA,H2 440;
BLACK WIDOW/NATASHA,IG 2;
BLACK WIDOW/NATASHA,IG 3;
BLACK WIDOW/NATASHA,IM 269;
BLACK WIDOW/NATASHA,IM 271;
BLACK WIDOW/NATASHA,IM 272;
BLACK WIDOW/NATASHA,IM 273;
BLACK WIDOW/NATASHA,IM 276;
BLACK WIDOW/NATASHA,IM 277;
BLACK WIDOW/NATASHA,IM 284;
BLACK WIDOW/NATASHA,IM3 10;
BLACK WIDOW/NATASHA,IM3 11;
BLACK WIDOW/NATASHA,IM 315;
BLACK WIDOW/NATASHA,IM 316;
BLACK WIDOW/NATASHA,IM 317;
BLACK WIDOW/NATASHA,IM 322;
BLACK WIDOW/NATASHA,IM 323;
BLACK WIDOW/NATASHA,IM 324;
BLACK WIDOW/NATASHA,IM 325;
BLACK WIDOW/NATASHA,IM3 5;
BLACK WIDOW/NATASHA,IM3 6;
BLACK WIDOW/NATASHA,IM3 8;
BLACK WIDOW/NATASHA,IM3 9;
BLACK WIDOW/NATASHA,IM 4;
BLACK WIDOW/NATASHA,IW 1;
BLACK WIDOW/NATASHA,IW 2;
BLACK WIDOW/NATASHA,IW 3;
BLACK WIDOW/NATASHA,IW 6;
BLACK WIDOW/NATASHA,JIM 517;
BLACK WIDOW/NATASHA,JIM 518;
BLACK WIDOW/NATASHA,JIM 519;
BLACK WIDOW/NATASHA,KS;
BLACK WIDOW/NATASHA,MARVELS 4;
BLACK WIDOW/NATASHA,M/CP 53/4;
BLACK WIDOW/NATASHA,M/CP 70/4;
BLACK WIDOW/NATASHA,M/CP 93/4;
BLACK WIDOW/NATASHA,M/FAN 10;
BLACK WIDOW/NATASHA,M/FAN 11;
BLACK WIDOW/NATASHA,M/FAN 12;
BLACK WIDOW/NATASHA,M/FAN 13;
BLACK WIDOW/NATASHA,M/GN 1;
BLACK WIDOW/NATASHA,M/H&L '97;
BLACK WIDOW/NATASHA,M/K 1;
BLACK WIDOW/NATASHA,M/K 10;
BLACK WIDOW/NATASHA,M/K 11;
BLACK WIDOW/NATASHA,M/K 12;
BLACK WIDOW/NATASHA,M/K 13;
BLACK WIDOW/NATASHA,M/K 2;
BLACK WIDOW/NATASHA,M/K 3;
BLACK WIDOW/NATASHA,MK3 41;
BLACK WIDOW/NATASHA,MK3 44;
BLACK WIDOW/NATASHA,M/K 4;
BLACK WIDOW/NATASHA,M/K 5;
BLACK WIDOW/NATASHA,M/K 6;
BLACK WIDOW/NATASHA,M/K 7;
BLACK WIDOW/NATASHA,M/K 8;
BLACK WIDOW/NATASHA,M/K 9;
BLACK WIDOW/NATASHA,M-T 1;
BLACK WIDOW/NATASHA,M/TE 13;
BLACK WIDOW/NATASHA,M/TIO 10;
BLACK WIDOW/NATASHA,M/TIO 3;
BLACK WIDOW/NATASHA,M/TU 140;
BLACK WIDOW/NATASHA,M/TU 141;
BLACK WIDOW/NATASHA,M/TU 57;
BLACK WIDOW/NATASHA,M/TU 82;
BLACK WIDOW/NATASHA,M/TU 83;
BLACK WIDOW/NATASHA,M/TU 84;
BLACK WIDOW/NATASHA,M/TU 85;
BLACK WIDOW/NATASHA,M/TU 98;
BLACK WIDOW/NATASHA,N 1/3;
BLACK WIDOW/NATASHA,NW 72;
BLACK WIDOW/NATASHA,O:MU;
BLACK WIDOW/NATASHA,PPTSS 17;
BLACK WIDOW/NATASHA,PPTSS 18;
BLACK WIDOW/NATASHA,PUN3 1;
BLACK WIDOW/NATASHA,PWJ 9;
BLACK WIDOW/NATASHA,Q 41;
BLACK WIDOW/NATASHA,Q 60;
BLACK WIDOW/NATASHA,S&L 1;
BLACK WIDOW/NATASHA,SMTU 4;
BLACK WIDOW/NATASHA,SOLOA 14;
BLACK WIDOW/NATASHA,SOLOA 15;
BLACK WIDOW/NATASHA,SOLOA 16;
BLACK WIDOW/NATASHA,SOLOA 7/2;
BLACK WIDOW/NATASHA,SS3 93;
BLACK WIDOW/NATASHA,SVTU 14;
BLACK WIDOW/NATASHA,T 17;
BLACK WIDOW/NATASHA,T 495;
BLACK WIDOW/NATASHA,TB 1;
BLACK WIDOW/NATASHA,TB 3;
BLACK WIDOW/NATASHA,TB 43;
BLACK WIDOW/NATASHA,TB 44;
BLACK WIDOW/NATASHA,TB 9;
BLACK WIDOW/NATASHA,TOS 52;
BLACK WIDOW/NATASHA,TOS 53;
BLACK WIDOW/NATASHA,TOS 57;
BLACK WIDOW/NATASHA,TOS 60;
BLACK WIDOW/NATASHA,TOS 64;
BLACK WIDOW/NATASHA,TS 10;
BLACK WIDOW/NATASHA,TS 13;
BLACK WIDOW/NATASHA,TS 19;
BLACK WIDOW/NATASHA,TS 20;
BLACK WIDOW/NATASHA,TS 23;
BLACK WIDOW/NATASHA,TS 24;
BLACK WIDOW/NATASHA,UTSM 17;
BLACK WIDOW/NATASHA,UX 268;
BLACK WIDOW/NATASHA,W2 -1;
BLACK WIDOW/NATASHA,W2 125;
BLACK WIDOW/NATASHA,W2 126;
BLACK WIDOW/NATASHA,W2 134;
BLACK WIDOW/NATASHA,WARM 21;
BLACK WIDOW/NATASHA,WARM 22;
BLACK WIDOW/NATASHA,WCA 1;
BLACK WIDOW/NATASHA,X 55;
BLACK WIDOW/NATASHA,XFOR '98;
BLACKWING II/,NW2 4;
BLACKWING II/,NW2 7;
BLACKWING/JOSEPH MAN,CA 396;
BLACKWING/JOSEPH MAN,CA 397;
BLACKWING/JOSEPH MAN,CA 398/2;
BLACKWING/JOSEPH MAN,CA 405/2;
BLACKWING/JOSEPH MAN,CA 406/2;
BLACKWING/JOSEPH MAN,CA 407/2;
BLACKWING/JOSEPH MAN,CA 408/2;
BLACKWING/JOSEPH MAN,CA 409;
BLACKWING/JOSEPH MAN,CA 410;
BLACKWING/JOSEPH MAN,DD 118;
BLACKWING/JOSEPH MAN,DD 122;
BLACKWING/JOSEPH MAN,DD 123;
BLACKWING/JOSEPH MAN,NW2 2;
BLACKWING/JOSEPH MAN,NW2 4;
BLACKWING/JOSEPH MAN,NW2 7;
BLACKWING/JOSEPH MAN,TB 24;
BLACKWING/JOSEPH MAN,TB 25;
BLACKWOOD, JENNY,ASPOT 39;
BLACKWULF,DD 334;
BLACKWULF,DD 336;
BLACKWULF,DD 337;
BLADE/,AIF 24;
BLADE/,BLADE;
BLADE/,DRSTR2 61;
BLADE/,DRSTR2 62;
BLADE/,DRSTR2 67;
BLADE/,GR3 31;
BLADE/,M/CP 64/4;
BLADE/,M/PRV 3;
BLADE/,M/PRV 8/2;
BLADE/,M/TU2 7;
BLADE/,NS 1;
BLADE/,NS 2;
BLADE/,PPSM2 7;
BLADE/,PPSM2 8;
BLADE/,TOD 10;
BLADE/,TOD 12;
BLADE/,TOD 13;
BLADE/,TOD 14;
BLADE/,TOD 17;
BLADE/,TOD 19;
BLADE/,TOD 21;
BLADE/,TOD 24;
BLADE/,TOD 28;
BLADE/,TOD 30;
BLADE/,TOD 41;
BLADE/,TOD 42;
BLADE/,TOD 43;
BLADE/,TOD 44;
BLADE/,TOD 45;
BLADE/,TOD 46;
BLADE/,TOD 47;
BLADE/,TOD 48;
BLADE/,TOD 49;
BLADE/,TOD 50;
BLADE/,TOD 51;
BLADE/,TOD 53;
BLADE/,TOD 54;
BLADE/,TOD 58;
BLADE/,TOD 60;
BLADE/,TOD 61;
BLADE/,VT 8/4;
BLADE/,VT 9;
BLAIR, CALEY,W/P 1;
BLAIR, CALEY,W/P 2;
BLAIRE, CARTER,DAZZ 1;
BLAIRE, CARTER,DAZZ 10;
BLAIRE, CARTER,DAZZ 11;
BLAIRE, CARTER,DAZZ 13;
BLAIRE, CARTER,DAZZ 17;
BLAIRE, CARTER,DAZZ 18;
BLAIRE, CARTER,DAZZ 19;
BLAIRE, CARTER,DAZZ 20;
BLAIRE, CARTER,DAZZ 21;
BLAIRE, CARTER,DAZZ 22;
BLAIRE, CARTER,DAZZ 25;
BLAIRE, CARTER,DAZZ 3;
BLAIRE, CARTER,DAZZ 4;
BLAIRE, CARTER,DAZZ 41;
BLAIRE, CARTER,DAZZ 9;
BLAKE, BECKY,CA 234;
BLAKE, BECKY,DD 155;
BLAKE, BECKY,DD 156;
BLAKE, BECKY,DD 157;
BLAKE, BECKY,DD 160;
BLAKE, BECKY,DD 165;
BLAKE, BECKY,DD 167;
BLAKE, BECKY,DD 169;
BLAKE, BECKY,DD 171;
BLAKE, BECKY,DD 173;
BLAKE, BECKY,DD 175;
BLAKE, BECKY,DD 177;
BLAKE, BECKY,DD 178;
BLAKE, BECKY,DD 180;
BLAKE, BECKY,DD 182;
BLAKE, BECKY,DD 184;
BLAKE, BECKY,DD 186;
BLAKE, BECKY,DD 188;
BLAKE, BECKY,DD 192;
BLAKE, BECKY,DD 195;
BLAKE, BECKY,DD 202;
BLAKE, BECKY,DD 203;
BLAKE, BECKY,DD 204;
BLAKE, BECKY,DD 205;
BLAKE, BECKY,DD 206;
BLAKE, BECKY,DD 210;
BLAKE, BECKY,DD 211;
BLAKE, BECKY,DD 212;
BLAKE, BECKY,DD 213;
BLAKE, BECKY,DD 216;
BLAKE, BECKY,DD 217;
BLAKE, BECKY,DD 220;
BLAKE, BECKY,DD 222;
BLAKE, BECKY,DD 223;
BLAKE, BECKY,DD 226;
BLAKE, BECKY,DD2 8;
BLAKE, BECKY,M/FAN 27;
BLAKE, BECKY,M/TU 141;
BLAKE, DR. DONALD (C,JIM 84;
BLAKE, DR. DONALD (C,T 475;
BLAKE, DR. DONALD (C,T 476;
BLAKE, DR. DONALD (C,T 477;
BLAKE, DR. DONALD (C,T 481;
BLAKE, DR. DONALD (C,T 482;
BLAKE, DR. DONALD (C,T 483;
BLAKE, DR. DONALD,T 479;
BLAKE, DR. DONALD,T 483;
BLAKE, EMILY,DD 7/2;
BLAKE, KENT,ASM 13;
BLAKE, KENT,KBSS 1;
BLAKE, KENT,KBSS 10;
BLAKE, KENT,KBSS 11;
BLAKE, KENT,KBSS 12;
BLAKE, KENT,KBSS 13;
BLAKE, KENT,KBSS 14;
BLAKE, KENT,KBSS 2;
BLAKE, KENT,KBSS 3;
BLAKE, KENT,KBSS 4;
BLAKE, KENT,KBSS 5;
BLAKE, KENT,KBSS 6;
BLAKE, KENT,KBSS 7;
BLAKE, KENT,KBSS 8;
BLAKE, KENT,KBSS 9;
BLANDING, ANDREW,XF -1;
BLANDING, HALEY,XF -1;
BLANDING, MRS.,XF -1;
BLAQUESMITH,C2 21;
BLAQUESMITH,C2 23;
BLAQUESMITH,C2 24;
BLAQUESMITH,C2 29;
BLAQUESMITH,C2 30;
BLAQUESMITH,C2 31;
BLAQUESMITH,C2 55;
BLAQUESMITH,C2 56;
BLAQUESMITH,C2 57;
BLAQUESMITH,C2 58;
BLAQUESMITH,C2 59;
BLAQUESMITH,C2 60;
BLAQUESMITH,C2 61;
BLAQUESMITH,C2 63;
BLAQUESMITH,C2 64;
BLAQUESMITH,C2 65;
BLAQUESMITH,C2 66;
BLAQUESMITH,C2 67;
BLAQUESMITH,C2 68;
BLAQUESMITH,C2 69;
BLAQUESMITH,C2 70;
BLAQUESMITH,C2 71;
BLAQUESMITH,C2 73;
BLAQUESMITH,C2 78;
BLAQUESMITH,C2 80;
BLAQUESMITH,C2 81;
BLAQUESMITH,C2 82;
BLAQUESMITH,C2 83;
BLAQUESMITH,C2 85;
BLAQUESMITH,C2 86;
BLAQUESMITH,C2 89;
BLAQUESMITH,C2 90;
BLAQUESMITH,C2 91;
BLAQUESMITH,C2 94;
BLAQUESMITH,C2 '99;
BLAQUESMITH,XFOR 54;
BLAQUESMITH,XM 10;
BLAQUESMITH,XM 14;
BLAQUESMITH,XM 45;
BLAQUESMITH,XM 46;
BLAQUESMITH,XM 6;
BLAQUESMITH,XM 8;
BLAQUESMITH,XM 9;
BLAQUESMITH,X:P 1;
BLAQUESMITH,X:P 2;
BLAQUESMITH,X:P 3;
BLAQUESMITH,X:PRIME;
BLAQUESMITH,X:SC 1;
BLAQUESMITH,X:SC 2;
BLAQUESMITH,X:SC 4;
BLARE/,MTU2 1;
BLASTAAR,A 309;
BLASTAAR,A 310;
BLASTAAR,FF 215;
BLASTAAR,FF 216;
BLASTAAR,FF 289;
BLASTAAR,FF 290;
BLASTAAR,FF 318;
BLASTAAR,FF 62;
BLASTAAR,FF 63;
BLASTAAR,H 18;
BLASTAAR,INH 1;
BLASTAAR,INH 2;
BLASTAAR,M/S&L /3;
BLASTAAR,M/TIO 75;
BLASTAAR,M/TU 18;
BLASTAAR,NW2 1;
BLASTAAR,S-M 90;
BLASTAAR,T 269;
BLASTAAR,T 270;
BLASTAAR,UX 53;
BLASTAAR,WLOCK2 3;
BLASTAAR,WLOCK2 4;
BLASTAAR,WTS 13;
BLASTING CAP/,CAGE 5;
BLAZE, CRAIG,GR3 22;
BLAZE, CRAIG,SOV 1;
BLAZE, EMMA,GR3 22;
BLAZE, EMMA,SOV 1;
BLAZE, ROXANNE SIMPS,DD 138;
BLAZE, ROXANNE SIMPS,DEF 145;
BLAZE, ROXANNE SIMPS,DEF 146;
BLAZE, ROXANNE SIMPS,GR2 1;
BLAZE, ROXANNE SIMPS,GR2 13;
BLAZE, ROXANNE SIMPS,GR2 14;
BLAZE, ROXANNE SIMPS,GR2 15;
BLAZE, ROXANNE SIMPS,GR2 17;
BLAZE, ROXANNE SIMPS,GR2 18;
BLAZE, ROXANNE SIMPS,GR2 19;
BLAZE, ROXANNE SIMPS,GR2 2;
BLAZE, ROXANNE SIMPS,GR2 20;
BLAZE, ROXANNE SIMPS,GR2 22;
BLAZE, ROXANNE SIMPS,GR2 23;
BLAZE, ROXANNE SIMPS,GR2 24;
BLAZE, ROXANNE SIMPS,GR2 25;
BLAZE, ROXANNE SIMPS,GR2 26;
BLAZE, ROXANNE SIMPS,GR2 28;
BLAZE, ROXANNE SIMPS,GR2 3;
BLAZE, ROXANNE SIMPS,GR2 4;
BLAZE, ROXANNE SIMPS,GR2 5;
BLAZE, ROXANNE SIMPS,GR2 6;
BLAZE, ROXANNE SIMPS,GR2 75;
BLAZE, ROXANNE SIMPS,GR2 77;
BLAZE, ROXANNE SIMPS,GR2 79;
BLAZE, ROXANNE SIMPS,GR2 8;
BLAZE, ROXANNE SIMPS,GR2 80;
BLAZE, ROXANNE SIMPS,GR2 81;
BLAZE, ROXANNE SIMPS,GR2 9;
BLAZE, ROXANNE SIMPS,GR3 -1;
BLAZE, ROXANNE SIMPS,GR3 14;
BLAZE, ROXANNE SIMPS,GR3 22;
BLAZE, ROXANNE SIMPS,M/SPT 10;
BLAZE, ROXANNE SIMPS,M/SPT 11;
BLAZE, ROXANNE SIMPS,M/SPT 5;
BLAZE, ROXANNE SIMPS,M/SPT 6;
BLAZE, ROXANNE SIMPS,M/SPT 7;
BLAZE, ROXANNE SIMPS,M/SPT 8;
BLAZE, ROXANNE SIMPS,M/SPT 9;
BLAZE, ROXANNE SIMPS,M/TU 15;
BLAZE, ROXANNE SIMPS,SOV 1;
BLAZING SKULL/MARK T,A 97;
BLAZING SKULL/MARK T,MYSTIC COMICS 5;
BLAZING SKULL/MARK T,MYSTIC COMICS 6;
BLAZING SKULL/MARK T,MYSTIC COMICS 7;
BLAZING SKULL/MARK T,MYSTIC COMICS 8;
BLAZING SKULL/MARK T,MYSTIC COMICS 9;
BLESSING, MORGANA,DRSTR2 48;
BLESSING, MORGANA,DRSTR2 49;
BLESSING, MORGANA,DRSTR2 50;
BLESSING, MORGANA,DRSTR2 51;
BLESSING, MORGANA,DRSTR2 52;
BLESSING, MORGANA,DRSTR2 56;
BLESSING, MORGANA,DRSTR2 57;
BLESSING, MORGANA,DRSTR2 58;
BLESSING, MORGANA,DRSTR2 61;
BLESSING, MORGANA,DRSTR2 65;
BLESSING, MORGANA,DRSTR2 71;
BLESSING, MORGANA,DRSTR2 79;
BLESSING, MORGANA,DRSTR2 80;
BLESSING, MORGANA,DRSTR3 10;
BLESSING, MORGANA,DRSTR3 11;
BLESSING, MORGANA,DRSTR3 12;
BLESSING, MORGANA,DRSTR3 13;
BLESSING, MORGANA,DRSTR3 14;
BLESSING, MORGANA,DRSTR3 15;
BLESSING, MORGANA,DRSTR3 16;
BLESSING, MORGANA,DRSTR3 17;
BLESSING, MORGANA,DRSTR3 18;
BLESSING, MORGANA,DRSTR3 20;
BLESSING, MORGANA,DRSTR3 21;
BLESSING, MORGANA,DRSTR3 29;
BLESSING, MORGANA,DRSTR3 3;
BLESSING, MORGANA,DRSTR3 30;
BLESSING, MORGANA,DRSTR3 32;
BLESSING, MORGANA,DRSTR3 36;
BLESSING, MORGANA,DRSTR 3/4;
BLIND AL/ALTHEA,DPOOL3 10;
BLIND AL/ALTHEA,DPOOL3 11;
BLIND AL/ALTHEA,DPOOL3 12;
BLIND AL/ALTHEA,DPOOL3 13;
BLIND AL/ALTHEA,DPOOL3 14;
BLIND AL/ALTHEA,DPOOL3 15;
BLIND AL/ALTHEA,DPOOL3 16;
BLIND AL/ALTHEA,DPOOL3 19;
BLIND AL/ALTHEA,DPOOL3 20;
BLIND AL/ALTHEA,DPOOL3 21;
BLIND AL/ALTHEA,DPOOL3 22;
BLIND AL/ALTHEA,DPOOL3 23;
BLIND AL/ALTHEA,DPOOL3 24;
BLIND AL/ALTHEA,DPOOL3 25;
BLIND AL/ALTHEA,DPOOL3 26;
BLINDSIDE II/BOBBI C,UX 261;
BLINK/FERGUSON, CLAR,UX 317;
BLINK/FERGUSON, CLAR,X 37;
BLISS, BONNIE,S-W3 16;
BLISS, BONNIE,S-W3 17;
BLISS, MISS,A '00;
BLISS,UX 263;
BLITZIANA,FFU 9;
BLITZIANA,T 19;
BLITZIANA,T 473;
BLITZIANA,T 475;
BLITZIANA,T 476;
BLITZIANA,T 477;
BLITZIANA,T 480;
BLITZIANA,T 481;
BLITZIANA,T 482;
BLITZIANA,T 483;
BLITZIANA,T 484;
BLITZIANA,T 487;
BLITZIANA,T 488;
BLITZIANA,T 489;
BLITZKRIEG/,CA 389/2;
BLITZKRIEG/,CA 390/2;
BLITZKRIEG/,CA 391/2;
BLITZKRIEG/,CA 393;
BLITZKRIEG/,CA 442;
BLITZKRIEG/,COC 1;
BLITZKRIEG/,COC 3;
BLITZKRIEG/,H2 279;
BLITZKRIEG/,ROM 65;
BLIZZARD II/DONALD G,IM 223;
BLIZZARD II/DONALD G,IM 224;
BLIZZARD II/DONALD G,IM 238;
BLIZZARD II/DONALD G,IM 239;
BLIZZARD II/DONALD G,IM 240;
BLIZZARD II/DONALD G,IM 285;
BLIZZARD II/DONALD G,IM 286;
BLIZZARD II/DONALD G,IM3 41;
BLIZZARD II/DONALD G,NW2 9;
BLIZZARD II/DONALD G,TB 26;
BLIZZARD II/DONALD G,TB 35;
BLIZZARD II/DONALD G,TB 36;
BLIZZARD II/DONALD G,TB 37;
BLIZZARD/PROF. GREGO,ASM 20;
BLIZZARD/PROF. GREGO,FF 405;
BLIZZARD/PROF. GREGO,H2 249;
BLIZZARD/PROF. GREGO,IM 123;
BLIZZARD/PROF. GREGO,IM 124;
BLIZZARD/PROF. GREGO,IM 126;
BLIZZARD/PROF. GREGO,IM 127;
BLIZZARD/PROF. GREGO,IM 86;
BLIZZARD/PROF. GREGO,IM 87;
BLIZZARD/PROF. GREGO,M/TU 56;
BLIZZARD/PROF. GREGO,TOS 45;
BLOB/FRED J. DUKES,A 10;
BLOB/FRED J. DUKES,A 103;
BLOB/FRED J. DUKES,A 15;
BLOB/FRED J. DUKES,A 312;
BLOB/FRED J. DUKES,AA2 12;
BLOB/FRED J. DUKES,AA2 13;
BLOB/FRED J. DUKES,ASM2 11;
BLOB/FRED J. DUKES,AWC 84;
BLOB/FRED J. DUKES,C2 87;
BLOB/FRED J. DUKES,CA 174;
BLOB/FRED J. DUKES,CA 333;
BLOB/FRED J. DUKES,CA 334;
BLOB/FRED J. DUKES,CA 339;
BLOB/FRED J. DUKES,CA 346;
BLOB/FRED J. DUKES,CHAMP 17;
BLOB/FRED J. DUKES,DD 269;
BLOB/FRED J. DUKES,DEF 15;
BLOB/FRED J. DUKES,DEF 16;
BLOB/FRED J. DUKES,DEF 63;
BLOB/FRED J. DUKES,DEF 64;
BLOB/FRED J. DUKES,DEF 65;
BLOB/FRED J. DUKES,DHAWK 19;
BLOB/FRED J. DUKES,DHAWK 20;
BLOB/FRED J. DUKES,H2 369;
BLOB/FRED J. DUKES,MAV2 5;
BLOB/FRED J. DUKES,M/CP 41/4;
BLOB/FRED J. DUKES,M/CP 82/2;
BLOB/FRED J. DUKES,M/CP 84/2;
BLOB/FRED J. DUKES,M/CP 85/2;
BLOB/FRED J. DUKES,M/CP 86/2;
BLOB/FRED J. DUKES,M/FAN 7;
BLOB/FRED J. DUKES,NM 65;
BLOB/FRED J. DUKES,NM 7/2;
BLOB/FRED J. DUKES,NM 78;
BLOB/FRED J. DUKES,NM 80;
BLOB/FRED J. DUKES,NM 82;
BLOB/FRED J. DUKES,NM 86;
BLOB/FRED J. DUKES,NM 88;
BLOB/FRED J. DUKES,NM 89;
BLOB/FRED J. DUKES,PPTSS 91;
BLOB/FRED J. DUKES,PUN2 29;
BLOB/FRED J. DUKES,ROM 31;
BLOB/FRED J. DUKES,SLEEP 17;
BLOB/FRED J. DUKES,TB 33;
BLOB/FRED J. DUKES,UX 140;
BLOB/FRED J. DUKES,UX 141;
BLOB/FRED J. DUKES,UX 142;
BLOB/FRED J. DUKES,UX 15/2;
BLOB/FRED J. DUKES,UX 177;
BLOB/FRED J. DUKES,UX 178;
BLOB/FRED J. DUKES,UX 199;
BLOB/FRED J. DUKES,UX 20;
BLOB/FRED J. DUKES,UX 206;
BLOB/FRED J. DUKES,UX 223;
BLOB/FRED J. DUKES,UX 224;
BLOB/FRED J. DUKES,UX 225;
BLOB/FRED J. DUKES,UX 226;
BLOB/FRED J. DUKES,UX 227;
BLOB/FRED J. DUKES,UX 255;
BLOB/FRED J. DUKES,UX 3;
BLOB/FRED J. DUKES,UX 363;
BLOB/FRED J. DUKES,UX 364;
BLOB/FRED J. DUKES,UX 37;
BLOB/FRED J. DUKES,UX 379;
BLOB/FRED J. DUKES,UX 38;
BLOB/FRED J. DUKES,UX 380;
BLOB/FRED J. DUKES,UX 388;
BLOB/FRED J. DUKES,UX 39;
BLOB/FRED J. DUKES,UX 59;
BLOB/FRED J. DUKES,UX 60;
BLOB/FRED J. DUKES,UX 7;
BLOB/FRED J. DUKES,WCA 1;
BLOB/FRED J. DUKES,X 106;
BLOB/FRED J. DUKES,X 112;
BLOB/FRED J. DUKES,X51 2;
BLOB/FRED J. DUKES,X 83;
BLOB/FRED J. DUKES,XF 10;
BLOB/FRED J. DUKES,XF 107;
BLOB/FRED J. DUKES,XF 30;
BLOB/FRED J. DUKES,XF 31;
BLOB/FRED J. DUKES,XF 33;
BLOB/FRED J. DUKES,XF 40;
BLOB/FRED J. DUKES,XF 6/2;
BLOB/FRED J. DUKES,XF 8;
BLOB/FRED J. DUKES,XF 82;
BLOB/FRED J. DUKES,XF 9;
BLOB/FRED J. DUKES,XFOR 5;
BLOB/FRED J. DUKES,XFOR 52;
BLOB/FRED J. DUKES,XFOR 6;
BLOB/FRED J. DUKES,XFOR 7;
BLOB/FRED J. DUKES,XFOR 9;
BLOB/FRED J. DUKES,X:HY 11;
BLOB/FRED J. DUKES,X:HY 12;
BLOB/FRED J. DUKES,X:HY 13;
BLOB/FRED J. DUKES,X:HY 14;
BLOB/FRED J. DUKES,XMF 2;
BLOCKADE/DEXTER PARI,C2 55;
BLOCKADE/DEXTER PARI,C2 56;
BLOCKADE/DEXTER PARI,C2 79;
BLOCKADE/DEXTER PARI,C2 80;
BLOCKADE/DEXTER PARI,C2 81;
BLOCKBUSTER/,CA 121;
BLOCKBUSTER II,CA 258;
BLOCKBUSTER III/MICH,T 373;
BLOCKBUSTER III/MICH,T 374;
BLOCKBUSTER III/MICH,UX 240;
BLOCKBUSTER III/MICH,UX 243;
BLOCKBUSTER III/MICH,XF 10;
BLOCKBUSTER III/MICH,XM 13;
BLOCKBUSTER/,OU 7;
BLOCKBUSTER/,OU 9;
BLOKE/MICKEY TORK,XFOR 117;
BLOK,W2 159;
BLOK,W2 160;
BLOK,W2 161;
BLOODAXE/JACKIE LUKU,T 392;
BLOODAXE/JACKIE LUKU,T 393;
BLOODAXE/JACKIE LUKU,T 409;
BLOODAXE/JACKIE LUKU,T 413;
BLOODAXE/JACKIE LUKU,T 416;
BLOODAXE/JACKIE LUKU,T 423;
BLOODAXE/JACKIE LUKU,T 427;
BLOODAXE/JACKIE LUKU,T 431;
BLOODAXE/JACKIE LUKU,T 432;
BLOODAXE/JACKIE LUKU,T 435;
BLOODAXE/JACKIE LUKU,T 436;
BLOODAXE/JACKIE LUKU,T 437;
BLOODAXE/JACKIE LUKU,T 444;
BLOODAXE/JACKIE LUKU,T 449;
BLOODAXE/JACKIE LUKU,T 450/3;
BLOODAXE/JACKIE LUKU,T 451;
BLOODAXE/JACKIE LUKU,T 452;
BLOODAXE/JACKIE LUKU,T 453;
BLOODAXE/JACKIE LUKU,T 455/2;
BLOODAXE/JACKIE LUKU,T 456;
BLOODAXE/JACKIE LUKU,TS 11;
BLOODAXE/JACKIE LUKU,TS 12;
BLOODAXE/JACKIE LUKU,TS 15;
BLOODAXE/JACKIE LUKU,TS 16;
BLOODAXE/JACKIE LUKU,TS 17;
BLOODAXE/JACKIE LUKU,TS 18;
BLOODAXE/JACKIE LUKU,TS 19;
BLOODAXE/JACKIE LUKU,TS 21;
BLOODAXE/JACKIE LUKU,TS 22;
BLOODAXE/JACKIE LUKU,TS 23;
BLOODAXE/JACKIE LUKU,TS 24;
BLOODAXE/JACKIE LUKU,TS 9;
BLOOD BROTHERS,A 252;
BLOOD BROTHERS,IM 55;
BLOOD BROTHERS,IM 88;
BLOOD BROTHERS,IM 89;
BLOOD BROTHERS,MAXSEC 1;
BLOOD BROTHERS,MAXSEC 3;
BLOOD BROTHERS,M/FEA 12;
BLOOD BROTHERS,Q 12;
BLOOD BROTHERS,X 107;
BLOODHOUND/,MK3 39;
BLOODLUST,ASM 340;
BLOODLUST,ASM 343;
BLOODLUST,CA 389;
BLOODLUST,CA 390;
BLOODLUST,CA 391;
BLOODLUST,M/CP 49;
BLOODLUST,M/CP 50;
BLOODSCREAM,ASM 435;
BLOODSCREAM,W2 123;
BLOODSCREAM,W2 17;
BLOODSCREAM,W2 4;
BLOODSCREAM,W2 5;
BLOODSCREAM,W2 6;
BLOODSCREAM,W2 7;
BLOODSCREAM,W2 8;
BLOODSCREAM,W2 82;
BLOODSCREAM,W2 83;
BLOODSCREAM,W2 84;
BLOODSCREAM,W2 86;
BLOODSCREAM,XU 9;
BLOODSHED/WYNDELL DI,WOSM 81;
BLOOD SPIDER/,ASM 367;
BLOODSTONE/ULYSSES B,CA 357/2;
BLOODSTONE/ULYSSES B,CA:SL2 6/3;
BLOODSTONE/ULYSSES B,CA:SL2 7;
BLOODSTONE/ULYSSES B,M/:LG 2;
BLOODSTONE/ULYSSES B,M/PRS 1;
BLOODSTONE/ULYSSES B,M/PRS 2;
BLOODSTONE/ULYSSES B,M/U 4;
BLOODSTONE/ULYSSES B,M/U 5;
BLOODSTONE/ULYSSES B,M/U 6;
BLOODSTONE/ULYSSES B,M/U 7;
BLOODSTONE/ULYSSES B,RH 1/2;
BLOODSTONE/ULYSSES B,RH 2/2;
BLOODSTONE/ULYSSES B,RH 3/2;
BLOODSTONE/ULYSSES B,RH 4/2;
BLOODSTONE/ULYSSES B,RH 5/2;
BLOODSTONE/ULYSSES B,RH 6/2;
BLOODSTONE/ULYSSES B,RH 8/2;
BLOODSTONE/ULYSSES B,X:HC 2;
BLOODSTORM | MUTANT,MX '00;
BLOODSTORM | MUTANT,MX '01;
BLOODSTORM | MUTANT,MX 1;
BLOODSTORM | MUTANT,MX 10;
BLOODSTORM | MUTANT,MX 11;
BLOODSTORM | MUTANT,MX 12;
BLOODSTORM | MUTANT,MX 13;
BLOODSTORM | MUTANT,MX 15;
BLOODSTORM | MUTANT,MX 16;
BLOODSTORM | MUTANT,MX 17;
BLOODSTORM | MUTANT,MX 18;
BLOODSTORM | MUTANT,MX 19;
BLOODSTORM | MUTANT,MX 2;
BLOODSTORM | MUTANT,MX 21;
BLOODSTORM | MUTANT,MX 22;
BLOODSTORM | MUTANT,MX 23;
BLOODSTORM | MUTANT,MX 25;
BLOODSTORM | MUTANT,MX 26;
BLOODSTORM | MUTANT,MX 27;
BLOODSTORM | MUTANT,MX 28;
BLOODSTORM | MUTANT,MX 3;
BLOODSTORM | MUTANT,MX 30;
BLOODSTORM | MUTANT,MX 31;
BLOODSTORM | MUTANT,MX 32;
BLOODSTORM | MUTANT,MX 4;
BLOODSTORM | MUTANT,MX 5;
BLOODSTORM | MUTANT,MX 6;
BLOODSTORM | MUTANT,MX 7;
BLOODSTORM | MUTANT,MX 8;
BLOODSTORM | MUTANT,MX 9;
BLOODSTORM | MUTANT,MX '99;
BLOODSTRIKE/ERIC CON,NW 17;
BLOODSTRIKE/ERIC CON,NW 21;
BLOODSTRIKE/ERIC CON,NW 22;
BLOODSTRIKE/ERIC CON,NW 23;
BLOODSTRIKE/ERIC CON,NW 24;
BLOODSTRIKE/ERIC CON,NW 25;
BLOOD-TIDE,VT 4;
BLOODVESSEL, BUSTA,DPOOL3 46;
BLOODVESSEL, BUSTA,DPOOL3 47;
BLOODVESSEL, BUSTA,DPOOL3 48;
BLOODWING [SHI'AR],CM5 14;
BLOOD WRAITH/SEAN DO,AR 1;
BLOOD WRAITH/SEAN DO,AUP 6;
BLOOD WRAITH/SEAN DO,BK2 2;
BLOOD WRAITH/SEAN DO,BK2 3;
BLOOD WRAITH/SEAN DO,BK2 4;
BLOODWRAITH/SEAN DOL,A3 36;
BLOODWRAITH/SEAN DOL,A3 37;
BLOOD WRAITH/SEAN DO,N 60;
BLOOD WRAITH/SEAN DO,N 61;
BLOOD WRAITH/SEAN DO,N 62;
BLOODY BESS,UX 384;
BLOODY BESS,UX 385;
BLOODY MARY,PPSM '00;
BLOTT, BRIGADIER INK,XCAL 45;
BLOTT, BRIGADIER INK,XCAL 49;
BLOWTORCH/,M/CP 67/4;
BLUDGEON/,UX 383;
BLUDGEON/,X 62;
BLUDGEON/,X 63;
BLUE BULLET/PROF. JO,INV 11;
BLUE BULLET/PROF. JO,INV 12;
BLUE DIAMOND/PROFESS,DARING MYSTERY COMIC;
BLUE DIAMOND/PROFESS,INV 35;
BLUE DIAMOND/PROFESS,INV 36;
BLUE DIAMOND/PROFESS,INV 37;
BLUE DIAMOND/PROFESS,INV 38;
BLUE DIAMOND/PROFESS,INV 6;
BLUE DIAMOND/PROFESS,M/PRM 29;
BLUE DIAMOND/PROFESS,M/PRM 30;
BLUE DIAMOND/PROFESS,M/TIO 1;
BLUE DIAMOND/PROFESS,M/TIO 79;
BLUE SHIELD/JOSEPH J,A3 6;
BLUE SHIELD/JOSEPH J,CA 352;
BLUE SHIELD/JOSEPH J,COC 3;
BLUE SHIELD/JOSEPH J,DAZZ 14;
BLUE SHIELD/JOSEPH J,DAZZ 5;
BLUE SHIELD/JOSEPH J,M/SH3 3/4;
BLUE SHIELD/JOSEPH J,Q 8;
BLUE STREAK/,CA 217;
BLUE STREAK/,CA 218;
BLUE STREAK/,CA 228;
BLUE STREAK/,CA 229;
BLUE STREAK/,CA 231;
BLUE STREAK/,CA 318;
BLUNT,X:HY 12;
BLUNT,X:HY 14;
BLUR,Q 31;
BLURRY,GENX 40;
BLURRY,GENX 42;
BLURRY,GENX 43;
BLURRY,GENX 44;
BOAK,XF 67;
BOBCAT/,ASPOT 22;
BOBCAT/,ASPOT 23;
BOBCAT/,ASPOT 24;
BOBCAT/,ASPOT 25;
BOBCAT/,SOLOA 11;
BODYBAG,FF3 6;
BODYBAG,FF3 7;
BODYBAG,FF3 8;
BODYBAG,XCAL 125;
BODYBAG,XCAL 42;
BODYBAG,XCAL 43;
BODYBAG,XCAL 44;
BODYBAG,XCAL 45;
BODYBAG,XCAL 46;
BODYBAG,XCAL 47;
BODYBAG,XCALSE;
BOERKE, MAYOR,M:DS 1;
BOERKE, MAYOR,M:DS 2;
BOGATYR/MIKULA GOLUB,AWC 87;
BOGATYR/MIKULA GOLUB,AWC 88;
BOGGS, MORDECAI P.,A 89;
BOGGS, MORDECAI P.,ASPOT 25/2;
BOGGS, MORDECAI P.,CM 18;
BOGGS, MORDECAI P.,CM 20;
BOGGS, MORDECAI P.,CM 22;
BOGGS, MORDECAI P.,CM 34;
BOGGS, MORDECAI P.,CM 37;
BOGGS, MORDECAI P.,CM 40;
BOGGS, MORDECAI P.,CM5 21;
BOGGS, MORDECAI P.,H2 441;
BOLERO/,FF3 18;
BOLT, COUNCILMAN AND,CA3 11;
BOLT, COUNCILMAN AND,CA3 13;
BOLT, COUNCILMAN AND,CA3 4;
BOLT, COUNCILMAN AND,CA3 6;
BOLT, COUNCILMAN AND,CA3 8;
BOLT II/CHRIS BRADLE,GENX 59;
BOLT II/CHRIS BRADLE,MAV2 1;
BOLT II/CHRIS BRADLE,MAV2 10/2;
BOLT II/CHRIS BRADLE,MAV2 11/2;
BOLT II/CHRIS BRADLE,MAV2 12;
BOLT II/CHRIS BRADLE,MAV2 3;
BOLT II/CHRIS BRADLE,MAV2 4;
BOLT II/CHRIS BRADLE,MAV2 8;
BOLT II/CHRIS BRADLE,MAV2 9/2;
BOLT II/CHRIS BRADLE,MAXSEC 1;
BOLT II/CHRIS BRADLE,MAXSEC 3;
BOLT II/CHRIS BRADLE,NW2 1;
BOLT II/CHRIS BRADLE,NW2 10;
BOLT II/CHRIS BRADLE,NW2 2;
BOLT II/CHRIS BRADLE,NW2 3;
BOLT II/CHRIS BRADLE,NW2 4;
BOLT II/CHRIS BRADLE,NW2 5;
BOLT II/CHRIS BRADLE,NW2 6;
BOLT II/CHRIS BRADLE,NW2 7;
BOLT II/CHRIS BRADLE,NW2 8;
BOLT II/CHRIS BRADLE,NW2 9;
BOLT II/CHRIS BRADLE,W2 149;
BOLT II/CHRIS BRADLE,XU 15;
BOLT II/CHRIS BRADLE,XU 8;
BOLT/LAWRENCE EVANS,S-M 74;
BOMBADIER/,ASMSS 1/3;
BOMBLAST/,TB 23;
BOMBLAST/,TB 28;
BOMBLAST/,TB 32;
BOMBSHELL/,ASPOT 23;
BOMBSHELL/,ASPOT 24;
BOMBSHELL/,ASPOT 25;
BOMBSHELL/,CA 317;
BOMBSHELL/,CA 388;
BOMBSHELL/,CA 389;
BOMBSHELL/,CA 390;
BOMBSHELL/,CA 391;
BOMBSHELL/,CA 392;
BOMBSHELL/,HAWK 3;
BOMBSHELL/,HAWK 4;
BOMBSHELL/,NW 2;
BOMBSHELL/,PPTSS 12;
BOMBSHELL/,WOSM 8;
BOND,XU 7;
BONEBREAKER/,PUN2 33;
BONEBREAKER/,PUN2 34;
BONEBREAKER/,UX 229;
BONEBREAKER/,UX 247;
BONEBREAKER/,UX 248;
BONEBREAKER/,UX 249;
BONEBREAKER/,UX 251;
BONEBREAKER/,UX 252;
BONEBREAKER/,UX 253;
BONEBREAKER/,UX 254;
BONEBREAKER/,UX 255;
BONEBREAKER/,UX 262;
BONEBREAKER/,UX 269;
BONEBREAKER/,UX 281;
BONEBREAKER/,W2 35;
BONEBREAKER/,W2 36;
BONEBREAKER/,W2 37;
BONEBREAKER/,W2 38;
BONEBREAKER/,W2 39;
BONES/ELIZABETH BLIS,S-W3 16;
BONES/ELIZABETH BLIS,S-W3 17;
BONES/ELIZABETH BLIS,S-W3 18;
BONES/ELIZABETH BLIS,S-W3 3;
BONES/ELIZABETH BLIS,S-W3 4;
BONITA,C2 89;
BONITA,C2 90;
BOOBYTRAP/,IM3 1;
BOOBYTRAP/,IM '99;
BOOKWORM/NELSON GRUB,SLEEP 4;
BOOMERANG/FRED MYERS,ASM 280;
BOOMERANG/FRED MYERS,ASM 281;
BOOMERANG/FRED MYERS,ASM 345;
BOOMERANG/FRED MYERS,ASMU 12;
BOOMERANG/FRED MYERS,ASMU 7/3;
BOOMERANG/FRED MYERS,ASPOT 27;
BOOMERANG/FRED MYERS,DEF 64;
BOOMERANG/FRED MYERS,DFSM 1;
BOOMERANG/FRED MYERS,DFSM 2;
BOOMERANG/FRED MYERS,DFSM 3;
BOOMERANG/FRED MYERS,DFSM 4;
BOOMERANG/FRED MYERS,H2 294;
BOOMERANG/FRED MYERS,H2 295;
BOOMERANG/FRED MYERS,IF 13;
BOOMERANG/FRED MYERS,IM 239;
BOOMERANG/FRED MYERS,IM 240;
BOOMERANG/FRED MYERS,M/TU 83;
BOOMERANG/FRED MYERS,M/TU 84;
BOOMERANG/FRED MYERS,NW2 1;
BOOMERANG/FRED MYERS,PPTSS 12;
BOOMERANG/FRED MYERS,PPTSS 144;
BOOMERANG/FRED MYERS,PPTSS 145;
BOOMERANG/FRED MYERS,PPTSS 67;
BOOMERANG/FRED MYERS,PPTSS 73;
BOOMERANG/FRED MYERS,PPTSS 78;
BOOMERANG/FRED MYERS,PPTSS 79;
BOOMERANG/FRED MYERS,PPTSS 81;
BOOMERANG/FRED MYERS,SM:L 1;
BOOMERANG/FRED MYERS,SM:L 2;
BOOMERANG/FRED MYERS,SM:L 3;
BOOMERANG/FRED MYERS,TB 24;
BOOMERANG/FRED MYERS,TB 25;
BOOMERANG/FRED MYERS,TB 26;
BOOMERANG/FRED MYERS,TB:LS;
BOOMERANG/FRED MYERS,TTA 81/2;
BOOMERANG/FRED MYERS,TTA 82/2;
BOOMERANG/FRED MYERS,TTA 83/2;
BOOMERANG/FRED MYERS,TTA 84/2;
BOOMERANG/FRED MYERS,TTA 86/2;
BOOMERANG/FRED MYERS,TTA 87/2;
BOOMERANG/FRED MYERS,TTA 88/2;
BOOMERANG/FRED MYERS,WOSM 8;
BOOMER/TABITHA SMITH,C2 21;
BOOMER/TABITHA SMITH,C2 29;
BOOMER/TABITHA SMITH,C2 73;
BOOMER/TABITHA SMITH,C2 74;
BOOMER/TABITHA SMITH,C&D3 4;
BOOMER/TABITHA SMITH,DPOOL3 22;
BOOMER/TABITHA SMITH,FA 3;
BOOMER/TABITHA SMITH,FA 4;
BOOMER/TABITHA SMITH,FA 5;
BOOMER/TABITHA SMITH,FA 6;
BOOMER/TABITHA SMITH,FA 7;
BOOMER/TABITHA SMITH,FA 8;
BOOMER/TABITHA SMITH,M/FAN 50;
BOOMER/TABITHA SMITH,NM 100;
BOOMER/TABITHA SMITH,NM 5;
BOOMER/TABITHA SMITH,NM 5/2;
BOOMER/TABITHA SMITH,NM 6;
BOOMER/TABITHA SMITH,NM 7;
BOOMER/TABITHA SMITH,NM 72;
BOOMER/TABITHA SMITH,NM 73;
BOOMER/TABITHA SMITH,NM 74;
BOOMER/TABITHA SMITH,NM 76;
BOOMER/TABITHA SMITH,NM 77;
BOOMER/TABITHA SMITH,NM 78;
BOOMER/TABITHA SMITH,NM 79;
BOOMER/TABITHA SMITH,NM 80;
BOOMER/TABITHA SMITH,NM 82;
BOOMER/TABITHA SMITH,NM 83;
BOOMER/TABITHA SMITH,NM 84;
BOOMER/TABITHA SMITH,NM 85;
BOOMER/TABITHA SMITH,NM 86;
BOOMER/TABITHA SMITH,NM 87;
BOOMER/TABITHA SMITH,NM 88;
BOOMER/TABITHA SMITH,NM 89;
BOOMER/TABITHA SMITH,NM 90;
BOOMER/TABITHA SMITH,NM 91;
BOOMER/TABITHA SMITH,NM 92;
BOOMER/TABITHA SMITH,NM 93;
BOOMER/TABITHA SMITH,NM 94;
BOOMER/TABITHA SMITH,NM 95;
BOOMER/TABITHA SMITH,NM 96;
BOOMER/TABITHA SMITH,NM 97;
BOOMER/TABITHA SMITH,NM 98;
BOOMER/TABITHA SMITH,NM 99;
BOOMER/TABITHA SMITH,NMSS 1;
BOOMER/TABITHA SMITH,NW 1;
BOOMER/TABITHA SMITH,S-M 16;
BOOMER/TABITHA SMITH,SWII 5;
BOOMER/TABITHA SMITH,UX 14;
BOOMER/TABITHA SMITH,UX 15;
BOOMER/TABITHA SMITH,UX 270;
BOOMER/TABITHA SMITH,UX 271;
BOOMER/TABITHA SMITH,UX 272;
BOOMER/TABITHA SMITH,UX 273;
BOOMER/TABITHA SMITH,UX 294;
BOOMER/TABITHA SMITH,UX 295;
BOOMER/TABITHA SMITH,UX 326;
BOOMER/TABITHA SMITH,UX 328;
BOOMER/TABITHA SMITH,UX 331;
BOOMER/TABITHA SMITH,UX 388;
BOOMER/TABITHA SMITH,W2 92;
BOOMER/TABITHA SMITH,W2 93;
BOOMER/TABITHA SMITH,W:RT;
BOOMER/TABITHA SMITH,X 14;
BOOMER/TABITHA SMITH,X 15;
BOOMER/TABITHA SMITH,X 47;
BOOMER/TABITHA SMITH,XCAL 82;
BOOMER/TABITHA SMITH,XF 106;
BOOMER/TABITHA SMITH,XF 11;
BOOMER/TABITHA SMITH,XF 12;
BOOMER/TABITHA SMITH,XF 13;
BOOMER/TABITHA SMITH,XF 14;
BOOMER/TABITHA SMITH,XF 15;
BOOMER/TABITHA SMITH,XF 16;
BOOMER/TABITHA SMITH,XF 17;
BOOMER/TABITHA SMITH,XF 22;
BOOMER/TABITHA SMITH,XF 23;
BOOMER/TABITHA SMITH,XF 27;
BOOMER/TABITHA SMITH,XF 28;
BOOMER/TABITHA SMITH,XF 29;
BOOMER/TABITHA SMITH,XF 30;
BOOMER/TABITHA SMITH,XF 31;
BOOMER/TABITHA SMITH,XF 3/2;
BOOMER/TABITHA SMITH,XF 32;
BOOMER/TABITHA SMITH,XF 33;
BOOMER/TABITHA SMITH,XF 40;
BOOMER/TABITHA SMITH,XF 41;
BOOMER/TABITHA SMITH,XF 5;
BOOMER/TABITHA SMITH,XF 6;
BOOMER/TABITHA SMITH,XF 60;
BOOMER/TABITHA SMITH,XF 62;
BOOMER/TABITHA SMITH,XF 84;
BOOMER/TABITHA SMITH,XF 85;
BOOMER/TABITHA SMITH,XF&C '95;
BOOMER/TABITHA SMITH,XFOR -1;
BOOMER/TABITHA SMITH,XFOR 1;
BOOMER/TABITHA SMITH,XFOR 10;
BOOMER/TABITHA SMITH,XFOR 100;
BOOMER/TABITHA SMITH,XFOR 101;
BOOMER/TABITHA SMITH,XFOR 102;
BOOMER/TABITHA SMITH,XFOR 103;
BOOMER/TABITHA SMITH,XFOR 104;
BOOMER/TABITHA SMITH,XFOR 105;
BOOMER/TABITHA SMITH,XFOR 106;
BOOMER/TABITHA SMITH,XFOR 107;
BOOMER/TABITHA SMITH,XFOR 108;
BOOMER/TABITHA SMITH,XFOR 109;
BOOMER/TABITHA SMITH,XFOR 11;
BOOMER/TABITHA SMITH,XFOR 110;
BOOMER/TABITHA SMITH,XFOR 111;
BOOMER/TABITHA SMITH,XFOR 112;
BOOMER/TABITHA SMITH,XFOR 113;
BOOMER/TABITHA SMITH,XFOR 114;
BOOMER/TABITHA SMITH,XFOR 115;
BOOMER/TABITHA SMITH,XFOR 117;
BOOMER/TABITHA SMITH,XFOR 12;
BOOMER/TABITHA SMITH,XFOR 1/3;
BOOMER/TABITHA SMITH,XFOR 13;
BOOMER/TABITHA SMITH,XFOR 14;
BOOMER/TABITHA SMITH,XFOR 15;
BOOMER/TABITHA SMITH,XFOR 16;
BOOMER/TABITHA SMITH,XFOR 17;
BOOMER/TABITHA SMITH,XFOR 2;
BOOMER/TABITHA SMITH,XFOR 35;
BOOMER/TABITHA SMITH,XFOR 36;
BOOMER/TABITHA SMITH,XFOR 37;
BOOMER/TABITHA SMITH,XFOR 38;
BOOMER/TABITHA SMITH,XFOR 39;
BOOMER/TABITHA SMITH,XFOR 40;
BOOMER/TABITHA SMITH,XFOR 41;
BOOMER/TABITHA SMITH,XFOR 42;
BOOMER/TABITHA SMITH,XFOR 43;
BOOMER/TABITHA SMITH,XFOR 44;
BOOMER/TABITHA SMITH,XFOR 45;
BOOMER/TABITHA SMITH,XFOR 46;
BOOMER/TABITHA SMITH,XFOR 47;
BOOMER/TABITHA SMITH,XFOR 48;
BOOMER/TABITHA SMITH,XFOR 49;
BOOMER/TABITHA SMITH,XFOR 5;
BOOMER/TABITHA SMITH,XFOR 50;
BOOMER/TABITHA SMITH,XFOR 51;
BOOMER/TABITHA SMITH,XFOR 52;
BOOMER/TABITHA SMITH,XFOR 53;
BOOMER/TABITHA SMITH,XFOR 54;
BOOMER/TABITHA SMITH,XFOR 57;
BOOMER/TABITHA SMITH,XFOR 6;
BOOMER/TABITHA SMITH,XFOR 62;
BOOMER/TABITHA SMITH,XFOR 69;
BOOMER/TABITHA SMITH,XFOR 7;
BOOMER/TABITHA SMITH,XFOR 70;
BOOMER/TABITHA SMITH,XFOR 71;
BOOMER/TABITHA SMITH,XFOR 72;
BOOMER/TABITHA SMITH,XFOR 73;
BOOMER/TABITHA SMITH,XFOR 74;
BOOMER/TABITHA SMITH,XFOR 75;
BOOMER/TABITHA SMITH,XFOR 76;
BOOMER/TABITHA SMITH,XFOR 77;
BOOMER/TABITHA SMITH,XFOR 78;
BOOMER/TABITHA SMITH,XFOR 79;
BOOMER/TABITHA SMITH,XFOR 8;
BOOMER/TABITHA SMITH,XFOR 80;
BOOMER/TABITHA SMITH,XFOR 81;
BOOMER/TABITHA SMITH,XFOR 82;
BOOMER/TABITHA SMITH,XFOR 83;
BOOMER/TABITHA SMITH,XFOR 84;
BOOMER/TABITHA SMITH,XFOR 85;
BOOMER/TABITHA SMITH,XFOR 86;
BOOMER/TABITHA SMITH,XFOR 87;
BOOMER/TABITHA SMITH,XFOR 89;
BOOMER/TABITHA SMITH,XFOR 9;
BOOMER/TABITHA SMITH,XFOR 90;
BOOMER/TABITHA SMITH,XFOR 91;
BOOMER/TABITHA SMITH,XFOR 92;
BOOMER/TABITHA SMITH,XFOR 93;
BOOMER/TABITHA SMITH,XFOR 94;
BOOMER/TABITHA SMITH,XFOR 95;
BOOMER/TABITHA SMITH,XFOR 96;
BOOMER/TABITHA SMITH,XFOR '97;
BOOMER/TABITHA SMITH,XFOR 97;
BOOMER/TABITHA SMITH,XFOR '98;
BOOMER/TABITHA SMITH,XFOR 98;
BOOMER/TABITHA SMITH,XFOR 99;
BOOMER/TABITHA SMITH,X:PRIME;
BOOMER/TABITHA SMITH,XTERM 1;
BOOMER/TABITHA SMITH,XTERM 2;
BOOMER/TABITHA SMITH,XTERM 3;
BOOMER/TABITHA SMITH,XTERM 4;
BOOMER/TABITHA SMITH,XU 23;
BOOMSLANG/,CA 342;
BOOMSLANG/,CA 343;
BOOMSLANG/,CA 344;
BOOMSLANG/,CA 365/2;
BOOMSLANG/,CA 367;
BOOMSLANG/,CA 367/2;
BOOMSLANG/,CA 372;
BOOMSLANG/,CA 379/2;
BOOMSLANG/,CA 380;
BOOMSLANG/,CA 381;
BOOMSLANG/,CA 434;
BOOMSLANG/,CA 435;
BOOMSLANG/,CA 436;
BOOMSLANG/,CA 437;
BOOMSLANG/,UX 13;
BOONE,ASM 416;
BOONE,ASM 417;
BOONE,PPTSS 217;
BOONE,S-M 51;
BOONE,S-M 57;
BOONE,S-M 59;
BOONE,WOSM 117;
BORAKU,XFOR 81;
BORA,MK 35;
BORA,WOSM 74;
BORA,WOSM 75;
BORA,WOSM 76;
BORROB,SS3 120;
BORROUGHS, CHARLES C,DD 371;
BORROUGHS, CHARLES C,DD 372;
BORROUGHS, CHARLES C,DD 373;
BORROUGHS, CHARLES C,DD 374;
BORROUGHS, CHARLES C,DD 375;
BOSCO, ELAINE,AT:WMB 1;
BOSCO, ELAINE,TM:WY 1;
BOSHLOVOR,FW 5;
BOUDREAUX, BELLA DON,GAM3 1;
BOUDREAUX, BELLA DON,GAM3 13;
BOUDREAUX, BELLA DON,GAM3 15;
BOUDREAUX, BELLA DON,GAM3 17;
BOUDREAUX, BELLA DON,GAM3 19;
BOUDREAUX, BELLA DON,GAM3 21;
BOUDREAUX, BELLA DON,GAM3 22;
BOUDREAUX, BELLA DON,GAM3 23;
BOUDREAUX, BELLA DON,GR3 26;
BOUDREAUX, BELLA DON,GR3 27;
BOUDREAUX, BELLA DON,MX 16;
BOUDREAUX, BELLA DON,R 1;
BOUDREAUX, BELLA DON,R 2;
BOUDREAUX, BELLA DON,R 3;
BOUDREAUX, BELLA DON,R 4;
BOUDREAUX, BELLA DON,X 39;
BOUDREAUX, BELLA DON,X 8;
BOUDREAUX, BELLA DON,X 9;
BOUDREAUX, MARIUS,GAM3 22;
BOULDER/,IM 12;
BOULDER/,ROM 28;
BOUNCER,UX 263;
BOUNTY II,FF3 14;
BOUNTY II,FF3 20;
BOUNTY II,FF3 21;
BOUNTY II,FF3 22;
BOUNTY II,FF3 23;
BOUNTY II,FF3 24;
BOUNTY II,PPSM '00;
BOUNTY,SS3 123;
BOUNTY,SS3 124;
BOVA,A 185;
BOVA,A 186;
BOVA,A 187;
BOVA,A 245;
BOVA,A 380;
BOVA,A 381;
BOVA,A 382;
BOVA,ASM 22/3;
BOVA,GSA 1;
BOVA,HFH 15;
BOVA,HFH 16;
BOVA,HFH 17;
BOVA,HFH '98;
BOVA,M/TIO 74;
BOVA,QS 1;
BOVA,QS 10;
BOVA,QS 11;
BOVA,QS 12;
BOVA,QS 2;
BOVA,QS 4;
BOVA,QS 5;
BOVA,QS 6;
BOVA,QS 7;
BOVA,QS 8;
BOVA,SSU 1;
BOVA,UX 12/3;
BOVA,V&SW 4;
BOVA,WOSM 4/3;
BOVA,XCAL 113;
BOWDEN, DENNIS,TS 11;
BOWEN, FATHER MICHAE,C&D3 1;
BOWEN, FATHER MICHAE,C&D3 12;
BOWEN, FATHER MICHAE,C&D3 13;
BOWEN, FATHER MICHAE,C&D3 2;
BOWEN, FATHER MICHAE,C&D3 3;
BOWEN, FATHER MICHAE,C&D3 4;
BOWEN, FATHER MICHAE,C&D3 5;
BOWEN, FATHER MICHAE,C&D3 6;
BOWEN, FATHER MICHAE,C&D3 7;
BOWEN, FATHER MICHAE,C&D3 8;
BOWEN, FATHER MICHAE,C&D3 9;
BOWEN, FATHER MICHAE,M/CP 115/4;
BOWEN, FATHER MICHAE,M/TU 100;
BOWEN, FATHER MICHAE,NM 24;
BOWEN, FATHER MICHAE,NM 25;
BOWEN, FATHER MICHAE,ST2 13;
BOWEN, FATHER MICHAE,ST2 14;
BOWEN, FATHER MICHAE,ST2 15;
BOWEN, FATHER MICHAE,ST2 16;
BOWEN, FATHER MICHAE,ST2 17;
BOWEN, FATHER MICHAE,UX 196;
BOWMAN, MAJ.,A 1.5;
BOX II/JERRY JAXXON,AF 12;
BOX IV/MADISON JEFFR,A 320;
BOX IV/MADISON JEFFR,A 321;
BOX IV/MADISON JEFFR,A 322;
BOX IV/MADISON JEFFR,A 323;
BOX IV/MADISON JEFFR,A 324;
BOX IV/MADISON JEFFR,AF 1;
BOX IV/MADISON JEFFR,AF 100;
BOX IV/MADISON JEFFR,AF 101;
BOX IV/MADISON JEFFR,AF 102;
BOX IV/MADISON JEFFR,AF 103;
BOX IV/MADISON JEFFR,AF 104;
BOX IV/MADISON JEFFR,AF 105;
BOX IV/MADISON JEFFR,AF 109/2;
BOX IV/MADISON JEFFR,AF 110;
BOX IV/MADISON JEFFR,AF 16;
BOX IV/MADISON JEFFR,AF 2;
BOX IV/MADISON JEFFR,AF2 1;
BOX IV/MADISON JEFFR,AF2 12;
BOX IV/MADISON JEFFR,AF 22;
BOX IV/MADISON JEFFR,AF 28;
BOX IV/MADISON JEFFR,AF 29;
BOX IV/MADISON JEFFR,AF 30;
BOX IV/MADISON JEFFR,AF 31;
BOX IV/MADISON JEFFR,AF 32;
BOX IV/MADISON JEFFR,AF 33;
BOX IV/MADISON JEFFR,AF 34;
BOX IV/MADISON JEFFR,AF 35;
BOX IV/MADISON JEFFR,AF 36;
BOX IV/MADISON JEFFR,AF 39;
BOX IV/MADISON JEFFR,AF 40;
BOX IV/MADISON JEFFR,AF 41;
BOX IV/MADISON JEFFR,AF 42;
BOX IV/MADISON JEFFR,AF 43;
BOX IV/MADISON JEFFR,AF 44;
BOX IV/MADISON JEFFR,AF 45;
BOX IV/MADISON JEFFR,AF 46;
BOX IV/MADISON JEFFR,AF 48;
BOX IV/MADISON JEFFR,AF 49;
BOX IV/MADISON JEFFR,AF 50;
BOX IV/MADISON JEFFR,AF 51;
BOX IV/MADISON JEFFR,AF 52;
BOX IV/MADISON JEFFR,AF 53;
BOX IV/MADISON JEFFR,AF 54;
BOX IV/MADISON JEFFR,AF 55;
BOX IV/MADISON JEFFR,AF 56;
BOX IV/MADISON JEFFR,AF 57;
BOX IV/MADISON JEFFR,AF 58;
BOX IV/MADISON JEFFR,AF 59;
BOX IV/MADISON JEFFR,AF 60;
BOX IV/MADISON JEFFR,AF 61;
BOX IV/MADISON JEFFR,AF 62;
BOX IV/MADISON JEFFR,AF 63;
BOX IV/MADISON JEFFR,AF 64;
BOX IV/MADISON JEFFR,AF 65;
BOX IV/MADISON JEFFR,AF 66;
BOX IV/MADISON JEFFR,AF 67;
BOX IV/MADISON JEFFR,AF 68;
BOX IV/MADISON JEFFR,AF 69;
BOX IV/MADISON JEFFR,AF 70;
BOX IV/MADISON JEFFR,AF 71;
BOX IV/MADISON JEFFR,AF 72;
BOX IV/MADISON JEFFR,AF 73;
BOX IV/MADISON JEFFR,AF 74;
BOX IV/MADISON JEFFR,AF 75;
BOX IV/MADISON JEFFR,AF 76;
BOX IV/MADISON JEFFR,AF 77;
BOX IV/MADISON JEFFR,AF 78;
BOX IV/MADISON JEFFR,AF 79;
BOX IV/MADISON JEFFR,AF 80;
BOX IV/MADISON JEFFR,AF 81;
BOX IV/MADISON JEFFR,AF 82;
BOX IV/MADISON JEFFR,AF 83;
BOX IV/MADISON JEFFR,AF 84;
BOX IV/MADISON JEFFR,AF 85;
BOX IV/MADISON JEFFR,AF 86;
BOX IV/MADISON JEFFR,AF 87;
BOX IV/MADISON JEFFR,AF 88;
BOX IV/MADISON JEFFR,AF 89;
BOX IV/MADISON JEFFR,AF 90;
BOX IV/MADISON JEFFR,AF 91;
BOX IV/MADISON JEFFR,AF 94;
BOX IV/MADISON JEFFR,AF 95;
BOX IV/MADISON JEFFR,AF 96;
BOX IV/MADISON JEFFR,AF 97;
BOX IV/MADISON JEFFR,AF 98;
BOX IV/MADISON JEFFR,AF 99;
BOX IV/MADISON JEFFR,H2 313;
BOX/ROGER BOCHS,A 272;
BOX/ROGER BOCHS,AF 1;
BOX/ROGER BOCHS,AF 11;
BOX/ROGER BOCHS,AF 113;
BOX/ROGER BOCHS,AF 12;
BOX/ROGER BOCHS,AF 16;
BOX/ROGER BOCHS,AF 22;
BOX/ROGER BOCHS,AF 24;
BOX/ROGER BOCHS,AF 25;
BOX/ROGER BOCHS,AF 27;
BOX/ROGER BOCHS,AF 28;
BOX/ROGER BOCHS,AF 29;
BOX/ROGER BOCHS,AF 30;
BOX/ROGER BOCHS,AF 31;
BOX/ROGER BOCHS,AF 32;
BOX/ROGER BOCHS,AF 33;
BOX/ROGER BOCHS,AF 34;
BOX/ROGER BOCHS,AF 35;
BOX/ROGER BOCHS,AF 36;
BOX/ROGER BOCHS,AF 37;
BOX/ROGER BOCHS,AF 38;
BOX/ROGER BOCHS,AF 39;
BOX/ROGER BOCHS,AF 40;
BOX/ROGER BOCHS,AF 41;
BOX/ROGER BOCHS,AF 42;
BOX/ROGER BOCHS,AF 43;
BOX/ROGER BOCHS,AF 44;
BOX/ROGER BOCHS,AF 45;
BOX/ROGER BOCHS,AF 46;
BOX/ROGER BOCHS,AF 48;
BOX/ROGER BOCHS,AF 49;
BOX/ROGER BOCHS,H2 313;
BOX/ROGER BOCHS,M/FAN 28;
BOX/ROGER BOCHS,SWII 4;
BOX/ROGER BOCHS,SWII 9;
BOYD, TWO-FISTED TOM,FF 361;
BRADDOCK, ELIZABETH,CB 14;
BRADDOCK, JAMES,CB 14;
BRADDOCK, JAMES JR.,CB 10;
BRADDOCK, JAMES JR.,CB 11;
BRADDOCK, JAMES JR.,CB 12;
BRADDOCK, JAMES JR.,CB 15;
BRADDOCK, JAMES JR.,CB 18;
BRADDOCK, JAMES JR.,CB 20;
BRADDOCK, JAMES JR.,CB 9;
BRADDOCK, JAMES JR.,XCAL 2;
BRADDOCK, JAMES JR.,XCAL 21;
BRADDOCK, JAMES JR.,XCAL 27;
BRADDOCK, JAMES JR.,XCAL 55;
BRADDOCK, JAMES,XCAL2 2;
BRADDOCK, JOHN,X:HC 4;
BRADLEY, CARRIE,ASS 1;
BRADLEY, CARRIE,ASS 2;
BRADLEY, CARRIE,SCARSPI 1;
BRADLEY, CARRIE,SSCARSPI 1;
BRADLEY, CARRIE,SSCARSPI 2;
BRADLEY, HANK,T2 1;
BRADLEY, JESSICA,P:P;
BRAHAMS,M/FAN2 5;
BRAHMANES,SS3 142;
BRAIN CELL/,UX 292;
BRAINCHILD,A 105;
BRAINCHILD,M/FAN 1;
BRAINCHILD,M/FAN 2;
BRAINCHILD,M/FAN 3;
BRAINCHILD,M/FAN 4;
BRAINCHILD,UX 12;
BRAINCHILD,UX 250;
BRAINCHILD,UX 274;
BRAINCHILD,UX 275;
BRAINCHILD,UX 62;
BRAINCHILD,UX 63;
BRAINCHILD,W2 69;
BRAINCHILD,XU 6;
BRAIN DRAIN/WERNER S,AF 108;
BRAIN DRAIN/WERNER S,AF 110;
BRAIN DRAIN/WERNER S,AF 111;
BRAIN DRAIN/WERNER S,AF 112;
BRAIN DRAIN/WERNER S,INV 2;
BRAINSTORM/,S-M 29;
BRAINSTORM/,S-M 30;
BRAINSTORM/,S-M 31;
BRAINY,GENX 40;
BRAINY,GENX 42;
BRAINY,GENX 43;
BRAINY,GENX 44;
BRAITHWAITE, JUDGE R,PUN3 1;
BRAITHWAITE, JUDGE R,PUN3 2;
BRAMER,ASM 411;
BRAMER,PPTSS 234;
BRAMER,S-M 68;
BRAMER,S-M 69;
BRANDEIS, CAMMY,BFF:S 1;
BRANDEIS, CAMMY,BFF:S 2;
BRANDEIS, CAMMY,BFF:S 3;
BRANDEIS, LIZ PARRIS,BFF:S 1;
BRANDEIS, PROF. HENR,BFF:S 1;
BRANDT, ELLEN,AT 12;
BRANDT, ELLEN,M-T3 1;
BRANDT, ELLEN,M-T3 2;
BRANDT, ELLEN,M-T3 3;
BRANDT, ELLEN,M-T3 4;
BRANDT, ELLEN,M-T3 5;
BRANDT, ELLEN,M-T3 6;
BRANDT, ELLEN,MU 5;
BRANDT, ELLEN,PPSM '99;
BRANDT, ELLEN,ST5 1;
BRANDT, ELLEN,ST5 2;
BRANNEX, ALLESSANDRO,CA 387;
BRANNEX,FFOR 4;
BRANSON,CA3 25;
BRANSON,CA3 26;
BRANSON,CA3 27;
BRASS BISHOP/,AF2 14;
BRASS BISHOP/,AF2 15;
BRASS BISHOP/,AF2 16;
BRASS/SEAN WATANABE,M/CP 67;
BRASS/SEAN WATANABE,M/CP 68;
BRASS/SEAN WATANABE,M/CP 69;
BRASS/SEAN WATANABE,M/CP 70;
BRASS/SEAN WATANABE,M/CP 71;
BRAWLER,A 377;
BRAWN, HUNTER,GENX 51;
BRAWN, HUNTER,GENX '99;
BRAWN, TRISTAN,GENX 50;
BRAWN, TRISTAN,GENX 51;
BRAWN, TRISTAN,GENX 52;
BRAWN, TRISTAN,GENX 57;
BRAWN, TRISTAN,GENX '99;
BREAKER/RAAK,ROM 2;
BREAKER/RAAK,ROM 71;
BREEGAN,DOOM2 1;
BREEGAN,DOOM2 2;
BREEGAN,DOOM2 3;
BRES,A 225;
BRES,A 226;
BRES,PM&IF 113;
BREWER, AMY,AF 106;
BREWER, AMY,AF 107;
BREWER, DR. MELINDA,PUN2 58;
BREWER, DR. MELINDA,PUN2 59;
BREWER, DR. MELINDA,PUN2 60;
BREWER, DR. MELINDA,PUN2 62;
BRICKFORD, CLAY,H2 179;
BRICKFORD, CLAY,ROM 29;
BRICKFORD, CLAY,TB 34;
BRICKMAN, GLORIA,XF 138;
BRICKMAN, GLORIA,XF 139;
BRICKMAN, SEN. MILES,C2 '98;
BRICKMAN, SEN. MILES,MM 18;
BRICKMAN, SEN. MILES,MM 19;
BRICKMAN, SEN. MILES,MM '98;
BRICKMAN, SEN. MILES,UX 359;
BRICKMAN, SEN. MILES,XF 138;
BRICKMAN, SEN. MILES,XF 139;
BRICKMAN, SEN. MILES,XF 143;
BRIDGE, GEORGE WASHI,C 1;
BRIDGE, GEORGE WASHI,C 2;
BRIDGE, GEORGE WASHI,C2 33;
BRIDGE, GEORGE WASHI,C2 34;
BRIDGE, GEORGE WASHI,C2 38;
BRIDGE, GEORGE WASHI,C2 47;
BRIDGE, GEORGE WASHI,C2 59;
BRIDGE, GEORGE WASHI,C2 60;
BRIDGE, GEORGE WASHI,C2 61;
BRIDGE, GEORGE WASHI,C2 62;
BRIDGE, GEORGE WASHI,C2 80;
BRIDGE, GEORGE WASHI,C2 81;
BRIDGE, GEORGE WASHI,C2 82;
BRIDGE, GEORGE WASHI,C2 83;
BRIDGE, GEORGE WASHI,C2 91;
BRIDGE, GEORGE WASHI,C2 92;
BRIDGE, GEORGE WASHI,C2 93;
BRIDGE, GEORGE WASHI,C2 94;
BRIDGE, GEORGE WASHI,C2 '98;
BRIDGE, GEORGE WASHI,IM3 6;
BRIDGE, GEORGE WASHI,KPAOS 1;
BRIDGE, GEORGE WASHI,MM '98;
BRIDGE, GEORGE WASHI,NF3 33;
BRIDGE, GEORGE WASHI,NF3 34;
BRIDGE, GEORGE WASHI,NF3 35;
BRIDGE, GEORGE WASHI,TB 10;
BRIDGE, GEORGE WASHI,TB 15;
BRIDGE, GEORGE WASHI,TB 16;
BRIDGE, GEORGE WASHI,TB 27;
BRIDGE, GEORGE WASHI,TB 48;
BRIDGE, GEORGE WASHI,TB 49;
BRIDGE, GEORGE WASHI,TB 50;
BRIDGE, GEORGE WASHI,TB 53;
BRIDGE, GEORGE WASHI,TB 6;
BRIDGE, GEORGE WASHI,TB 8;
BRIDGE, GEORGE WASHI,TM/U 1;
BRIDGE, GEORGE WASHI,W2 118;
BRIDGE, GEORGE WASHI,X 91;
BRIDGE, GEORGE WASHI,XFOR 1;
BRIDGE, GEORGE WASHI,XFOR 11;
BRIDGE, GEORGE WASHI,XFOR 12;
BRIDGE, GEORGE WASHI,XFOR 13;
BRIDGE, GEORGE WASHI,XFOR 14;
BRIDGE, GEORGE WASHI,XFOR 2;
BRIDGE, GEORGE WASHI,XFOR 4;
BRIDGE, GEORGE WASHI,XFOR 5;
BRIDGE, GEORGE WASHI,XFOR 69;
BRIDGE, GEORGE WASHI,XFOR 8;
BRIGGS, AGENT STEPHA,NW 67;
BRIGGS, AGENT STEPHA,SCARSPI 2;
BRIGGS, AGENT STEPHA,WOSS 2;
BRIGGS, AGENT STEPHA,WOSS 3;
BRIGGS, AGENT STEPHA,WOSS 4;
BRIGGS, AGENT,XFOR 77;
BRIGGS, AGENT,XFOR 86;
BRIGHTSWORD/CARTER D,M/CP 101/2;
BRIGHTSWORD/CARTER D,M/CP 102/2;
BRIGHTSWORD/CARTER D,M/CP 106/2;
BRIGHTSWORD/CARTER D,M/CP 107/2;
BRIGHTSWORD/CARTER D,M/CP 108/2;
BRIGHTSWORD/CARTER D,M/CP 109/2;
BRIGHTSWORD/CARTER D,PPTSS 8;
BRIGHTSWORD/CARTER D,PPTSS 8/2;
BRIGHTSWORD/CARTER D,T 203;
BRIGHTSWORD/CARTER D,T 291;
BRIGHTSWORD/CARTER D,T 300;
BRIGHTWIND,NM 35;
BRIGHTWIND,NM 37;
BRIGHTWIND,NM 38;
BRIGHTWIND,NM 41;
BRIGHTWIND,NM 4/2;
BRIGHTWIND,NM 43;
BRIGHTWIND,NM 45;
BRIGHTWIND,NM 47;
BRIGHTWIND,NM 52;
BRIGHTWIND,NM 58;
BRIGHTWIND,NM 59;
BRIGHTWIND,NM 61;
BRIGHTWIND,NM 76;
BRIGHTWIND,NM 77;
BRIGHTWIND,NM 78;
BRIGHTWIND,NM 79;
BRIGHTWIND,NM 80;
BRIGHTWIND,NMSE 1;
BRIGHTWIND,PP 20;
BRIGHTWIND,UX 200;
BRIGHTWIND,UX 211;
BRIGHTWIND,UX 9;
BRIGHTWIND,XCAL 8;
BRIGHTWIND,XF 41;
BRIGHTWIND,XFOR 41;
BRIGHTWIND,XFOR 43;
BRINKE, NIOMI,DD 363;
BRINKE, NIOMI,DD 364;
BRIQUETTE/,XF 80;
BRIQUETTE/,XF 81;
BROADSIDE,UX 384;
BROADSIDE,X 104;
BROGIN, BULL,FF 23;
BROGIN, BULL,M/TIO 60;
BROGIN, BULL,ST 122;
BROKEN MAN,XM 63;
BROKEN MAN,XM 64;
BROKEN MAN,XM 65;
BROKEN MAN,XM 66;
BROKER,FW 15;
BROKER,FW 16;
BROMINE,TB 7;
BROMWELL, DR.,ASM 113;
BROMWELL, DR.,ASM 12;
BROMWELL, DR.,ASM 18;
BROMWELL, DR.,ASM 31;
BROMWELL, DR.,ASM 38;
BROMWELL, DR.,ASM 40;
BROMWELL, DR.,ASM 49;
BROMWELL, DR.,ASM 54;
BROMWELL, DR.,ASM 57;
BROMWELL, DR.,ASM 67;
BROMWELL, DR.,ASM 83;
BROMWELL, DR.,ASM 9;
BROMWELL, DR.,GSSM 1;
BROMWELL, DR.,M/SH 14;
BROMWELL, DR.,SM:PL;
BRONA,T 143;
BRONA,T 144;
BRONA,T 145;
BRONA,T2 15;
BRONA,T2 16;
BRONA,T2 18;
BRONA,T2 19;
BRONA,T2 20;
BROOKS, ANNA,S-M 11;
BROOKS, ANNA,S-M 12;
BROOKS, ANNA,S-M 8;
BROOKS, ANNA,S-M 9;
BROOP,E 3;
BROOP,IM 6;
BROTHER AXE,AA2 37;
BROTHER CAESAR,C2 58;
BROTHER ROYAL,SUB-M 51;
BROTHER ROYAL,UX 5;
BROTHERS GRIMM II/BA,ASPOT 22;
BROTHERS GRIMM II/BA,ASPOT 24;
BROTHERS GRIMM II/BA,ASPOT 25;
BROTHERS GRIMM II/BA,AUP 4;
BROTHERS GRIMM II/BA,AWC 76;
BROTHERS GRIMM II/BA,AWC 77;
BROTHERS GRIMM II/BA,AWC 78;
BROTHERS GRIMM II/BA,AWC 79;
BROTHERS GRIMM II/BA,CA 330;
BROTHERS GRIMM II/BA,CA 331;
BROTHERS GRIMM II/BA,IM 187;
BROTHERS GRIMM II/BA,IM 188;
BROTHERS GRIMM II/BA,M/CP 87/4;
BROTHERS GRIMM II/BA,PPTSS 159;
BROTHERS GRIMM II/BA,SOLOA 3/2;
BROTHERS GRIMM II/BA,WCA2 40;
BROTHERS GRIMM II/BA,WOSM 64;
BROTHERS GRIMM II/BA,WOSM 65;
BROTHERS GRIMM,S-W 11;
BROTHERS GRIMM,S-W 12;
BROTHERS GRIMM,S-W 3;
BROTHERS GRIMM,S-W 4;
BROTHERS GRIMM,S-W 7;
BROTHER STEPHEN,ST5 1/2;
BROTHER TODE,E 1;
BROTHER TODE,E 13;
BROTHER TODE,E 3;
BROTHER TODE,E 8;
BROTHER TODE,E 9;
BROTHER TODE,IM 6;
BROTHER TODE,T 286;
BROTHER VIRGIL,C2 58;
BROTHER VIRGIL,C2 70;
BROTHER VOODOO/DANIE,BLADE;
BROTHER VOODOO/DANIE,BP3 17;
BROTHER VOODOO/DANIE,BP3 18;
BROTHER VOODOO/DANIE,BP3 19;
BROTHER VOODOO/DANIE,BP3 20;
BROTHER VOODOO/DANIE,BP3 21;
BROTHER VOODOO/DANIE,BP3 22;
BROTHER VOODOO/DANIE,COC 1;
BROTHER VOODOO/DANIE,DD 311;
BROTHER VOODOO/DANIE,DRSTR2 48;
BROTHER VOODOO/DANIE,DRSTR3 16;
BROTHER VOODOO/DANIE,DRSTR3 17;
BROTHER VOODOO/DANIE,DRSTR3 18;
BROTHER VOODOO/DANIE,GR3 85;
BROTHER VOODOO/DANIE,HFH 13;
BROTHER VOODOO/DANIE,MK 21;
BROTHER VOODOO/DANIE,MK3 6;
BROTHER VOODOO/DANIE,MK3 7;
BROTHER VOODOO/DANIE,M/SH3 1/4;
BROTHER VOODOO/DANIE,M/TIO 41;
BROTHER VOODOO/DANIE,M/TU 24;
BROTHER VOODOO/DANIE,ST 169;
BROTHER VOODOO/DANIE,ST 170;
BROTHER VOODOO/DANIE,ST 171;
BROTHER VOODOO/DANIE,ST 172;
BROTHER VOODOO/DANIE,ST 173;
BROTHER VOODOO/DANIE,TOD 34;
BROTHER VOODOO/DANIE,TOD 35;
BROTHER VOODOO/DANIE,TOD 36;
BROTHER VOODOO/DANIE,TOD 37;
BROTHER VOODOO/DANIE,TOTZ 10;
BROTHER VOODOO/DANIE,TOTZ 2;
BROTHER VOODOO/DANIE,TOTZ 6/3;
BROTHER VOODOO/DANIE,WBN 38;
BROTHER VOODOO/DANIE,WBN 39;
BROTHER VOODOO/DANIE,WBN 40;
BROTHER VOODOO/DANIE,WBN 41;
BROTHER VOODOO | MUT,MX '01;
BROTHER WONDERFUL/DR,CA 201;
BROTHER WONDERFUL/DR,CA 202;
BROTHER WONDERFUL/DR,CA 203;
BROTHER WONDERFUL/DR,CA 204;
BROTHER WONDERFUL/DR,CA 410;
BROWN, ABE,DHKF 1;
BROWN, ABE,DHKF 10/3;
BROWN, ABE,DHKF 11/2;
BROWN, ABE,DHKF 12/2;
BROWN, ABE,DHKF 1/3;
BROWN, ABE,DHKF 14/2;
BROWN, ABE,DHKF 16/3;
BROWN, ABE,DHKF 17/2;
BROWN, ABE,DHKF 18/2;
BROWN, ABE,DHKF 19/2;
BROWN, ABE,DHKF 20/2;
BROWN, ABE,DHKF 21/2;
BROWN, ABE,DHKF 22/2;
BROWN, ABE,DHKF 23/2;
BROWN, ABE,DHKF 24/2;
BROWN, ABE,DHKF 26;
BROWN, ABE,DHKF 29/2;
BROWN, ABE,DHKF 3;
BROWN, ABE,DHKF 30;
BROWN, ABE,DHKF 32/2;
BROWN, ABE,DHKF 4/2;
BROWN, ABE,DHKF 6;
BROWN, ABE,DHKF 7/2;
BROWN, ABE,DHKF 8/2;
BROWN, ABE,DHKF 9/2;
BROWN, ABE,M/TU 40;
BROWN, ABE,PM&IF 65;
BROWN, ABE,PM&IF 74;
BROWN, ABE,PM&IF 81;
BROWN, ABE,PM&IF 82;
BROWN, ABE,PPTSS 10/2;
BROWN, ABE,PPTSS 12/3;
BROWN, FRANK,ASM 259;
BROWN, FRANK,SM:PL;
BROWN, LAURA,KPAOS 1;
BROWN, LAURA,NFAOS 10;
BROWN, LAURA,NFAOS 11;
BROWN, LAURA,NFAOS 13;
BROWN, LAURA,NFAOS 15;
BROWN, LAURA,NFAOS 9;
BROWN, LAURA,NFV.S 4;
BROWN, LAURA,NFV.S 5;
BROWN, LAURA,NFV.S 6;
BROWN, LAURA,ST 135;
BROWN, LAURA,ST 137;
BROWN, LAURA,ST 138;
BROWN, LAURA,ST 139;
BROWN, LAURA,ST 140;
BROWN, LAURA,ST 141;
BROWN, LAURA,ST 152;
BROWN, LAURA,ST 153;
BROWN, LAURA,ST 154;
BROWN, LAURA,ST 155;
BROWN, LAURA,ST 156;
BROWN, LAURA,ST 157;
BROWN, LAURA,ST 158;
BROWN, LAURA,ST 159;
BROWN, LAURA,S-W 13;
BROWN, LAURA,S-W 14;
BROWN, LAURA,S-W 15;
BROWN, LAURA,S-W 16;
BROWN, MINDY MCPHERS,ASM 25/3;
BROWN, MINDY MCPHERS,ASM 365/4;
BROWN, MINDY MCPHERS,ASM 78;
BROWN, MINDY MCPHERS,ASM 93;
BROWN, MINDY MCPHERS,DHKF 21/2;
BROWN, MINDY MCPHERS,PPTSS 10/2;
BROWN, MINDY MCPHERS,PPTSS 9/2;
BROWN, MINDY MCPHERS,SENSM 16;
BROWN, MINDY MCPHERS,SENSM 18;
BROWN, MINDY MCPHERS,SENSM 28;
BROWN, MINDY MCPHERS,WOSM 50;
BROWSER,XF 137;
BRUKNER, DR. FRANK,GR3 32;
BRUKNER, ILANEY,DPOOL3 19;
BRUKNER, ILANEY,DPOOL3 26;
BRUKNER, ILANEY,DPOOL3 27;
BRUKNER, ILANEY,DPOOL3 28;
BRUKNER, ILANEY,DPOOL3 30;
BRUKNER, ILANEY,DPOOL3 31;
BRUKNER, ILANEY,DPOOL3 32;
BRUNNHILDE/MCM-XLI (,INV 1;
BRUNNHILDE/MCM-XLI (,INV 2;
BRUNO,HMAG 11;
BRUNO,HMAG 12;
BRUTACUS,A '00;
BRUTACUS,FF 14;
BRUTACUS,FF 186;
BRUTACUS,FF 223;
BRUTACUS,V&SW2 3;
BRUTACUS,V&SW2 5;
BRUTE II/,NM 100;
BRUTE II/,NM 99;
BRUTE | MUTANT X-VER,MX '01;
BRUTE | MUTANT X-VER,MX 1;
BRUTE | MUTANT X-VER,MX 10;
BRUTE | MUTANT X-VER,MX 11;
BRUTE | MUTANT X-VER,MX 12;
BRUTE | MUTANT X-VER,MX 15;
BRUTE | MUTANT X-VER,MX 16;
BRUTE | MUTANT X-VER,MX 17;
BRUTE | MUTANT X-VER,MX 18;
BRUTE | MUTANT X-VER,MX 19;
BRUTE | MUTANT X-VER,MX 2;
BRUTE | MUTANT X-VER,MX 21;
BRUTE | MUTANT X-VER,MX 22;
BRUTE | MUTANT X-VER,MX 23;
BRUTE | MUTANT X-VER,MX 24;
BRUTE | MUTANT X-VER,MX 25;
BRUTE | MUTANT X-VER,MX 26;
BRUTE | MUTANT X-VER,MX 27;
BRUTE | MUTANT X-VER,MX 28;
BRUTE | MUTANT X-VER,MX 3;
BRUTE | MUTANT X-VER,MX 30;
BRUTE | MUTANT X-VER,MX 31;
BRUTE | MUTANT X-VER,MX 32;
BRUTE | MUTANT X-VER,MX 5;
BRUTE | MUTANT X-VER,MX 6;
BRUTE | MUTANT X-VER,MX 7;
BRUTE | MUTANT X-VER,MX 8;
BRUTE | MUTANT X-VER,MX 9;
BRUTE | MUTANT X-VER,MX '99;
BRUTE/REED RICHARDS,FF 176;
BRUTE/REED RICHARDS,FF 177;
BRUTE/REED RICHARDS,FF 178;
BRUTE/REED RICHARDS,FF 179;
BRUTE/REED RICHARDS,FF 181;
BRUTE/REED RICHARDS,FF 182;
BRUTE/REED RICHARDS,FF 183;
BRUTE/REED RICHARDS,WLOCK 6;
BRUTE/REED RICHARDS,WLOCK 7;
BRUTO THE STRONGMAN/,A 22;
BRUTO THE STRONGMAN/,ASM 16;
BRUTO THE STRONGMAN/,ASM '98;
BRUTO THE STRONGMAN/,GENX 32;
BRUTO THE STRONGMAN/,GR2 72;
BRUTO THE STRONGMAN/,GR2 73;
BRUTO THE STRONGMAN/,H2 292;
BRUTO THE STRONGMAN/,H 3;
BRUTO THE STRONGMAN/,HTD 27;
BRUTO THE STRONGMAN/,PP 59;
BRUTO THE STRONGMAN/,S-H2 1;
BRUTO THE STRONGMAN/,T 145;
BRUTUS,A 20;
BRUTUS,AWC 6;
BRUTUS,H 17/2;
BRUTUS II,A3 32;
BRUTUS II,A3 33;
BRUTUS KLOR,MGK2 3;
BRYCE, ARCHER,WOSM 115;
BRYCE, ARCHER,WOSM 116;
BUCHANAN, SAM,DHOLD 1;
BUCHANAN, SAM,DHOLD 2;
BUCHANAN, SAM,DHOLD 3;
BUCHANAN, SAM,GR3 31;
BUCHETTO, SALVATORE,DD 299;
BUCHOVITZ, STANLEY &,HFH 17;
BUCKMAN, EDWARD,X:HC 4;
BUCKNER, GRANT,S-M 57;
BUCKNER, GRANT,WOSM 124;
BUCKY/BUCKY BARNES,A 16;
BUCKY/BUCKY BARNES,A 4;
BUCKY/BUCKY BARNES,A 56;
BUCKY/BUCKY BARNES,CA3 32;
BUCKY/BUCKY BARNES,CA 383/2;
BUCKY/BUCKY BARNES,CA '98;
BUCKY/BUCKY BARNES,CAPTAIN AMERICA COMI;
BUCKY/BUCKY BARNES,CA:SL2 12;
BUCKY/BUCKY BARNES,CA:SL2 7;
BUCKY/BUCKY BARNES,DF 2.4;
BUCKY/BUCKY BARNES,DF 3.6;
BUCKY/BUCKY BARNES,GSINV 1;
BUCKY/BUCKY BARNES,INV 1;
BUCKY/BUCKY BARNES,INV 10;
BUCKY/BUCKY BARNES,INV 11;
BUCKY/BUCKY BARNES,INV 12;
BUCKY/BUCKY BARNES,INV 13;
BUCKY/BUCKY BARNES,INV 14;
BUCKY/BUCKY BARNES,INV 15;
BUCKY/BUCKY BARNES,INV 16;
BUCKY/BUCKY BARNES,INV 17;
BUCKY/BUCKY BARNES,INV 18;
BUCKY/BUCKY BARNES,INV 19;
BUCKY/BUCKY BARNES,INV 20;
BUCKY/BUCKY BARNES,INV 21;
BUCKY/BUCKY BARNES,INV 22;
BUCKY/BUCKY BARNES,INV 23;
BUCKY/BUCKY BARNES,INV 25;
BUCKY/BUCKY BARNES,INV 26;
BUCKY/BUCKY BARNES,INV 27;
BUCKY/BUCKY BARNES,INV 28;
BUCKY/BUCKY BARNES,INV 29;
BUCKY/BUCKY BARNES,INV 3;
BUCKY/BUCKY BARNES,INV 31;
BUCKY/BUCKY BARNES,INV 38;
BUCKY/BUCKY BARNES,INV 39;
BUCKY/BUCKY BARNES,INV 4;
BUCKY/BUCKY BARNES,INV 5;
BUCKY/BUCKY BARNES,INV 6;
BUCKY/BUCKY BARNES,INV 7;
BUCKY/BUCKY BARNES,INV 8;
BUCKY/BUCKY BARNES,INV 9;
BUCKY/BUCKY BARNES,M/PRM 29;
BUCKY/BUCKY BARNES,M/PRM 30;
BUCKY/BUCKY BARNES,SGTF 13;
BUCKY/BUCKY BARNES,S-H2 53;
BUCKY/BUCKY BARNES,YOUNG ALLIES 1;
BUCKY II/FRED DAVIS,CV 1;
BUCKY II/FRED DAVIS,CV 2;
BUCKY II/FRED DAVIS,CV 3;
BUCKY II/FRED DAVIS,TB 39;
BUCKY II/FRED DAVIS,TB 40;
BUCKY II/FRED DAVIS,TB 49;
BUCKY VI/,CA 10/5;
BUCKY VI/,DD 307;
BUCKY VII/RIKKI BARN,CA2 1;
BUCKY VII/RIKKI BARN,CA2 10;
BUCKY VII/RIKKI BARN,CA2 11;
BUCKY VII/RIKKI BARN,CA2 12;
BUCKY VII/RIKKI BARN,CA2 2;
BUCKY VII/RIKKI BARN,CA2 4;
BUCKY VII/RIKKI BARN,CA2 5;
BUCKY VII/RIKKI BARN,CA2 6;
BUCKY VII/RIKKI BARN,CA2 8;
BUCKY VII/RIKKI BARN,HR:R 3;
BUCKY VII/RIKKI BARN,HR:R 4;
BUCKY VII/RIKKI BARN,TB 52;
BUCKY VII/RIKKI BARN,YOUNG ALLIES;
BUCKY VI/,NOM2 1;
BUCKY VI/,NOM2 2;
BUCKY VI/,NOM2 3;
BUCKY VI/,NOM2 4;
BUCKY VI/,NOM2 5;
BUCKY VI/,NOM2 8;
BUCKY VI/,NOM 3;
BUCKY VI/,NOM 4;
BUCKY VI/,PWJ 45;
BUCKY VI/,PWJ 46;
BUEL,SENSM 21;
BUEL,SENSM 22;
BUEL,SENSM 23;
BUG,AF2 10;
BUG,AF2 11;
BUG,C2 38;
BUG,C2 39;
BUG,CM5 12;
BUG,CM5 15;
BUG,CM5 16;
BUG,CM5 6;
BUG,CM5 7;
BUKOWSKI, BUCK,M/TU 107;
BUKOWSKI, BUCK,S-H 18;
BUKOWSKI, BUCK,S-H 19;
BULLDOZER/HENRY CAMP,A 273;
BULLDOZER/HENRY CAMP,A 274;
BULLDOZER/HENRY CAMP,A 275;
BULLDOZER/HENRY CAMP,A 276;
BULLDOZER/HENRY CAMP,A 277;
BULLDOZER/HENRY CAMP,A3 15;
BULLDOZER/HENRY CAMP,A3 16;
BULLDOZER/HENRY CAMP,A3 17;
BULLDOZER/HENRY CAMP,A3 18;
BULLDOZER/HENRY CAMP,AUP 4;
BULLDOZER/HENRY CAMP,DAMCON2 1;
BULLDOZER/HENRY CAMP,DEF 17;
BULLDOZER/HENRY CAMP,DEF 18;
BULLDOZER/HENRY CAMP,DEF 19;
BULLDOZER/HENRY CAMP,IF 11;
BULLDOZER/HENRY CAMP,IF 12;
BULLDOZER/HENRY CAMP,JIM 505;
BULLDOZER/HENRY CAMP,M/SHSW 1;
BULLDOZER/HENRY CAMP,M/SHSW 11;
BULLDOZER/HENRY CAMP,M/SHSW 12;
BULLDOZER/HENRY CAMP,M/SHSW 2;
BULLDOZER/HENRY CAMP,M/SHSW 3;
BULLDOZER/HENRY CAMP,M/SHSW 4;
BULLDOZER/HENRY CAMP,M/SHSW 5;
BULLDOZER/HENRY CAMP,M/SHSW 6;
BULLDOZER/HENRY CAMP,M/SHSW 7;
BULLDOZER/HENRY CAMP,M/SHSW 8;
BULLDOZER/HENRY CAMP,M/TU2 10;
BULLDOZER/HENRY CAMP,M/TU2 11;
BULLDOZER/HENRY CAMP,M/TU2 6;
BULLDOZER/HENRY CAMP,PPTSS 125;
BULLDOZER/HENRY CAMP,PPTSS 126;
BULLDOZER/HENRY CAMP,T2 28;
BULLDOZER/HENRY CAMP,T2 29;
BULLDOZER/HENRY CAMP,T 304;
BULLDOZER/HENRY CAMP,T 383;
BULLDOZER/HENRY CAMP,T 418;
BULLDOZER/HENRY CAMP,T 426;
BULLDOZER/HENRY CAMP,T 427;
BULLDOZER/HENRY CAMP,T 428;
BULLDOZER/HENRY CAMP,T 429;
BULLDOZER/HENRY CAMP,T 430;
BULLDOZER/HENRY CAMP,TB 1;
BULLDOZER/HENRY CAMP,TB:LS;
BULLET BIKER,ASPOT 23;
BULLET BIKER,ASPOT 24;
BULLET BIKER,ASPOT 25;
BULLET BIKER,SOLOA 13;
BULLET,DD 250;
BULLET,DD 251;
BULLET,DD 252;
BULLET,DD 259;
BULLET,DD 260;
BULLET,DD 267;
BULLET,DD 291;
BULLET,M/K 11;
BULLET,M/K 12;
BULL,PM&IF 55;
BULLSEYE II/BENJAMIN,CA 372;
BULLSEYE II/BENJAMIN,CA 373;
BULLSEYE II/BENJAMIN,CA 374;
BULLSEYE II/BENJAMIN,CA 375;
BULLSEYE II/BENJAMIN,CA 376;
BULLSEYE II/BENJAMIN,CA 377;
BULLSEYE II/BENJAMIN,DD 131;
BULLSEYE II/BENJAMIN,DD 132;
BULLSEYE II/BENJAMIN,DD 141;
BULLSEYE II/BENJAMIN,DD 142;
BULLSEYE II/BENJAMIN,DD 146;
BULLSEYE II/BENJAMIN,DD 159;
BULLSEYE II/BENJAMIN,DD 160;
BULLSEYE II/BENJAMIN,DD 161;
BULLSEYE II/BENJAMIN,DD 169;
BULLSEYE II/BENJAMIN,DD 170;
BULLSEYE II/BENJAMIN,DD 171;
BULLSEYE II/BENJAMIN,DD 172;
BULLSEYE II/BENJAMIN,DD 181;
BULLSEYE II/BENJAMIN,DD 191;
BULLSEYE II/BENJAMIN,DD 197;
BULLSEYE II/BENJAMIN,DD 198;
BULLSEYE II/BENJAMIN,DD 199;
BULLSEYE II/BENJAMIN,DD 200;
BULLSEYE II/BENJAMIN,DD 284;
BULLSEYE II/BENJAMIN,DD 285;
BULLSEYE II/BENJAMIN,DD 286;
BULLSEYE II/BENJAMIN,DD 287;
BULLSEYE II/BENJAMIN,DD 288;
BULLSEYE II/BENJAMIN,DD 289;
BULLSEYE II/BENJAMIN,DD 290;
BULLSEYE II/BENJAMIN,DD3 4;
BULLSEYE II/BENJAMIN,DD3 5;
BULLSEYE II/BENJAMIN,DD 380;
BULLSEYE II/BENJAMIN,DPOOL3 16;
BULLSEYE II/BENJAMIN,DPOOL3 28;
BULLSEYE II/BENJAMIN,DPOOL3 36;
BULLSEYE II/BENJAMIN,ELEK 1;
BULLSEYE II/BENJAMIN,GAM3 17;
BULLSEYE II/BENJAMIN,PPSM2 6;
BULLSEYE II/BENJAMIN,PUN3 1;
BULLSEYE | MUTANT X-,MX 6;
BULLSEYE,NFAOS 15;
BULL,TOS 59/2;
BULWARK/,GENX 13;
BUMPKIN,GENX 25;
BUMPO, MR.,PUN5 11;
BUMPO, MR.,PUN5 12;
BUMPO, MR.,PUN5 9;
BUNYAN, PAUL,CA 383;
BURGOS, CARL,ST 123;
BURKE,GAM3 14;
BURKE, GWYNETH,M-T3 5;
BURKE, GWYNETH,M-T3 6;
BURKE, GWYNETH,ST5 1;
BURKE, GWYNETH,ST5 2;
BURKE, JACK,M-T3 5;
BURKE, JACK,M-T3 6;
BURKE, JACK,ST5 1;
BURKE, JACK,ST5 2;
BURKE, JOB,M-T3 5;
BURKE, JOB,M-T3 6;
BURKE, JOB,ST5 1;
BURKE, JOB,ST5 2;
BURKE, RICKY,XFOR 73;
BURKE, THERESA TRACY,IM3 11;
BURKE, THERESA TRACY,IM3 23;
BURKE, THERESA TRACY,MSM 10;
BURKE, THERESA TRACY,MSM 11;
BURKE, THERESA TRACY,MSM 8;
BURKE, THERESA TRACY,MSM 9;
BURKE,XFOR 10;
BURLEY, MIKE,NO 1;
BURLEY, MIKE,NO 11;
BURLEY, MIKE,NO 13;
BURLEY, MIKE,NO 14;
BURLEY, MIKE,NO 15;
BURLEY, MIKE,NO 2;
BURLEY, MIKE,NO 21;
BURLEY, MIKE,NO 22;
BURLEY, MIKE,NO 23;
BURLEY, MIKE,NO 3;
BURLEY, MIKE,NO 4;
BURLEY, MIKE,NO 5;
BURLINGAME, CALVIN,TB 53;
BURNING PUDDLE,UX 395;
BURR, CLAYTON,DLOK 1;
BURR, CLAYTON,DLOK 2;
BURR, CLAYTON,DLOK2 17;
BURR, CLAYTON,DLOK 3;
BURR, CLAYTON,M/CP 62/4;
BURRTHROP, T. BARTON,TM/U 1;
BURST/,QS 1;
BUSH, GEORGE,A 336;
BUSH, GEORGE,AWC 79;
BUSH, GEORGE,IM 277;
BUSH, GEORGE,M/CP 97/2;
BUSH, GEORGE,UX 274;
BUSHKIN, BARNEY,ASM 190;
BUSHKIN, BARNEY,ASM 193;
BUSHKIN, BARNEY,ASM 194;
BUSHKIN, BARNEY,ASM 201;
BUSHKIN, BARNEY,ASM 202;
BUSHKIN, BARNEY,ASM 203;
BUSHKIN, BARNEY,ASM 204;
BUSHKIN, BARNEY,ASM 205;
BUSHKIN, BARNEY,ASM 208;
BUSHKIN, BARNEY,ASM 209;
BUSHKIN, BARNEY,ASM 210;
BUSHKIN, BARNEY,ASM 27;
BUSHKIN, BARNEY,DHKF 22/2;
BUSHKIN, BARNEY,DHKF 30;
BUSHKIN, BARNEY,FF 207;
BUSHKIN, BARNEY,M/TU 56;
BUSHKIN, BARNEY,PPTSS 38;
BUSHKIN, BARNEY,PPTSS 39;
BUSHKIN, BARNEY,PPTSS 40;
BUSHKIN, BARNEY,PPTSS 44;
BUSHKIN, BARNEY,PPTSS 45;
BUSHKIN, BARNEY,PPTSS 46;
BUSHMAN, RAOUL,MK 1;
BUSHMAN, RAOUL,MK 10;
BUSHMAN, RAOUL,MK3 1;
BUSHMAN, RAOUL,MK3 11;
BUSHMAN, RAOUL,MK3 12;
BUSHMAN, RAOUL,MK3 13;
BUSHMAN, RAOUL,MK3 14;
BUSHMAN, RAOUL,MK3 2;
BUSHMAN, RAOUL,MK3 3;
BUSHMAN, RAOUL,MK3 37;
BUSHMAN, RAOUL,MK4 3;
BUSHMAN, RAOUL,MK4 4;
BUSHMAN, RAOUL,MK 9;
BUSHMASTER II/QUINCY,CA 10/2;
BUSHMASTER II/QUINCY,CA 310;
BUSHMASTER II/QUINCY,CA 311;
BUSHMASTER II/QUINCY,CA 312;
BUSHMASTER II/QUINCY,CA 313;
BUSHMASTER II/QUINCY,CA 315;
BUSHMASTER II/QUINCY,CA 319;
BUSHMASTER II/QUINCY,CA 341;
BUSHMASTER II/QUINCY,CA 342;
BUSHMASTER II/QUINCY,CA 365/2;
BUSHMASTER II/QUINCY,CA 367/2;
BUSHMASTER II/QUINCY,CA 380;
BUSHMASTER II/QUINCY,CA 381;
BUSHMASTER II/QUINCY,CA 382;
BUSHMASTER II/QUINCY,UX 13;
BUSHMASTER/JOHN MCIV,CA 10/2;
BUSHMASTER/JOHN MCIV,IF 15;
BUSHMASTER/JOHN MCIV,M/TU 63;
BUSHMASTER/JOHN MCIV,PM 49;
BUSHMASTER/JOHN MCIV,PM&IF 49;
BUSHMASTER/JOHN MCIV,PM&IF 67;
BUSHWACKER/CARL,DD 248;
BUSHWACKER/CARL,DD 249;
BUSHWACKER/CARL,DD 259;
BUSHWACKER/CARL,DD 260;
BUSHWACKER/CARL,DD 334;
BUSHWACKER/CARL,DD 335;
BUSHWACKER/CARL,DD 336;
BUSHWACKER/CARL,DD 380;
BUSHWACKER/CARL,DD 5/4;
BUSHWACKER/CARL,DD 8;
BUSHWACKER/CARL,DLOK2 2;
BUSHWACKER/CARL,DLOK2 5;
BUSHWACKER/CARL,NOM2 4;
BUSHWACKER/CARL,NOM2 5;
BUSHWACKER/CARL,PWJ 12;
BUSHWACKER/CARL,PWJ 13;
BUSIEK, KURT,CA3 21;
BUTCH,DD 238;
BUTCH,DD 239;
BUTCH,DD 241;
BUTCH,DD 248;
BUTCH,DD 249;
BUTCH,DD 250;
BUTCH,DD 259;
BUTCH,DD 261;
BUTCH,DD 262;
BUTCH,DD 263;
BUTCH,DD 265;
BUTCH,DD2 8;
BUTCH,DD 5/3;
BUTCH,DD 6/2;
BUTCH,DD 7/4;
BUTCH,DD 8/4;
BUTCH,LSHOT 4;
BUTCH,LSHOT 5;
BUTCH,NM 2;
BUTCH,PWJ 12;
BUTCH,UX 10;
BUTTERFLY,FW 6;
BUTTERFLY,IM 312;
BUTTERFLY,WARM 10;
BUTTONS,S-W 19;
BUTTONS,WBN 31;
BUTTONS,WBN 42;
BUX,XM 29;
BUX,XM 32;
BUX,XM 33;
BUX,XM 34;
BUX,XM 35;
BUX,XM 36;
BUX,XM 37;
BUX,XM 51;
BUZZARD,SSU 1;
BUZZ,ASM 407;
BUZZ,ASM 410;
BUZZ,ASM 413;
BUZZ,ASM 414;
BUZZ,ASM 415;
BUZZ,ASMU 14;
BUZZ,PPTSS 231;
BUZZ,SENSM 11;
BUZZ,SENSM 2;
BUZZ,SENSM 29;
BUZZ,SENSM 4;
BUZZ,SENSM 9;
BUZZ,S-M 64;
BUZZ,S-M 65;
BUZZ,S-M 69;
BUZZ,S-M 75;
BUZZ,S-M 88;
BYRD, NATHANIEL ALEX,DHKF 12/2;
BYRD, NATHANIEL ALEX,DHKF 16/3;
BYRD, NATHANIEL ALEX,DHKF 17/2;
BYRD, NATHANIEL ALEX,DHKF 18/2;
BYRD, NATHANIEL ALEX,DHKF 19/2;
BYRD, NATHANIEL ALEX,DHKF 22/2;
BYRD, NATHANIEL ALEX,DHKF 23/2;
BYRD, NATHANIEL ALEX,DHKF 24/2;
BYRD, NATHANIEL ALEX,DHKF 26;
BYRD, NATHANIEL ALEX,DHKF 27;
BYRD, NATHANIEL ALEX,DHKF 29/2;
BYRD, NATHANIEL ALEX,DHKF 30;
BYRD, NATHANIEL ALEX,DHKF 31;
BYRD, NATHANIEL ALEX,DHKF 32/2;
BYRD, SEN. HARRINGTO,A 33;
BYRD, SEN. HARRINGTO,IM 10;
BYRD, SEN. HARRINGTO,IM 100;
BYRD, SEN. HARRINGTO,IM 41;
BYRD, SEN. HARRINGTO,IM 99;
BYRD, SEN. HARRINGTO,IM:IA 1;
BYRD, SEN. HARRINGTO,TOS 46;
BYRD, SEN. HARRINGTO,TOS 47;
BYRD, SEN. HARRINGTO,TOS 66;
BYRD, SEN. HARRINGTO,TOS 68;
BYRD, SEN. HARRINGTO,TOS 69;
BYRD, SEN. HARRINGTO,TOS 70;
BYRD, SEN. HARRINGTO,TOS 71;
BYRD, SEN. HARRINGTO,TOS 72;
BYRD, SEN. HARRINGTO,TOS 73;
BYRD, SEN. HARRINGTO,TOS 74;
BYRD, SEN. HARRINGTO,TOS 75;
BYRD, SEN. HARRINGTO,TOS 76;
BYRD, SEN. HARRINGTO,TOS 77;
BYRD, SEN. HARRINGTO,TOS 81;
BYRD, SEN. HARRINGTO,TOS 82;
BYRD, SEN. HARRINGTO,TOS 83;
BYRD, SEN. HARRINGTO,TOS 84;
BYRD, SEN. HARRINGTO,TOS 85;
BYRD, SEN. HARRINGTO,TOS 89;
BYREL,PP:PP 3;
BYRNE, JOHN,AF 105;
BYRNE, JOHN,FF 262;
BYRNE, JOHN,IF 15;
BYRNE, JOHN,THING 7/2;
BYRNE, JOHN,UX 121;
BYRNES, GAYLE WATSON,ASM 259;
BYRNES, GAYLE WATSON,ASM 291;
BYRNES, GAYLE WATSON,ASM 292;
BYRNES, GAYLE WATSON,ASM 395;
BYRNES, GAYLE WATSON,ASM 396;
BYRNES, GAYLE WATSON,PPTSS 218;
BYRNES, GAYLE WATSON,SM:PL;
BYRNES, GAYLE WATSON,WOSM 120;
BYRNES, TIM,ASM 259;
BYRNES, TIM,SM:PL;
BYRRAH [ATLANTEAN],A 270;
BYRRAH [ATLANTEAN],A 272;
BYRRAH [ATLANTEAN],AF 36;
BYRRAH [ATLANTEAN],AF 37;
BYRRAH [ATLANTEAN],AF 38;
BYRRAH [ATLANTEAN],AF 39;
BYRRAH [ATLANTEAN],AF 40;
BYRRAH [ATLANTEAN],M/:LG 3;
BYRRAH [ATLANTEAN],SUB-M 33;
BYRRAH [ATLANTEAN],SUB-M 50;
BYRRAH [ATLANTEAN],SUB-M 51;
BYRRAH [ATLANTEAN],TTA 90;
BYRRAH [ATLANTEAN],TTA 91;
BYRRAH | HEROES REBO,DOOM2 2;
BYRRAH | HEROES REBO,DOOM2 3;
CABE, BETHANY,FW 6;
CABE, BETHANY,FW 8;
CABE, BETHANY,IM 117;
CABE, BETHANY,IM 118;
CABE, BETHANY,IM 120;
CABE, BETHANY,IM 121;
CABE, BETHANY,IM 122;
CABE, BETHANY,IM 123;
CABE, BETHANY,IM 124;
CABE, BETHANY,IM 125;
CABE, BETHANY,IM 126;
CABE, BETHANY,IM 127;
CABE, BETHANY,IM 128;
CABE, BETHANY,IM 129;
CABE, BETHANY,IM 131;
CABE, BETHANY,IM 133;
CABE, BETHANY,IM 134;
CABE, BETHANY,IM 135;
CABE, BETHANY,IM 137;
CABE, BETHANY,IM 138;
CABE, BETHANY,IM 139;
CABE, BETHANY,IM 140;
CABE, BETHANY,IM 141;
CABE, BETHANY,IM 142;
CABE, BETHANY,IM 143;
CABE, BETHANY,IM 145;
CABE, BETHANY,IM 146;
CABE, BETHANY,IM 15;
CABE, BETHANY,IM 152;
CABE, BETHANY,IM 153;
CABE, BETHANY,IM 193;
CABE, BETHANY,IM 194;
CABE, BETHANY,IM 195;
CABE, BETHANY,IM 197;
CABE, BETHANY,IM 198;
CABE, BETHANY,IM 199;
CABE, BETHANY,IM 200;
CABE, BETHANY,IM 201;
CABE, BETHANY,IM 203;
CABE, BETHANY,IM 204;
CABE, BETHANY,IM 205;
CABE, BETHANY,IM 207;
CABE, BETHANY,IM 208;
CABE, BETHANY,IM 211;
CABE, BETHANY,IM 289;
CABE, BETHANY,IM 305;
CABE, BETHANY,IM 306;
CABE, BETHANY,IM 307;
CABE, BETHANY,IM 308;
CABE, BETHANY,IM 310;
CABE, BETHANY,IM 315;
CABE, BETHANY,IM 318;
CABE, BETHANY,IM 319;
CABE, BETHANY,IM 320;
CABE, BETHANY,IM 323;
CABE, BETHANY,IM 327;
CABE, BETHANY,WARM 8;
CABER,T 417/2;
CABER,T 418/2;
CABER,T 423;
CABER,T 425;
CABER,T 426;
CACHE,CA '00;
CACHE,CA3 33;
CACHE,CA3 34;
CACHE,CA3 38;
CACHE,CA3 39;
CACHES, FABIAN,ASM 436;
CACHES, PROF. MARINA,ASM 427;
CACHES, PROF. MARINA,ASM 428;
CACHES, PROF. MARINA,ASM 433;
CACHES, PROF. MARINA,ASM 434;
CACHES, PROF. MARINA,ASM 436;
CACTUS,ASPOT 26/2;
CACTUS,WCA2 24;
CADAVER,PPCDGN;
CADMIUM,TB 6;
CADMIUM,TB 7;
CADMIUM,TB 8;
CADUCEUS,M/CP 101/2;
CADUCEUS,M/CP 102/2;
CADUCEUS,M/CP 103/2;
CADUCEUS,M/CP 105/2;
CADUCEUS,M/CP 107/2;
CADUCEUS,M/CP 108/2;
CADUCEUS,M/CP 109/2;
CADUCEUS,PPTSS 8;
CADUCEUS,T 300;
CAESAR,C2 58;
CAESAR,C2 70;
CAESAR, JONATHAN,ASM 304;
CAESAR, JONATHAN,ASM 306;
CAESAR, JONATHAN,ASM 307;
CAESAR, JONATHAN,ASM 308;
CAESAR, JONATHAN,ASM 309;
CAESAR, JONATHAN,ASM 313;
CAESAR, JONATHAN,ASM 332;
CAESAR, JONATHAN,ASM 333;
CAESAR, JONATHAN,ASM 337;
CAESAR, JONATHAN,ASM 338;
CAESAR, JONATHAN,ASM 339;
CAESAR, JONATHAN,PPTSS 9/3;
CAESAR, JULIUS,DRSTR3 33;
CAGE, LUKE/CARL LUCA,A 118;
CAGE, LUKE/CARL LUCA,ASM 123;
CAGE, LUKE/CARL LUCA,ASMU 13;
CAGE, LUKE/CARL LUCA,ASMU 6/2;
CAGE, LUKE/CARL LUCA,BP3 16;
CAGE, LUKE/CARL LUCA,BP3 17;
CAGE, LUKE/CARL LUCA,CAGE 1;
CAGE, LUKE/CARL LUCA,CAGE 10;
CAGE, LUKE/CARL LUCA,CAGE 2;
CAGE, LUKE/CARL LUCA,CAGE 3;
CAGE, LUKE/CARL LUCA,CAGE 4;
CAGE, LUKE/CARL LUCA,CAGE 5;
CAGE, LUKE/CARL LUCA,CAGE 6;
CAGE, LUKE/CARL LUCA,CAGE 7;
CAGE, LUKE/CARL LUCA,CAGE 8;
CAGE, LUKE/CARL LUCA,CAGE 9;
CAGE, LUKE/CARL LUCA,COC 1;
CAGE, LUKE/CARL LUCA,COH 2;
CAGE, LUKE/CARL LUCA,COH 3;
CAGE, LUKE/CARL LUCA,DAZZ 21;
CAGE, LUKE/CARL LUCA,DAZZ 23;
CAGE, LUKE/CARL LUCA,DAZZ 24;
CAGE, LUKE/CARL LUCA,DD 164;
CAGE, LUKE/CARL LUCA,DD 178;
CAGE, LUKE/CARL LUCA,DD 207;
CAGE, LUKE/CARL LUCA,DEF 1;
CAGE, LUKE/CARL LUCA,DEF 107;
CAGE, LUKE/CARL LUCA,DEF 17;
CAGE, LUKE/CARL LUCA,DEF 18;
CAGE, LUKE/CARL LUCA,DEF 19;
CAGE, LUKE/CARL LUCA,DEF 24;
CAGE, LUKE/CARL LUCA,DEF 25;
CAGE, LUKE/CARL LUCA,DEF 37;
CAGE, LUKE/CARL LUCA,DEF 38;
CAGE, LUKE/CARL LUCA,DEF 39;
CAGE, LUKE/CARL LUCA,DEF 40;
CAGE, LUKE/CARL LUCA,DEF 42;
CAGE, LUKE/CARL LUCA,DEF 43;
CAGE, LUKE/CARL LUCA,DEF 44;
CAGE, LUKE/CARL LUCA,DEF 45;
CAGE, LUKE/CARL LUCA,DEF 46;
CAGE, LUKE/CARL LUCA,FF 133;
CAGE, LUKE/CARL LUCA,FF 168;
CAGE, LUKE/CARL LUCA,FF 169;
CAGE, LUKE/CARL LUCA,FF 170;
CAGE, LUKE/CARL LUCA,FF3 6;
CAGE, LUKE/CARL LUCA,H2 243;
CAGE, LUKE/CARL LUCA,H2 278;
CAGE, LUKE/CARL LUCA,H2 279;
CAGE, LUKE/CARL LUCA,H2 300;
CAGE, LUKE/CARL LUCA,HFH 1;
CAGE, LUKE/CARL LUCA,HFH 10;
CAGE, LUKE/CARL LUCA,HFH 11;
CAGE, LUKE/CARL LUCA,HFH 12;
CAGE, LUKE/CARL LUCA,HFH 13;
CAGE, LUKE/CARL LUCA,HFH 14;
CAGE, LUKE/CARL LUCA,HFH 15;
CAGE, LUKE/CARL LUCA,HFH 16;
CAGE, LUKE/CARL LUCA,HFH 17;
CAGE, LUKE/CARL LUCA,HFH 18;
CAGE, LUKE/CARL LUCA,HFH 2;
CAGE, LUKE/CARL LUCA,HFH 3;
CAGE, LUKE/CARL LUCA,HFH 4;
CAGE, LUKE/CARL LUCA,HFH 5;
CAGE, LUKE/CARL LUCA,HFH 6;
CAGE, LUKE/CARL LUCA,HFH 7;
CAGE, LUKE/CARL LUCA,HFH 8;
CAGE, LUKE/CARL LUCA,HFH 9;
CAGE, LUKE/CARL LUCA,HFH '98;
CAGE, LUKE/CARL LUCA,IF 11;
CAGE, LUKE/CARL LUCA,IFW 1;
CAGE, LUKE/CARL LUCA,IFW 2;
CAGE, LUKE/CARL LUCA,IFW 3;
CAGE, LUKE/CARL LUCA,IFW 4;
CAGE, LUKE/CARL LUCA,IM 177;
CAGE, LUKE/CARL LUCA,LCHFH 1;
CAGE, LUKE/CARL LUCA,LCHFH 10;
CAGE, LUKE/CARL LUCA,LCHFH 11;
CAGE, LUKE/CARL LUCA,LCHFH 12;
CAGE, LUKE/CARL LUCA,LCHFH 13;
CAGE, LUKE/CARL LUCA,LCHFH 14;
CAGE, LUKE/CARL LUCA,LCHFH 15;
CAGE, LUKE/CARL LUCA,LCHFH 16;
CAGE, LUKE/CARL LUCA,LCHFH 2;
CAGE, LUKE/CARL LUCA,LCHFH 3;
CAGE, LUKE/CARL LUCA,LCHFH 4;
CAGE, LUKE/CARL LUCA,LCHFH 5;
CAGE, LUKE/CARL LUCA,LCHFH 6;
CAGE, LUKE/CARL LUCA,LCHFH 7;
CAGE, LUKE/CARL LUCA,LCHFH 8;
CAGE, LUKE/CARL LUCA,LCHFH 9;
CAGE, LUKE/CARL LUCA,MARVELS 4;
CAGE, LUKE/CARL LUCA,M/CP 82/2;
CAGE, LUKE/CARL LUCA,M/FAN2 6;
CAGE, LUKE/CARL LUCA,M/GN 1;
CAGE, LUKE/CARL LUCA,M/GN 27;
CAGE, LUKE/CARL LUCA,M/K 11;
CAGE, LUKE/CARL LUCA,M/K 12;
CAGE, LUKE/CARL LUCA,M/K 13;
CAGE, LUKE/CARL LUCA,M/TIO 13;
CAGE, LUKE/CARL LUCA,M/TIO 94;
CAGE, LUKE/CARL LUCA,M/TU 105;
CAGE, LUKE/CARL LUCA,M/TU 105/2;
CAGE, LUKE/CARL LUCA,M/TU 126;
CAGE, LUKE/CARL LUCA,M/TU 3;
CAGE, LUKE/CARL LUCA,M/TU 4;
CAGE, LUKE/CARL LUCA,M/TU 75;
CAGE, LUKE/CARL LUCA,NF3 36;
CAGE, LUKE/CARL LUCA,PM 1;
CAGE, LUKE/CARL LUCA,PM 17;
CAGE, LUKE/CARL LUCA,PM 18;
CAGE, LUKE/CARL LUCA,PM 19;
CAGE, LUKE/CARL LUCA,PM 20;
CAGE, LUKE/CARL LUCA,PM 21;
CAGE, LUKE/CARL LUCA,PM 22;
CAGE, LUKE/CARL LUCA,PM 23;
CAGE, LUKE/CARL LUCA,PM 24;
CAGE, LUKE/CARL LUCA,PM 25;
CAGE, LUKE/CARL LUCA,PM 26;
CAGE, LUKE/CARL LUCA,PM 27;
CAGE, LUKE/CARL LUCA,PM 28;
CAGE, LUKE/CARL LUCA,PM 29;
CAGE, LUKE/CARL LUCA,PM 30;
CAGE, LUKE/CARL LUCA,PM 31;
CAGE, LUKE/CARL LUCA,PM 32;
CAGE, LUKE/CARL LUCA,PM 33;
CAGE, LUKE/CARL LUCA,PM 34;
CAGE, LUKE/CARL LUCA,PM 35;
CAGE, LUKE/CARL LUCA,PM 37;
CAGE, LUKE/CARL LUCA,PM 38;
CAGE, LUKE/CARL LUCA,PM 39;
CAGE, LUKE/CARL LUCA,PM 40;
CAGE, LUKE/CARL LUCA,PM 41;
CAGE, LUKE/CARL LUCA,PM 42;
CAGE, LUKE/CARL LUCA,PM 43;
CAGE, LUKE/CARL LUCA,PM 44;
CAGE, LUKE/CARL LUCA,PM 45;
CAGE, LUKE/CARL LUCA,PM 46;
CAGE, LUKE/CARL LUCA,PM 47;
CAGE, LUKE/CARL LUCA,PM 48;
CAGE, LUKE/CARL LUCA,PM&IF 100;
CAGE, LUKE/CARL LUCA,PM&IF 101;
CAGE, LUKE/CARL LUCA,PM&IF 102;
CAGE, LUKE/CARL LUCA,PM&IF 103;
CAGE, LUKE/CARL LUCA,PM&IF 104;
CAGE, LUKE/CARL LUCA,PM&IF 105;
CAGE, LUKE/CARL LUCA,PM&IF 106;
CAGE, LUKE/CARL LUCA,PM&IF 107;
CAGE, LUKE/CARL LUCA,PM&IF 108;
CAGE, LUKE/CARL LUCA,PM&IF 109;
CAGE, LUKE/CARL LUCA,PM&IF 110;
CAGE, LUKE/CARL LUCA,PM&IF 111;
CAGE, LUKE/CARL LUCA,PM&IF 112;
CAGE, LUKE/CARL LUCA,PM&IF 113;
CAGE, LUKE/CARL LUCA,PM&IF 114;
CAGE, LUKE/CARL LUCA,PM&IF 115;
CAGE, LUKE/CARL LUCA,PM&IF 116;
CAGE, LUKE/CARL LUCA,PM&IF 117;
CAGE, LUKE/CARL LUCA,PM&IF 118;
CAGE, LUKE/CARL LUCA,PM&IF 119;
CAGE, LUKE/CARL LUCA,PM&IF 120;
CAGE, LUKE/CARL LUCA,PM&IF 121;
CAGE, LUKE/CARL LUCA,PM&IF 122;
CAGE, LUKE/CARL LUCA,PM&IF 123;
CAGE, LUKE/CARL LUCA,PM&IF 124;
CAGE, LUKE/CARL LUCA,PM&IF 125;
CAGE, LUKE/CARL LUCA,PM&IF 49;
CAGE, LUKE/CARL LUCA,PM&IF 50;
CAGE, LUKE/CARL LUCA,PM&IF 51;
CAGE, LUKE/CARL LUCA,PM&IF 52;
CAGE, LUKE/CARL LUCA,PM&IF 53;
CAGE, LUKE/CARL LUCA,PM&IF 54;
CAGE, LUKE/CARL LUCA,PM&IF 55;
CAGE, LUKE/CARL LUCA,PM&IF 56;
CAGE, LUKE/CARL LUCA,PM&IF 57;
CAGE, LUKE/CARL LUCA,PM&IF 58;
CAGE, LUKE/CARL LUCA,PM&IF 59;
CAGE, LUKE/CARL LUCA,PM&IF 60;
CAGE, LUKE/CARL LUCA,PM&IF 61;
CAGE, LUKE/CARL LUCA,PM&IF 62;
CAGE, LUKE/CARL LUCA,PM&IF 63;
CAGE, LUKE/CARL LUCA,PM&IF 64;
CAGE, LUKE/CARL LUCA,PM&IF 65;
CAGE, LUKE/CARL LUCA,PM&IF 66;
CAGE, LUKE/CARL LUCA,PM&IF 67;
CAGE, LUKE/CARL LUCA,PM&IF 68;
CAGE, LUKE/CARL LUCA,PM&IF 69;
CAGE, LUKE/CARL LUCA,PM&IF 70;
CAGE, LUKE/CARL LUCA,PM&IF 71;
CAGE, LUKE/CARL LUCA,PM&IF 72;
CAGE, LUKE/CARL LUCA,PM&IF 73;
CAGE, LUKE/CARL LUCA,PM&IF 74;
CAGE, LUKE/CARL LUCA,PM&IF 75;
CAGE, LUKE/CARL LUCA,PM&IF 76/2;
CAGE, LUKE/CARL LUCA,PM&IF 77;
CAGE, LUKE/CARL LUCA,PM&IF 78;
CAGE, LUKE/CARL LUCA,PM&IF 79;
CAGE, LUKE/CARL LUCA,PM&IF 80;
CAGE, LUKE/CARL LUCA,PM&IF 81;
CAGE, LUKE/CARL LUCA,PM&IF 82;
CAGE, LUKE/CARL LUCA,PM&IF 83;
CAGE, LUKE/CARL LUCA,PM&IF 84;
CAGE, LUKE/CARL LUCA,PM&IF 85;
CAGE, LUKE/CARL LUCA,PM&IF 86;
CAGE, LUKE/CARL LUCA,PM&IF 87;
CAGE, LUKE/CARL LUCA,PM&IF 88;
CAGE, LUKE/CARL LUCA,PM&IF 89;
CAGE, LUKE/CARL LUCA,PM&IF 90;
CAGE, LUKE/CARL LUCA,PM&IF 91;
CAGE, LUKE/CARL LUCA,PM&IF 92;
CAGE, LUKE/CARL LUCA,PM&IF 93;
CAGE, LUKE/CARL LUCA,PM&IF 94;
CAGE, LUKE/CARL LUCA,PM&IF 95;
CAGE, LUKE/CARL LUCA,PM&IF 96;
CAGE, LUKE/CARL LUCA,PM&IF 97;
CAGE, LUKE/CARL LUCA,PM&IF 98;
CAGE, LUKE/CARL LUCA,PM&IF 99;
CAGE, LUKE/CARL LUCA,PUN2 60;
CAGE, LUKE/CARL LUCA,PUN2 61;
CAGE, LUKE/CARL LUCA,PUN2 62;
CAGE, LUKE/CARL LUCA,QS 11;
CAGE, LUKE/CARL LUCA,QS 12;
CAGE, LUKE/CARL LUCA,ROM 23;
CAGE, LUKE/CARL LUCA,SENSM 28;
CAGE, LUKE/CARL LUCA,SWII 2;
CAGE, LUKE/CARL LUCA,SWII 9;
CAGE, LUKE/CARL LUCA,TB 8;
CAGE, LUKE/CARL LUCA,TS 13;
CAGE, LUKE/CARL LUCA,TS 14;
CAGE, LUKE/CARL LUCA,UX 122;
CAGE, LUKE/CARL LUCA,V&SW2 8;
CAGE, LUKE/CARL LUCA,XFOR 80;
CAGLIOSTRO, ALESSAND,A 187;
CAGLIOSTRO, ALESSAND,DL 5/2;
CAGLIOSTRO, ALESSAND,DL 6/3;
CAGLIOSTRO, ALESSAND,DRSTR 2/4;
CAGLIOSTRO, ALESSAND,DRSTR 3/4;
CAGLIOSTRO, ALESSAND,IM 149;
CAGLIOSTRO, ALESSAND,M/PRM 13;
CAGLIOSTRO, ALESSAND,M/PRM 14;
CAIRN, DET.,PPTSS 190;
CAIRN, DET.,PPTSS 195;
CALCULUS/JAHAHAREL P,M/CP 101/2;
CALCULUS/JAHAHAREL P,M/CP 102/2;
CALCULUS/JAHAHAREL P,M/CP 106/2;
CALCULUS/JAHAHAREL P,M/CP 107/2;
CALCULUS/JAHAHAREL P,M/CP 108/2;
CALCULUS/JAHAHAREL P,M/CP 109/2;
CALCULUS/JAHAHAREL P,PPTSS 168;
CALCULUS/JAHAHAREL P,PPTSS 169;
CALCULUS/JAHAHAREL P,PPTSS 170;
CALCULUS/JAHAHAREL P,PPTSS 8;
CALCULUS/JAHAHAREL P,T 300;
CALDERONE, HANNAH,XFOR 90;
CALDRONE, JAVIER,ASM2 1;
CALDRONE, JAVIER,ASM2 2;
CALDRONE, JAVIER,ASM2 3;
CALDRONE, JAVIER,PPSM2 3;
CALEDONIA/ALISANDE S,FF '00;
CALEDONIA/ALISANDE S,FF3 10;
CALEDONIA/ALISANDE S,FF3 11;
CALEDONIA/ALISANDE S,FF3 12;
CALEDONIA/ALISANDE S,FF3 13;
CALEDONIA/ALISANDE S,FF3 20;
CALEDONIA/ALISANDE S,FF3 21;
CALEDONIA/ALISANDE S,FF3 23;
CALEDONIA/ALISANDE S,FF3 24;
CALEDONIA/ALISANDE S,FF3 9;
CALEDONIA/ALISANDE S,FF '99;
CALIBAN/,C2 17;
CALIBAN/,C2 18;
CALIBAN/,C2 19;
CALIBAN/,C2 21;
CALIBAN/,C2 29;
CALIBAN/,C2 53;
CALIBAN/,C2 73;
CALIBAN/,C2 74;
CALIBAN/,C2 75;
CALIBAN/,NM 90;
CALIBAN/,NM 91;
CALIBAN/,PP 12;
CALIBAN/,PP 27;
CALIBAN/,S-H2 30;
CALIBAN/,UX 148;
CALIBAN/,UX 169;
CALIBAN/,UX 170;
CALIBAN/,UX 176;
CALIBAN/,UX 179;
CALIBAN/,UX 18;
CALIBAN/,UX 190;
CALIBAN/,UX 191;
CALIBAN/,UX 208;
CALIBAN/,UX 209;
CALIBAN/,UX 294;
CALIBAN/,UX 295;
CALIBAN/,UX 377;
CALIBAN/,W2 96;
CALIBAN/,X 97;
CALIBAN/,XF 10;
CALIBAN/,XF 11;
CALIBAN/,XF 12;
CALIBAN/,XF 13;
CALIBAN/,XF 15;
CALIBAN/,XF 17;
CALIBAN/,XF 18;
CALIBAN/,XF 19;
CALIBAN/,XF 20;
CALIBAN/,XF 21;
CALIBAN/,XF 22;
CALIBAN/,XF 23;
CALIBAN/,XF 24;
CALIBAN/,XF 25;
CALIBAN/,XF 27;
CALIBAN/,XF 28;
CALIBAN/,XF 3;
CALIBAN/,XF 50/2;
CALIBAN/,XF 51;
CALIBAN/,XF 53;
CALIBAN/,XF 84;
CALIBAN/,XF 9;
CALIBAN/,XF&C '95;
CALIBAN/,XFOR 16;
CALIBAN/,XFOR 44;
CALIBAN/,XFOR 45;
CALIBAN/,XFOR 46;
CALIBAN/,XFOR 47;
CALIBAN/,XFOR 48;
CALIBAN/,XFOR 49;
CALIBAN/,XFOR 50;
CALIBAN/,XFOR 51;
CALIBAN/,XFOR 52;
CALIBAN/,XFOR 53;
CALIBAN/,XFOR 57;
CALIBAN/,XFOR 62;
CALIBAN/,XFOR 69;
CALIBAN/,XFOR 70;
CALIBAN/,XFOR '97;
CALIBAN/,XM 59;
CALIBAN/,XM 60;
CALIBAN/,X:SC 3;
CALIFORNIUM,TB 8;
CALKIN, SUSAN,DD 297;
CALLAGHAN, JAMES,CB 17;
CALLAGHAN, JAMES,CB 20;
CALLAHAN, DANNY,IM 12/34;
CALLAHAN, MIKE,ASM2 26;
CALLISTO,M/CP 20;
CALLISTO,M/CP 21;
CALLISTO,M/CP 22;
CALLISTO,M/CP 23;
CALLISTO,M/CP 24;
CALLISTO | MUTANT X-,MX 10;
CALLISTO | MUTANT X-,MX 9;
CALLISTO,NM 46;
CALLISTO,PP 12;
CALLISTO,PPSM2 4;
CALLISTO,UX 169;
CALLISTO,UX 170;
CALLISTO,UX 171;
CALLISTO,UX 176;
CALLISTO,UX 178;
CALLISTO,UX 179;
CALLISTO,UX 190;
CALLISTO,UX 191;
CALLISTO,UX 192;
CALLISTO,UX 193;
CALLISTO,UX 195;
CALLISTO,UX 207;
CALLISTO,UX 208;
CALLISTO,UX 209;
CALLISTO,UX 211;
CALLISTO,UX 212;
CALLISTO,UX 213;
CALLISTO,UX 214;
CALLISTO,UX 216;
CALLISTO,UX 217;
CALLISTO,UX 219;
CALLISTO,UX 253;
CALLISTO,UX 254;
CALLISTO,UX 259;
CALLISTO,UX 260;
CALLISTO,UX 262;
CALLISTO,UX 263;
CALLISTO,UX 264;
CALLISTO,UX 291;
CALLISTO,UX 292;
CALLISTO,UX 293;
CALLISTO,UX 325;
CALLISTO,UX 346;
CALLISTO,UX 347;
CALLISTO,UX 374;
CALLISTO,X 44;
CALLISTO,X 72;
CALLISTO,X 74;
CALLISTO,X 79;
CALLISTO,XCAL 11;
CALLISTO,XCAL 4;
CALLISTO,XU 18/2;
CALUMET,DRSTR3 25;
CALYPSO,ASM 209;
CALYPSO,DD 310;
CALYPSO,DD 311;
CALYPSO,PPTSS 249;
CALYPSO,PPTSS 250;
CALYPSO,PPTSS 252;
CALYPSO,PPTSS 253;
CALYPSO,PPTSS 65;
CALYPSO,S-M 1;
CALYPSO,S-M 2;
CALYPSO,S-M 3;
CALYPSO,S-M 4;
CALYPSO,S-M 5;
CAMBRIDGE, MOXIE,DD 377;
CAMPBELL, DR. RORY,C2 21;
CAMPBELL, DR. RORY,X 63;
CAMPBELL, DR. RORY,XCAL 101;
CAMPBELL, DR. RORY,XCAL 111;
CAMPBELL, DR. RORY,XCAL 125;
CAMPBELL, DR. RORY,XCAL 80;
CAMPBELL, DR. RORY,XCAL 86;
CAMPBELL, DR. RORY,XCAL 87;
CAMPBELL, DR. RORY,XCAL 88;
CAMPBELL, DR. RORY,XCAL 89;
CAMPBELL, DR. RORY,XCAL 90;
CAMPBELL, DR. RORY,XCAL 91;
CAMPBELL, DR. RORY,XCAL 95;
CAMPBELL, DR. RORY,XM 12;
CAMPBELL, DR. RORY,X:PRIME;
CAMPBELL, MEREDITH,ASM 425;
CAMPBELL, MEREDITH,ASM 433;
CAMPBELL, VALERIE,CB 14;
CANCELLATOR,UX 16;
CANCER II/,AF2 12;
CANCER/JACK KLEVENO,A 120;
CANCER/JACK KLEVENO,A 121;
CANCER/JACK KLEVENO,A 122;
CANCER/JACK KLEVENO,A 123;
CANCER/JACK KLEVENO,A 72;
CANCER/JACK KLEVENO,GR2 7;
CANCER/JACK KLEVENO,IM 184;
CANCER/JACK KLEVENO,WCA2 26;
CANDLEMAS/,FF3 18;
CANDLER, OWEN,H3 6;
CANDLER, OWEN,H3 7;
CANDRA,GAM3 12;
CANDRA,GAM3 14;
CANDRA,R 1;
CANDRA,R 2;
CANDRA,R 3;
CANDRA,R 4;
CANDRA,XU 7;
CANDY,ASM 20;
CANDY,ASM 271;
CANDY,ASM 276;
CANDY,ASM 300;
CANDY,ASM 326;
CANDY,M/TU 150;
CANDY,PPTSS 100;
CANDY,PPTSS 112;
CANDY,PPTSS 119;
CANDY,PPTSS 123;
CANDY,PPTSS 128;
CANDY,PPTSS 99;
CANDY,WOSM 1;
CANDY,WOSM 2;
CANDY,WOSM 38;
CANE/,PWZ 10;
CANE/,PWZ 11;
CANE/,PWZ 8;
CANE/,PWZ 9;
CANNONBALL II/SAM GU,A 299;
CANNONBALL II/SAM GU,AF2 9;
CANNONBALL II/SAM GU,BEAST 1;
CANNONBALL II/SAM GU,BEAST 2;
CANNONBALL II/SAM GU,BEAST 3;
CANNONBALL II/SAM GU,C2 14;
CANNONBALL II/SAM GU,C2 15;
CANNONBALL II/SAM GU,C2 21;
CANNONBALL II/SAM GU,C2 73;
CANNONBALL II/SAM GU,C2 74;
CANNONBALL II/SAM GU,C2 75;
CANNONBALL II/SAM GU,FA 1;
CANNONBALL II/SAM GU,FA 2;
CANNONBALL II/SAM GU,FS 1;
CANNONBALL II/SAM GU,FS 2;
CANNONBALL II/SAM GU,H2 455;
CANNONBALL II/SAM GU,M/AGE 4;
CANNONBALL II/SAM GU,MGK 3;
CANNONBALL II/SAM GU,M/GN 4;
CANNONBALL II/SAM GU,M/SH3 1/6;
CANNONBALL II/SAM GU,M/TU 149;
CANNONBALL II/SAM GU,M/TU 6;
CANNONBALL II/SAM GU,NM 1;
CANNONBALL II/SAM GU,NM 10;
CANNONBALL II/SAM GU,NM 100;
CANNONBALL II/SAM GU,NM 11;
CANNONBALL II/SAM GU,NM 12;
CANNONBALL II/SAM GU,NM 13;
CANNONBALL II/SAM GU,NM 14;
CANNONBALL II/SAM GU,NM 15;
CANNONBALL II/SAM GU,NM 16;
CANNONBALL II/SAM GU,NM 17;
CANNONBALL II/SAM GU,NM 18;
CANNONBALL II/SAM GU,NM 19;
CANNONBALL II/SAM GU,NM 2;
CANNONBALL II/SAM GU,NM 20;
CANNONBALL II/SAM GU,NM 21;
CANNONBALL II/SAM GU,NM 22;
CANNONBALL II/SAM GU,NM 23;
CANNONBALL II/SAM GU,NM 24;
CANNONBALL II/SAM GU,NM 25;
CANNONBALL II/SAM GU,NM 29;
CANNONBALL II/SAM GU,NM 3;
CANNONBALL II/SAM GU,NM 30;
CANNONBALL II/SAM GU,NM 31;
CANNONBALL II/SAM GU,NM 32;
CANNONBALL II/SAM GU,NM 33;
CANNONBALL II/SAM GU,NM 34;
CANNONBALL II/SAM GU,NM 35;
CANNONBALL II/SAM GU,NM 36;
CANNONBALL II/SAM GU,NM 37;
CANNONBALL II/SAM GU,NM 38;
CANNONBALL II/SAM GU,NM 39;
CANNONBALL II/SAM GU,NM 4;
CANNONBALL II/SAM GU,NM 40;
CANNONBALL II/SAM GU,NM 4/2;
CANNONBALL II/SAM GU,NM 42;
CANNONBALL II/SAM GU,NM 43;
CANNONBALL II/SAM GU,NM 44;
CANNONBALL II/SAM GU,NM 45;
CANNONBALL II/SAM GU,NM 46;
CANNONBALL II/SAM GU,NM 47;
CANNONBALL II/SAM GU,NM 49;
CANNONBALL II/SAM GU,NM 5;
CANNONBALL II/SAM GU,NM 50;
CANNONBALL II/SAM GU,NM 51;
CANNONBALL II/SAM GU,NM 52;
CANNONBALL II/SAM GU,NM 53;
CANNONBALL II/SAM GU,NM 54;
CANNONBALL II/SAM GU,NM 55;
CANNONBALL II/SAM GU,NM 56;
CANNONBALL II/SAM GU,NM 57;
CANNONBALL II/SAM GU,NM 58;
CANNONBALL II/SAM GU,NM 59;
CANNONBALL II/SAM GU,NM 6;
CANNONBALL II/SAM GU,NM 60;
CANNONBALL II/SAM GU,NM 61;
CANNONBALL II/SAM GU,NM 62;
CANNONBALL II/SAM GU,NM 64;
CANNONBALL II/SAM GU,NM 65;
CANNONBALL II/SAM GU,NM 66;
CANNONBALL II/SAM GU,NM 67;
CANNONBALL II/SAM GU,NM 68;
CANNONBALL II/SAM GU,NM 69;
CANNONBALL II/SAM GU,NM 7;
CANNONBALL II/SAM GU,NM 70;
CANNONBALL II/SAM GU,NM 71;
CANNONBALL II/SAM GU,NM 72;
CANNONBALL II/SAM GU,NM 73;
CANNONBALL II/SAM GU,NM 74;
CANNONBALL II/SAM GU,NM 75;
CANNONBALL II/SAM GU,NM 76;
CANNONBALL II/SAM GU,NM 77;
CANNONBALL II/SAM GU,NM 78;
CANNONBALL II/SAM GU,NM 79;
CANNONBALL II/SAM GU,NM 8;
CANNONBALL II/SAM GU,NM 80;
CANNONBALL II/SAM GU,NM 81;
CANNONBALL II/SAM GU,NM 82;
CANNONBALL II/SAM GU,NM 83;
CANNONBALL II/SAM GU,NM 84;
CANNONBALL II/SAM GU,NM 85;
CANNONBALL II/SAM GU,NM 86;
CANNONBALL II/SAM GU,NM 87;
CANNONBALL II/SAM GU,NM 88;
CANNONBALL II/SAM GU,NM 89;
CANNONBALL II/SAM GU,NM 9;
CANNONBALL II/SAM GU,NM 90;
CANNONBALL II/SAM GU,NM 91;
CANNONBALL II/SAM GU,NM 92;
CANNONBALL II/SAM GU,NM 93;
CANNONBALL II/SAM GU,NM 94;
CANNONBALL II/SAM GU,NM 95;
CANNONBALL II/SAM GU,NM 96;
CANNONBALL II/SAM GU,NM 97;
CANNONBALL II/SAM GU,NM 98;
CANNONBALL II/SAM GU,NM 99;
CANNONBALL II/SAM GU,NMSE 1;
CANNONBALL II/SAM GU,NM:TD 1;
CANNONBALL II/SAM GU,NM:TD 2;
CANNONBALL II/SAM GU,NM:TD 3;
CANNONBALL II/SAM GU,NW 1;
CANNONBALL II/SAM GU,O:X;
CANNONBALL II/SAM GU,PP 20;
CANNONBALL II/SAM GU,PP 40;
CANNONBALL II/SAM GU,PP 42;
CANNONBALL II/SAM GU,Q 8;
CANNONBALL II/SAM GU,ROM 3;
CANNONBALL II/SAM GU,SEX 1;
CANNONBALL II/SAM GU,S-M 16;
CANNONBALL II/SAM GU,SPELL 4;
CANNONBALL II/SAM GU,SWII 1;
CANNONBALL II/SAM GU,SWII 5;
CANNONBALL II/SAM GU,SWII 7;
CANNONBALL II/SAM GU,SWII 8;
CANNONBALL II/SAM GU,SWII 9;
CANNONBALL II/SAM GU,TB 25;
CANNONBALL II/SAM GU,UX 10;
CANNONBALL II/SAM GU,UX 14;
CANNONBALL II/SAM GU,UX 15;
CANNONBALL II/SAM GU,UX 167;
CANNONBALL II/SAM GU,UX 190;
CANNONBALL II/SAM GU,UX 191;
CANNONBALL II/SAM GU,UX 193;
CANNONBALL II/SAM GU,UX 200;
CANNONBALL II/SAM GU,UX 201;
CANNONBALL II/SAM GU,UX 230;
CANNONBALL II/SAM GU,UX 231;
CANNONBALL II/SAM GU,UX 270;
CANNONBALL II/SAM GU,UX 272;
CANNONBALL II/SAM GU,UX 273;
CANNONBALL II/SAM GU,UX 294;
CANNONBALL II/SAM GU,UX 295;
CANNONBALL II/SAM GU,UX 296;
CANNONBALL II/SAM GU,UX 323;
CANNONBALL II/SAM GU,UX 324;
CANNONBALL II/SAM GU,UX 325;
CANNONBALL II/SAM GU,UX 332;
CANNONBALL II/SAM GU,UX 333;
CANNONBALL II/SAM GU,UX 334;
CANNONBALL II/SAM GU,UX 335;
CANNONBALL II/SAM GU,UX 338;
CANNONBALL II/SAM GU,UX 340;
CANNONBALL II/SAM GU,UX 341;
CANNONBALL II/SAM GU,UX 342;
CANNONBALL II/SAM GU,UX 350;
CANNONBALL II/SAM GU,UX 352;
CANNONBALL II/SAM GU,UX 353;
CANNONBALL II/SAM GU,UX 354;
CANNONBALL II/SAM GU,UX 355;
CANNONBALL II/SAM GU,UX 375;
CANNONBALL II/SAM GU,UX 379;
CANNONBALL II/SAM GU,UX 388;
CANNONBALL II/SAM GU,UX 8;
CANNONBALL II/SAM GU,UX 9;
CANNONBALL II/SAM GU,UX '95;
CANNONBALL II/SAM GU,UX/FF '98;
CANNONBALL II/SAM GU,W2 100;
CANNONBALL II/SAM GU,W2 101;
CANNONBALL II/SAM GU,W2 115;
CANNONBALL II/SAM GU,W2 116;
CANNONBALL II/SAM GU,W2 117;
CANNONBALL II/SAM GU,W2 118;
CANNONBALL II/SAM GU,W2 54;
CANNONBALL II/SAM GU,W2 93;
CANNONBALL II/SAM GU,W2 96;
CANNONBALL II/SAM GU,W2 99;
CANNONBALL II/SAM GU,WOSM 2;
CANNONBALL II/SAM GU,W:RT;
CANNONBALL II/SAM GU,X 13;
CANNONBALL II/SAM GU,X 14;
CANNONBALL II/SAM GU,X 15;
CANNONBALL II/SAM GU,X 16;
CANNONBALL II/SAM GU,X 48;
CANNONBALL II/SAM GU,X 50;
CANNONBALL II/SAM GU,X 54;
CANNONBALL II/SAM GU,X 55;
CANNONBALL II/SAM GU,X 57;
CANNONBALL II/SAM GU,X 58;
CANNONBALL II/SAM GU,X 59;
CANNONBALL II/SAM GU,X 62;
CANNONBALL II/SAM GU,X 63;
CANNONBALL II/SAM GU,X 64;
CANNONBALL II/SAM GU,X 65;
CANNONBALL II/SAM GU,X 66;
CANNONBALL II/SAM GU,X 70;
CANNONBALL II/SAM GU,X 71;
CANNONBALL II/SAM GU,X 72;
CANNONBALL II/SAM GU,X 75;
CANNONBALL II/SAM GU,X 76;
CANNONBALL II/SAM GU,X 77;
CANNONBALL II/SAM GU,X 78;
CANNONBALL II/SAM GU,X 79;
CANNONBALL II/SAM GU,X '97;
CANNONBALL II/SAM GU,X 99;
CANNONBALL II/SAM GU,XCAL 100;
CANNONBALL II/SAM GU,XCAL 8;
CANNONBALL II/SAM GU,XCAL 82;
CANNONBALL II/SAM GU,X&CD 1;
CANNONBALL II/SAM GU,XF 106;
CANNONBALL II/SAM GU,XF 41;
CANNONBALL II/SAM GU,XF 5;
CANNONBALL II/SAM GU,XF 6;
CANNONBALL II/SAM GU,XF 60;
CANNONBALL II/SAM GU,XF 61;
CANNONBALL II/SAM GU,XF 62;
CANNONBALL II/SAM GU,XF 77;
CANNONBALL II/SAM GU,XF 84;
CANNONBALL II/SAM GU,XF 85;
CANNONBALL II/SAM GU,XF 86;
CANNONBALL II/SAM GU,XF&C '95;
CANNONBALL II/SAM GU,XFOR 1;
CANNONBALL II/SAM GU,XFOR 10;
CANNONBALL II/SAM GU,XFOR 100;
CANNONBALL II/SAM GU,XFOR 101;
CANNONBALL II/SAM GU,XFOR 102;
CANNONBALL II/SAM GU,XFOR 103;
CANNONBALL II/SAM GU,XFOR 104;
CANNONBALL II/SAM GU,XFOR 105;
CANNONBALL II/SAM GU,XFOR 106;
CANNONBALL II/SAM GU,XFOR 107;
CANNONBALL II/SAM GU,XFOR 108;
CANNONBALL II/SAM GU,XFOR 109;
CANNONBALL II/SAM GU,XFOR 11;
CANNONBALL II/SAM GU,XFOR 110;
CANNONBALL II/SAM GU,XFOR 111;
CANNONBALL II/SAM GU,XFOR 112;
CANNONBALL II/SAM GU,XFOR 113;
CANNONBALL II/SAM GU,XFOR 114;
CANNONBALL II/SAM GU,XFOR 115;
CANNONBALL II/SAM GU,XFOR 117;
CANNONBALL II/SAM GU,XFOR 12;
CANNONBALL II/SAM GU,XFOR 1/3;
CANNONBALL II/SAM GU,XFOR 13;
CANNONBALL II/SAM GU,XFOR 14;
CANNONBALL II/SAM GU,XFOR 15;
CANNONBALL II/SAM GU,XFOR 16;
CANNONBALL II/SAM GU,XFOR 17;
CANNONBALL II/SAM GU,XFOR 18;
CANNONBALL II/SAM GU,XFOR 2;
CANNONBALL II/SAM GU,XFOR 3;
CANNONBALL II/SAM GU,XFOR 35;
CANNONBALL II/SAM GU,XFOR 36;
CANNONBALL II/SAM GU,XFOR 37;
CANNONBALL II/SAM GU,XFOR 38;
CANNONBALL II/SAM GU,XFOR 39;
CANNONBALL II/SAM GU,XFOR 4;
CANNONBALL II/SAM GU,XFOR 40;
CANNONBALL II/SAM GU,XFOR 41;
CANNONBALL II/SAM GU,XFOR 42;
CANNONBALL II/SAM GU,XFOR 43;
CANNONBALL II/SAM GU,XFOR 44;
CANNONBALL II/SAM GU,XFOR 45;
CANNONBALL II/SAM GU,XFOR 48;
CANNONBALL II/SAM GU,XFOR 51;
CANNONBALL II/SAM GU,XFOR 6;
CANNONBALL II/SAM GU,XFOR 7;
CANNONBALL II/SAM GU,XFOR 75;
CANNONBALL II/SAM GU,XFOR 76;
CANNONBALL II/SAM GU,XFOR 8;
CANNONBALL II/SAM GU,XFOR 83;
CANNONBALL II/SAM GU,XFOR 84;
CANNONBALL II/SAM GU,XFOR 85;
CANNONBALL II/SAM GU,XFOR 86;
CANNONBALL II/SAM GU,XFOR 87;
CANNONBALL II/SAM GU,XFOR 89;
CANNONBALL II/SAM GU,XFOR 9;
CANNONBALL II/SAM GU,XFOR 90;
CANNONBALL II/SAM GU,XFOR 92;
CANNONBALL II/SAM GU,XFOR 93;
CANNONBALL II/SAM GU,XFOR 94;
CANNONBALL II/SAM GU,XFOR 95;
CANNONBALL II/SAM GU,XFOR 96;
CANNONBALL II/SAM GU,XFOR 97;
CANNONBALL II/SAM GU,XFOR '98;
CANNONBALL II/SAM GU,XFOR 98;
CANNONBALL II/SAM GU,XFOR '99;
CANNONBALL II/SAM GU,XFOR 99;
CANNONBALL II/SAM GU,X&M 1;
CANNONBALL II/SAM GU,X&M 2;
CANNONBALL II/SAM GU,X&M 3;
CANNONBALL II/SAM GU,X&M 4;
CANNONBALL II/SAM GU,XMF 2;
CANNONBALL II/SAM GU,X:PRIME;
CANNONBALL II/SAM GU,XTERM 4;
CANNONBALL II/SAM GU,XU 10;
CANNONBALL II/SAM GU,XU 23;
CANNONBALL/JACK PULV,A 22;
CANNONBALL/JACK PULV,A 60;
CANNONBALL/JACK PULV,ASM 16;
CANNONBALL/JACK PULV,ASM 22;
CANNONBALL/JACK PULV,ASM '98;
CANNONBALL/JACK PULV,DD 118;
CANNONBALL/JACK PULV,GENX 32;
CANNONBALL/JACK PULV,GR2 72;
CANNONBALL/JACK PULV,GR2 73;
CANNONBALL/JACK PULV,H2 217;
CANNONBALL/JACK PULV,H2 292;
CANNONBALL/JACK PULV,H2 470;
CANNONBALL/JACK PULV,H2 471;
CANNONBALL/JACK PULV,H 3;
CANNONBALL/JACK PULV,HTD 27;
CANNONBALL/JACK PULV,M/TIO 76;
CANNONBALL/JACK PULV,PP 59;
CANNONBALL/JACK PULV,SMTU 5/2;
CANNONBALL/JACK PULV,SVTU 8;
CANNONBALL/JACK PULV,T 145;
CANNONBALL/JACK PULV,T 146;
CANNONBALL/JACK PULV,T 147;
CANNONBALL/JACK PULV,TB 2;
CANNONBALL/JACK PULV,TB 26;
CANNONBALL/SAM GUTHR,MX 26;
CANNONBALL/SAM GUTHR,MX 27;
CANTOR, VERA,A 209;
CANTOR, VERA,AA2 13;
CANTOR, VERA,AA2 14;
CANTOR, VERA,AA2 15;
CANTOR, VERA,AA2 16;
CANTOR, VERA,DEF 105;
CANTOR, VERA,DEF 106;
CANTOR, VERA,DEF 107;
CANTOR, VERA,DEF 108;
CANTOR, VERA,DEF 109;
CANTOR, VERA,DEF 112;
CANTOR, VERA,DEF 116;
CANTOR, VERA,DEF 122;
CANTOR, VERA,DEF 140;
CANTOR, VERA,DEF 149;
CANTOR, VERA,H2 161;
CANTOR, VERA,M/HOL 1994;
CANTOR, VERA,M/TU 124;
CANTOR, VERA,UX 19;
CANTOR, VERA,UX 22;
CANTOR, VERA,UX 27;
CANTOR, VERA,UX 31;
CANTOR, VERA,UX 32;
CANTOR, VERA,UX 41;
CANTOR, VERA,UX 47;
CANTOR, VERA,XF 2;
CANTOR, VERA,XF 3;
CANTOR, VERA,XF 5;
CANTOR, VERA,XF 55;
CANTOR, VERA,XF 7;
CANTOR, VERA,XF 8;
CANTOR, VERA,X:HY 2;
CAPRICORN II/,AF2 12;
CAPRICORN/WILLARD WE,A 120;
CAPRICORN/WILLARD WE,A 121;
CAPRICORN/WILLARD WE,A 122;
CAPRICORN/WILLARD WE,A 123;
CAPRICORN/WILLARD WE,A 72;
CAPRICORN/WILLARD WE,DD 73;
CAPRICORN/WILLARD WE,GR2 7;
CAPRICORN/WILLARD WE,IM 184;
CAPRICORN/WILLARD WE,IM 35;
CAPRICORN/WILLARD WE,IM 36;
CAPRICORN/WILLARD WE,WCA2 26;
CAPTAIN AMERICA,A '00;
CAPTAIN AMERICA,A 1;
CAPTAIN AMERICA,A 10;
CAPTAIN AMERICA,A 100;
CAPTAIN AMERICA,A 101;
CAPTAIN AMERICA,A 102;
CAPTAIN AMERICA,A 103;
CAPTAIN AMERICA,A 104;
CAPTAIN AMERICA,A 106;
CAPTAIN AMERICA,A 107;
CAPTAIN AMERICA,A 108;
CAPTAIN AMERICA,A 11;
CAPTAIN AMERICA,A 110;
CAPTAIN AMERICA,A 111;
CAPTAIN AMERICA,A 112;
CAPTAIN AMERICA,A 113;
CAPTAIN AMERICA,A 114;
CAPTAIN AMERICA,A 115;
CAPTAIN AMERICA,A 116;
CAPTAIN AMERICA,A 117;
CAPTAIN AMERICA,A 118;
CAPTAIN AMERICA,A 119;
CAPTAIN AMERICA,A 12;
CAPTAIN AMERICA,A 121;
CAPTAIN AMERICA,A 125;
CAPTAIN AMERICA,A 126;
CAPTAIN AMERICA,A 13;
CAPTAIN AMERICA,A 131;
CAPTAIN AMERICA,A 137;
CAPTAIN AMERICA,A 14;
CAPTAIN AMERICA,A 141;
CAPTAIN AMERICA,A 142;
CAPTAIN AMERICA,A 143;
CAPTAIN AMERICA,A 144;
CAPTAIN AMERICA,A 145;
CAPTAIN AMERICA,A 146;
CAPTAIN AMERICA,A 147;
CAPTAIN AMERICA,A 148;
CAPTAIN AMERICA,A 149;
CAPTAIN AMERICA,A 15;
CAPTAIN AMERICA,A 150;
CAPTAIN AMERICA,A 151;
CAPTAIN AMERICA,A 152;
CAPTAIN AMERICA,A 153;
CAPTAIN AMERICA,A 154;
CAPTAIN AMERICA,A 155;
CAPTAIN AMERICA,A 156;
CAPTAIN AMERICA,A 157;
CAPTAIN AMERICA,A 158;
CAPTAIN AMERICA,A 159;
CAPTAIN AMERICA,A 16;
CAPTAIN AMERICA,A 160;
CAPTAIN AMERICA,A 161;
CAPTAIN AMERICA,A 162;
CAPTAIN AMERICA,A 164;
CAPTAIN AMERICA,A 165;
CAPTAIN AMERICA,A 166;
CAPTAIN AMERICA,A 167;
CAPTAIN AMERICA,A 168;
CAPTAIN AMERICA,A 169;
CAPTAIN AMERICA,A 17;
CAPTAIN AMERICA,A 170;
CAPTAIN AMERICA,A 171;
CAPTAIN AMERICA,A 172;
CAPTAIN AMERICA,A 173;
CAPTAIN AMERICA,A 174;
CAPTAIN AMERICA,A 175;
CAPTAIN AMERICA,A 176;
CAPTAIN AMERICA,A 177;
CAPTAIN AMERICA,A 178;
CAPTAIN AMERICA,A 179;
CAPTAIN AMERICA,A 18;
CAPTAIN AMERICA,A 181;
CAPTAIN AMERICA,A 18/2;
CAPTAIN AMERICA,A 182;
CAPTAIN AMERICA,A 18/3;
CAPTAIN AMERICA,A 183;
CAPTAIN AMERICA,A 184;
CAPTAIN AMERICA,A 185;
CAPTAIN AMERICA,A 186;
CAPTAIN AMERICA,A 187;
CAPTAIN AMERICA,A 188;
CAPTAIN AMERICA,A 189;
CAPTAIN AMERICA,A 19;
CAPTAIN AMERICA,A 190;
CAPTAIN AMERICA,A 191;
CAPTAIN AMERICA,A 192;
CAPTAIN AMERICA,A 19/3;
CAPTAIN AMERICA,A 193;
CAPTAIN AMERICA,A 19/4;
CAPTAIN AMERICA,A 194;
CAPTAIN AMERICA,A 19/5;
CAPTAIN AMERICA,A 195;
CAPTAIN AMERICA,A 196;
CAPTAIN AMERICA,A 197;
CAPTAIN AMERICA,A 198;
CAPTAIN AMERICA,A 199;
CAPTAIN AMERICA,A 2;
CAPTAIN AMERICA,A 20;
CAPTAIN AMERICA,A 200;
CAPTAIN AMERICA,A 201;
CAPTAIN AMERICA,A 201/2;
CAPTAIN AMERICA,A 202;
CAPTAIN AMERICA,A 203;
CAPTAIN AMERICA,A 204;
CAPTAIN AMERICA,A 205;
CAPTAIN AMERICA,A 206;
CAPTAIN AMERICA,A 207;
CAPTAIN AMERICA,A 208;
CAPTAIN AMERICA,A 21;
CAPTAIN AMERICA,A2 1;
CAPTAIN AMERICA,A 210;
CAPTAIN AMERICA,A2 10;
CAPTAIN AMERICA,A 211;
CAPTAIN AMERICA,A2 11;
CAPTAIN AMERICA,A 21/2;
CAPTAIN AMERICA,A 212;
CAPTAIN AMERICA,A2 12;
CAPTAIN AMERICA,A 213;
CAPTAIN AMERICA,A 214;
CAPTAIN AMERICA,A 215;
CAPTAIN AMERICA,A 216;
CAPTAIN AMERICA,A 217;
CAPTAIN AMERICA,A 218;
CAPTAIN AMERICA,A 219;
CAPTAIN AMERICA,A 22;
CAPTAIN AMERICA,A2 2;
CAPTAIN AMERICA,A 220;
CAPTAIN AMERICA,A 221;
CAPTAIN AMERICA,A 222;
CAPTAIN AMERICA,A 223;
CAPTAIN AMERICA,A 224;
CAPTAIN AMERICA,A 225;
CAPTAIN AMERICA,A 226;
CAPTAIN AMERICA,A 227;
CAPTAIN AMERICA,A 228;
CAPTAIN AMERICA,A 229;
CAPTAIN AMERICA,A 23;
CAPTAIN AMERICA,A2 3;
CAPTAIN AMERICA,A 230;
CAPTAIN AMERICA,A 231;
CAPTAIN AMERICA,A 232;
CAPTAIN AMERICA,A 233;
CAPTAIN AMERICA,A 234;
CAPTAIN AMERICA,A 235;
CAPTAIN AMERICA,A 236;
CAPTAIN AMERICA,A 237;
CAPTAIN AMERICA,A 24;
CAPTAIN AMERICA,A2 4;
CAPTAIN AMERICA,A 241;
CAPTAIN AMERICA,A 242;
CAPTAIN AMERICA,A 243;
CAPTAIN AMERICA,A 244;
CAPTAIN AMERICA,A 245;
CAPTAIN AMERICA,A 25;
CAPTAIN AMERICA,A 251;
CAPTAIN AMERICA,A 252;
CAPTAIN AMERICA,A 253;
CAPTAIN AMERICA,A 254;
CAPTAIN AMERICA,A 255;
CAPTAIN AMERICA,A 256;
CAPTAIN AMERICA,A 257;
CAPTAIN AMERICA,A 258;
CAPTAIN AMERICA,A 259;
CAPTAIN AMERICA,A 26;
CAPTAIN AMERICA,A2 6;
CAPTAIN AMERICA,A 260;
CAPTAIN AMERICA,A 261;
CAPTAIN AMERICA,A 262;
CAPTAIN AMERICA,A 263;
CAPTAIN AMERICA,A 264;
CAPTAIN AMERICA,A 265;
CAPTAIN AMERICA,A 266;
CAPTAIN AMERICA,A 267;
CAPTAIN AMERICA,A 268;
CAPTAIN AMERICA,A 269;
CAPTAIN AMERICA,A 27;
CAPTAIN AMERICA,A2 7;
CAPTAIN AMERICA,A 270;
CAPTAIN AMERICA,A 271;
CAPTAIN AMERICA,A 272;
CAPTAIN AMERICA,A 274;
CAPTAIN AMERICA,A 275;
CAPTAIN AMERICA,A 276;
CAPTAIN AMERICA,A 277;
CAPTAIN AMERICA,A 278;
CAPTAIN AMERICA,A 279;
CAPTAIN AMERICA,A 28;
CAPTAIN AMERICA,A2 8;
CAPTAIN AMERICA,A 280;
CAPTAIN AMERICA,A 281;
CAPTAIN AMERICA,A 282;
CAPTAIN AMERICA,A 283;
CAPTAIN AMERICA,A 284;
CAPTAIN AMERICA,A 285;
CAPTAIN AMERICA,A 29;
CAPTAIN AMERICA,A2 9;
CAPTAIN AMERICA,A 290;
CAPTAIN AMERICA,A 298;
CAPTAIN AMERICA,A 299;
CAPTAIN AMERICA,A 30;
CAPTAIN AMERICA,A 300;
CAPTAIN AMERICA,A 301;
CAPTAIN AMERICA,A 302;
CAPTAIN AMERICA,A 303;
CAPTAIN AMERICA,A 304;
CAPTAIN AMERICA,A 305;
CAPTAIN AMERICA,A 306;
CAPTAIN AMERICA,A 307;
CAPTAIN AMERICA,A 308;
CAPTAIN AMERICA,A 309;
CAPTAIN AMERICA,A 31;
CAPTAIN AMERICA,A3 1;
CAPTAIN AMERICA,A 310;
CAPTAIN AMERICA,A3 10;
CAPTAIN AMERICA,A3 11;
CAPTAIN AMERICA,A 312;
CAPTAIN AMERICA,A3 12;
CAPTAIN AMERICA,A 313;
CAPTAIN AMERICA,A 314;
CAPTAIN AMERICA,A3 14;
CAPTAIN AMERICA,A 315;
CAPTAIN AMERICA,A3 15;
CAPTAIN AMERICA,A 316;
CAPTAIN AMERICA,A3 16;
CAPTAIN AMERICA,A 317;
CAPTAIN AMERICA,A3 17;
CAPTAIN AMERICA,A 318;
CAPTAIN AMERICA,A3 18;
CAPTAIN AMERICA,A 319;
CAPTAIN AMERICA,A3 19;
CAPTAIN AMERICA,A 32;
CAPTAIN AMERICA,A3 2;
CAPTAIN AMERICA,A 320;
CAPTAIN AMERICA,A3 20;
CAPTAIN AMERICA,A 321;
CAPTAIN AMERICA,A3 21;
CAPTAIN AMERICA,A 322;
CAPTAIN AMERICA,A3 22;
CAPTAIN AMERICA,A 323;
CAPTAIN AMERICA,A3 23;
CAPTAIN AMERICA,A 324;
CAPTAIN AMERICA,A3 24;
CAPTAIN AMERICA,A 325;
CAPTAIN AMERICA,A3 25;
CAPTAIN AMERICA,A 326;
CAPTAIN AMERICA,A3 26;
CAPTAIN AMERICA,A 327;
CAPTAIN AMERICA,A3 27;
CAPTAIN AMERICA,A 328;
CAPTAIN AMERICA,A 329;
CAPTAIN AMERICA,A 33;
CAPTAIN AMERICA,A3 3;
CAPTAIN AMERICA,A 330;
CAPTAIN AMERICA,A 331;
CAPTAIN AMERICA,A 332;
CAPTAIN AMERICA,A 333;
CAPTAIN AMERICA,A 334;
CAPTAIN AMERICA,A3 34;
CAPTAIN AMERICA,A 335;
CAPTAIN AMERICA,A3 35;
CAPTAIN AMERICA,A 336;
CAPTAIN AMERICA,A3 36;
CAPTAIN AMERICA,A 337;
CAPTAIN AMERICA,A3 37;
CAPTAIN AMERICA,A 338;
CAPTAIN AMERICA,A3 38;
CAPTAIN AMERICA,A 339;
CAPTAIN AMERICA,A3 39;
CAPTAIN AMERICA,A 34;
CAPTAIN AMERICA,A3 4;
CAPTAIN AMERICA,A 340;
CAPTAIN AMERICA,A3 40;
CAPTAIN AMERICA,A 341;
CAPTAIN AMERICA,A3 41;
CAPTAIN AMERICA,A 342;
CAPTAIN AMERICA,A3 42;
CAPTAIN AMERICA,A 343;
CAPTAIN AMERICA,A3 43;
CAPTAIN AMERICA,A 344;
CAPTAIN AMERICA,A 345;
CAPTAIN AMERICA,A 346;
CAPTAIN AMERICA,A 347;
CAPTAIN AMERICA,A 35;
CAPTAIN AMERICA,A3 5;
CAPTAIN AMERICA,A 350/2;
CAPTAIN AMERICA,A 36;
CAPTAIN AMERICA,A3 6;
CAPTAIN AMERICA,A 37;
CAPTAIN AMERICA,A3 7;
CAPTAIN AMERICA,A 374;
CAPTAIN AMERICA,A 375;
CAPTAIN AMERICA,A 378;
CAPTAIN AMERICA,A 38;
CAPTAIN AMERICA,A3 8;
CAPTAIN AMERICA,A 380;
CAPTAIN AMERICA,A 382;
CAPTAIN AMERICA,A 382/3;
CAPTAIN AMERICA,A 386;
CAPTAIN AMERICA,A 387;
CAPTAIN AMERICA,A 388;
CAPTAIN AMERICA,A3 9;
CAPTAIN AMERICA,A 395;
CAPTAIN AMERICA,A 396;
CAPTAIN AMERICA,A 399;
CAPTAIN AMERICA,A 4;
CAPTAIN AMERICA,A 40;
CAPTAIN AMERICA,A 400;
CAPTAIN AMERICA,A 401;
CAPTAIN AMERICA,A 402;
CAPTAIN AMERICA,A 42;
CAPTAIN AMERICA,A 43;
CAPTAIN AMERICA,A 44;
CAPTAIN AMERICA,A 45;
CAPTAIN AMERICA,A 46;
CAPTAIN AMERICA,A 47;
CAPTAIN AMERICA,A 5;
CAPTAIN AMERICA,A 51;
CAPTAIN AMERICA,A 52;
CAPTAIN AMERICA,A 56;
CAPTAIN AMERICA,A 58;
CAPTAIN AMERICA,A 6;
CAPTAIN AMERICA,A 60;
CAPTAIN AMERICA,A 69;
CAPTAIN AMERICA,A 7;
CAPTAIN AMERICA,A 70;
CAPTAIN AMERICA,A 71;
CAPTAIN AMERICA,A 72;
CAPTAIN AMERICA,A 75;
CAPTAIN AMERICA,A 76;
CAPTAIN AMERICA,A 78;
CAPTAIN AMERICA,A 79;
CAPTAIN AMERICA,A 8;
CAPTAIN AMERICA,A 80;
CAPTAIN AMERICA,A 81;
CAPTAIN AMERICA,A 82;
CAPTAIN AMERICA,A 85;
CAPTAIN AMERICA,A 88;
CAPTAIN AMERICA,A 9;
CAPTAIN AMERICA,A 93;
CAPTAIN AMERICA,A 94;
CAPTAIN AMERICA,A 95;
CAPTAIN AMERICA,A 96;
CAPTAIN AMERICA,A 97;
CAPTAIN AMERICA,A '98;
CAPTAIN AMERICA,A 98;
CAPTAIN AMERICA,A '99;
CAPTAIN AMERICA,A 99;
CAPTAIN AMERICA,AA2 8;
CAPTAIN AMERICA,AF 10;
CAPTAIN AMERICA,AF 100;
CAPTAIN AMERICA,AF 110;
CAPTAIN AMERICA,AF 111;
CAPTAIN AMERICA,AF 98;
CAPTAIN AMERICA,AF 99;
CAPTAIN AMERICA,AOI;
CAPTAIN AMERICA,ASM 1;
CAPTAIN AMERICA,ASM 16;
CAPTAIN AMERICA,ASM 18;
CAPTAIN AMERICA,ASM 187;
CAPTAIN AMERICA,ASM2 1;
CAPTAIN AMERICA,ASM 252;
CAPTAIN AMERICA,ASM 270;
CAPTAIN AMERICA,ASM 3;
CAPTAIN AMERICA,ASM 323;
CAPTAIN AMERICA,ASM 324;
CAPTAIN AMERICA,ASM 325;
CAPTAIN AMERICA,ASM 335;
CAPTAIN AMERICA,ASM 348;
CAPTAIN AMERICA,ASM 354;
CAPTAIN AMERICA,ASM 366;
CAPTAIN AMERICA,ASPOT 29/2;
CAPTAIN AMERICA,ASPOT 40;
CAPTAIN AMERICA,A:T;
CAPTAIN AMERICA,AVF 1;
CAPTAIN AMERICA,AVF 10;
CAPTAIN AMERICA,AVF 11;
CAPTAIN AMERICA,AVF 12;
CAPTAIN AMERICA,AVF 2;
CAPTAIN AMERICA,AVF 3;
CAPTAIN AMERICA,AVF 4;
CAPTAIN AMERICA,AVF 5;
CAPTAIN AMERICA,AVF 6;
CAPTAIN AMERICA,AVF 7;
CAPTAIN AMERICA,AVF 8;
CAPTAIN AMERICA,AWC 4;
CAPTAIN AMERICA,AWC 47;
CAPTAIN AMERICA,AWC 48;
CAPTAIN AMERICA,AWC 49;
CAPTAIN AMERICA,AWC 5;
CAPTAIN AMERICA,AWC 54;
CAPTAIN AMERICA,AWC 55;
CAPTAIN AMERICA,AWC 56/2;
CAPTAIN AMERICA,AWC 6;
CAPTAIN AMERICA,AWC 64;
CAPTAIN AMERICA,AWC 69;
CAPTAIN AMERICA,AWC 80;
CAPTAIN AMERICA,AWC 88;
CAPTAIN AMERICA,BK2 1;
CAPTAIN AMERICA,BP 14;
CAPTAIN AMERICA,BP 15;
CAPTAIN AMERICA,BP3 12;
CAPTAIN AMERICA,BP3 27;
CAPTAIN AMERICA,BP3 30;
CAPTAIN AMERICA,BP3 8;
CAPTAIN AMERICA,BP3 9;
CAPTAIN AMERICA,C2 66;
CAPTAIN AMERICA,C2 67;
CAPTAIN AMERICA,C2 68;
CAPTAIN AMERICA,CA '00;
CAPTAIN AMERICA,CA 10;
CAPTAIN AMERICA,CA 100;
CAPTAIN AMERICA,CA 101;
CAPTAIN AMERICA,CA 102;
CAPTAIN AMERICA,CA 103;
CAPTAIN AMERICA,CA 10/4;
CAPTAIN AMERICA,CA 104;
CAPTAIN AMERICA,CA 105;
CAPTAIN AMERICA,CA 106;
CAPTAIN AMERICA,CA 107;
CAPTAIN AMERICA,CA 108;
CAPTAIN AMERICA,CA 109;
CAPTAIN AMERICA,CA 11;
CAPTAIN AMERICA,CA 110;
CAPTAIN AMERICA,CA 111;
CAPTAIN AMERICA,CA 11/2;
CAPTAIN AMERICA,CA 113;
CAPTAIN AMERICA,CA 114;
CAPTAIN AMERICA,CA 115;
CAPTAIN AMERICA,CA 116;
CAPTAIN AMERICA,CA 117;
CAPTAIN AMERICA,CA 118;
CAPTAIN AMERICA,CA 119;
CAPTAIN AMERICA,CA 120;
CAPTAIN AMERICA,CA 121;
CAPTAIN AMERICA,CA 122;
CAPTAIN AMERICA,CA 123;
CAPTAIN AMERICA,CA 124;
CAPTAIN AMERICA,CA 125;
CAPTAIN AMERICA,CA 126;
CAPTAIN AMERICA,CA 127;
CAPTAIN AMERICA,CA 128;
CAPTAIN AMERICA,CA 129;
CAPTAIN AMERICA,CA 13;
CAPTAIN AMERICA,CA 130;
CAPTAIN AMERICA,CA 131;
CAPTAIN AMERICA,CA 132;
CAPTAIN AMERICA,CA 133;
CAPTAIN AMERICA,CA 134;
CAPTAIN AMERICA,CA 135;
CAPTAIN AMERICA,CA 136;
CAPTAIN AMERICA,CA 137;
CAPTAIN AMERICA,CA 138;
CAPTAIN AMERICA,CA 139;
CAPTAIN AMERICA,CA 140;
CAPTAIN AMERICA,CA 141;
CAPTAIN AMERICA,CA 142;
CAPTAIN AMERICA,CA 143;
CAPTAIN AMERICA,CA 144;
CAPTAIN AMERICA,CA 145;
CAPTAIN AMERICA,CA 146;
CAPTAIN AMERICA,CA 147;
CAPTAIN AMERICA,CA 148;
CAPTAIN AMERICA,CA 149;
CAPTAIN AMERICA,CA 150;
CAPTAIN AMERICA,CA 151;
CAPTAIN AMERICA,CA 152;
CAPTAIN AMERICA,CA 153;
CAPTAIN AMERICA,CA 154;
CAPTAIN AMERICA,CA 155;
CAPTAIN AMERICA,CA 156;
CAPTAIN AMERICA,CA 157;
CAPTAIN AMERICA,CA 158;
CAPTAIN AMERICA,CA 159;
CAPTAIN AMERICA,CA 160;
CAPTAIN AMERICA,CA 161;
CAPTAIN AMERICA,CA 162;
CAPTAIN AMERICA,CA 163;
CAPTAIN AMERICA,CA 164;
CAPTAIN AMERICA,CA 165;
CAPTAIN AMERICA,CA 166;
CAPTAIN AMERICA,CA 167;
CAPTAIN AMERICA,CA 168;
CAPTAIN AMERICA,CA 169;
CAPTAIN AMERICA,CA 170;
CAPTAIN AMERICA,CA 171;
CAPTAIN AMERICA,CA 172;
CAPTAIN AMERICA,CA 173;
CAPTAIN AMERICA,CA 174;
CAPTAIN AMERICA,CA 175;
CAPTAIN AMERICA,CA 176;
CAPTAIN AMERICA,CA 177;
CAPTAIN AMERICA,CA 178;
CAPTAIN AMERICA,CA 179;
CAPTAIN AMERICA,CA 180;
CAPTAIN AMERICA,CA 181;
CAPTAIN AMERICA,CA 182;
CAPTAIN AMERICA,CA 183;
CAPTAIN AMERICA,CA 184;
CAPTAIN AMERICA,CA 185;
CAPTAIN AMERICA,CA 186;
CAPTAIN AMERICA,CA 187;
CAPTAIN AMERICA,CA 188;
CAPTAIN AMERICA,CA 189;
CAPTAIN AMERICA,CA 190;
CAPTAIN AMERICA,CA 191;
CAPTAIN AMERICA,CA 192;
CAPTAIN AMERICA,CA 193;
CAPTAIN AMERICA,CA 194;
CAPTAIN AMERICA,CA 195;
CAPTAIN AMERICA,CA 196;
CAPTAIN AMERICA,CA 197;
CAPTAIN AMERICA,CA 198;
CAPTAIN AMERICA,CA 199;
CAPTAIN AMERICA,CA 200;
CAPTAIN AMERICA,CA 201;
CAPTAIN AMERICA,CA 202;
CAPTAIN AMERICA,CA 203;
CAPTAIN AMERICA,CA 204;
CAPTAIN AMERICA,CA 205;
CAPTAIN AMERICA,CA 206;
CAPTAIN AMERICA,CA 207;
CAPTAIN AMERICA,CA 208;
CAPTAIN AMERICA,CA 209;
CAPTAIN AMERICA,CA2 1;
CAPTAIN AMERICA,CA 210;
CAPTAIN AMERICA,CA2 10;
CAPTAIN AMERICA,CA 211;
CAPTAIN AMERICA,CA2 11;
CAPTAIN AMERICA,CA 212;
CAPTAIN AMERICA,CA2 12;
CAPTAIN AMERICA,CA 213;
CAPTAIN AMERICA,CA 214;
CAPTAIN AMERICA,CA 215;
CAPTAIN AMERICA,CA 216;
CAPTAIN AMERICA,CA 217;
CAPTAIN AMERICA,CA 218;
CAPTAIN AMERICA,CA 219;
CAPTAIN AMERICA,CA2 2;
CAPTAIN AMERICA,CA 220;
CAPTAIN AMERICA,CA 221;
CAPTAIN AMERICA,CA 221/2;
CAPTAIN AMERICA,CA 222;
CAPTAIN AMERICA,CA 223;
CAPTAIN AMERICA,CA 224;
CAPTAIN AMERICA,CA 225;
CAPTAIN AMERICA,CA 226;
CAPTAIN AMERICA,CA 227;
CAPTAIN AMERICA,CA 228;
CAPTAIN AMERICA,CA 229;
CAPTAIN AMERICA,CA2 3;
CAPTAIN AMERICA,CA 230;
CAPTAIN AMERICA,CA 231;
CAPTAIN AMERICA,CA 232;
CAPTAIN AMERICA,CA 233;
CAPTAIN AMERICA,CA 234;
CAPTAIN AMERICA,CA 235;
CAPTAIN AMERICA,CA 236;
CAPTAIN AMERICA,CA 237;
CAPTAIN AMERICA,CA 238;
CAPTAIN AMERICA,CA 239;
CAPTAIN AMERICA,CA2 4;
CAPTAIN AMERICA,CA 240;
CAPTAIN AMERICA,CA 241;
CAPTAIN AMERICA,CA 242;
CAPTAIN AMERICA,CA 243;
CAPTAIN AMERICA,CA 244;
CAPTAIN AMERICA,CA 245;
CAPTAIN AMERICA,CA 246;
CAPTAIN AMERICA,CA 247;
CAPTAIN AMERICA,CA 248;
CAPTAIN AMERICA,CA 249;
CAPTAIN AMERICA,CA2 5;
CAPTAIN AMERICA,CA 250;
CAPTAIN AMERICA,CA 251;
CAPTAIN AMERICA,CA 252;
CAPTAIN AMERICA,CA 253;
CAPTAIN AMERICA,CA 254;
CAPTAIN AMERICA,CA 255;
CAPTAIN AMERICA,CA 256;
CAPTAIN AMERICA,CA 257;
CAPTAIN AMERICA,CA 258;
CAPTAIN AMERICA,CA 259;
CAPTAIN AMERICA,CA2 6;
CAPTAIN AMERICA,CA 260;
CAPTAIN AMERICA,CA 261;
CAPTAIN AMERICA,CA 262;
CAPTAIN AMERICA,CA 263;
CAPTAIN AMERICA,CA 264;
CAPTAIN AMERICA,CA 265;
CAPTAIN AMERICA,CA 266;
CAPTAIN AMERICA,CA 267;
CAPTAIN AMERICA,CA 268;
CAPTAIN AMERICA,CA 269;
CAPTAIN AMERICA,CA2 7;
CAPTAIN AMERICA,CA 270;
CAPTAIN AMERICA,CA 271;
CAPTAIN AMERICA,CA 272;
CAPTAIN AMERICA,CA 273;
CAPTAIN AMERICA,CA 274;
CAPTAIN AMERICA,CA 275;
CAPTAIN AMERICA,CA 276;
CAPTAIN AMERICA,CA 277;
CAPTAIN AMERICA,CA 278;
CAPTAIN AMERICA,CA 279;
CAPTAIN AMERICA,CA2 8;
CAPTAIN AMERICA,CA 280;
CAPTAIN AMERICA,CA 281;
CAPTAIN AMERICA,CA 282;
CAPTAIN AMERICA,CA 283;
CAPTAIN AMERICA,CA 284;
CAPTAIN AMERICA,CA 285;
CAPTAIN AMERICA,CA 286;
CAPTAIN AMERICA,CA 287;
CAPTAIN AMERICA,CA 288;
CAPTAIN AMERICA,CA 289;
CAPTAIN AMERICA,CA 289/2;
CAPTAIN AMERICA,CA2 9;
CAPTAIN AMERICA,CA 290;
CAPTAIN AMERICA,CA 291;
CAPTAIN AMERICA,CA 292;
CAPTAIN AMERICA,CA 293;
CAPTAIN AMERICA,CA 294;
CAPTAIN AMERICA,CA 295;
CAPTAIN AMERICA,CA 296;
CAPTAIN AMERICA,CA 297;
CAPTAIN AMERICA,CA 298;
CAPTAIN AMERICA,CA 299;
CAPTAIN AMERICA,CA 3;
CAPTAIN AMERICA,CA 300;
CAPTAIN AMERICA,CA 301;
CAPTAIN AMERICA,CA 302;
CAPTAIN AMERICA,CA 303;
CAPTAIN AMERICA,CA 304;
CAPTAIN AMERICA,CA 305;
CAPTAIN AMERICA,CA 306;
CAPTAIN AMERICA,CA 307;
CAPTAIN AMERICA,CA 308;
CAPTAIN AMERICA,CA 309;
CAPTAIN AMERICA,CA3 1;
CAPTAIN AMERICA,CA 310;
CAPTAIN AMERICA,CA3 10;
CAPTAIN AMERICA,CA 311;
CAPTAIN AMERICA,CA3 11;
CAPTAIN AMERICA,CA 312;
CAPTAIN AMERICA,CA3 12;
CAPTAIN AMERICA,CA 313;
CAPTAIN AMERICA,CA3 13;
CAPTAIN AMERICA,CA 314;
CAPTAIN AMERICA,CA 315;
CAPTAIN AMERICA,CA3 15;
CAPTAIN AMERICA,CA 316;
CAPTAIN AMERICA,CA3 16;
CAPTAIN AMERICA,CA 317;
CAPTAIN AMERICA,CA3 17;
CAPTAIN AMERICA,CA 318;
CAPTAIN AMERICA,CA3 18;
CAPTAIN AMERICA,CA 319;
CAPTAIN AMERICA,CA3 19;
CAPTAIN AMERICA,CA3 2;
CAPTAIN AMERICA,CA 320;
CAPTAIN AMERICA,CA3 20;
CAPTAIN AMERICA,CA 321;
CAPTAIN AMERICA,CA3 21;
CAPTAIN AMERICA,CA 322;
CAPTAIN AMERICA,CA3 22;
CAPTAIN AMERICA,CA 323;
CAPTAIN AMERICA,CA3 23;
CAPTAIN AMERICA,CA 324;
CAPTAIN AMERICA,CA3 24;
CAPTAIN AMERICA,CA 325;
CAPTAIN AMERICA,CA3 25;
CAPTAIN AMERICA,CA 326;
CAPTAIN AMERICA,CA3 26;
CAPTAIN AMERICA,CA 327;
CAPTAIN AMERICA,CA3 27;
CAPTAIN AMERICA,CA 328;
CAPTAIN AMERICA,CA3 28;
CAPTAIN AMERICA,CA 329;
CAPTAIN AMERICA,CA3 29;
CAPTAIN AMERICA,CA3 3;
CAPTAIN AMERICA,CA 330;
CAPTAIN AMERICA,CA3 30;
CAPTAIN AMERICA,CA 331;
CAPTAIN AMERICA,CA3 31;
CAPTAIN AMERICA,CA 332;
CAPTAIN AMERICA,CA3 32;
CAPTAIN AMERICA,CA3 33;
CAPTAIN AMERICA,CA3 34;
CAPTAIN AMERICA,CA3 35;
CAPTAIN AMERICA,CA 336;
CAPTAIN AMERICA,CA3 36;
CAPTAIN AMERICA,CA 337;
CAPTAIN AMERICA,CA3 37;
CAPTAIN AMERICA,CA 338;
CAPTAIN AMERICA,CA3 38;
CAPTAIN AMERICA,CA 339;
CAPTAIN AMERICA,CA3 39;
CAPTAIN AMERICA,CA3 4;
CAPTAIN AMERICA,CA 340;
CAPTAIN AMERICA,CA3 40;
CAPTAIN AMERICA,CA 341;
CAPTAIN AMERICA,CA3 41;
CAPTAIN AMERICA,CA 342;
CAPTAIN AMERICA,CA3 42;
CAPTAIN AMERICA,CA 343;
CAPTAIN AMERICA,CA3 43;
CAPTAIN AMERICA,CA 344;
CAPTAIN AMERICA,CA3 44;
CAPTAIN AMERICA,CA 345;
CAPTAIN AMERICA,CA3 45;
CAPTAIN AMERICA,CA 347;
CAPTAIN AMERICA,CA 348;
CAPTAIN AMERICA,CA 349;
CAPTAIN AMERICA,CA3 5;
CAPTAIN AMERICA,CA 350;
CAPTAIN AMERICA,CA 351;
CAPTAIN AMERICA,CA 352;
CAPTAIN AMERICA,CA 353;
CAPTAIN AMERICA,CA 354;
CAPTAIN AMERICA,CA 355;
CAPTAIN AMERICA,CA 356;
CAPTAIN AMERICA,CA 357;
CAPTAIN AMERICA,CA 358;
CAPTAIN AMERICA,CA 359;
CAPTAIN AMERICA,CA3 6;
CAPTAIN AMERICA,CA 360;
CAPTAIN AMERICA,CA 361;
CAPTAIN AMERICA,CA 362;
CAPTAIN AMERICA,CA 363;
CAPTAIN AMERICA,CA 364;
CAPTAIN AMERICA,CA 365;
CAPTAIN AMERICA,CA 366;
CAPTAIN AMERICA,CA 367;
CAPTAIN AMERICA,CA 368;
CAPTAIN AMERICA,CA 369;
CAPTAIN AMERICA,CA3 7;
CAPTAIN AMERICA,CA 370;
CAPTAIN AMERICA,CA 371;
CAPTAIN AMERICA,CA 372;
CAPTAIN AMERICA,CA 373;
CAPTAIN AMERICA,CA 374;
CAPTAIN AMERICA,CA 375;
CAPTAIN AMERICA,CA 376;
CAPTAIN AMERICA,CA 377;
CAPTAIN AMERICA,CA 378;
CAPTAIN AMERICA,CA 379;
CAPTAIN AMERICA,CA3 8;
CAPTAIN AMERICA,CA 380;
CAPTAIN AMERICA,CA 381;
CAPTAIN AMERICA,CA 382;
CAPTAIN AMERICA,CA 383;
CAPTAIN AMERICA,CA 383/2;
CAPTAIN AMERICA,CA 384;
CAPTAIN AMERICA,CA 385;
CAPTAIN AMERICA,CA 386;
CAPTAIN AMERICA,CA 387;
CAPTAIN AMERICA,CA 388;
CAPTAIN AMERICA,CA 389;
CAPTAIN AMERICA,CA3 9;
CAPTAIN AMERICA,CA 390;
CAPTAIN AMERICA,CA 391;
CAPTAIN AMERICA,CA 392;
CAPTAIN AMERICA,CA 393;
CAPTAIN AMERICA,CA 394;
CAPTAIN AMERICA,CA 395;
CAPTAIN AMERICA,CA 396;
CAPTAIN AMERICA,CA 397;
CAPTAIN AMERICA,CA 398;
CAPTAIN AMERICA,CA 399;
CAPTAIN AMERICA,CA 4;
CAPTAIN AMERICA,CA 400;
CAPTAIN AMERICA,CA 401;
CAPTAIN AMERICA,CA 402;
CAPTAIN AMERICA,CA 403;
CAPTAIN AMERICA,CA 404;
CAPTAIN AMERICA,CA 405;
CAPTAIN AMERICA,CA 406;
CAPTAIN AMERICA,CA 407;
CAPTAIN AMERICA,CA 408;
CAPTAIN AMERICA,CA 408/3;
CAPTAIN AMERICA,CA 409;
CAPTAIN AMERICA,CA 410;
CAPTAIN AMERICA,CA 426;
CAPTAIN AMERICA,CA 427;
CAPTAIN AMERICA,CA 428;
CAPTAIN AMERICA,CA 429;
CAPTAIN AMERICA,CA 430;
CAPTAIN AMERICA,CA 431;
CAPTAIN AMERICA,CA 432;
CAPTAIN AMERICA,CA 433;
CAPTAIN AMERICA,CA 434;
CAPTAIN AMERICA,CA 435;
CAPTAIN AMERICA,CA 436;
CAPTAIN AMERICA,CA 437;
CAPTAIN AMERICA,CA 438;
CAPTAIN AMERICA,CA 439;
CAPTAIN AMERICA,CA 440;
CAPTAIN AMERICA,CA 441;
CAPTAIN AMERICA,CA 442;
CAPTAIN AMERICA,CA 443;
CAPTAIN AMERICA,CA 444;
CAPTAIN AMERICA,CA 445;
CAPTAIN AMERICA,CA 446;
CAPTAIN AMERICA,CA 447;
CAPTAIN AMERICA,CA 448;
CAPTAIN AMERICA,CA 449;
CAPTAIN AMERICA,CA 450;
CAPTAIN AMERICA,CA 451;
CAPTAIN AMERICA,CA 452;
CAPTAIN AMERICA,CA 453;
CAPTAIN AMERICA,CA 5;
CAPTAIN AMERICA,CA 6;
CAPTAIN AMERICA,CA 7;
CAPTAIN AMERICA,CA 8;
CAPTAIN AMERICA,CA 9;
CAPTAIN AMERICA,CA 9/2;
CAPTAIN AMERICA,CA '98;
CAPTAIN AMERICA,CA '99;
CAPTAIN AMERICA,CABT;
CAPTAIN AMERICA,CA COMICS 1;
CAPTAIN AMERICA,CA COMICS 1/2;
CAPTAIN AMERICA,CA COMICS 1/3;
CAPTAIN AMERICA,CA COMICS 78;
CAPTAIN AMERICA,CAPTAIN AMERICA COMI;
CAPTAIN AMERICA,CA:SL2 1;
CAPTAIN AMERICA,CA:SL2 11;
CAPTAIN AMERICA,CA:SL2 12;
CAPTAIN AMERICA,CA:SL2 2;
CAPTAIN AMERICA,CA:SL2 3;
CAPTAIN AMERICA,CA:SL2 4;
CAPTAIN AMERICA,CA:SL2 5;
CAPTAIN AMERICA,CA:SL2 5/2;
CAPTAIN AMERICA,CA:SL2 6;
CAPTAIN AMERICA,CA:SL2 6/2;
CAPTAIN AMERICA,CA:SL2 6/3;
CAPTAIN AMERICA,CA:SL2 7;
CAPTAIN AMERICA,CA:SL2 8;
CAPTAIN AMERICA,CA:SL2 9;
CAPTAIN AMERICA,CB 15;
CAPTAIN AMERICA,CB 16;
CAPTAIN AMERICA,CB 17;
CAPTAIN AMERICA,CB 18;
CAPTAIN AMERICA,CB 20;
CAPTAIN AMERICA,CB 21;
CAPTAIN AMERICA,CB 22;
CAPTAIN AMERICA,CB 23;
CAPTAIN AMERICA,CB 24;
CAPTAIN AMERICA,CB 25;
CAPTAIN AMERICA,CB 26;
CAPTAIN AMERICA,CB 27;
CAPTAIN AMERICA,C&D3 9;
CAPTAIN AMERICA,CM 27;
CAPTAIN AMERICA,CM 28;
CAPTAIN AMERICA,CM 31;
CAPTAIN AMERICA,CM 32;
CAPTAIN AMERICA,CM 33;
CAPTAIN AMERICA,CM 50;
CAPTAIN AMERICA,CM 51;
CAPTAIN AMERICA,COC 1;
CAPTAIN AMERICA,COC 3;
CAPTAIN AMERICA,COH 3;
CAPTAIN AMERICA,CPU 1;
CAPTAIN AMERICA,CX 20;
CAPTAIN AMERICA,DAMCON2 1;
CAPTAIN AMERICA,DAMCON2 2;
CAPTAIN AMERICA,DAMCON2 3;
CAPTAIN AMERICA,DAMCON2 4;
CAPTAIN AMERICA,DAMCON3 4;
CAPTAIN AMERICA,DAZZ 1;
CAPTAIN AMERICA,DAZZ 2;
CAPTAIN AMERICA,DAZZ 21;
CAPTAIN AMERICA,DD 155;
CAPTAIN AMERICA,DD 156;
CAPTAIN AMERICA,DD 157;
CAPTAIN AMERICA,DD 164;
CAPTAIN AMERICA,DD 233;
CAPTAIN AMERICA,DD2 8;
CAPTAIN AMERICA,DD 283;
CAPTAIN AMERICA,DD 331;
CAPTAIN AMERICA,DD 332;
CAPTAIN AMERICA,DD 43;
CAPTAIN AMERICA,DEF 10;
CAPTAIN AMERICA,DEF 106;
CAPTAIN AMERICA,DEF 107;
CAPTAIN AMERICA,DEF 11;
CAPTAIN AMERICA,DEF 13;
CAPTAIN AMERICA,DEF 15;
CAPTAIN AMERICA,DEF2 1;
CAPTAIN AMERICA,DEF 44;
CAPTAIN AMERICA,DEF 58;
CAPTAIN AMERICA,DEF 9;
CAPTAIN AMERICA,DEF 98;
CAPTAIN AMERICA,DF 1.2;
CAPTAIN AMERICA,DF 2.4;
CAPTAIN AMERICA,DF 3.6;
CAPTAIN AMERICA,DF 4.7;
CAPTAIN AMERICA,DF 4.8;
CAPTAIN AMERICA,DHAWK 6;
CAPTAIN AMERICA DOPP,CA 408;
CAPTAIN AMERICA DOPP,FF 369;
CAPTAIN AMERICA DOPP,FF 370;
CAPTAIN AMERICA DOPP,IW 1;
CAPTAIN AMERICA DOPP,IW 5;
CAPTAIN AMERICA DOPP,WM2 15;
CAPTAIN AMERICA,DPOOL3 23;
CAPTAIN AMERICA,DPOOL3 24;
CAPTAIN AMERICA,DPOOL3 25;
CAPTAIN AMERICA,DRSTR2 35;
CAPTAIN AMERICA,E2 12;
CAPTAIN AMERICA,FAL 3;
CAPTAIN AMERICA,FAL 4;
CAPTAIN AMERICA,FF 133;
CAPTAIN AMERICA,FF 14;
CAPTAIN AMERICA,FF 19;
CAPTAIN AMERICA,FF2 12;
CAPTAIN AMERICA,FF 215;
CAPTAIN AMERICA,FF 22;
CAPTAIN AMERICA,FF 220;
CAPTAIN AMERICA,FF2 3;
CAPTAIN AMERICA,FF 230;
CAPTAIN AMERICA,FF 243;
CAPTAIN AMERICA,FF 244;
CAPTAIN AMERICA,FF 25;
CAPTAIN AMERICA,FF 250;
CAPTAIN AMERICA,FF 256;
CAPTAIN AMERICA,FF 258;
CAPTAIN AMERICA,FF 26;
CAPTAIN AMERICA,FF 286;
CAPTAIN AMERICA,FF 3;
CAPTAIN AMERICA,FF 306;
CAPTAIN AMERICA,FF 31;
CAPTAIN AMERICA,FF3 23;
CAPTAIN AMERICA,FF3 24;
CAPTAIN AMERICA,FF3 26;
CAPTAIN AMERICA,FF3 27;
CAPTAIN AMERICA,FF3 28;
CAPTAIN AMERICA,FF 333;
CAPTAIN AMERICA,FF 334;
CAPTAIN AMERICA,FF 337;
CAPTAIN AMERICA,FF 36;
CAPTAIN AMERICA,FF 367;
CAPTAIN AMERICA,FF 368;
CAPTAIN AMERICA,FF 369;
CAPTAIN AMERICA,FF 370;
CAPTAIN AMERICA,FF3 9;
CAPTAIN AMERICA,FF 400/2;
CAPTAIN AMERICA,FF 57;
CAPTAIN AMERICA,FFOR 4;
CAPTAIN AMERICA,FW 10/2;
CAPTAIN AMERICA,FW 5;
CAPTAIN AMERICA,FW 8;
CAPTAIN AMERICA,GAL 1;
CAPTAIN AMERICA,GAL 2;
CAPTAIN AMERICA,GAL 3;
CAPTAIN AMERICA,GAL 4;
CAPTAIN AMERICA,GAL 5;
CAPTAIN AMERICA,GAL 6;
CAPTAIN AMERICA,GENX 59;
CAPTAIN AMERICA,GSA 1;
CAPTAIN AMERICA,GSINV 1;
CAPTAIN AMERICA,GZILL 23;
CAPTAIN AMERICA,H 11;
CAPTAIN AMERICA,H2 152;
CAPTAIN AMERICA,H2 153;
CAPTAIN AMERICA,H2 229;
CAPTAIN AMERICA,H2 232;
CAPTAIN AMERICA,H2 258;
CAPTAIN AMERICA,H2 277;
CAPTAIN AMERICA,H2 278;
CAPTAIN AMERICA,H2 279;
CAPTAIN AMERICA,H2 281;
CAPTAIN AMERICA,H2 282;
CAPTAIN AMERICA,H2 283;
CAPTAIN AMERICA,H2 284;
CAPTAIN AMERICA,H2 320;
CAPTAIN AMERICA,H2 321;
CAPTAIN AMERICA,H2 322;
CAPTAIN AMERICA,H2 323;
CAPTAIN AMERICA,H2 421;
CAPTAIN AMERICA,H2 440;
CAPTAIN AMERICA,H2 445;
CAPTAIN AMERICA,H2 470;
CAPTAIN AMERICA,H3 11;
CAPTAIN AMERICA,HAWK 3;
CAPTAIN AMERICA,HCAT 3;
CAPTAIN AMERICA,HR:R 3;
CAPTAIN AMERICA,HR:R 4;
CAPTAIN AMERICA,IF 12;
CAPTAIN AMERICA,IFW 2;
CAPTAIN AMERICA,IFW 3;
CAPTAIN AMERICA,IFW 4;
CAPTAIN AMERICA,IG 1;
CAPTAIN AMERICA,IG 2;
CAPTAIN AMERICA,IG 3;
CAPTAIN AMERICA,IG 4;
CAPTAIN AMERICA,IG 6;
CAPTAIN AMERICA,IM 114;
CAPTAIN AMERICA,IM 115;
CAPTAIN AMERICA,IM 125;
CAPTAIN AMERICA,IM 148;
CAPTAIN AMERICA,IM 172;
CAPTAIN AMERICA,IM 18;
CAPTAIN AMERICA,IM 182;
CAPTAIN AMERICA,IM 19;
CAPTAIN AMERICA,IM2 12;
CAPTAIN AMERICA,IM 227;
CAPTAIN AMERICA,IM 228;
CAPTAIN AMERICA,IM 238;
CAPTAIN AMERICA,IM2 6;
CAPTAIN AMERICA,IM 273;
CAPTAIN AMERICA,IM 278;
CAPTAIN AMERICA,IM 279;
CAPTAIN AMERICA,IM 284;
CAPTAIN AMERICA,IM 303;
CAPTAIN AMERICA,IM 306;
CAPTAIN AMERICA,IM3 10;
CAPTAIN AMERICA,IM 314;
CAPTAIN AMERICA,IM 325;
CAPTAIN AMERICA,IM3 25;
CAPTAIN AMERICA,IM 326;
CAPTAIN AMERICA,IM3 39;
CAPTAIN AMERICA,IM3 42;
CAPTAIN AMERICA,IM 39;
CAPTAIN AMERICA,IM 44;
CAPTAIN AMERICA,IM '98;
CAPTAIN AMERICA,INV 1;
CAPTAIN AMERICA,INV 10;
CAPTAIN AMERICA,INV 11;
CAPTAIN AMERICA,INV 12;
CAPTAIN AMERICA,INV 13;
CAPTAIN AMERICA,INV 14;
CAPTAIN AMERICA,INV 15;
CAPTAIN AMERICA,INV 16;
CAPTAIN AMERICA,INV 17;
CAPTAIN AMERICA,INV 18;
CAPTAIN AMERICA,INV 19;
CAPTAIN AMERICA,INV 2;
CAPTAIN AMERICA,INV 20;
CAPTAIN AMERICA,INV 21;
CAPTAIN AMERICA,INV 22;
CAPTAIN AMERICA,INV 23;
CAPTAIN AMERICA,INV 25;
CAPTAIN AMERICA,INV 26;
CAPTAIN AMERICA,INV 27;
CAPTAIN AMERICA,INV 28;
CAPTAIN AMERICA,INV 29;
CAPTAIN AMERICA,INV 3;
CAPTAIN AMERICA,INV 30;
CAPTAIN AMERICA,INV 31;
CAPTAIN AMERICA,INV 32;
CAPTAIN AMERICA,INV 33;
CAPTAIN AMERICA,INV 34;
CAPTAIN AMERICA,INV 35;
CAPTAIN AMERICA,INV 36;
CAPTAIN AMERICA,INV 37;
CAPTAIN AMERICA,INV 38;
CAPTAIN AMERICA,INV 39;
CAPTAIN AMERICA,INV 4;
CAPTAIN AMERICA,INV 40;
CAPTAIN AMERICA,INV 41;
CAPTAIN AMERICA,INV 5;
CAPTAIN AMERICA,INV 6;
CAPTAIN AMERICA,INV 7;
CAPTAIN AMERICA,INV 8;
CAPTAIN AMERICA,INV 9;
CAPTAIN AMERICA IV/S,CA 153;
CAPTAIN AMERICA IV/S,CA 154;
CAPTAIN AMERICA IV/S,CA 155;
CAPTAIN AMERICA IV/S,CA 156;
CAPTAIN AMERICA IV/S,CA 231;
CAPTAIN AMERICA IV/S,CA 232;
CAPTAIN AMERICA IV/S,CA 233;
CAPTAIN AMERICA IV/S,CA 234;
CAPTAIN AMERICA IV/S,CA 235;
CAPTAIN AMERICA IV/S,CA 236;
CAPTAIN AMERICA IV/S,CA 281;
CAPTAIN AMERICA IV/S,M/:LG 1;
CAPTAIN AMERICA IV/S,YOUNG MEN 24;
CAPTAIN AMERICA,IW 1;
CAPTAIN AMERICA,IW 2;
CAPTAIN AMERICA,IW 3;
CAPTAIN AMERICA,IW 4;
CAPTAIN AMERICA,IW 5;
CAPTAIN AMERICA,IW 6;
CAPTAIN AMERICA,JIM 105;
CAPTAIN AMERICA,JIM 116;
CAPTAIN AMERICA,JUSTICE 3;
CAPTAIN AMERICA,KS;
CAPTAIN AMERICA,MARVELS 2;
CAPTAIN AMERICA,MARVELS 3;
CAPTAIN AMERICA,MAXSEC 1;
CAPTAIN AMERICA,MAXSEC 3;
CAPTAIN AMERICA,M/CP 2/4;
CAPTAIN AMERICA,M/CP 34/4;
CAPTAIN AMERICA,M/CP 44/2;
CAPTAIN AMERICA,M/CP 45/2;
CAPTAIN AMERICA,M/CP 47/3;
CAPTAIN AMERICA,M/CP 60/4;
CAPTAIN AMERICA,M/CP 80/2;
CAPTAIN AMERICA,M/CP 81/2;
CAPTAIN AMERICA,MEPHV. 4;
CAPTAIN AMERICA,M/FAN 12/2;
CAPTAIN AMERICA,M/FAN 18;
CAPTAIN AMERICA,M/FAN 23;
CAPTAIN AMERICA,M/FAN 26/2;
CAPTAIN AMERICA,M/FAN 29/2;
CAPTAIN AMERICA,M/FAN 31;
CAPTAIN AMERICA,M/FAN 32;
CAPTAIN AMERICA,M/FAN 5/2;
CAPTAIN AMERICA,M/FEA 10;
CAPTAIN AMERICA,M/GN 1;
CAPTAIN AMERICA,M/GN 17;
CAPTAIN AMERICA,M/GN 27;
CAPTAIN AMERICA,M/H&L '97;
CAPTAIN AMERICA,M/HOL 1994/2;
CAPTAIN AMERICA,MICRO 28;
CAPTAIN AMERICA,MICRO 43;
CAPTAIN AMERICA,MK3 41;
CAPTAIN AMERICA,M/PRM 30;
CAPTAIN AMERICA,M/PRM 49;
CAPTAIN AMERICA,MR 1;
CAPTAIN AMERICA,M/SH3 3;
CAPTAIN AMERICA,M/SHSW 1;
CAPTAIN AMERICA,M/SHSW 10;
CAPTAIN AMERICA,M/SHSW 11;
CAPTAIN AMERICA,M/SHSW 12;
CAPTAIN AMERICA,M/SHSW 2;
CAPTAIN AMERICA,M/SHSW 3;
CAPTAIN AMERICA,M/SHSW 4;
CAPTAIN AMERICA,M/SHSW 5;
CAPTAIN AMERICA,M/SHSW 6;
CAPTAIN AMERICA,M/SHSW 7;
CAPTAIN AMERICA,M/SHSW 8;
CAPTAIN AMERICA,M/SHSW 9;
CAPTAIN AMERICA,M/SS 1;
CAPTAIN AMERICA,M/TE 13;
CAPTAIN AMERICA,M/TIO 2;
CAPTAIN AMERICA,M/TIO 4;
CAPTAIN AMERICA,M/TIO 42;
CAPTAIN AMERICA,M/TIO 43;
CAPTAIN AMERICA,M/TIO 5;
CAPTAIN AMERICA,M/TIO 69;
CAPTAIN AMERICA,M/TIO 7;
CAPTAIN AMERICA,M/TIO 75;
CAPTAIN AMERICA,M/TIO 82;
CAPTAIN AMERICA,M/TIO 92;
CAPTAIN AMERICA,M/TIO 96;
CAPTAIN AMERICA,M/TU 10;
CAPTAIN AMERICA,M/TU 106;
CAPTAIN AMERICA,M/TU 127;
CAPTAIN AMERICA,M/TU 128;
CAPTAIN AMERICA,M/TU 13;
CAPTAIN AMERICA,M/TU2 10;
CAPTAIN AMERICA,M/TU2 9;
CAPTAIN AMERICA,M/TU 52;
CAPTAIN AMERICA,M/TU 71;
CAPTAIN AMERICA,M/TU 84;
CAPTAIN AMERICA,M/TU 9;
CAPTAIN AMERICA,M/U 1;
CAPTAIN AMERICA,M/U 2;
CAPTAIN AMERICA,M/U 3;
CAPTAIN AMERICA | MU,MX '01;
CAPTAIN AMERICA | MU,MX 15;
CAPTAIN AMERICA | MU,MX 16;
CAPTAIN AMERICA | MU,MX 17;
CAPTAIN AMERICA | MU,MX 19;
CAPTAIN AMERICA | MU,MX 21;
CAPTAIN AMERICA | MU,MX 22;
CAPTAIN AMERICA | MU,MX 23;
CAPTAIN AMERICA | MU,MX 25;
CAPTAIN AMERICA | MU,MX 26;
CAPTAIN AMERICA | MU,MX 27;
CAPTAIN AMERICA | MU,MX 28;
CAPTAIN AMERICA | MU,MX 30;
CAPTAIN AMERICA | MU,MX 31;
CAPTAIN AMERICA,N 10;
CAPTAIN AMERICA,N 12;
CAPTAIN AMERICA,N 1/3;
CAPTAIN AMERICA,N 13;
CAPTAIN AMERICA,N 15;
CAPTAIN AMERICA,N 26;
CAPTAIN AMERICA,N 57;
CAPTAIN AMERICA,N 58;
CAPTAIN AMERICA,NF3 10;
CAPTAIN AMERICA,NF3 24;
CAPTAIN AMERICA,NF3 26;
CAPTAIN AMERICA,NM 40;
CAPTAIN AMERICA,NOM 1;
CAPTAIN AMERICA,NOM 3;
CAPTAIN AMERICA,NOM 4;
CAPTAIN AMERICA,NW 1;
CAPTAIN AMERICA,NW 26;
CAPTAIN AMERICA,NW 27;
CAPTAIN AMERICA,O:MU;
CAPTAIN AMERICA,O:X;
CAPTAIN AMERICA,PM&IF 125;
CAPTAIN AMERICA,PPTSS 168;
CAPTAIN AMERICA,PPTSS 169;
CAPTAIN AMERICA,PPTSS 170;
CAPTAIN AMERICA,PPTSS 89;
CAPTAIN AMERICA,PPTSSSS 1;
CAPTAIN AMERICA,PUN2 29;
CAPTAIN AMERICA,Q 28;
CAPTAIN AMERICA,Q 29;
CAPTAIN AMERICA,Q 32;
CAPTAIN AMERICA,Q 35;
CAPTAIN AMERICA,Q 38;
CAPTAIN AMERICA,Q 39;
CAPTAIN AMERICA,Q 40;
CAPTAIN AMERICA,Q 5;
CAPTAIN AMERICA,Q 58;
CAPTAIN AMERICA,Q 60;
CAPTAIN AMERICA,ROM 23;
CAPTAIN AMERICA,ROM 65;
CAPTAIN AMERICA,ROM 66;
CAPTAIN AMERICA,SENSM 28;
CAPTAIN AMERICA,SENTRY 1;
CAPTAIN AMERICA,SENTRY 2;
CAPTAIN AMERICA,SGTF 13;
CAPTAIN AMERICA,SKK 2;
CAPTAIN AMERICA,SKK 3;
CAPTAIN AMERICA,SMMM;
CAPTAIN AMERICA,SMTU 4;
CAPTAIN AMERICA,SS 3;
CAPTAIN AMERICA,SS3 14;
CAPTAIN AMERICA,SS3 146;
CAPTAIN AMERICA,SS3 36;
CAPTAIN AMERICA,SS3 52;
CAPTAIN AMERICA,SS3 54;
CAPTAIN AMERICA,SS3 57;
CAPTAIN AMERICA,SS3 93;
CAPTAIN AMERICA,SS 6;
CAPTAIN AMERICA,SS '98;
CAPTAIN AMERICA,ST 123/2;
CAPTAIN AMERICA,ST 156;
CAPTAIN AMERICA,ST 159;
CAPTAIN AMERICA,ST 160;
CAPTAIN AMERICA,ST 161;
CAPTAIN AMERICA,ST 162;
CAPTAIN AMERICA,SUB-M 35;
CAPTAIN AMERICA,SVTU 10;
CAPTAIN AMERICA,SVTU 11;
CAPTAIN AMERICA,SVTU 12;
CAPTAIN AMERICA,SVTU 14;
CAPTAIN AMERICA,SVTU 9;
CAPTAIN AMERICA,S-W3 15;
CAPTAIN AMERICA,SWII 1;
CAPTAIN AMERICA,SWII 4;
CAPTAIN AMERICA,SWII 5;
CAPTAIN AMERICA,SWII 6;
CAPTAIN AMERICA,SWII 8;
CAPTAIN AMERICA,SWII 9;
CAPTAIN AMERICA,T 14;
CAPTAIN AMERICA,T 17;
CAPTAIN AMERICA,T2 1;
CAPTAIN AMERICA,T2 2;
CAPTAIN AMERICA,T2 6;
CAPTAIN AMERICA,T 271;
CAPTAIN AMERICA,T 334;
CAPTAIN AMERICA,T 381;
CAPTAIN AMERICA,T 383;
CAPTAIN AMERICA,T 390;
CAPTAIN AMERICA,T 402;
CAPTAIN AMERICA,T 420;
CAPTAIN AMERICA,T 421;
CAPTAIN AMERICA,T 427;
CAPTAIN AMERICA,T 433;
CAPTAIN AMERICA,T 434;
CAPTAIN AMERICA,T 436;
CAPTAIN AMERICA,T 444;
CAPTAIN AMERICA,T 447;
CAPTAIN AMERICA,T 496;
CAPTAIN AMERICA,TB 10;
CAPTAIN AMERICA,TB 11;
CAPTAIN AMERICA,TB 12;
CAPTAIN AMERICA,TB 44;
CAPTAIN AMERICA,TB 50;
CAPTAIN AMERICA,TB 51;
CAPTAIN AMERICA,TB 52;
CAPTAIN AMERICA,TB 53;
CAPTAIN AMERICA,TB 54;
CAPTAIN AMERICA,TB 9;
CAPTAIN AMERICA,TOS2;
CAPTAIN AMERICA,TOS 58;
CAPTAIN AMERICA,TOS 59;
CAPTAIN AMERICA,TOS 59/2;
CAPTAIN AMERICA,TOS 60/2;
CAPTAIN AMERICA,TOS 61/2;
CAPTAIN AMERICA,TOS 62/2;
CAPTAIN AMERICA,TOS 63;
CAPTAIN AMERICA,TOS 66/2;
CAPTAIN AMERICA,TOS 67/2;
CAPTAIN AMERICA,TOS 68/2;
CAPTAIN AMERICA,TOS 69/2;
CAPTAIN AMERICA,TOS 70/2;
CAPTAIN AMERICA,TOS 71/2;
CAPTAIN AMERICA,TOS 72/2;
CAPTAIN AMERICA,TOS 73/2;
CAPTAIN AMERICA,TOS 74/2;
CAPTAIN AMERICA,TOS 75/2;
CAPTAIN AMERICA,TOS 76/2;
CAPTAIN AMERICA,TOS 77/2;
CAPTAIN AMERICA,TOS 78/2;
CAPTAIN AMERICA,TOS 79/2;
CAPTAIN AMERICA,TOS 80/2;
CAPTAIN AMERICA,TOS 81/2;
CAPTAIN AMERICA,TOS 82/2;
CAPTAIN AMERICA,TOS 83/2;
CAPTAIN AMERICA,TOS 84/2;
CAPTAIN AMERICA,TOS 85/2;
CAPTAIN AMERICA,TOS 86/2;
CAPTAIN AMERICA,TOS 87/2;
CAPTAIN AMERICA,TOS 88/2;
CAPTAIN AMERICA,TOS 89/2;
CAPTAIN AMERICA,TOS 90/2;
CAPTAIN AMERICA,TOS 91/2;
CAPTAIN AMERICA,TOS 92/2;
CAPTAIN AMERICA,TOS 93/2;
CAPTAIN AMERICA,TOS 94/2;
CAPTAIN AMERICA,TOS 95/2;
CAPTAIN AMERICA,TOS 96/2;
CAPTAIN AMERICA,TOS 97/2;
CAPTAIN AMERICA,TOS 98;
CAPTAIN AMERICA,TOS 99/2;
CAPTAIN AMERICA,TS 23;
CAPTAIN AMERICA,TS 24;
CAPTAIN AMERICA,TTA 58;
CAPTAIN AMERICA,TTA 59;
CAPTAIN AMERICA,TTA 62/2;
CAPTAIN AMERICA,USA2 2;
CAPTAIN AMERICA,UTSM '97;
CAPTAIN AMERICA,UX 108;
CAPTAIN AMERICA,UX 190;
CAPTAIN AMERICA,UX 191;
CAPTAIN AMERICA,UX 268;
CAPTAIN AMERICA,UX 335;
CAPTAIN AMERICA,UX 9;
CAPTAIN AMERICA V/RO,CA 178;
CAPTAIN AMERICA V/RO,CA 179;
CAPTAIN AMERICA V/RO,CA 180;
CAPTAIN AMERICA V/RO,CA 181;
CAPTAIN AMERICA V/RO,CA 182;
CAPTAIN AMERICA V/RO,CA 183;
CAPTAIN AMERICA V/RO,CA 350/2;
CAPTAIN AMERICA,V&SW2 6;
CAPTAIN AMERICA,V&SW2 7;
CAPTAIN AMERICA,V&SW 3;
CAPTAIN AMERICA,W2 124;
CAPTAIN AMERICA,W '99/2;
CAPTAIN AMERICA,WCA 1;
CAPTAIN AMERICA,WCA 2;
CAPTAIN AMERICA,WCA2 2;
CAPTAIN AMERICA,WCA 4;
CAPTAIN AMERICA,WIW 8;
CAPTAIN AMERICA,WM 1;
CAPTAIN AMERICA,WM2 13;
CAPTAIN AMERICA,WM2 14;
CAPTAIN AMERICA,WM2 15;
CAPTAIN AMERICA,WM2 5;
CAPTAIN AMERICA,WM2 7;
CAPTAIN AMERICA,WOSM 75;
CAPTAIN AMERICA,WOSM 76;
CAPTAIN AMERICA,X 111;
CAPTAIN AMERICA,X 55;
CAPTAIN AMERICA,X 56;
CAPTAIN AMERICA,XCAL 125;
CAPTAIN AMERICA,XCAL 59;
CAPTAIN AMERICA,XCAL 60;
CAPTAIN AMERICA,XF 139;
CAPTAIN AMERICA,XF 6;
CAPTAIN AMERICA,XF 66;
CAPTAIN AMERICA,XM 46;
CAPTAIN AMERICA,YOUNG ALLIES 1;
CAPTAIN BARRACUDA,FF 219;
CAPTAIN BARRACUDA,H2 219;
CAPTAIN BARRACUDA,H2 220;
CAPTAIN BARRACUDA,ST 120;
CAPTAIN BARRACUDA,SUB-M 10;
CAPTAIN BARRACUDA,SUB-M 11;
CAPTAIN BRITAIN 2013,XCAL 94;
CAPTAIN BRITAIN/BRIA,BK2 2;
CAPTAIN BRITAIN/BRIA,CA 305;
CAPTAIN BRITAIN/BRIA,CA 306;
CAPTAIN BRITAIN/BRIA,CA 307;
CAPTAIN BRITAIN/BRIA,CB 1;
CAPTAIN BRITAIN/BRIA,CB 10;
CAPTAIN BRITAIN/BRIA,CB 11;
CAPTAIN BRITAIN/BRIA,CB 12;
CAPTAIN BRITAIN/BRIA,CB 13;
CAPTAIN BRITAIN/BRIA,CB 14;
CAPTAIN BRITAIN/BRIA,CB 15;
CAPTAIN BRITAIN/BRIA,CB 16;
CAPTAIN BRITAIN/BRIA,CB 17;
CAPTAIN BRITAIN/BRIA,CB 18;
CAPTAIN BRITAIN/BRIA,CB 2;
CAPTAIN BRITAIN/BRIA,CB 20;
CAPTAIN BRITAIN/BRIA,CB 21;
CAPTAIN BRITAIN/BRIA,CB2 1;
CAPTAIN BRITAIN/BRIA,CB2 10;
CAPTAIN BRITAIN/BRIA,CB2 11;
CAPTAIN BRITAIN/BRIA,CB2 12;
CAPTAIN BRITAIN/BRIA,CB2 13;
CAPTAIN BRITAIN/BRIA,CB2 14;
CAPTAIN BRITAIN/BRIA,CB 22;
CAPTAIN BRITAIN/BRIA,CB2 2;
CAPTAIN BRITAIN/BRIA,CB 23;
CAPTAIN BRITAIN/BRIA,CB2 3;
CAPTAIN BRITAIN/BRIA,CB 24;
CAPTAIN BRITAIN/BRIA,CB2 4;
CAPTAIN BRITAIN/BRIA,CB 25;
CAPTAIN BRITAIN/BRIA,CB2 5;
CAPTAIN BRITAIN/BRIA,CB 26;
CAPTAIN BRITAIN/BRIA,CB2 6;
CAPTAIN BRITAIN/BRIA,CB 27;
CAPTAIN BRITAIN/BRIA,CB2 7;
CAPTAIN BRITAIN/BRIA,CB 28;
CAPTAIN BRITAIN/BRIA,CB2 8;
CAPTAIN BRITAIN/BRIA,CB 29;
CAPTAIN BRITAIN/BRIA,CB2 9;
CAPTAIN BRITAIN/BRIA,CB 3;
CAPTAIN BRITAIN/BRIA,CB 30;
CAPTAIN BRITAIN/BRIA,CB 31;
CAPTAIN BRITAIN/BRIA,CB 32;
CAPTAIN BRITAIN/BRIA,CB 33;
CAPTAIN BRITAIN/BRIA,CB 34;
CAPTAIN BRITAIN/BRIA,CB 35;
CAPTAIN BRITAIN/BRIA,CB 36;
CAPTAIN BRITAIN/BRIA,CB 37;
CAPTAIN BRITAIN/BRIA,CB 38;
CAPTAIN BRITAIN/BRIA,CB 39;
CAPTAIN BRITAIN/BRIA,CB 4;
CAPTAIN BRITAIN/BRIA,CB 5;
CAPTAIN BRITAIN/BRIA,CB 6;
CAPTAIN BRITAIN/BRIA,CB 7;
CAPTAIN BRITAIN/BRIA,CB 8;
CAPTAIN BRITAIN/BRIA,CB 9;
CAPTAIN BRITAIN/BRIA,COC 1;
CAPTAIN BRITAIN/BRIA,COC 2;
CAPTAIN BRITAIN/BRIA,COC 3;
CAPTAIN BRITAIN/BRIA,DDS 1;
CAPTAIN BRITAIN/BRIA,DDS 10;
CAPTAIN BRITAIN/BRIA,DDS 11;
CAPTAIN BRITAIN/BRIA,DDS 2;
CAPTAIN BRITAIN/BRIA,DDS 3;
CAPTAIN BRITAIN/BRIA,DDS 4;
CAPTAIN BRITAIN/BRIA,DDS 5;
CAPTAIN BRITAIN/BRIA,DDS 6;
CAPTAIN BRITAIN/BRIA,DDS 7;
CAPTAIN BRITAIN/BRIA,DDS 8;
CAPTAIN BRITAIN/BRIA,DDS 9;
CAPTAIN BRITAIN/BRIA,H2 250;
CAPTAIN BRITAIN/BRIA,H2 279;
CAPTAIN BRITAIN/BRIA,HC 10/2;
CAPTAIN BRITAIN/BRIA,HC 11/2;
CAPTAIN BRITAIN/BRIA,HC 1/2;
CAPTAIN BRITAIN/BRIA,HC 12/2;
CAPTAIN BRITAIN/BRIA,HC 13/2;
CAPTAIN BRITAIN/BRIA,HC 14/2;
CAPTAIN BRITAIN/BRIA,HC 15/2;
CAPTAIN BRITAIN/BRIA,HC 16/2;
CAPTAIN BRITAIN/BRIA,HC 20/2;
CAPTAIN BRITAIN/BRIA,HC 21/2;
CAPTAIN BRITAIN/BRIA,HC 22/2;
CAPTAIN BRITAIN/BRIA,HC 23/2;
CAPTAIN BRITAIN/BRIA,HC 25/2;
CAPTAIN BRITAIN/BRIA,HC 26/2;
CAPTAIN BRITAIN/BRIA,HC 27/2;
CAPTAIN BRITAIN/BRIA,HC 28/2;
CAPTAIN BRITAIN/BRIA,HC 29/2;
CAPTAIN BRITAIN/BRIA,HC 30/2;
CAPTAIN BRITAIN/BRIA,HC 3/2;
CAPTAIN BRITAIN/BRIA,HC 4/2;
CAPTAIN BRITAIN/BRIA,HC 42/3;
CAPTAIN BRITAIN/BRIA,HC 43/2;
CAPTAIN BRITAIN/BRIA,HC 44/2;
CAPTAIN BRITAIN/BRIA,HC 45/2;
CAPTAIN BRITAIN/BRIA,HC 48/2;
CAPTAIN BRITAIN/BRIA,HC 5/2;
CAPTAIN BRITAIN/BRIA,HC 52/2;
CAPTAIN BRITAIN/BRIA,HC 53/2;
CAPTAIN BRITAIN/BRIA,HC 54/2;
CAPTAIN BRITAIN/BRIA,HC 55/2;
CAPTAIN BRITAIN/BRIA,HC 57/2;
CAPTAIN BRITAIN/BRIA,HC 58/2;
CAPTAIN BRITAIN/BRIA,HC 59/2;
CAPTAIN BRITAIN/BRIA,HC 60/2;
CAPTAIN BRITAIN/BRIA,HC 6/2;
CAPTAIN BRITAIN/BRIA,HC 7/2;
CAPTAIN BRITAIN/BRIA,HC 8/2;
CAPTAIN BRITAIN/BRIA,M/CP 31/4;
CAPTAIN BRITAIN/BRIA,M/CP 32;
CAPTAIN BRITAIN/BRIA,M/CP 33;
CAPTAIN BRITAIN/BRIA,M/CP 34;
CAPTAIN BRITAIN/BRIA,M/CP 35;
CAPTAIN BRITAIN/BRIA,M/CP 36;
CAPTAIN BRITAIN/BRIA,M/CP 37;
CAPTAIN BRITAIN/BRIA,M/CP 38;
CAPTAIN BRITAIN/BRIA,M/CP 75/3;
CAPTAIN BRITAIN/BRIA,M/SH2 377;
CAPTAIN BRITAIN/BRIA,M/SH2 378;
CAPTAIN BRITAIN/BRIA,M/SH2 379;
CAPTAIN BRITAIN/BRIA,M/SH2 380;
CAPTAIN BRITAIN/BRIA,M/SH2 381;
CAPTAIN BRITAIN/BRIA,M/SH2 382;
CAPTAIN BRITAIN/BRIA,M/SH2 383;
CAPTAIN BRITAIN/BRIA,M/SH2 384;
CAPTAIN BRITAIN/BRIA,M/SH2 385;
CAPTAIN BRITAIN/BRIA,M/SH2 386;
CAPTAIN BRITAIN/BRIA,M/SH2 387;
CAPTAIN BRITAIN/BRIA,M/SH2 388;
CAPTAIN BRITAIN/BRIA,M/TU 65;
CAPTAIN BRITAIN/BRIA,M/TU 66;
CAPTAIN BRITAIN/BRIA,MWM/ 10;
CAPTAIN BRITAIN/BRIA,MWM/ 11;
CAPTAIN BRITAIN/BRIA,MWM/ 12;
CAPTAIN BRITAIN/BRIA,MWM/ 13;
CAPTAIN BRITAIN/BRIA,MWM/ 14;
CAPTAIN BRITAIN/BRIA,MWM/ 15;
CAPTAIN BRITAIN/BRIA,MWM/ 16;
CAPTAIN BRITAIN/BRIA,MWM/ 7;
CAPTAIN BRITAIN/BRIA,MWM/ 8;
CAPTAIN BRITAIN/BRIA,MWM/ 9;
CAPTAIN BRITAIN/BRIA,NM 2;
CAPTAIN BRITAIN/BRIA,Q 11;
CAPTAIN BRITAIN/BRIA,Q 28;
CAPTAIN BRITAIN/BRIA,ROM 65;
CAPTAIN BRITAIN/BRIA,S-H2 26;
CAPTAIN BRITAIN/BRIA,S-M 25;
CAPTAIN BRITAIN/BRIA,SSM&CB 231/2;
CAPTAIN BRITAIN/BRIA,SSM&CB 232/2;
CAPTAIN BRITAIN/BRIA,SSM&CB 233/2;
CAPTAIN BRITAIN/BRIA,SSM&CB 234/2;
CAPTAIN BRITAIN/BRIA,SSM&CB 235/2;
CAPTAIN BRITAIN/BRIA,SSM&CB 236/2;
CAPTAIN BRITAIN/BRIA,SSM&CB 237/2;
CAPTAIN BRITAIN/BRIA,SSM&CB 238/2;
CAPTAIN BRITAIN/BRIA,SSM&CB 239/2;
CAPTAIN BRITAIN/BRIA,SSM&CB 240/2;
CAPTAIN BRITAIN/BRIA,SSM&CB 241/2;
CAPTAIN BRITAIN/BRIA,SSM&CB 242/2;
CAPTAIN BRITAIN/BRIA,SSM&CB 243/2;
CAPTAIN BRITAIN/BRIA,SSM&CB 244/2;
CAPTAIN BRITAIN/BRIA,SSM&CB 245/2;
CAPTAIN BRITAIN/BRIA,SSM&CB 246/2;
CAPTAIN BRITAIN/BRIA,SSM&CB 247/2;
CAPTAIN BRITAIN/BRIA,T 427;
CAPTAIN BRITAIN/BRIA,T 428;
CAPTAIN BRITAIN/BRIA,T 429;
CAPTAIN BRITAIN/BRIA,TB 45;
CAPTAIN BRITAIN/BRIA,UX 11;
CAPTAIN BRITAIN/BRIA,X '95/2;
CAPTAIN BRITAIN/BRIA,XCAL -1;
CAPTAIN BRITAIN/BRIA,XCAL 1;
CAPTAIN BRITAIN/BRIA,XCAL 10;
CAPTAIN BRITAIN/BRIA,XCAL 100;
CAPTAIN BRITAIN/BRIA,XCAL 101;
CAPTAIN BRITAIN/BRIA,XCAL 102;
CAPTAIN BRITAIN/BRIA,XCAL 103;
CAPTAIN BRITAIN/BRIA,XCAL 104;
CAPTAIN BRITAIN/BRIA,XCAL 105;
CAPTAIN BRITAIN/BRIA,XCAL 106;
CAPTAIN BRITAIN/BRIA,XCAL 107;
CAPTAIN BRITAIN/BRIA,XCAL 108;
CAPTAIN BRITAIN/BRIA,XCAL 109;
CAPTAIN BRITAIN/BRIA,XCAL 11;
CAPTAIN BRITAIN/BRIA,XCAL 110;
CAPTAIN BRITAIN/BRIA,XCAL 12;
CAPTAIN BRITAIN/BRIA,XCAL 122;
CAPTAIN BRITAIN/BRIA,XCAL 123;
CAPTAIN BRITAIN/BRIA,XCAL 124;
CAPTAIN BRITAIN/BRIA,XCAL 125;
CAPTAIN BRITAIN/BRIA,XCAL 13;
CAPTAIN BRITAIN/BRIA,XCAL 14;
CAPTAIN BRITAIN/BRIA,XCAL 15;
CAPTAIN BRITAIN/BRIA,XCAL 16;
CAPTAIN BRITAIN/BRIA,XCAL 17;
CAPTAIN BRITAIN/BRIA,XCAL 18;
CAPTAIN BRITAIN/BRIA,XCAL 19;
CAPTAIN BRITAIN/BRIA,XCAL 2;
CAPTAIN BRITAIN/BRIA,XCAL 20;
CAPTAIN BRITAIN/BRIA,XCAL 21;
CAPTAIN BRITAIN/BRIA,XCAL2 1;
CAPTAIN BRITAIN/BRIA,XCAL 22;
CAPTAIN BRITAIN/BRIA,XCAL2 2;
CAPTAIN BRITAIN/BRIA,XCAL 23;
CAPTAIN BRITAIN/BRIA,XCAL2 3;
CAPTAIN BRITAIN/BRIA,XCAL 24;
CAPTAIN BRITAIN/BRIA,XCAL2 4;
CAPTAIN BRITAIN/BRIA,XCAL 25;
CAPTAIN BRITAIN/BRIA,XCAL 26;
CAPTAIN BRITAIN/BRIA,XCAL 27;
CAPTAIN BRITAIN/BRIA,XCAL 28;
CAPTAIN BRITAIN/BRIA,XCAL 29;
CAPTAIN BRITAIN/BRIA,XCAL 3;
CAPTAIN BRITAIN/BRIA,XCAL 30;
CAPTAIN BRITAIN/BRIA,XCAL 31;
CAPTAIN BRITAIN/BRIA,XCAL 32;
CAPTAIN BRITAIN/BRIA,XCAL 33;
CAPTAIN BRITAIN/BRIA,XCAL 34;
CAPTAIN BRITAIN/BRIA,XCAL 35;
CAPTAIN BRITAIN/BRIA,XCAL 36;
CAPTAIN BRITAIN/BRIA,XCAL 37;
CAPTAIN BRITAIN/BRIA,XCAL 38;
CAPTAIN BRITAIN/BRIA,XCAL 39;
CAPTAIN BRITAIN/BRIA,XCAL 4;
CAPTAIN BRITAIN/BRIA,XCAL 40;
CAPTAIN BRITAIN/BRIA,XCAL 41;
CAPTAIN BRITAIN/BRIA,XCAL 42;
CAPTAIN BRITAIN/BRIA,XCAL 43;
CAPTAIN BRITAIN/BRIA,XCAL 44;
CAPTAIN BRITAIN/BRIA,XCAL 45;
CAPTAIN BRITAIN/BRIA,XCAL 47;
CAPTAIN BRITAIN/BRIA,XCAL 48;
CAPTAIN BRITAIN/BRIA,XCAL 49;
CAPTAIN BRITAIN/BRIA,XCAL 5;
CAPTAIN BRITAIN/BRIA,XCAL 50;
CAPTAIN BRITAIN/BRIA,XCAL 51;
CAPTAIN BRITAIN/BRIA,XCAL 52;
CAPTAIN BRITAIN/BRIA,XCAL 53;
CAPTAIN BRITAIN/BRIA,XCAL 54;
CAPTAIN BRITAIN/BRIA,XCAL 55;
CAPTAIN BRITAIN/BRIA,XCAL 56;
CAPTAIN BRITAIN/BRIA,XCAL 57;
CAPTAIN BRITAIN/BRIA,XCAL 58;
CAPTAIN BRITAIN/BRIA,XCAL 59;
CAPTAIN BRITAIN/BRIA,XCAL 6;
CAPTAIN BRITAIN/BRIA,XCAL 60;
CAPTAIN BRITAIN/BRIA,XCAL 7;
CAPTAIN BRITAIN/BRIA,XCAL 78;
CAPTAIN BRITAIN/BRIA,XCAL 79;
CAPTAIN BRITAIN/BRIA,XCAL 8;
CAPTAIN BRITAIN/BRIA,XCAL 80;
CAPTAIN BRITAIN/BRIA,XCAL 81;
CAPTAIN BRITAIN/BRIA,XCAL 83;
CAPTAIN BRITAIN/BRIA,XCAL 84;
CAPTAIN BRITAIN/BRIA,XCAL 85;
CAPTAIN BRITAIN/BRIA,XCAL 86;
CAPTAIN BRITAIN/BRIA,XCAL 87;
CAPTAIN BRITAIN/BRIA,XCAL 88;
CAPTAIN BRITAIN/BRIA,XCAL 9;
CAPTAIN BRITAIN/BRIA,XCAL 91;
CAPTAIN BRITAIN/BRIA,XCAL 92;
CAPTAIN BRITAIN/BRIA,XCAL 94;
CAPTAIN BRITAIN/BRIA,XCAL 95;
CAPTAIN BRITAIN/BRIA,XCAL 96;
CAPTAIN BRITAIN/BRIA,XCAL 97;
CAPTAIN BRITAIN/BRIA,XCAL 98;
CAPTAIN BRITAIN/BRIA,XCAL 99;
CAPTAIN BRITAIN/BRIA,XCAL:AA;
CAPTAIN BRITAIN/BRIA,XCALGN;
CAPTAIN BRITAIN/BRIA,XCAL:MM;
CAPTAIN BRITAIN/BRIA,XCAL:P;
CAPTAIN BRITAIN/BRIA,XCALSE;
CAPTAIN BRITAIN/BRIA,XF 106;
CAPTAIN BRITAIN/BRIA,XF 6;
CAPTAIN BRITAIN/BRIA,XFOR 38;
CAPTAIN BRITAIN/BRIA,XM 12;
CAPTAIN BRITAIN/BRIA,XSOS 2;
CAPTAIN BRITAIN/BRIA,XX 3;
CAPTAIN FATE,M-T 14;
CAPTAIN FATE,M-T2 7;
CAPTAIN FATE,M-T2 8;
CAPTAIN GLORY,MB2 1;
CAPTAIN HAWK,A 148;
CAPTAIN HAWK,A 85;
CAPTAIN HAWK,DEF 112;
CAPTAIN HAWK,DEF 113;
CAPTAIN HAWK,DEF 114;
CAPTAIN HAWK,SQS 1;
CAPTAIN HAWK,SQS 10;
CAPTAIN HAWK,SQS 11;
CAPTAIN HAWK,SQS 12;
CAPTAIN HAWK,SQS 2;
CAPTAIN HAWK,SQS 3;
CAPTAIN HAWK,SQS 4;
CAPTAIN HAWK,SQS 5;
CAPTAIN HAWK,SQS 6;
CAPTAIN HAWK,SQS 7;
CAPTAIN HAWK,SQS 8;
CAPTAIN HAWK,SQS 9;
CAPTAIN HAWK,T 280;
CAPTAIN HIP/FRED MAC,M/:LG 10;
CAPTAIN HIP/FRED MAC,M/:LG 3;
CAPTAIN HIP/FRED MAC,M/:LG 5;
CAPTAIN HIP/FRED MAC,M/:LG 8;
CAPTAIN HIP/FRED MAC,M/:LG 9;
CAPTAIN MANHATTAN,Q 31;
CAPTAIN MARVEL/CAPTA,A 106;
CAPTAIN MARVEL/CAPTA,A 108;
CAPTAIN MARVEL/CAPTA,A 16;
CAPTAIN MARVEL/CAPTA,A 168;
CAPTAIN MARVEL/CAPTA,A 173;
CAPTAIN MARVEL/CAPTA,A 174;
CAPTAIN MARVEL/CAPTA,A 175;
CAPTAIN MARVEL/CAPTA,A 176;
CAPTAIN MARVEL/CAPTA,A 177;
CAPTAIN MARVEL/CAPTA,A 181;
CAPTAIN MARVEL/CAPTA,A 227;
CAPTAIN MARVEL/CAPTA,A3 10;
CAPTAIN MARVEL/CAPTA,A3 11;
CAPTAIN MARVEL/CAPTA,A 7;
CAPTAIN MARVEL/CAPTA,A 72;
CAPTAIN MARVEL/CAPTA,A 89;
CAPTAIN MARVEL/CAPTA,A 90;
CAPTAIN MARVEL/CAPTA,A 91;
CAPTAIN MARVEL/CAPTA,A 92;
CAPTAIN MARVEL/CAPTA,A 93;
CAPTAIN MARVEL/CAPTA,A 94;
CAPTAIN MARVEL/CAPTA,A 95;
CAPTAIN MARVEL/CAPTA,A 96;
CAPTAIN MARVEL/CAPTA,A 97;
CAPTAIN MARVEL/CAPTA,CM 1;
CAPTAIN MARVEL/CAPTA,CM 10;
CAPTAIN MARVEL/CAPTA,CM 11;
CAPTAIN MARVEL/CAPTA,CM 12;
CAPTAIN MARVEL/CAPTA,CM 13;
CAPTAIN MARVEL/CAPTA,CM 15;
CAPTAIN MARVEL/CAPTA,CM 16;
CAPTAIN MARVEL/CAPTA,CM 17;
CAPTAIN MARVEL/CAPTA,CM 18;
CAPTAIN MARVEL/CAPTA,CM 19;
CAPTAIN MARVEL/CAPTA,CM 2;
CAPTAIN MARVEL/CAPTA,CM 20;
CAPTAIN MARVEL/CAPTA,CM 21;
CAPTAIN MARVEL/CAPTA,CM 22;
CAPTAIN MARVEL/CAPTA,CM 23;
CAPTAIN MARVEL/CAPTA,CM 24;
CAPTAIN MARVEL/CAPTA,CM 25;
CAPTAIN MARVEL/CAPTA,CM 26;
CAPTAIN MARVEL/CAPTA,CM 27;
CAPTAIN MARVEL/CAPTA,CM 28;
CAPTAIN MARVEL/CAPTA,CM 29;
CAPTAIN MARVEL/CAPTA,CM 3;
CAPTAIN MARVEL/CAPTA,CM 30;
CAPTAIN MARVEL/CAPTA,CM 31;
CAPTAIN MARVEL/CAPTA,CM 32;
CAPTAIN MARVEL/CAPTA,CM 33;
CAPTAIN MARVEL/CAPTA,CM 34;
CAPTAIN MARVEL/CAPTA,CM 35;
CAPTAIN MARVEL/CAPTA,CM 36;
CAPTAIN MARVEL/CAPTA,CM 37;
CAPTAIN MARVEL/CAPTA,CM 38;
CAPTAIN MARVEL/CAPTA,CM 39;
CAPTAIN MARVEL/CAPTA,CM 4;
CAPTAIN MARVEL/CAPTA,CM 40;
CAPTAIN MARVEL/CAPTA,CM 41;
CAPTAIN MARVEL/CAPTA,CM 42;
CAPTAIN MARVEL/CAPTA,CM 43;
CAPTAIN MARVEL/CAPTA,CM 44;
CAPTAIN MARVEL/CAPTA,CM 45;
CAPTAIN MARVEL/CAPTA,CM 46;
CAPTAIN MARVEL/CAPTA,CM 47;
CAPTAIN MARVEL/CAPTA,CM 48;
CAPTAIN MARVEL/CAPTA,CM 49;
CAPTAIN MARVEL/CAPTA,CM 5;
CAPTAIN MARVEL/CAPTA,CM 50;
CAPTAIN MARVEL/CAPTA,CM 51;
CAPTAIN MARVEL/CAPTA,CM 52;
CAPTAIN MARVEL/CAPTA,CM 53;
CAPTAIN MARVEL/CAPTA,CM 54;
CAPTAIN MARVEL/CAPTA,CM 55;
CAPTAIN MARVEL/CAPTA,CM 56;
CAPTAIN MARVEL/CAPTA,CM 57;
CAPTAIN MARVEL/CAPTA,CM 58;
CAPTAIN MARVEL/CAPTA,CM 59;
CAPTAIN MARVEL/CAPTA,CM 6;
CAPTAIN MARVEL/CAPTA,CM 60;
CAPTAIN MARVEL/CAPTA,CM 61;
CAPTAIN MARVEL/CAPTA,CM 62;
CAPTAIN MARVEL/CAPTA,CM 7;
CAPTAIN MARVEL/CAPTA,CM 8;
CAPTAIN MARVEL/CAPTA,CM 9;
CAPTAIN MARVEL/CAPTA,CPU 1;
CAPTAIN MARVEL/CAPTA,DD 107;
CAPTAIN MARVEL/CAPTA,DEF 62;
CAPTAIN MARVEL/CAPTA,DEF 63;
CAPTAIN MARVEL/CAPTA,FF 14;
CAPTAIN MARVEL/CAPTA,FF 15;
CAPTAIN MARVEL/CAPTA,H2 245;
CAPTAIN MARVEL/CAPTA,H2 246;
CAPTAIN MARVEL/CAPTA,H2 247;
CAPTAIN MARVEL/CAPTA,H2 248;
CAPTAIN MARVEL/CAPTA,KS;
CAPTAIN MARVEL/CAPTA,M/GN 1;
CAPTAIN MARVEL/CAPTA,M/SH 12;
CAPTAIN MARVEL/CAPTA,M/SH 13;
CAPTAIN MARVEL/CAPTA,M/SH3 3/5;
CAPTAIN MARVEL/CAPTA,M/S&L /3;
CAPTAIN MARVEL/CAPTA,MSM 19;
CAPTAIN MARVEL/CAPTA,M/SPT2 1;
CAPTAIN MARVEL/CAPTA,M/SPT2 2;
CAPTAIN MARVEL/CAPTA,M/SPT2 3;
CAPTAIN MARVEL/CAPTA,M/SPT2 4;
CAPTAIN MARVEL/CAPTA,M/SPT2 8;
CAPTAIN MARVEL/CAPTA,M/TIO 2;
CAPTAIN MARVEL/CAPTA,M/TIO 45;
CAPTAIN MARVEL/CAPTA,M/TIO 69;
CAPTAIN MARVEL/CAPTA,M/TU 16;
CAPTAIN MARVEL/CAPTA,M/TU 17;
CAPTAIN MARVEL/CAPTA,Q 22;
CAPTAIN MARVEL/CAPTA,SUB-M 30;
CAPTAIN MARVEL/CAPTA,T 271;
CAPTAIN MARVEL/CAPTA,ULCM 1;
CAPTAIN MARVEL/CAPTA,ULCM 2;
CAPTAIN MARVEL/CAPTA,WLOCK2 1;
CAPTAIN MARVEL/CAPTA,WLOCK2 2;
CAPTAIN MARVEL III/G,A3 26;
CAPTAIN MARVEL III/G,A3 27;
CAPTAIN MARVEL III/G,AUP 5;
CAPTAIN MARVEL III/G,AVF 12;
CAPTAIN MARVEL III/G,CM4 1;
CAPTAIN MARVEL III/G,CM4 2;
CAPTAIN MARVEL III/G,CM4 3;
CAPTAIN MARVEL III/G,CM4 4;
CAPTAIN MARVEL III/G,CM4 5;
CAPTAIN MARVEL III/G,CM4 6;
CAPTAIN MARVEL III/G,CM5 1;
CAPTAIN MARVEL III/G,CM5 10;
CAPTAIN MARVEL III/G,CM5 11;
CAPTAIN MARVEL III/G,CM5 12;
CAPTAIN MARVEL III/G,CM5 13;
CAPTAIN MARVEL III/G,CM5 14;
CAPTAIN MARVEL III/G,CM5 15;
CAPTAIN MARVEL III/G,CM5 16;
CAPTAIN MARVEL III/G,CM5 17;
CAPTAIN MARVEL III/G,CM5 18;
CAPTAIN MARVEL III/G,CM5 19;
CAPTAIN MARVEL III/G,CM5 2;
CAPTAIN MARVEL III/G,CM5 20;
CAPTAIN MARVEL III/G,CM5 21;
CAPTAIN MARVEL III/G,CM5 3;
CAPTAIN MARVEL III/G,CM5 4;
CAPTAIN MARVEL III/G,CM5 5;
CAPTAIN MARVEL III/G,CM5 6;
CAPTAIN MARVEL III/G,CM5 7;
CAPTAIN MARVEL III/G,CM5 8;
CAPTAIN MARVEL III/G,CM5 9;
CAPTAIN MARVEL III/G,CP 5;
CAPTAIN MARVEL III/G,SS3 105;
CAPTAIN MARVEL III/G,SS3 106;
CAPTAIN MARVEL III/G,SS3 107;
CAPTAIN MARVEL III/G,SS3 108;
CAPTAIN MARVEL III/G,SS3 109;
CAPTAIN MARVEL III/G,SS3 110;
CAPTAIN MARVEL III/G,SS3 122;
CAPTAIN MARVEL III/G,SS 7;
CAPTAIN MARVEL III/G,SS 7/2;
CAPTAIN MARVEL III/G,TB 45;
CAPTAIN MARVEL III/G,TB 46;
CAPTAIN MARVEL III/G,TB 47;
CAPTAIN MARVEL III/G,TB:LS;
CAPTAIN MARVEL III/G,WLOCK2 1;
CAPTAIN MARVEL III/G,WLOCK2 2;
CAPTAIN MARVEL III/G,WLOCK2 3;
CAPTAIN MARVEL III/G,WLOCK2 4;
CAPTAIN MARVEL II/MO,A '01;
CAPTAIN MARVEL II/MO,A 12;
CAPTAIN MARVEL II/MO,A 13;
CAPTAIN MARVEL II/MO,A 14;
CAPTAIN MARVEL II/MO,A 15;
CAPTAIN MARVEL II/MO,A 16;
CAPTAIN MARVEL II/MO,A 18;
CAPTAIN MARVEL II/MO,A 19;
CAPTAIN MARVEL II/MO,A 19/3;
CAPTAIN MARVEL II/MO,A 227;
CAPTAIN MARVEL II/MO,A 228;
CAPTAIN MARVEL II/MO,A 229;
CAPTAIN MARVEL II/MO,A 230;
CAPTAIN MARVEL II/MO,A 231;
CAPTAIN MARVEL II/MO,A 232;
CAPTAIN MARVEL II/MO,A 233;
CAPTAIN MARVEL II/MO,A 234;
CAPTAIN MARVEL II/MO,A 235;
CAPTAIN MARVEL II/MO,A 236;
CAPTAIN MARVEL II/MO,A 237;
CAPTAIN MARVEL II/MO,A 238;
CAPTAIN MARVEL II/MO,A 240;
CAPTAIN MARVEL II/MO,A 241;
CAPTAIN MARVEL II/MO,A 242;
CAPTAIN MARVEL II/MO,A 243;
CAPTAIN MARVEL II/MO,A 244;
CAPTAIN MARVEL II/MO,A 245;
CAPTAIN MARVEL II/MO,A 246;
CAPTAIN MARVEL II/MO,A 247;
CAPTAIN MARVEL II/MO,A 248;
CAPTAIN MARVEL II/MO,A 249;
CAPTAIN MARVEL II/MO,A 250;
CAPTAIN MARVEL II/MO,A 251;
CAPTAIN MARVEL II/MO,A 252;
CAPTAIN MARVEL II/MO,A 253;
CAPTAIN MARVEL II/MO,A 255;
CAPTAIN MARVEL II/MO,A 256;
CAPTAIN MARVEL II/MO,A 257;
CAPTAIN MARVEL II/MO,A 258;
CAPTAIN MARVEL II/MO,A 259;
CAPTAIN MARVEL II/MO,A 260;
CAPTAIN MARVEL II/MO,A 261;
CAPTAIN MARVEL II/MO,A 262;
CAPTAIN MARVEL II/MO,A 263;
CAPTAIN MARVEL II/MO,A 264;
CAPTAIN MARVEL II/MO,A 265;
CAPTAIN MARVEL II/MO,A 266;
CAPTAIN MARVEL II/MO,A 267;
CAPTAIN MARVEL II/MO,A 268;
CAPTAIN MARVEL II/MO,A 269;
CAPTAIN MARVEL II/MO,A 270;
CAPTAIN MARVEL II/MO,A 271;
CAPTAIN MARVEL II/MO,A 272;
CAPTAIN MARVEL II/MO,A 273;
CAPTAIN MARVEL II/MO,A 274;
CAPTAIN MARVEL II/MO,A 275;
CAPTAIN MARVEL II/MO,A 276;
CAPTAIN MARVEL II/MO,A 277;
CAPTAIN MARVEL II/MO,A 278;
CAPTAIN MARVEL II/MO,A 279;
CAPTAIN MARVEL II/MO,A 281;
CAPTAIN MARVEL II/MO,A 282;
CAPTAIN MARVEL II/MO,A 283;
CAPTAIN MARVEL II/MO,A 284;
CAPTAIN MARVEL II/MO,A 285;
CAPTAIN MARVEL II/MO,A 286;
CAPTAIN MARVEL II/MO,A 287;
CAPTAIN MARVEL II/MO,A 288;
CAPTAIN MARVEL II/MO,A 289;
CAPTAIN MARVEL II/MO,A 290;
CAPTAIN MARVEL II/MO,A 291;
CAPTAIN MARVEL II/MO,A 292;
CAPTAIN MARVEL II/MO,A 293;
CAPTAIN MARVEL II/MO,A 294;
CAPTAIN MARVEL II/MO,A 305;
CAPTAIN MARVEL II/MO,A3 1;
CAPTAIN MARVEL II/MO,A3 16;
CAPTAIN MARVEL II/MO,A3 17;
CAPTAIN MARVEL II/MO,A3 18;
CAPTAIN MARVEL II/MO,A3 2;
CAPTAIN MARVEL II/MO,A 329;
CAPTAIN MARVEL II/MO,A3 3;
CAPTAIN MARVEL II/MO,A 330;
CAPTAIN MARVEL II/MO,A 332;
CAPTAIN MARVEL II/MO,A 333;
CAPTAIN MARVEL II/MO,A3 35;
CAPTAIN MARVEL II/MO,A3 36;
CAPTAIN MARVEL II/MO,A3 37;
CAPTAIN MARVEL II/MO,A3 38;
CAPTAIN MARVEL II/MO,A 345;
CAPTAIN MARVEL II/MO,A 347;
CAPTAIN MARVEL II/MO,AF 61;
CAPTAIN MARVEL II/MO,AI 1;
CAPTAIN MARVEL II/MO,AI 2;
CAPTAIN MARVEL II/MO,AI 3;
CAPTAIN MARVEL II/MO,AI 4;
CAPTAIN MARVEL II/MO,ASM 16;
CAPTAIN MARVEL II/MO,ASM 252;
CAPTAIN MARVEL II/MO,ASPOT 27/2;
CAPTAIN MARVEL II/MO,AUP 5;
CAPTAIN MARVEL II/MO,AWC 82;
CAPTAIN MARVEL II/MO,CA 292;
CAPTAIN MARVEL II/MO,CA 301;
CAPTAIN MARVEL II/MO,CA 314;
CAPTAIN MARVEL II/MO,CA 329;
CAPTAIN MARVEL II/MO,CA 332;
CAPTAIN MARVEL II/MO,CA 401;
CAPTAIN MARVEL II/MO,CA 408/3;
CAPTAIN MARVEL II/MO,CM4 2;
CAPTAIN MARVEL II/MO,CMS 1;
CAPTAIN MARVEL II/MO,COH 3;
CAPTAIN MARVEL II/MO,DRSTR2 60;
CAPTAIN MARVEL II/MO,FF 19;
CAPTAIN MARVEL II/MO,FF 22;
CAPTAIN MARVEL II/MO,FF 256;
CAPTAIN MARVEL II/MO,H2 281;
CAPTAIN MARVEL II/MO,H2 282;
CAPTAIN MARVEL II/MO,H2 283;
CAPTAIN MARVEL II/MO,H2 284;
CAPTAIN MARVEL II/MO,H2 300;
CAPTAIN MARVEL II/MO,H2 320;
CAPTAIN MARVEL II/MO,H2 321;
CAPTAIN MARVEL II/MO,H2 322;
CAPTAIN MARVEL II/MO,H2 323;
CAPTAIN MARVEL II/MO,IM 182;
CAPTAIN MARVEL II/MO,MAXSEC 2;
CAPTAIN MARVEL II/MO,MAXSEC 3;
CAPTAIN MARVEL II/MO,MEPHVS 4;
CAPTAIN MARVEL II/MO,M/FAN 24/2;
CAPTAIN MARVEL II/MO,M/FAN 42/2;
CAPTAIN MARVEL II/MO,M/FAN 57/2;
CAPTAIN MARVEL II/MO,M/SHSW 1;
CAPTAIN MARVEL II/MO,M/SHSW 10;
CAPTAIN MARVEL II/MO,M/SHSW 11;
CAPTAIN MARVEL II/MO,M/SHSW 12;
CAPTAIN MARVEL II/MO,M/SHSW 2;
CAPTAIN MARVEL II/MO,M/SHSW 3;
CAPTAIN MARVEL II/MO,M/SHSW 4;
CAPTAIN MARVEL II/MO,M/SHSW 5;
CAPTAIN MARVEL II/MO,M/SHSW 6;
CAPTAIN MARVEL II/MO,M/SHSW 7;
CAPTAIN MARVEL II/MO,M/SHSW 8;
CAPTAIN MARVEL II/MO,M/SHSW 9;
CAPTAIN MARVEL II/MO,M/TU 142;
CAPTAIN MARVEL II/MO,M/TU 143;
CAPTAIN MARVEL II/MO,NM 40;
CAPTAIN MARVEL II/MO,PM&IF 125;
CAPTAIN MARVEL II/MO,Q 17;
CAPTAIN MARVEL II/MO,Q 33;
CAPTAIN MARVEL II/MO,Q 41;
CAPTAIN MARVEL II/MO,Q 42;
CAPTAIN MARVEL II/MO,S-H:C 1;
CAPTAIN MARVEL II/MO,SOLOA 2/2;
CAPTAIN MARVEL II/MO,SWII 5;
CAPTAIN MARVEL II/MO,SWII 8;
CAPTAIN MARVEL II/MO,SWII 9;
CAPTAIN MARVEL II/MO,T2 30;
CAPTAIN MARVEL II/MO,T 332;
CAPTAIN MARVEL II/MO,T 334;
CAPTAIN MARVEL II/MO,T 350;
CAPTAIN MARVEL II/MO,T 352;
CAPTAIN MARVEL II/MO,T 353;
CAPTAIN MARVEL II/MO,T 381;
CAPTAIN MARVEL II/MO,T 390;
CAPTAIN MARVEL II/MO,T 445;
CAPTAIN MARVEL II/MO,T 446;
CAPTAIN MARVEL II/MO,WCA 1;
CAPTAIN MARVEL II/MO,WCA 2;
CAPTAIN MARVEL II/MO,WCA2 31;
CAPTAIN MARVEL II/MO,WM2 8;
CAPTAIN MARVEL II/MO,WM2 9;
CAPTAIN MARVEL II/MO,XVSA 1;
CAPTAIN MARVEL II/MO,XVSA 2;
CAPTAIN MARVEL II/MO,XVSA 3;
CAPTAIN MARVEL II/MO,XVSA 4;
CAPTAIN POWER/DR. CH,ASM2 10;
CAPTAIN POWER/DR. CH,ASM2 9;
CAPTAIN RECTITUDE,S-H2 21;
CAPTAIN RECTITUDE,S-H2 22;
CAPTAIN RECTITUDE,S-H2 23;
CAPTAIN TERROR/DAN K,CA 442;
CAPTAIN TERROR/DAN K,USA COMICS 2;
CAPTAIN TERROR/DAN K,USA COMICS 3;
CAPTAIN TERROR/DAN K,USA COMICS 4;
CAPTAIN U.K./LINDA M,XCAL 124;
CAPTAIN U.K./LINDA M,XCAL2 1;
CAPTAIN U.K./LINDA M,XCAL2 2;
CAPTAIN U.K./LINDA M,XCAL2 4;
CAPTAIN U.K./LINDA M,XCAL 44;
CAPTAIN U.K./LINDA M,XCAL 45;
CAPTAIN ULTRA/GRIFFI,DEF 62;
CAPTAIN ULTRA/GRIFFI,DEF 63;
CAPTAIN ULTRA/GRIFFI,DEF 64;
CAPTAIN ULTRA/GRIFFI,FF 177;
CAPTAIN ULTRA/GRIFFI,M/CP 50/3;
CAPTAIN ULTRA/GRIFFI,T 336;
"CAPTAIN UNIVERSE/STE,""cept. This listing""";
CAPTAIN UNIVERSE/STE,MICRO 12;
CAPTAIN UNIVERSE/STE,M/SPT 9;
CAPTAIN UNIVERSE/STE,Note Captain Univer;
CAPTAIN UNIVERSE/STE,rse powers.;
"CAPTAIN UNIVERSE/STE,""Steve Coffin which""";
CAPTAIN WINGS/,INV 14;
CAPTAIN WINGS/,INV 15;
CAPUTO, DR. JULIA,ASM 392;
CAPUTO, DR. JULIA,ASM 394;
CAPUTO, DR. JULIA,ASM 400;
CAPUTO, DR. JULIA,S-M 51;
CAPUTO, DR. JULIA,S-M 56;
CAPUTO, DR. JULIA,WOSM 123;
CARBON,A 188;
CARBONE, JULIUS,PWZ 1;
CARBONE, JULIUS,PWZ 2;
CARBONE, JULIUS,PWZ 3;
CARBONE, JULIUS,PWZ 4;
CARBONE, JULIUS,PWZ 5;
CARBONE, JULIUS,PWZ 6;
CARBONE, ROSALIE,PWZ 10;
CARBONE, ROSALIE,PWZ 11;
CARBONE, ROSALIE,PWZ 2;
CARBONE, ROSALIE,PWZ 3;
CARBONE, ROSALIE,PWZ 4;
CARBONE, ROSALIE,PWZ 5;
CARBONE, ROSALIE,PWZ 6;
CARBONE, ROSALIE,PWZ 7;
CARBONE, ROSALIE,PWZ 8;
CARBONE, SALVATORE,PWZ 1;
CARBONE, SALVATORE,PWZ 2;
CARBONE, SALVATORE,PWZ 3;
CARBONE, SALVATORE,PWZ 4;
CARBONE, SALVATORE,PWZ 6;
CARBON,TB 6;
CARDENAS, PACO,PUN2 68;
CARDIAC/DR. ELI WIRT,ASM 342;
CARDIAC/DR. ELI WIRT,ASM 343;
CARDIAC/DR. ELI WIRT,ASM 344;
CARDIAC/DR. ELI WIRT,ASM 345;
CARDIAC/DR. ELI WIRT,ASM 359;
CARDIAC/DR. ELI WIRT,ASM 360;
CARDIAC/DR. ELI WIRT,ASMU 14;
CARDIAC/DR. ELI WIRT,ASMU 7/2;
CARDIAC/DR. ELI WIRT,BCAT 1;
CARDIAC/DR. ELI WIRT,BCAT 2;
CARDIAC/DR. ELI WIRT,BCAT 3;
CARDIAC/DR. ELI WIRT,W2 134;
CARDIAC/DR. ELI WIRT,W2 140;
CARDINAL/CLEMDENON,NW 28;
CARDINAL/CLEMDENON,NW 54;
CARDINAL/CLEMDENON,NW 55;
CARDINAL/CLEMDENON,NW 56;
CARDINAL/CLEMDENON,TB 24;
CARDINAL/CLEMDENON,TB 25;
CARDINAL/CLEMDENON,TB:LS;
CARDINALE, CARLOS,S-M 64;
CAREGIVER/RUBANNA LA,Q 37;
CAREGIVER/RUBANNA LA,Q 40;
CARETAKER,GR3 28;
CARGIL/JOANNA CARGIL,CA 390;
CARGIL/JOANNA CARGIL,HFH 16;
CARGIL/JOANNA CARGIL,HFH '98;
CARGIL/JOANNA CARGIL,M:DS 1;
CARGIL/JOANNA CARGIL,M:DS 2;
CARGIL/JOANNA CARGIL,M:DS 3;
CARGIL/JOANNA CARGIL,M:DS 4;
CARGIL/JOANNA CARGIL,NM 7;
CARGIL/JOANNA CARGIL,NW 1;
CARGIL/JOANNA CARGIL,QS 1;
CARGIL/JOANNA CARGIL,QS 11;
CARGIL/JOANNA CARGIL,UX 315;
CARGIL/JOANNA CARGIL,UX 366;
CARGIL/JOANNA CARGIL,UX 367;
CARGIL/JOANNA CARGIL,UX 392;
CARGIL/JOANNA CARGIL,UX 393;
CARGIL/JOANNA CARGIL,X 111;
CARGIL/JOANNA CARGIL,X 112;
CARGIL/JOANNA CARGIL,X 113;
CARGIL/JOANNA CARGIL,X 43;
CARGIL/JOANNA CARGIL,X 44;
CARGIL/JOANNA CARGIL,X 86;
CARGIL/JOANNA CARGIL,XCAL 106;
CARGIL/JOANNA CARGIL,XF 33;
CARGIL/JOANNA CARGIL,XF 4;
CARGIL/JOANNA CARGIL,XF 5;
CARGIL/JOANNA CARGIL,XF 6;
CARGIL/JOANNA CARGIL,X:MW 1;
CARGIL/JOANNA CARGIL,X:PRIME;
CARGO,W2 154;
CARGO,W2 155;
CARINA/CARINA WALTER,A 167;
CARINA/CARINA WALTER,A 168;
CARINA/CARINA WALTER,A 173;
CARINA/CARINA WALTER,A 174;
CARINA/CARINA WALTER,A 175;
CARINA/CARINA WALTER,A 176;
CARINA/CARINA WALTER,A 177;
CARINA/CARINA WALTER,KS;
CARLISLE, JENNA,IM '99;
CARLISLE, MELISSA BO,C&D2 2;
CARLISLE, MELISSA BO,ST2 12;
CARLISLE, MELISSA BO,ST2 14;
CARLISLE, PHILLIP,C&D2 2;
CARLISLE, PHILLIP,C&D2 3;
CARLISLE, PHILLIP,C&D3 12;
CARLISLE, PHILLIP,C&D3 13;
CARLISLE, PHILLIP,C&D3 17;
CARLISLE, PHILLIP,C&D3 18;
CARLISLE, PHILLIP,C&D3 19;
CARLISLE, PHILLIP,C&D3 2;
CARLISLE, PHILLIP,C&D3 3;
CARLISLE, PHILLIP,C&D3 4;
CARLISLE, PHILLIP,C&D3 5;
CARLISLE, PHILLIP,C&D3 6;
CARLISLE, PHILLIP,PP 53;
CARLISLE, PHILLIP,ST2 12;
CARLISLE, PHILLIP,ST2 14;
CARLISLE, PHILLIP,ST2 15;
CARLISLE, PHILLIP,ST2 17;
CARLISLE, PHILLIP,ST2 3;
CARLTON, JAKE,DB 2;
CARLTON, LUCY,DB 2;
CARLY,ASMU 8;
CARMODY, MARY,M/:LG 9;
CARMODY, MRS.,C2 84;
CARNAGE/CLETUS KASAD,ASM 344;
CARNAGE/CLETUS KASAD,ASM 345;
CARNAGE/CLETUS KASAD,ASM 359;
CARNAGE/CLETUS KASAD,ASM 360;
CARNAGE/CLETUS KASAD,ASM 361;
CARNAGE/CLETUS KASAD,ASM 362;
CARNAGE/CLETUS KASAD,ASM 363;
CARNAGE/CLETUS KASAD,ASM 394;
CARNAGE/CLETUS KASAD,ASM 403;
CARNAGE/CLETUS KASAD,ASM 410;
CARNAGE/CLETUS KASAD,ASM 430;
CARNAGE/CLETUS KASAD,ASM 431;
CARNAGE/CLETUS KASAD,ASMSS 1;
CARNAGE/CLETUS KASAD,PPSM2 10;
CARNAGE/CLETUS KASAD,PPSM2 13;
CARNAGE/CLETUS KASAD,PPTSS 217;
CARNAGE/CLETUS KASAD,PPTSS 223;
CARNAGE/CLETUS KASAD,PPTSS 233;
CARNAGE/CLETUS KASAD,PPTSSSS 1;
CARNAGE/CLETUS KASAD,S-M 67;
CARNAGE/CLETUS KASAD,S-MSS 1;
CARNAGE/CLETUS KASAD,V:OT 2;
CARNAGE/CLETUS KASAD,V:OT 3;
CARNAGE/CLETUS KASAD,VSS 1;
CARNAGE/CLETUS KASAD,WOSM 117;
CARNAGE/CLETUS KASAD,WOSMSS 1;
CARNAGE/CLETUS KASAD,WTS 13;
CARNIVORE/COUNT ANDR,A3 23;
CARNIVORE/COUNT ANDR,A3 24;
CARNIVORE/COUNT ANDR,A3 25;
CARNIVORE/COUNT ANDR,BP 4;
CARNIVORE/COUNT ANDR,BP 5;
CARNIVORE/COUNT ANDR,BP 7;
CARNIVORE/COUNT ANDR,IM3 16;
CARNIVORE/COUNT ANDR,IM3 21/2;
CARNIVORE/COUNT ANDR,IM3 22;
CARNIVORE/COUNT ANDR,J:ED;
CARNIVORE/COUNT ANDR,PPSM2 11;
CARPATHIAN, ANDREW,ASM 350;
CARPENTER, LARRY,AWC 78;
CARPENTER, LARRY,AWC 84;
CARPENTER, LARRY,AWC 85;
CARPENTER, LARRY,AWC 86;
CARPENTER, LARRY,IM 214;
CARPENTER, LARRY,PPTSS 125;
CARPENTER, RACHEL,AWC 75;
CARPENTER, RACHEL,AWC 78;
CARPENTER, RACHEL,AWC 84;
CARPENTER, RACHEL,AWC 85;
CARPENTER, RACHEL,AWC 86;
CARPENTER, RACHEL,AWC 88;
CARPENTER, RACHEL,AWC 89;
CARPENTER, RACHEL,AWC 90;
CARPENTER, RACHEL,FW 13;
CARPENTER, RACHEL,FW 15;
CARPENTER, RACHEL,FW 16;
CARPENTER, RACHEL,FW 17;
CARPENTER, RACHEL,FW 18;
CARPENTER, RACHEL,FW 19;
CARPENTER, RACHEL,FW 4;
CARPENTER, RACHEL,FW 4/2;
CARPENTER, RACHEL,FW 5/2;
CARPENTER, RACHEL,FW 8;
CARPENTER, RACHEL,IM 214;
CARPENTER, RACHEL,PPTSS 125;
CARPENTER, RACHEL,PPTSS 126;
CARPENTER, RACHEL,WARM 22;
CARRADINE, JESSICA J,ASM 407;
CARRADINE, JESSICA J,ASM 410;
CARRADINE, JESSICA J,ASM 411;
CARRADINE, JESSICA J,PPTSS 231;
CARRADINE, JESSICA J,PPTSS 232;
CARRADINE, JESSICA J,PPTSS 233;
CARRADINE, JESSICA J,PPTSS 234;
CARRADINE, JESSICA J,SENSM 0;
CARRADINE, JESSICA J,SENSM 1;
CARRADINE, JESSICA J,SENSM 2;
CARRADINE, JESSICA J,SENSM 3;
CARRADINE, JESSICA J,SENSM 4;
CARRADINE, JESSICA J,SENSM 5;
CARRADINE, JESSICA J,SENSM 6;
CARRADINE, JESSICA J,S-M 65;
CARRADINE, JESSICA J,S-M 67;
CARRADINE, JESSICA J,S-M 68;
CARR, DAN,ASMU 8;
CARRERA, MIA,M/TU 124;
CARRERA, MIA,M/TU 128;
CARRION,ASM 149;
CARRION III/DR. WILL,SM:DMH;
CARRION II/MALCOLM M,ASM 391;
CARRION II/MALCOLM M,ASM 392;
CARRION II/MALCOLM M,ASM 393;
CARRION II/MALCOLM M,ASM 403;
CARRION II/MALCOLM M,PPTSS 147;
CARRION II/MALCOLM M,PPTSS 149;
CARRION II/MALCOLM M,PPTSS 162;
CARRION II/MALCOLM M,PPTSS 163;
CARRION,PPTSS 25;
CARRION,PPTSS 26;
CARRION,PPTSS 27;
CARRION,PPTSS 28;
CARRION,PPTSS 29;
CARRION,PPTSS 30;
CARRION,PPTSS 31;
CARSON, LT. PAUL,DD 100;
CARSON, LT. PAUL,DD 101;
CARSON, LT. PAUL,DD 105;
CARSON, LT. PAUL,DD 106;
CARSON, LT. PAUL,DD 107;
CARSON, LT. PAUL,DD 117;
CARSON, LT. PAUL,DD 87;
CARSON, LT. PAUL,DD 88;
CARSON, LT. PAUL,DD 90;
CARSON, LT. PAUL,DD 94;
CARSON, LT. PAUL,DD 96;
CARSON, LT. PAUL,DD 97;
CARSON, LT. PAUL,DD 98;
CARSON, LT. PAUL,DD 99;
CARTER, BRAD,M/PRS 1;
CARTER, BRAD,NFAOS 2;
CARTER, BRAD,RH 1/2;
CARTER, BRAD,RH 2/2;
CARTER, BRAD,RH 3/2;
CARTER, BRAD,RH 4/2;
CARTER, BRAD,RH 5/2;
CARTER, BRAD,RH 6/2;
CARTER, BRAD,RH 8/2;
CARTER, JIMMY,CHAMP 16;
CARTER, JIMMY,DEF 84;
CARTER, JIMMY,M/TU 85;
CARTER, JIMMY,SABLE 15/2;
CARTER, JIMMY,SABLE 16/2;
CARTER, JIMMY,S-H 5;
CARTER, JIMMY,UX 108;
CARTER, JIMMY,UX 136;
CARTER, PEGGY,A 18/3;
CARTER, PEGGY,A 302;
CARTER, PEGGY,A 311;
CARTER, PEGGY,A 319;
CARTER, PEGGY,A 319/2;
CARTER, PEGGY,A 322/2;
CARTER, PEGGY,A 323/2;
CARTER, PEGGY,A 324/2;
CARTER, PEGGY,A 325;
CARTER, PEGGY,A 329;
CARTER, PEGGY,A 330;
CARTER, PEGGY,A 331;
CARTER, PEGGY,A 332;
CARTER, PEGGY,A 334;
CARTER, PEGGY,A 336;
CARTER, PEGGY,A 341;
CARTER, PEGGY,A '99;
CARTER, PEGGY,ASPOT 26;
CARTER, PEGGY,CA 161;
CARTER, PEGGY,CA 162;
CARTER, PEGGY,CA 163;
CARTER, PEGGY,CA 165;
CARTER, PEGGY,CA 166;
CARTER, PEGGY,CA 167;
CARTER, PEGGY,CA 174;
CARTER, PEGGY,CA 175;
CARTER, PEGGY,CA 176;
CARTER, PEGGY,CA 178;
CARTER, PEGGY,CA 179;
CARTER, PEGGY,CA 181;
CARTER, PEGGY,CA 182;
CARTER, PEGGY,CA 183;
CARTER, PEGGY,CA 184;
CARTER, PEGGY,CA 185;
CARTER, PEGGY,CA 186;
CARTER, PEGGY,CA 187;
CARTER, PEGGY,CA 188;
CARTER, PEGGY,CA 191;
CARTER, PEGGY,CA 231;
CARTER, PEGGY,CA 232;
CARTER, PEGGY,CA 235;
CARTER, PEGGY,CA 236;
CARTER, PEGGY,CA 351;
CARTER, PEGGY,CA 352;
CARTER, PEGGY,CA 355;
CARTER, PEGGY,CA 363;
CARTER, PEGGY,CA 365;
CARTER, PEGGY,CA 368;
CARTER, PEGGY,CA 370;
CARTER, PEGGY,CA 371;
CARTER, PEGGY,CA 373;
CARTER, PEGGY,CA 374;
CARTER, PEGGY,CA 379;
CARTER, PEGGY,CA 379/2;
CARTER, PEGGY,CA 380;
CARTER, PEGGY,CA 381;
CARTER, PEGGY,CA 383;
CARTER, PEGGY,CA 384;
CARTER, PEGGY,CA 385;
CARTER, PEGGY,CA 387;
CARTER, PEGGY,CA 388;
CARTER, PEGGY,CA 392;
CARTER, PEGGY,CA 393;
CARTER, PEGGY,CA 395;
CARTER, PEGGY,CA 396/2;
CARTER, PEGGY,CA 398;
CARTER, PEGGY,CA 400/2;
CARTER, PEGGY,CA 401;
CARTER, PEGGY,CA 402;
CARTER, PEGGY,CA 431;
CARTER, PEGGY,CA 439;
CARTER, PEGGY,N 1;
CARTER, PEGGY,NW 22;
CARTER, PEGGY,Q 32;
CARTER, PEGGY,Q 6;
CARTER, PEGGY,T 420;
CARTER, PEGGY,T 433;
CARTER, PEGGY,TOS 75/2;
CARTER, PEGGY,TOS 77/2;
CARTER, PEGGY,TS 13;
CARTER, PEGGY,TS 16;
CARTER, PEGGY,WOSM 75;
CARTER, SHARON,A3 32;
CARTER, SHARON,CA '00;
CARTER, SHARON,CA '00/2;
CARTER, SHARON,CA 100;
CARTER, SHARON,CA 101;
CARTER, SHARON,CA 102;
CARTER, SHARON,CA 103;
CARTER, SHARON,CA 104;
CARTER, SHARON,CA 108;
CARTER, SHARON,CA 113;
CARTER, SHARON,CA 114;
CARTER, SHARON,CA 115;
CARTER, SHARON,CA 116;
CARTER, SHARON,CA 122;
CARTER, SHARON,CA 124;
CARTER, SHARON,CA 127;
CARTER, SHARON,CA 132;
CARTER, SHARON,CA 135;
CARTER, SHARON,CA 136;
CARTER, SHARON,CA 137;
CARTER, SHARON,CA 139;
CARTER, SHARON,CA 140;
CARTER, SHARON,CA 141;
CARTER, SHARON,CA 142;
CARTER, SHARON,CA 143;
CARTER, SHARON,CA 144;
CARTER, SHARON,CA 145;
CARTER, SHARON,CA 146;
CARTER, SHARON,CA 147;
CARTER, SHARON,CA 148;
CARTER, SHARON,CA 149;
CARTER, SHARON,CA 150;
CARTER, SHARON,CA 151;
CARTER, SHARON,CA 152;
CARTER, SHARON,CA 153;
CARTER, SHARON,CA 154;
CARTER, SHARON,CA 155;
CARTER, SHARON,CA 156;
CARTER, SHARON,CA 157;
CARTER, SHARON,CA 159;
CARTER, SHARON,CA 160;
CARTER, SHARON,CA 161;
CARTER, SHARON,CA 162;
CARTER, SHARON,CA 163;
CARTER, SHARON,CA 165;
CARTER, SHARON,CA 166;
CARTER, SHARON,CA 167;
CARTER, SHARON,CA 169;
CARTER, SHARON,CA 176;
CARTER, SHARON,CA 177;
CARTER, SHARON,CA 178;
CARTER, SHARON,CA 179;
CARTER, SHARON,CA 180;
CARTER, SHARON,CA 181;
CARTER, SHARON,CA 182;
CARTER, SHARON,CA 184;
CARTER, SHARON,CA 185;
CARTER, SHARON,CA 186;
CARTER, SHARON,CA 202;
CARTER, SHARON,CA 204;
CARTER, SHARON,CA 206;
CARTER, SHARON,CA 207;
CARTER, SHARON,CA 209;
CARTER, SHARON,CA 210;
CARTER, SHARON,CA 211;
CARTER, SHARON,CA 212;
CARTER, SHARON,CA 217;
CARTER, SHARON,CA 218;
CARTER, SHARON,CA 231;
CARTER, SHARON,CA 232;
CARTER, SHARON,CA 233;
CARTER, SHARON,CA3 1;
CARTER, SHARON,CA3 10;
CARTER, SHARON,CA3 11;
CARTER, SHARON,CA3 12;
CARTER, SHARON,CA3 13;
CARTER, SHARON,CA3 15;
CARTER, SHARON,CA3 16;
CARTER, SHARON,CA3 17;
CARTER, SHARON,CA3 19;
CARTER, SHARON,CA3 20;
CARTER, SHARON,CA3 21;
CARTER, SHARON,CA3 25;
CARTER, SHARON,CA3 26;
CARTER, SHARON,CA3 27;
CARTER, SHARON,CA3 28;
CARTER, SHARON,CA3 29;
CARTER, SHARON,CA3 3;
CARTER, SHARON,CA3 30;
CARTER, SHARON,CA3 31;
CARTER, SHARON,CA3 33;
CARTER, SHARON,CA3 34;
CARTER, SHARON,CA3 35;
CARTER, SHARON,CA3 37;
CARTER, SHARON,CA3 38;
CARTER, SHARON,CA3 39;
CARTER, SHARON,CA3 4;
CARTER, SHARON,CA3 40;
CARTER, SHARON,CA3 41;
CARTER, SHARON,CA3 42;
CARTER, SHARON,CA3 45;
CARTER, SHARON,CA3 9;
CARTER, SHARON,CA 445;
CARTER, SHARON,CA 446;
CARTER, SHARON,CA 447;
CARTER, SHARON,CA 448;
CARTER, SHARON,CA 449;
CARTER, SHARON,CA 450;
CARTER, SHARON,CA 451;
CARTER, SHARON,CA 452;
CARTER, SHARON,CA 453;
CARTER, SHARON,CA:SL2 1;
CARTER, SHARON,F/A 1;
CARTER, SHARON,F/A 2;
CARTER, SHARON,IFW 3;
CARTER, SHARON II,CA2 1;
CARTER, SHARON,M/TIO 4;
CARTER, SHARON,M/TIO 5;
CARTER, SHARON,SM/M;
CARTER, SHARON,TB 48;
CARTER, SHARON,TB 49;
CARTER, SHARON,TB 51;
CARTER, SHARON,TB 53;
CARTER, SHARON,TOS 75/2;
CARTER, SHARON,TOS 76/2;
CARTER, SHARON,TOS 85/2;
CARTER, SHARON,TOS 92/2;
CARTER, SHARON,TOS 93/2;
CARTER, SHARON,TOS 94/2;
CARTER, SHARON,TOS 95/2;
CARTER, SHARON,TOS 97/2;
CARTER, SHARON,TOS 98;
CARTER, SHARON,TOS 99/2;
CARTER, SHARON,W2 163;
CARTER, SHARON,W2 164;
CARTER, SHARON,X 106;
CARTER, SHARON,X 111;
CARTER, TAD,X:HY 15;
CARTER, TAD,X:HY 17;
CARTER, TAD,X:HY 18;
CARTER, TAD,X:HY 19;
CARTER, TAD,X:HY 22;
CARTHUS,INH2 11;
CARTHUS,INH2 12;
CARTHUS,INH2 2;
CARTHUS,INH2 3;
CARTHUS,INH2 7;
CARTHUS,INH2 9;
CARVER,W2 157;
CASE, COL. PRESTON,T2 1;
CASE, COL. PRESTON,T2 12;
CASE, COL. PRESTON,T2 13;
CASE, COL. PRESTON,T2 14;
CASEY,FF 354;
CASIOLENA, QUEEN,A 83;
CASIOLENA, QUEEN,DEF 4;
CASPER,C2 92;
CASSADA, CARLOS,ASM 24/3;
CASSADA, CARLOS,ASM 280;
CASSADA, CARLOS,ASM 348;
CASSADA, CARLOS,M/TU 138;
CASSADA, CARLOS,PPTSS 10/3;
CASSADA, MICHAEL,ASM 24/3;
CASSADA, MICHAEL,ASM 280;
CASSADA, MICHAEL,ASM 348;
CASSADA, MICHAEL,M/TU 138;
CASSADA, ROBERTO,ASM 24/3;
CASSADA, ROBERTO,ASM 280;
CASSADA, ROBERTO,ASM 348;
CASSADA, ROBERTO,M/TU 138;
CASSADA, ROSA,ASM 24/3;
CASSADA, ROSA,ASM 280;
CASSADA, ROSA,ASM 301;
CASSADA, ROSA,ASM 348;
CASSADA, ROSA,M/TU 138;
CASSADA, ROSA,PPTSS 10/3;
CASSADA, ROSA,S-M 18;
CASSANDRA,A 355;
CASSANDRA,A 356;
CASSIOPEIA,H2 421;
CASSIOPEIA,H2 422;
CASSIOPEIA,H2 423;
CASSIOPEIA,H2 424;
CASSIOPEIA,H2 425;
CASSIOPEIA,H2 448;
CASSIOPEIA,H '97;
CASS, LARRY MAD DOG,DD 292;
CASS, LARRY MAD DOG,DD 295;
CASS, LARRY MAD DOG,DD 298;
CATAPHRAX,E2 1;
CATAPHRAX,E2 11;
CATAPHRAX,E2 12;
CAT BURGLAR,ASM 30;
CAT BURGLAR,PPTSS 47;
CAT BURGLAR,PPTSS 48;
CATHERWOOD,ASPOT 39;
CATHERWOOD,BK2 1;
CATHODE/,SSWP 6;
CATHODE/,SSWP 7;
CAT III/SHEN KUEI,HFH 10;
CAT III/SHEN KUEI,HFH 11;
CAT III/SHEN KUEI,HFH 18;
CAT III/SHEN KUEI,HFH 19;
CAT III/SHEN KUEI,M/CP 4/3;
CAT III/SHEN KUEI,M/CP 5/3;
CAT III/SHEN KUEI,M/CP 6/3;
CAT III/SHEN KUEI,M/CP 7/3;
CAT III/SHEN KUEI,MOKF 103;
CAT III/SHEN KUEI,MOKF 104;
CAT III/SHEN KUEI,MOKF 105;
CAT III/SHEN KUEI,MOKF 38;
CAT III/SHEN KUEI,MOKF 39;
CAT III/SHEN KUEI,MOKF 62;
CAT III/SHEN KUEI,MOKF 63;
CAT III/SHEN KUEI,MOKF 65;
CAT III/SHEN KUEI,MOKF 66;
CAT III/SHEN KUEI,MOKF 67;
CAT III/SHEN KUEI,MOKF 68;
CAT III/SHEN KUEI,S-M 81;
CAT II,M/PRV 21/2;
CAT II,M/SH3 7/3;
CAT II,M/TU 93;
CAT II,M/TU 94;
CAT II,PPTSS 14/3;
CAT II,WCA 3;
CAT IV,M/FAN 39;
CAT KING,FF 314;
CAT KING,WCA2 15;
CAT KING,WCA2 6;
CAT MAN/HORGAN,CX 3;
CAT MAN/HORGAN,DD 10;
CAT MAN/HORGAN,DD 11;
CAT MAN/HORGAN,DD 39;
CAT MAN/HORGAN,DD 40;
CAT MAN/HORGAN,DD 41;
CAT MAN/HORGAN,IM 115;
CAT MAN/HORGAN,IM 116;
CAT MAN/HORGAN,M/TU 25;
CAT MAN/HORGAN,UX 94;
CAT MAN/HORGAN,UX 95;
CAT MAN III/,DD 157;
CAT MAN III/,DD 158;
CATSEYE/SHARON SMITH,FS 2;
CATSEYE/SHARON SMITH,FS 3;
CATSEYE/SHARON SMITH,NM 16;
CATSEYE/SHARON SMITH,NM 17;
CATSEYE/SHARON SMITH,NM 39;
CATSEYE/SHARON SMITH,NM 43;
CATSEYE/SHARON SMITH,NM 53;
CATSEYE/SHARON SMITH,NM 54;
CATSEYE/SHARON SMITH,NM 56;
CATSEYE/SHARON SMITH,NM 62;
CATSEYE/SHARON SMITH,NW 10;
CATSEYE/SHARON SMITH,NW 9;
CATSEYE/SHARON SMITH,UX 281;
CATSEYE/SHARON SMITH,UX 282;
CATWALK/KIMBERLY DEE,SKK 2;
CATWALK/KIMBERLY DEE,SKK 3;
CATWALK/KIMBERLY DEE,SKK 4;
CATWALK/KIMBERLY DEE,SKK 5;
CAULDER, SAFRON,BLADE;
CEAUSECU, IONEL,M/:LG 8;
CELESTE,DS:WDS;
CELLANOS, MARCELLA,ASMU 11;
CENTARIUS,AA2 1;
CENTARIUS,AA2 2;
CENTARIUS,INH 1;
CENTURIUS,M/PRS 1;
CENTURIUS,NFAOS 2;
CENTURY,A 395;
CENTURY,A:T;
CENTURY,CA 437;
CENTURY,FW 1;
CENTURY,FW 10;
CENTURY,FW 10/2;
CENTURY,FW 11;
CENTURY,FW 12;
CENTURY,FW 13;
CENTURY,FW 14;
CENTURY,FW 15;
CENTURY,FW 16;
CENTURY,FW 19;
CENTURY,FW 2;
CENTURY,FW 21;
CENTURY,FW 22;
CENTURY,FW 3;
CENTURY,FW 4;
CENTURY,FW 5;
CENTURY,FW 6;
CENTURY,FW 7;
CENTURY,FW 8;
CENTURY,FW 9;
CENTURY,FW 9/2;
CENTURY,IM 311;
CENTURY,IM 312;
CENTURY,IM 319;
CENTURY,IM 324;
CENTURY,IM 325;
CENTURY, TURNER D.,CA 319;
CENTURY, TURNER D.,M/TU 120;
CENTURY, TURNER D.,S-W 33;
CENTURY,WARM 10;
CENTURY,WARM 22;
CENTURY,WARM 9;
CERA, KAY,FF3 6;
CERA, KAY,FF3 9;
CERA, KAY,X&CD 1;
CERA, KAY,X&CD 2;
CERANDA,T2 15;
CERANDA,T2 16;
CERANDA,T2 17;
CERANDA,T2 18;
CERANDA,T2 19;
CERANDA,T2 20;
CERANDA,T '99;
CERBERUS,A 282;
CERBERUS,CHAMP 1;
CERBERUS,DRSTR3 35;
CERBERUS,FF3 21;
CERBERUS II,M/TU2 2;
CERBERUS,M/SH3 1/2;
CEREBRITE ALPHA,X 82;
CEREBRITE ALPHA,X 83;
CEREBRITE ALPHA,X 84;
CEREBRITE BETA,UX 363;
CEREBRITE BETA,UX 364;
CEREBRITE BETA,X 83;
CEREBRITE BETA,X 84;
CEREBRO MARK XIII |,MX 15;
CEREBRO | MUTANT-X V,MX 11;
CEREBRO | MUTANT-X V,MX 15;
CEREBRO | MUTANT-X V,MX 16;
CEREBRO | MUTANT-X V,MX 17;
CEREBRO | MUTANT-X V,MX 26;
CEREBRO | MUTANT-X V,MX 8;
CEREBRO,UX 360;
CEREBRO,UX 363 Pg 1-13;
CEREBRO,X 80;
CEREBRO,X 83 Pg 1-8;
CEREBRO,X 83 Pg 9-22;
CEREBRO,X 84;
CERISE II [SHI'AR],MAXSEC 3;
CERISE II [SHI'AR],X 107;
CERISE II [SHI'AR],X 109;
CERISE II [SHI'AR],XCAL 125;
CERISE II [SHI'AR],XCAL 46;
CERISE II [SHI'AR],XCAL 47;
CERISE II [SHI'AR],XCAL 48;
CERISE II [SHI'AR],XCAL 49;
CERISE II [SHI'AR],XCAL 50;
CERISE II [SHI'AR],XCAL 51;
CERISE II [SHI'AR],XCAL 54;
CERISE II [SHI'AR],XCAL 55;
CERISE II [SHI'AR],XCAL 56;
CERISE II [SHI'AR],XCAL 57;
CERISE II [SHI'AR],XCAL 58;
CERISE II [SHI'AR],XCAL 59;
CERISE II [SHI'AR],XCAL 60;
CERISE II [SHI'AR],XU 29;
CERISE,XF 56;
CERISE,XF 57;
CERISE,XF 58;
CESIUM,TB 8;
CETHLANN,A 225;
CETHLANN,A 226;
C.F.,DPOOL3 16;
C.F.,DPOOL3 30;
CHADWICK, CHEER,CA 195;
CHADWICK, CHEER,CA 196;
CHADWICK, CHEER,CA 197;
CHADWICK, CHEER,TB 31;
CHADWICK, CHEER,TB 32;
CHADWICK, DR. HESPER,CA 195;
CHADWICK, DR. HESPER,CA 197;
CHADWICK, DR. HESPER,TB 31;
CHADWICK, DR. HESPER,TB 32;
CHAIN,ASM 355;
CHAIN,ASM 358;
CHAIN,FF 342;
CHAIN,IM 214;
CHAINSAW/,MK3 22;
CHAINSAW/,MK3 23;
CHAINSAW/,NOM2 5;
CHAINSAW/,PWJ 45;
CHAINSAW/,PWJ 46;
CHAINSAW/,PWJ 47;
CHAKA KHAN,IF 10;
CHAKA KHAN,IF 5;
CHAKA KHAN,IF 6;
CHAKA KHAN,IF 7;
CHAKA KHAN,IF 8;
CHAKA KHAN,IF 9;
CHAKA KHAN II,PM&IF 72;
CHAKA KHAN,PM&IF 72;
CHAKARA, KANU,CA3 21;
CHAKARA, KANU,CA3 23;
CHAKARA, MADAN,CA3 23;
CHAKRA,ASM 394;
CHAKRA,ASM 401;
CHAKRA,ASM 416;
CHAKRA,ASM 417;
CHAKRA II,BSHP2 12/2;
CHAKRA,PPTSS 217;
CHAKRA,S-M 59;
CHAKRA,WOSM 117;
CHALIZ, HAZRAM,PPTSS 257;
CHALIZ, HAZRAM,PPTSS 258;
CHALIZ, SHANAZ RAYNA,PPTSS 257;
CHALIZ, SHANAZ RAYNA,PPTSS 258;
CHALIZ, TABRIAZ,PPTSS 257;
CHALIZ, TABRIAZ,PPTSS 258;
CHALKER, PROF. VIC,XF 72;
CHALKER, PROF. VIC,XF 73;
CHALKER, PROF. VIC,XF 75;
CHALKER, PROF. VIC,XF 77;
CHALMER, JUDGE,DD 372;
CHALMER, JUDGE,DD 373;
CHALMER, JUDGE,DD 374;
CHALMERS, CYNTHIA,M/SH3 6;
CHALMERS, CYNTHIA,M/SH3 7;
CHALMERS, CYNTHIA,M/SH3 8;
CHALMERS, JUDGE ROBE,A 103;
CHALMERS, JUDGE ROBE,M/SH3 7;
CHALMERS, JUDGE ROBE,UX 57;
CHALMERS, JUDGE ROBE,UX 58;
CHALMERS, JUDGE ROBE,UX 59;
CHALMERS, JUDGE ROBE,UX 60;
CHALMERS, MR.,DRSTR3 76;
CHALMERS, MR.,DRSTR3 78;
CHAMBER/JONOTHON STA,GENX 1;
CHAMBER/JONOTHON STA,GENX 10;
CHAMBER/JONOTHON STA,GENX 11;
CHAMBER/JONOTHON STA,GENX 12;
CHAMBER/JONOTHON STA,GENX 13;
CHAMBER/JONOTHON STA,GENX 14;
CHAMBER/JONOTHON STA,GENX 15;
CHAMBER/JONOTHON STA,GENX 17;
CHAMBER/JONOTHON STA,GENX 2;
CHAMBER/JONOTHON STA,GENX 23;
CHAMBER/JONOTHON STA,GENX 25;
CHAMBER/JONOTHON STA,GENX 29;
CHAMBER/JONOTHON STA,GENX 3;
CHAMBER/JONOTHON STA,GENX 31;
CHAMBER/JONOTHON STA,GENX 32;
CHAMBER/JONOTHON STA,GENX 33;
CHAMBER/JONOTHON STA,GENX 34;
CHAMBER/JONOTHON STA,GENX 35;
CHAMBER/JONOTHON STA,GENX 36;
CHAMBER/JONOTHON STA,GENX 37;
CHAMBER/JONOTHON STA,GENX 38;
CHAMBER/JONOTHON STA,GENX 39;
CHAMBER/JONOTHON STA,GENX 4;
CHAMBER/JONOTHON STA,GENX 40;
CHAMBER/JONOTHON STA,GENX 41;
CHAMBER/JONOTHON STA,GENX 42;
CHAMBER/JONOTHON STA,GENX 43;
CHAMBER/JONOTHON STA,GENX 44;
CHAMBER/JONOTHON STA,GENX 45;
CHAMBER/JONOTHON STA,GENX 46;
CHAMBER/JONOTHON STA,GENX 47;
CHAMBER/JONOTHON STA,GENX 48;
CHAMBER/JONOTHON STA,GENX 49;
CHAMBER/JONOTHON STA,GENX 5;
CHAMBER/JONOTHON STA,GENX 50;
CHAMBER/JONOTHON STA,GENX 51;
CHAMBER/JONOTHON STA,GENX 52;
CHAMBER/JONOTHON STA,GENX 53;
CHAMBER/JONOTHON STA,GENX 54;
CHAMBER/JONOTHON STA,GENX 55;
CHAMBER/JONOTHON STA,GENX 56;
CHAMBER/JONOTHON STA,GENX 57;
CHAMBER/JONOTHON STA,GENX 58;
CHAMBER/JONOTHON STA,GENX 59;
CHAMBER/JONOTHON STA,GENX 6;
CHAMBER/JONOTHON STA,GENX 60;
CHAMBER/JONOTHON STA,GENX 61;
CHAMBER/JONOTHON STA,GENX 63;
CHAMBER/JONOTHON STA,GENX 64;
CHAMBER/JONOTHON STA,GENX 65;
CHAMBER/JONOTHON STA,GENX 66;
CHAMBER/JONOTHON STA,GENX 67;
CHAMBER/JONOTHON STA,GENX 68;
CHAMBER/JONOTHON STA,GENX 69;
CHAMBER/JONOTHON STA,GENX 7;
CHAMBER/JONOTHON STA,GENX 70;
CHAMBER/JONOTHON STA,GENX 71;
CHAMBER/JONOTHON STA,GENX 72;
CHAMBER/JONOTHON STA,GENX 74;
CHAMBER/JONOTHON STA,GENX 75;
CHAMBER/JONOTHON STA,GENX 8;
CHAMBER/JONOTHON STA,GENX 9;
CHAMBER/JONOTHON STA,GENX '95;
CHAMBER/JONOTHON STA,GENX '97;
CHAMBER/JONOTHON STA,GENX '98;
CHAMBER/JONOTHON STA,GENX '99;
CHAMBER/JONOTHON STA,H '97/2;
CHAMBER/JONOTHON STA,M/TU2 1;
CHAMBER/JONOTHON STA,NW2 5;
CHAMBER/JONOTHON STA,UX 388;
CHAMBER/JONOTHON STA,UX 395;
CHAMBER/JONOTHON STA,UX 396;
CHAMBER/JONOTHON STA,UX '95;
CHAMBER/JONOTHON STA,W2 141;
CHAMBER/JONOTHON STA,W2 94;
CHAMBER/JONOTHON STA,X 49;
CHAMBER/JONOTHON STA,XM 50;
CHAMBER/JONOTHON STA,XU 20;
CHAMBER/JONOTHON STA,XU 23;
CHAMBERS, MR.,M/TU 65;
CHAMBERS, MR.,M/TU 66;
CHAMBERS, MR.,M/TU 81;
CHAMBERS, MR.,UX 123;
CHAMBERS, MR.,UX 124;
CHAMBERS, MR.,UX 146;
CHAMBERS, MR.,UX 204;
CHAMBERS, MR.,XCAL 5;
CHAMBLISS,XU 20;
CHAMELEON/DMITRI SME,ASM 1;
CHAMELEON/DMITRI SME,ASM 15;
CHAMELEON/DMITRI SME,ASM 186;
CHAMELEON/DMITRI SME,ASM 306;
CHAMELEON/DMITRI SME,ASM 307;
CHAMELEON/DMITRI SME,ASM 318;
CHAMELEON/DMITRI SME,ASM 340;
CHAMELEON/DMITRI SME,ASM 341;
CHAMELEON/DMITRI SME,ASM 342;
CHAMELEON/DMITRI SME,ASM 343;
CHAMELEON/DMITRI SME,ASM 394;
CHAMELEON/DMITRI SME,ASM 80;
CHAMELEON/DMITRI SME,CA:SL2 5/2;
CHAMELEON/DMITRI SME,CA:SL2 6/2;
CHAMELEON/DMITRI SME,DD 134;
CHAMELEON/DMITRI SME,H2 154;
CHAMELEON/DMITRI SME,M/TU 27;
CHAMELEON/DMITRI SME,PPTSS 150;
CHAMELEON/DMITRI SME,PPTSS 151;
CHAMELEON/DMITRI SME,PPTSS 153;
CHAMELEON/DMITRI SME,PPTSS 154;
CHAMELEON/DMITRI SME,PPTSS 157;
CHAMELEON/DMITRI SME,PPTSS 165;
CHAMELEON/DMITRI SME,PPTSS 166;
CHAMELEON/DMITRI SME,PPTSS 211;
CHAMELEON/DMITRI SME,PPTSS 241;
CHAMELEON/DMITRI SME,PPTSS 242;
CHAMELEON/DMITRI SME,PPTSS 243;
CHAMELEON/DMITRI SME,PPTSS 244;
CHAMELEON/DMITRI SME,PPTSS 245;
CHAMELEON/DMITRI SME,SENSM '96;
CHAMELEON/DMITRI SME,S-M 46;
CHAMELEON/DMITRI SME,TOS 58;
CHAMELEON/DMITRI SME,TTA 62/2;
CHAMELEON/DMITRI SME,TTA 63/2;
CHAMELEON/DMITRI SME,TTA 66/2;
CHAMELEON/DMITRI SME,WOSM 117;
CHAMELEON/DMITRI SME,WOSM 50;
CHAMELEON/DMITRI SME,WOSM 51;
CHAMELEON/DMITRI SME,WOSM 52;
CHAMELEON/DMITRI SME,WOSM 53;
CHAMELEON/DMITRI SME,WOSM 54;
CHAMELEON/DMITRI SME,WOSM 55;
CHAMELEON/DMITRI SME,WOSM 64;
CHAMELEON/DMITRI SME,WOSM 65;
CHAMPION, IMUS,A 109;
CHAMPION, IMUS,A3 10;
CHAMPION, IMUS,A3 5;
CHAMPION, IMUS,A3 6;
CHAMPION, IMUS,A '98;
CHAMPION, IMUS,M/CP 125;
CHAMPION/TRYCO SLATT,M/TIO 7;
CHAMPION/TRYCO SLATT,SS3 1;
CHAMPION/TRYCO SLATT,SS3 10;
CHAMPION/TRYCO SLATT,SS3 17;
CHAMPION/TRYCO SLATT,SS3 18;
CHAMPION/TRYCO SLATT,SS3 19;
CHAMPION/TRYCO SLATT,SS3 3;
CHAMPION/TRYCO SLATT,SS3 4;
CHAMPION/TRYCO SLATT,SS3 7;
CHAMPION/TRYCO SLATT,SS3 9;
CHAMPION/TRYCO SLATT,SS3 97;
CHAMPION/TRYCO SLATT,SS3 98;
CHAMPION/TRYCO SLATT,TQ 1;
CHANCE,FA 1;
CHANCE,FA 2;
CHANCE,FA 3;
CHANCE,FA 4;
CHANCE,FA 5;
CHANCE,FA 6;
CHANCE,FA 7;
CHANCE,FA 8;
CHANCE II/NICHOLAS P,ASM 25/5;
CHANCE II/NICHOLAS P,ASM 298;
CHANCE II/NICHOLAS P,ASM 299;
CHANCE II/NICHOLAS P,ASM 336;
CHANCE II/NICHOLAS P,ASMU 14;
CHANCE II/NICHOLAS P,TB:LS;
CHANCE II/NICHOLAS P,WOSM 15;
CHANDLER, PEGGY,A3 35;
CHANDLER, PEGGY,A3 36;
CHANDRA, DR.,XFOR 69;
CHANDRA, DR.,XFOR 79;
CHANDRA, DR.,XFOR 84;
CHANDRA, DR.,XFOR 96;
CHANDRA, DR.,XFOR 97;
CHANEY, AMANDA,FW 10/2;
CHANEY, AMANDA,FW 15;
CHANEY, AMANDA,FW 16;
CHANEY, AMANDA,FW 17;
CHANEY, AMANDA,FW 18;
CHANEY, AMANDA,FW 19;
CHANEY, AMANDA,FW 4;
CHANEY, AMANDA,FW 4/2;
CHANEY, AMANDA,FW 5/2;
CHANEY, AMANDA,FW 8;
CHANEY, AMANDA,FW 9/2;
CHANEY, AMANDA,WARM 22;
CHANG, DR. PHILLIP,ASM 184;
CHANG, DR. PHILLIP,ASM 185;
CHANG, DR. PHILLIP,ASM 227;
CHANG, DR. PHILLIP,ASM 232;
CHANG, DR. PHILLIP,ASM 326;
CHANG, DR. PHILLIP,M/TU 108;
CHANG, DR. PHILLIP,M/TU 124;
CHANG, DR. PHILLIP,M/TU 134;
CHANG, DR. PHILLIP,M/TU 144;
CHANG, DR. PHILLIP,PPTSS 3/?;
CHANG, DR. PHILLIP,PPTSS 36;
CHANG, DR. PHILLIP,PPTSS 37;
CHANG, DR. PHILLIP,PPTSS 38;
CHANG, DR. PHILLIP,PPTSS 39;
CHANG, DR. PHILLIP,PPTSS 42;
CHANG, DR. PHILLIP,PPTSS 46;
CHANG, DR. PHILLIP,PPTSS 49;
CHANG, DR. PHILLIP,PPTSS 54;
CHANG, DR. PHILLIP,PPTSS 56;
CHANG, DR. PHILLIP,PPTSS 58;
CHANG, DR. PHILLIP,PPTSS 59;
CHANG, DR. PHILLIP,PPTSS 62;
CHANG, DR. PHILLIP,PPTSS 68;
CHANG, DR. PHILLIP,PPTSS 69;
CHANG, DR. PHILLIP,PPTSS 76;
CHANG, DR. PHILLIP,PPTSS 78;
CHANGELING,S-H2 34;
CHANGELING,S-H2 35;
CHANGELING,UX 35;
CHANGELING,UX 36;
CHANGELING,UX 37;
CHANGELING,UX 38;
CHANGELING,UX 39;
CHANGELING,UX 41;
CHANGELING,UX 42;
CHANGELING,UX 65;
CHANGELING,XCAL:P;
CHANGELING,X:HY 8;
CHANG, IMEI,DRSTR3 1;
CHANG, IMEI,DRSTR3 10;
CHANG, IMEI,DRSTR3 11;
CHANG, IMEI,DRSTR3 12;
CHANG, IMEI,DRSTR3 13;
CHANG, IMEI,DRSTR3 18;
CHANG, IMEI,DRSTR3 20;
CHANG, IMEI,DRSTR3 21;
CHANG, IMEI,DRSTR3 23;
CHANG, IMEI,DRSTR3 24;
CHANG, IMEI,DRSTR3 29;
CHANG, IMEI,DRSTR3 3;
CHANG, IMEI,DRSTR3 31;
CHANG, IMEI,DRSTR3 36;
CHANG, IMEI,DRSTR3 39;
CHANG, IMEI,DRSTR3 40;
CHANG, IMEI,DRSTR3 41;
CHANG, IMEI,DRSTR3 46;
CHANG, IMEI,DRSTR3 5;
CHANG, IMEI,DRSTR3 6;
CHANG, IMEI,DRSTR3 7;
CHANG, IMEI,DRSTR3 76;
CHANG, IMEI,DRSTR3 88;
CHANG, IMEI,DRSTR3 9;
CHANG, IMEI,H2 370;
CHANG, IMEI,H2 371;
CHANG, IMEI,ST2 17/2;
CHANG, IMEI,ST2 18/2;
CHAN, SARAH,S-M 98;
CHAOS/DANIEL DASH,UX 360;
CHAOS/DANIEL DASH,X 80;
CHAPMAN, DEVIN,FF3 3;
CHAPMAN, GEN. ULYSSE,CA3 8;
CHAPMAN, GEN. ULYSSE,CA 450;
CHAR,ABOM 1;
CHAR,ABOM 2;
CHAR,ABOM 3;
CHAR, BRON,CA3 8;
CHAR, BRON,IM3 7;
CHARCOAL/CHARLIE BUR,A3 33;
CHARCOAL/CHARLIE BUR,A3 34;
CHARCOAL/CHARLIE BUR,IM '99;
CHARCOAL/CHARLIE BUR,MAXSEC 2;
CHARCOAL/CHARLIE BUR,TB '00;
CHARCOAL/CHARLIE BUR,TB 19;
CHARCOAL/CHARLIE BUR,TB 23;
CHARCOAL/CHARLIE BUR,TB 24;
CHARCOAL/CHARLIE BUR,TB 25;
CHARCOAL/CHARLIE BUR,TB 26;
CHARCOAL/CHARLIE BUR,TB 27;
CHARCOAL/CHARLIE BUR,TB 28;
CHARCOAL/CHARLIE BUR,TB 29;
CHARCOAL/CHARLIE BUR,TB 30;
CHARCOAL/CHARLIE BUR,TB 31;
CHARCOAL/CHARLIE BUR,TB 32;
CHARCOAL/CHARLIE BUR,TB 33;
CHARCOAL/CHARLIE BUR,TB 34;
CHARCOAL/CHARLIE BUR,TB 35;
CHARCOAL/CHARLIE BUR,TB 36;
CHARCOAL/CHARLIE BUR,TB 37;
CHARCOAL/CHARLIE BUR,TB 38;
CHARCOAL/CHARLIE BUR,TB 39;
CHARCOAL/CHARLIE BUR,TB 40;
CHARCOAL/CHARLIE BUR,TB 41;
CHARCOAL/CHARLIE BUR,TB 42;
CHARCOAL/CHARLIE BUR,TB 43;
CHARCOAL/CHARLIE BUR,TB 44;
CHARCOAL/CHARLIE BUR,TB 45;
CHARCOAL/CHARLIE BUR,TB 46;
CHARCOAL/CHARLIE BUR,TB 47;
CHARCOAL/CHARLIE BUR,TB 48;
CHARCOAL/CHARLIE BUR,TB 49;
CHARCOAL/CHARLIE BUR,TB 50;
CHARCOAL/CHARLIE BUR,TB 51;
CHARCOAL/CHARLIE BUR,TB 52;
CHARCOAL/CHARLIE BUR,TB 53;
CHARCOAL/CHARLIE BUR,TB 54;
CHARLIE 27,FF 24;
CHARLIE 27,NW 68;
CHARLIE 27,SS 4;
CHARLIE 27,T 16/2;
CHARLIE,XFOR 108;
CHARLIE,XFOR 109;
CHARM,FFU 10;
CHARM,Q 14;
CHARM,Q 20;
CHARM,Q 21;
CHARM,Q 22;
CHARM,Q 23;
CHARM,Q 25;
CHASE, DETECTIVE SLO,PPTSSSS 1/3;
CHASE, DETECTIVE SLO,WOSM 115;
CHASE, DETECTIVE SLO,WOSM 116;
CHASE, TREVOR,XF 137;
CHASIN, MAJOR,AF 117;
CHASIN, MAJOR,AF 17;
CHASIN, MAJOR,AF 92;
CHASIN, MAJOR,GSX 1;
CHASIN, MAJOR,W2 144;
CHATTERTON, DAVE,E2 10;
CHATTERTON, DAVE,E2 11;
CHATTERTON, DAVE,E2 3;
CHATTERTON, DAVE,E2 4;
CHATTERTON, DAVE,E2 5;
CHATTERTON, DAVE,E2 6;
CHATTERTON, DAVE,E2 7;
CHATTERTON, DAVE,E2 8;
CHAUFFARD,PUN2 65;
CHAUFFARD,PUN2 70;
CHECK,WLOCK3 3;
CHEETAH,CA 319;
CHEETAH,CM 47;
CHEETAH,CM 48;
CHEETAH,CM 49;
CHEEVER, JOHN,IF 4;
CHEEVER, JOHN,M/GN 5;
CHEEVER, JOHN,UX 113;
CHEEVER, JOHN,UX 158;
CHEKOV, ARTHUR ANTON,ASM 237;
CHEKOV, ARTHUR ANTON,ASM 254;
CHEKOV, ARTHUR ANTON,ASM 260;
CHEKOV, ARTHUR ANTON,ASM 269;
CHEKOV, ARTHUR ANTON,ASM 273;
CHEKOV, ARTHUR ANTON,ASM 275;
CHEKOV, ARTHUR ANTON,ASM 284;
CHEKOV, ARTHUR ANTON,ASM 288;
CHEKOV, ARTHUR ANTON,ASM 308;
CHEKOV, ARTHUR ANTON,ASM 315;
CHEKOV, ARTHUR ANTON,ASM 326;
CHEKOV, ARTHUR ANTON,ASM 337;
CHEKOV, ARTHUR ANTON,M/TU 124;
CHEKOV, ARTHUR ANTON,M/TU 127;
CHEKOV, ARTHUR ANTON,PPTSS 113;
CHEKOV, ARTHUR ANTON,PPTSS 153;
CHEKOV, ARTHUR ANTON,WOSM 50;
CHEKOV, ARTHUR ANTON,WOSM 53;
CHEKOV, ARTHUR ANTON,WOSM 54;
CHEKOV, ARTHUR ANTON,WOSM 6;
CHEMISTRO/CURTIS CAR,DLOK2 11;
CHEMISTRO/CURTIS CAR,IM 251;
CHEMISTRO/CURTIS CAR,IM 252;
CHEMISTRO/CURTIS CAR,LCHFH 12;
CHEMISTRO/CURTIS CAR,PM 37;
CHEMISTRO/CURTIS CAR,PM 38;
CHEMISTRO/CURTIS CAR,PM 39;
CHEMISTRO/CURTIS CAR,PM&IF 94;
CHEMISTRO/CURTIS CAR,PM&IF 96;
CHEMISTRO III,IM 251;
CHEMISTRO III,IM 252;
CHEMISTRO III,PM&IF 93;
CHEMISTRO III,PM&IF 94;
CHEMISTRO III,PM&IF 96;
CHEN,ASM '00/2;
CHEN,ASMU 16;
CHEN,DLOK2 18;
CHEN, DR.,NW 63;
CHEN, DR.,NW 64;
CHENEY, LILA,NM 1;
CHENEY, LILA,NM 29;
CHENEY, LILA,NM 30;
CHENEY, LILA,NM 42;
CHENEY, LILA,NM 55;
CHENEY, LILA,NM 67;
CHENEY, LILA,NM 68;
CHENEY, LILA,NM 69;
CHENEY, LILA,NM 70;
CHENEY, LILA,SPELL 4;
CHENEY, LILA,SWII 1;
CHENEY, LILA,UX 214;
CHENEY, LILA,UX 269;
CHENEY, LILA,UX 270;
CHENEY, LILA,UX 273;
CHENEY, LILA,UX 274;
CHENEY, LILA,UX 276;
CHENEY, LILA,UX 277;
CHENEY, LILA,UX 294;
CHENEY, LILA,X 10;
CHENEY, LILA,X 11;
CHENEY, LILA,X 5;
CHENEY, LILA,X 6;
CHENEY, LILA,X 7;
CHENEY, LILA,XCAL 125;
CHENEY, LILA,XF 110;
CHENEY, LILA,XF 111;
CHENEY, LILA,XF 93;
CHENEY, LILA,XU 21;
CHEN, JOANNA,W2 156;
CHEN,SSWP 2;
CHEN,SSWP 3;
CHEN,SSWP 4;
CHEN,SSWP 5;
CHEN,SSWP 6;
CHEN,SSWP 7;
CHEN,TB 41;
CHERRYH, RANDOLPH WI,DD 177;
CHERRYH, RANDOLPH WI,DD 178;
CHERRYH, RANDOLPH WI,DD 179;
CHERRYH, RANDOLPH WI,DD 180;
CHERRYH, RANDOLPH WI,UTSM 2;
CHESBRO,ASM 419;
CHESBRO,ASM 420;
CHESBRO,ASM 421/2;
CHESBRO,ASM 422;
CHESBRO,ASM 424;
CHESBRO,ASM 427;
CHESBRO,ASM 428;
CHESBRO,ASM 433;
CHESBRO,ASM 434;
CHESBRO,ASM 435;
CHESBRO,ASM 436;
CHESNEY, SANFORD,A '99;
CHIANG, PROF.,JIM 516;
CHI-CHEE,WLOCK3 1;
CHI-CHEE,WLOCK3 2;
CHI-CHEE,WLOCK3 3;
CHI-CHEE,WLOCK3 4;
CHI-CHEE,WLOCK3 5;
CHI DEMON/PROFESSOR,NEW ETERNALS;
CHIEF EXAMINER,Q 35;
CHIEF EXAMINER,Q 37;
CHIEF EXAMINER,Q 38;
CHIEF EXAMINER,QP 1;
CHIEF EXAMINER,QP 2;
CHIEF EXAMINER,QP 3;
CHIMERA II,GENX 33;
CHIMERA II,GENX 34;
CHIMERA II,GENX 35;
CHIMERA II,GENX 36;
CHIMERA II,GENX 37;
CHIMERA II,GENX 38;
CHIMERA II,W2 97;
CHIMERA/ZUHN,M/:LG 4;
CHINA DOLL,FF3 6;
CHINA DOLL,FF3 7;
CHINA DOLL,FF3 8;
CHINA DOLL,XCAL 125;
CHINA DOLL,XCAL 42;
CHINA DOLL,XCAL 43;
CHINA DOLL,XCAL 44;
CHINA DOLL,XCAL 45;
CHINA DOLL,XCAL 46;
CHINA DOLL,XCAL 47;
CHINA DOLL,XCALSE;
CHINOOK,AF2 2;
CHINOOK,AF2 3;
CHIRA,ABOM 1;
CHLOE,MK3 27;
CHLOE,MK3 32;
CHLORINE,A 188;
CHLORINE,TB 6;
CH'OD,A 350;
CH'OD,A 351;
CH'OD,CX 14;
CH'OD,CX 15/2;
CH'OD,GAL 5;
CH'OD,GAL 6;
CH'OD,NM 19;
CH'OD,NM 50;
CH'OD,NM 51;
CH'OD,SEX 1;
CH'OD,UX 104;
CH'OD,UX 107;
CH'OD,UX 108;
CH'OD,UX 109;
CH'OD,UX 154;
CH'OD,UX 156;
CH'OD,UX 157;
CH'OD,UX 158;
CH'OD,UX 167;
CH'OD,UX 174;
CH'OD,UX 175;
CH'OD,UX 200;
CH'OD,UX 201;
CH'OD,UX 203;
CH'OD,UX 275;
CH'OD,UX 276;
CH'OD,UX 277;
CH'OD,UX 387;
CH'OD,W2 135;
CH'OD,W2 136;
CH'OD,W2 137;
CH'OD,W2 138;
CH'OD,WM2 8;
CH'OD,XCAL 116;
CH'OD,XCAL 17;
CH'OD,XSOS 1;
CH'OD,XSOS 2;
CHONDU,DEF 1;
CHONDU,DEF 21;
CHONDU,DEF2 5;
CHONDU,DEF 31;
CHONDU,DEF 32;
CHONDU,DEF 33;
CHONDU,DEF 35;
CHONDU,M/CP 97/4;
CHONDU,S-H2 1;
CHONDU,S-H2 2;
CHONDU,S-H2 3;
CHONDU,TOS 9;
CHONDU,WOSM 73;
CHONDU,XFOR -1;
CHORD, ANDREW,A 341;
CHORD, ANDREW,JUSTICE 1;
CHORD, ANDREW,NO2 12;
CHORD, ANDREW,NT 1;
CHORD, ANDREW,NT2 15;
CHORD, ANDREW,NT2 16;
CHORD, ANDREW,NT 4;
CHORD, ANDREW,NW 1;
CHORD, ANDREW,NW 10;
CHORD, ANDREW,NW 1/2;
CHORD, ANDREW,NW 17;
CHORD, ANDREW,NW 1/8;
CHORD, ANDREW,NW 18;
CHORD, ANDREW,NW 19;
CHORD, ANDREW,NW 2;
CHORD, ANDREW,NW 21;
CHORD, ANDREW,NW 22;
CHORD, ANDREW,NW 23;
CHORD, ANDREW,NW 24;
CHORD, ANDREW,NW 25;
CHORD, ANDREW,NW 4;
CHORD, ANDREW,NW 5;
CHORD, ANDREW,NW 52;
CHORD, ANDREW,NW 6;
CHORD, ANDREW,NW 7;
CHORD, ANDREW,NW 8;
CHORD, ANDREW,NW 9;
CHORD, ANDREW,T 411;
CHORD, ANDREW,UX 15;
CHORD, ANDREW,XF 6;
CHORD, MIYAMI,NW 19;
CHORD, MIYAMI,NW 20;
CHORD, MIYAMI,NW 23;
CHORD, MIYAMI,NW 24;
CHROME/,X 1;
CHROME/,X 2;
CHROMIUM,TB 7;
CH'THON,A 187;
CH'THON,ASM 22/3;
CH'THON,DRSTR3 90;
CH'THON,M/CHIL 1;
CH'THON,M/CHIL 2;
CH'THON,SS 2/5;
CH'THON,SW 44;
CH'THON,T 10;
CH'THON,UX 12/3;
CHTYLOK,SENSM 13;
CHTYLOK,SENSM 14;
CHUNG, LAO WEI,FF3 7;
CHURCHILL, LORD,QS 1;
CHURCHILL, LORD,QS 2;
CHURCHILL, LORD,QS 3;
CHURCHILL, LORD,QS 4;
CHURCHILL, LORD,QS 5;
CHURCHILL, LORD,QS 6;
CHURCHILL, LORD,QS 7;
CHURCHILL, LORD,QS 8;
CHURCHILL, LORD,QS 9;
CHURCHILL, SIR WINST,GSINV 1;
CHURCHILL, SIR WINST,INH2 10;
CHURCHILL, SIR WINST,INV 3;
CHURCHILL, SIR WINST,INV 30;
CHURCHILL, SIR WINST,INV 4;
CHURCH, LYNN,ASM 354;
CHURCH, LYNN,ASM 355;
CHURCH, LYNN,ASM 356;
CHURCH, LYNN,ASM 357;
CHURCH, LYNN,ASM 358;
CHURCH, LYNN,MK3 21;
CHURCH, LYNN,MK3 22;
CHURCH, LYNN,MK3 23;
CH'VAYRE,C2 50;
CH'VAYRE,C2 51;
CH'VAYRE,C2 52;
CH'VAYRE,C2 53;
CICERO, CAESAR BIG C,A3 31;
CICERO, CAESAR BIG C,ASM 73;
CICERO, CAESAR BIG C,ASM 74;
CICERO, CAESAR BIG C,ASM 75;
CICERO, CAESAR BIG C,PM&IF 101;
CICERO, CAESAR BIG C,PM&IF 61;
CICERO, CAESAR BIG C,PM&IF 62;
CICERO, CAESAR BIG C,S-M 73;
CICERO, CAESAR BIG C,S-M 74;
CICERO, CAESAR BIG C,SM:L 1;
CICERO, CAESAR BIG C,SM:L 2;
CICERO, CAESAR BIG C,SMMM;
CINDER/,CAGE 9;
CIR, DYLON,A3 7;
CIR, DYLON,CA3 8;
CIR, DYLON,IM3 7;
CIR, DYLON,QS 10;
CIRE, EYLA,C2 80;
CIRE, EYLA,C2 81;
CIRE, EYLA,C2 82;
CIRE, EYLA,C2 83;
CIRE, EYLA,C2 84;
CIRE, EZRA,C2 80;
CIRE, MANUEL,C2 80;
CIRE, MANUEL,C2 81;
CIRE, MANUEL,C2 82;
CIRE, MANUEL,C2 83;
CISCERNOS, SELENA,XFOR 85;
CITIZEN V II/HELMUT,A 274;
CITIZEN V II/HELMUT,A 275;
CITIZEN V II/HELMUT,A 276;
CITIZEN V II/HELMUT,A 277;
CITIZEN V II/HELMUT,ASM 430;
CITIZEN V II/HELMUT,CA 168;
CITIZEN V II/HELMUT,CA 275;
CITIZEN V II/HELMUT,CA 276;
CITIZEN V II/HELMUT,CA 277;
CITIZEN V II/HELMUT,CA 278;
CITIZEN V II/HELMUT,CA 290;
CITIZEN V II/HELMUT,CA 293;
CITIZEN V II/HELMUT,CA 294;
CITIZEN V II/HELMUT,CA 295;
CITIZEN V II/HELMUT,CA 296;
CITIZEN V II/HELMUT,CA 297;
CITIZEN V II/HELMUT,CA 298;
CITIZEN V II/HELMUT,CA 299;
CITIZEN V II/HELMUT,CA 357/2;
CITIZEN V II/HELMUT,CA 358;
CITIZEN V II/HELMUT,CA 359;
CITIZEN V II/HELMUT,CA 360;
CITIZEN V II/HELMUT,CA 361;
CITIZEN V II/HELMUT,CA 362;
CITIZEN V II/HELMUT,CA 431;
CITIZEN V II/HELMUT,CA 432;
CITIZEN V II/HELMUT,CA 433;
CITIZEN V II/HELMUT,CA 434;
CITIZEN V II/HELMUT,CA '98;
CITIZEN V II/HELMUT,CV 1;
CITIZEN V II/HELMUT,CV 2;
CITIZEN V II/HELMUT,CV 3;
CITIZEN V II/HELMUT,H2 449;
CITIZEN V II/HELMUT,H2 450;
CITIZEN V II/HELMUT,HFH 1;
CITIZEN V II/HELMUT,HFH 7;
CITIZEN V II/HELMUT,HR:R 2;
CITIZEN V II/HELMUT,PPTSS 195;
CITIZEN V II/HELMUT,PPTSS 196;
CITIZEN V II/HELMUT,SMTU 7;
CITIZEN V II/HELMUT,SWII 7;
CITIZEN V II/HELMUT,TB -1;
CITIZEN V II/HELMUT,TB 1;
CITIZEN V II/HELMUT,TB 10;
CITIZEN V II/HELMUT,TB 11;
CITIZEN V II/HELMUT,TB 12;
CITIZEN V II/HELMUT,TB 14;
CITIZEN V II/HELMUT,TB 15;
CITIZEN V II/HELMUT,TB 16;
CITIZEN V II/HELMUT,TB 17;
CITIZEN V II/HELMUT,TB 2;
CITIZEN V II/HELMUT,TB 20;
CITIZEN V II/HELMUT,TB 3;
CITIZEN V II/HELMUT,TB 32;
CITIZEN V II/HELMUT,TB 38;
CITIZEN V II/HELMUT,TB 39;
CITIZEN V II/HELMUT,TB 4;
CITIZEN V II/HELMUT,TB 47;
CITIZEN V II/HELMUT,TB 48;
CITIZEN V II/HELMUT,TB 49;
CITIZEN V II/HELMUT,TB 5;
CITIZEN V II/HELMUT,TB 50;
CITIZEN V II/HELMUT,TB 54;
CITIZEN V II/HELMUT,TB 6;
CITIZEN V II/HELMUT,TB 7;
CITIZEN V II/HELMUT,TB 8;
CITIZEN V II/HELMUT,TB 9;
CITIZEN V II/HELMUT,TB '97;
CITIZEN V II/HELMUT,TM/U 1;
CITIZEN V III/DALLAS,CA '98;
CITIZEN V III/DALLAS,SMTU 7;
CITIZEN V III/DALLAS,TB 1;
CITIZEN V III/DALLAS,TB 10;
CITIZEN V III/DALLAS,TB 11;
CITIZEN V III/DALLAS,TB 15;
CITIZEN V III/DALLAS,TB 16;
CITIZEN V III/DALLAS,TB 17;
CITIZEN V III/DALLAS,TB 2;
CITIZEN V III/DALLAS,TB 21;
CITIZEN V III/DALLAS,TB 23;
CITIZEN V III/DALLAS,TB 24;
CITIZEN V III/DALLAS,TB 25;
CITIZEN V III/DALLAS,TB 27;
CITIZEN V III/DALLAS,TB 3;
CITIZEN V III/DALLAS,TB 30;
CITIZEN V III/DALLAS,TB 31;
CITIZEN V III/DALLAS,TB 32;
CITIZEN V III/DALLAS,TB 35;
CITIZEN V III/DALLAS,TB 36;
CITIZEN V III/DALLAS,TB 37;
CITIZEN V III/DALLAS,TB 38;
CITIZEN V III/DALLAS,TB 39;
CITIZEN V III/DALLAS,TB 4;
CITIZEN V III/DALLAS,TB 40;
CITIZEN V III/DALLAS,TB 41;
CITIZEN V III/DALLAS,TB 42;
CITIZEN V III/DALLAS,TB 43;
CITIZEN V III/DALLAS,TB 46;
CITIZEN V III/DALLAS,TB 47;
CITIZEN V III/DALLAS,TB 5;
CITIZEN V III/DALLAS,TB 51;
CITIZEN V III/DALLAS,TB 54;
CITIZEN V III/DALLAS,TB 6;
CITIZEN V III/DALLAS,TB 7;
CITIZEN V III/DALLAS,TB 8;
CITIZEN V/JOHN WATKI,CA '98;
CITIZEN V/JOHN WATKI,COMEDY COMICS 9;
CITIZEN V/JOHN WATKI,DARING MYSTERY COMIC;
CITIZEN V/JOHN WATKI,TB -1;
CITIZEN V/JOHN WATKI,TB 42;
CITIZEN V/JOHN WATKI,TB 45;
CITIZEN V/JOHN WATKI,TB 46;
CITYDWELLER/JERRY |,XM 71;
CITYDWELLER/JERRY |,XM 72;
CLAREMONT, CHRIS,FF3 23;
CLAREMONT, CHRIS,IF 15;
CLAREMONT, CHRIS,M/PRM 24;
CLAREMONT, CHRIS,M-T2 11;
CLAREMONT, CHRIS,S-W 45;
CLAREMONT, CHRIS,UX 105;
CLAREMONT, CHRIS,UX 123;
CLAREMONT, CHRIS,UX 7;
CLAREMONT, CHRIS,UX 98;
CLAREMONT, CHRIS,XCAL:MM;
CLARISSA,T 434;
CLARIS, SVEN,XM 5;
CLARIS, SVEN,XM 6;
CLARITY/,C2 80;
CLARITY/,C2 81;
CLARITY/,C2 82;
CLARITY/,C2 91;
CLARITY/,C2 93;
CLARKE, GENERAL JERE,AF 101;
CLARKE, GENERAL JERE,AF2 1;
CLARKE, GENERAL JERE,AF2 10;
CLARKE, GENERAL JERE,AF2 11;
CLARKE, GENERAL JERE,AF2 12;
CLARKE, GENERAL JERE,AF2 19;
CLARKE, GENERAL JERE,AF2 2;
CLARKE, GENERAL JERE,AF2 3;
CLARKE, GENERAL JERE,AF2 4;
CLARKE, GENERAL JERE,AF2 6;
CLARKE, GENERAL JERE,AF2 7;
CLARKE, GENERAL JERE,AF2 8;
CLARKE, GENERAL JERE,AF2 9;
CLARKE, GENERAL JERE,AF 91;
CLARKE, GENERAL JERE,AF 92;
CLARKE, GENERAL JERE,AF 97;
CLARKE, GENERAL JERE,C 1;
CLARKE, GENERAL JERE,XFOR 10;
CLARK, JOHN,ROM 14;
CLARK, JOHN,ROM 15;
CLARK, JOHN,ROM 16;
CLARK, JOHN,ROM 17;
CLARK, JOHN,ROM 19;
CLARK, JOHN,ROM 2;
CLARK, JOHN,ROM 21;
CLARK, JOHN,ROM 22;
CLARK, JOHN,ROM 24;
CLARK, JOHN,ROM 25/2;
CLARK, JOHN,ROM 26;
CLARK, JOHN,ROM 27;
CLARK, JOHN,ROM 28;
CLARK, JOHN,ROM 29;
CLARK, JOHN,ROM 3;
CLARK, JOHN,ROM 30;
CLARK, JOHN,ROM 37;
CLARK, JOHN,ROM 42;
CLARK, JOHN,ROM 49;
CLARK, JOHN,ROM 9;
CLARK, SARAH,ROM 14;
CLARK, SARAH,ROM 15;
CLARK, SARAH,ROM 16;
CLARK, SARAH,ROM 17;
CLARK, SARAH,ROM 19;
CLARK, SARAH,ROM 2;
CLARK, SARAH,ROM 21;
CLARK, SARAH,ROM 24;
CLARK, SARAH,ROM 25/2;
CLARK, SARAH,ROM 26;
CLARK, SARAH,ROM 27;
CLARK, SARAH,ROM 28;
CLARK, SARAH,ROM 29;
CLARK, SARAH,ROM 3;
CLARK, SARAH,ROM 30;
CLARK, SARAH,ROM 37;
CLARK, SARAH,ROM 42;
CLARK, SARAH,ROM 49;
CLARK, SARAH,ROM 9;
CLASH/,ASMSS 1/3;
CLASS CLOWN/GLASS,M/CP 96/4;
CLAYBORNE, REGINA,BG 4;
CLAYBORNE, REGINA,CHAMP 12;
CLAYBORNE, REGINA,CHAMP 13;
CLAY, GORDON,FF3 3;
CLAY, GORDON,FF3 4;
CLAY, GORDON,FF3 5;
CLAYTON, KATRINKA JA,ASM 190;
CLAYTON, KATRINKA JA,ASM 210;
CLEA,A 8;
CLEA,DEF 100;
CLEA,DEF 101;
CLEA,DEF 102;
CLEA,DEF 103;
CLEA,DEF 119;
CLEA,DEF 21;
CLEA,DEF 22;
CLEA,DEF 23;
CLEA,DEF 24;
CLEA,DEF 25;
CLEA,DEF 39;
CLEA,DEF 40;
CLEA,DEF 41;
CLEA,DEF 43;
CLEA,DEF 45;
CLEA,DEF 47;
CLEA,DEF 49;
CLEA,DEF 5;
CLEA,DEF 53;
CLEA,DEF 53/2;
CLEA,DEF 57;
CLEA,DEF 7;
CLEA,DEF 70;
CLEA,DEF 71;
CLEA,DEF 72;
CLEA,DEF 73;
CLEA,DEF 74;
CLEA,DEF 75;
CLEA,DEF 78;
CLEA,DEF 8;
CLEA,DEF 80;
CLEA,DEF 84;
CLEA,DEF 85;
CLEA,DEF 89;
CLEA,DEF 92;
CLEA,DEF 93;
CLEA,DEF 94;
CLEA,DEF 95;
CLEA,DEF 98;
CLEA,DEF 99;
CLEA,DRSTR 1;
CLEA,DRSTR 171;
CLEA,DRSTR 172;
CLEA,DRSTR 173;
CLEA,DRSTR 174;
CLEA,DRSTR 175;
CLEA,DRSTR 176;
CLEA,DRSTR 177;
CLEA,DRSTR 180;
CLEA,DRSTR 181;
CLEA,DRSTR 182;
CLEA,DRSTR 183;
CLEA,DRSTR2 1;
CLEA,DRSTR2 10;
CLEA,DRSTR2 11;
CLEA,DRSTR2 12;
CLEA,DRSTR2 13;
CLEA,DRSTR2 15;
CLEA,DRSTR2 16;
CLEA,DRSTR2 17;
CLEA,DRSTR2 18;
CLEA,DRSTR2 19;
CLEA,DRSTR2 2;
CLEA,DRSTR2 20;
CLEA,DRSTR2 22;
CLEA,DRSTR2 24;
CLEA,DRSTR2 25;
CLEA,DRSTR2 26;
CLEA,DRSTR2 27;
CLEA,DRSTR2 28;
CLEA,DRSTR2 29;
CLEA,DRSTR2 30;
CLEA,DRSTR2 31;
CLEA,DRSTR2 32;
CLEA,DRSTR2 33;
CLEA,DRSTR2 34;
CLEA,DRSTR2 35;
CLEA,DRSTR2 36;
CLEA,DRSTR2 37;
CLEA,DRSTR2 38;
CLEA,DRSTR2 39;
CLEA,DRSTR2 4;
CLEA,DRSTR2 40;
CLEA,DRSTR2 42;
CLEA,DRSTR2 43;
CLEA,DRSTR2 44;
CLEA,DRSTR2 45;
CLEA,DRSTR2 46;
CLEA,DRSTR2 46/2;
CLEA,DRSTR2 47;
CLEA,DRSTR2 48;
CLEA,DRSTR2 49;
CLEA,DRSTR 2/5;
CLEA,DRSTR2 5;
CLEA,DRSTR2 50;
CLEA,DRSTR2 51;
CLEA,DRSTR2 52;
CLEA,DRSTR2 53;
CLEA,DRSTR2 54;
CLEA,DRSTR2 58;
CLEA,DRSTR2 6;
CLEA,DRSTR2 67;
CLEA,DRSTR2 69;
CLEA,DRSTR2 7;
CLEA,DRSTR2 71;
CLEA,DRSTR2 72;
CLEA,DRSTR2 73;
CLEA,DRSTR2 74;
CLEA,DRSTR2 8;
CLEA,DRSTR2 9;
CLEA,DRSTR3 12;
CLEA,DRSTR3 13;
CLEA,DRSTR3 14;
CLEA,DRSTR3 15;
CLEA,DRSTR3 16;
CLEA,DRSTR3 2;
CLEA,DRSTR3 21;
CLEA,DRSTR3 22;
CLEA,DRSTR3 22/2;
CLEA,DRSTR3 23;
CLEA,DRSTR3 24;
CLEA,DRSTR3 26;
CLEA,DRSTR3 29;
CLEA,DRSTR3 3;
CLEA,DRSTR3 30;
CLEA,DRSTR3 32;
CLEA,DRSTR3 33;
CLEA,DRSTR3 34;
CLEA,DRSTR3 35;
CLEA,DRSTR3 36;
CLEA,DRSTR3 38;
CLEA,DRSTR3 39;
CLEA,DRSTR3 40;
CLEA,DRSTR3 41;
CLEA,DRSTR3 42;
CLEA,DRSTR3 43;
CLEA,DRSTR3 48;
CLEA,DRSTR3 49;
CLEA,DRSTR3 5;
CLEA,DRSTR3 50;
CLEA,DRSTR3 67;
CLEA,DRSTR3 73;
CLEA,DRSTR3 75;
CLEA,DRSTR3 78;
CLEA,DRSTR3 83;
CLEA,DRSTR 4/2;
CLEA,GR2 30;
CLEA,GR2 31;
CLEA,GSDEF 1;
CLEA,HTD 8;
CLEA,M/CP 20/4;
CLEA,M/FAN 5;
CLEA,M/FAN 8;
CLEA,M/FEA 2;
CLEA,M/GN 1;
CLEA,M/PRM 12;
CLEA,M/PRM 13;
CLEA,M/PRM 5;
CLEA,M/PRM 6;
CLEA,M/PRM 7;
CLEA,M/PRM 8;
CLEA,M-T2 11;
CLEA,M/TIO 6;
CLEA,M/TU 111;
CLEA,M/TU 35;
CLEA,M/TU 76;
CLEA,M/TU 77;
CLEA,M/TU 80;
CLEA,M/TU 81;
CLEARCUT/,XFOR 62;
CLEARWATER, JUDGE MA,N 13;
CLEA,ST 126/2;
CLEA,ST 127/2;
CLEA,ST 132/2;
CLEA,ST 133/2;
CLEA,ST 134/2;
CLEA,ST 135/2;
CLEA,ST 136/2;
CLEA,ST 138/2;
CLEA,ST 139/2;
CLEA,ST 140/2;
CLEA,ST 141/2;
CLEA,ST 144/2;
CLEA,ST 146/2;
CLEA,ST 150/2;
CLEA,ST 151/2;
CLEA,ST 153/2;
CLEA,ST 154/2;
CLEA,ST 155/2;
CLEA,ST2 1/2;
CLEA,ST2 2/2;
CLEA,WCA2 20;
CLEMSON, MIKE,AWC 84;
CLEMSON, MIKE,AWC 85;
CLEMSON, MIKE,AWC 86;
CLEMSON, MIKE,IM 214;
CLEMSON, MIKE,PPTSS 125;
CLEMSON, MIKE,PPTSS 126;
CLEOPATRA,DRSTR3 33;
CLEOPATRA,ST 124/2;
CLINTON, BILL,BP3 10;
CLINTON, BILL,BP3 6;
CLINTON, BILL,BP3 7;
CLINTON, BILL,CA3 6;
CLINTON, BILL,CA 450;
CLINTON, BILL,CA 453;
CLINTON, BILL,FF3 27;
CLINTON, BILL,H2 434;
CLINTON, BILL,H2 439;
CLINTON, BILL,H2 462;
CLINTON, BILL,H2 465;
CLINTON, BILL,IFW 3;
CLINTON, BILL,INH2 5;
CLINTON, CHELSEA,H2 463;
CLOAK/TYRONE JOHNSON,ASM 26/5;
CLOAK/TYRONE JOHNSON,C&D 1;
CLOAK/TYRONE JOHNSON,C&D 2;
CLOAK/TYRONE JOHNSON,C&D2 1;
CLOAK/TYRONE JOHNSON,C&D2 10;
CLOAK/TYRONE JOHNSON,C&D2 11;
CLOAK/TYRONE JOHNSON,C&D2 11/2;
CLOAK/TYRONE JOHNSON,C&D2 2;
CLOAK/TYRONE JOHNSON,C&D2 3;
CLOAK/TYRONE JOHNSON,C&D2 4;
CLOAK/TYRONE JOHNSON,C&D2 5;
CLOAK/TYRONE JOHNSON,C&D2 6;
CLOAK/TYRONE JOHNSON,C&D2 7;
CLOAK/TYRONE JOHNSON,C&D2 8;
CLOAK/TYRONE JOHNSON,C&D2 9;
CLOAK/TYRONE JOHNSON,C&D 3;
CLOAK/TYRONE JOHNSON,C&D3 1;
CLOAK/TYRONE JOHNSON,C&D3 11;
CLOAK/TYRONE JOHNSON,C&D3 12;
CLOAK/TYRONE JOHNSON,C&D3 13;
CLOAK/TYRONE JOHNSON,C&D3 14;
CLOAK/TYRONE JOHNSON,C&D3 15;
CLOAK/TYRONE JOHNSON,C&D3 16;
CLOAK/TYRONE JOHNSON,C&D3 17;
CLOAK/TYRONE JOHNSON,C&D3 18;
CLOAK/TYRONE JOHNSON,C&D3 19;
CLOAK/TYRONE JOHNSON,C&D3 2;
CLOAK/TYRONE JOHNSON,C&D3 3;
CLOAK/TYRONE JOHNSON,C&D3 4;
CLOAK/TYRONE JOHNSON,C&D3 7;
CLOAK/TYRONE JOHNSON,C&D3 8;
CLOAK/TYRONE JOHNSON,C&D3 9;
CLOAK/TYRONE JOHNSON,C&D 4;
CLOAK/TYRONE JOHNSON,DRSTR2 78;
CLOAK/TYRONE JOHNSON,IG 2;
CLOAK/TYRONE JOHNSON,IG 3;
CLOAK/TYRONE JOHNSON,IG 4;
CLOAK/TYRONE JOHNSON,M/CP 115/4;
CLOAK/TYRONE JOHNSON,M/CP 9/3;
CLOAK/TYRONE JOHNSON,M/FAN 19;
CLOAK/TYRONE JOHNSON,M/FAN 19/2;
CLOAK/TYRONE JOHNSON,M/FAN 19/3;
CLOAK/TYRONE JOHNSON,M/GN 34;
CLOAK/TYRONE JOHNSON,M/K 10;
CLOAK/TYRONE JOHNSON,M/K 12;
CLOAK/TYRONE JOHNSON,M/K 2;
CLOAK/TYRONE JOHNSON,M/K 3;
CLOAK/TYRONE JOHNSON,M/K 4;
CLOAK/TYRONE JOHNSON,M/K 5;
CLOAK/TYRONE JOHNSON,M/K 7;
CLOAK/TYRONE JOHNSON,M/K 8;
CLOAK/TYRONE JOHNSON,M/K 9;
CLOAK/TYRONE JOHNSON,M/SH3 6/3;
CLOAK/TYRONE JOHNSON,M/SH3 7/2;
CLOAK/TYRONE JOHNSON,M/TU 6;
CLOAK/TYRONE JOHNSON,MX 27;
CLOAK/TYRONE JOHNSON,NM 23;
CLOAK/TYRONE JOHNSON,NM 24;
CLOAK/TYRONE JOHNSON,NM 25;
CLOAK/TYRONE JOHNSON,NO2 7;
CLOAK/TYRONE JOHNSON,NW2 1;
CLOAK/TYRONE JOHNSON,NW 48;
CLOAK/TYRONE JOHNSON,NW 51;
CLOAK/TYRONE JOHNSON,PP 19;
CLOAK/TYRONE JOHNSON,PP 24;
CLOAK/TYRONE JOHNSON,PP 26;
CLOAK/TYRONE JOHNSON,PP 6;
CLOAK/TYRONE JOHNSON,PP 7;
CLOAK/TYRONE JOHNSON,PP 8;
CLOAK/TYRONE JOHNSON,PPCDGN;
CLOAK/TYRONE JOHNSON,PPTSS 12/5;
CLOAK/TYRONE JOHNSON,PPTSS 64;
CLOAK/TYRONE JOHNSON,PPTSS 69;
CLOAK/TYRONE JOHNSON,PPTSS 70;
CLOAK/TYRONE JOHNSON,PPTSS 81;
CLOAK/TYRONE JOHNSON,PPTSS 82;
CLOAK/TYRONE JOHNSON,PPTSS 9;
CLOAK/TYRONE JOHNSON,PPTSS 94;
CLOAK/TYRONE JOHNSON,PPTSS 95;
CLOAK/TYRONE JOHNSON,PPTSS 96;
CLOAK/TYRONE JOHNSON,SS3 52;
CLOAK/TYRONE JOHNSON,ST2 1;
CLOAK/TYRONE JOHNSON,ST2 10;
CLOAK/TYRONE JOHNSON,ST2 11;
CLOAK/TYRONE JOHNSON,ST2 12;
CLOAK/TYRONE JOHNSON,ST2 13;
CLOAK/TYRONE JOHNSON,ST2 14;
CLOAK/TYRONE JOHNSON,ST2 15;
CLOAK/TYRONE JOHNSON,ST2 16;
CLOAK/TYRONE JOHNSON,ST2 17;
CLOAK/TYRONE JOHNSON,ST2 18;
CLOAK/TYRONE JOHNSON,ST2 2;
CLOAK/TYRONE JOHNSON,ST2 3;
CLOAK/TYRONE JOHNSON,ST2 4;
CLOAK/TYRONE JOHNSON,ST2 5;
CLOAK/TYRONE JOHNSON,ST2 6;
CLOAK/TYRONE JOHNSON,ST2 7;
CLOAK/TYRONE JOHNSON,ST2 7/2;
CLOAK/TYRONE JOHNSON,ST2 8;
CLOAK/TYRONE JOHNSON,ST2 9;
CLOAK/TYRONE JOHNSON,ST:DC 1;
CLOAK/TYRONE JOHNSON,SWII 9;
CLOAK/TYRONE JOHNSON,WOSM 77;
CLOAK/TYRONE JOHNSON,WOSM 78;
CLOAK/TYRONE JOHNSON,WOSM 8/5;
CLOONEY, DR.,FF 412;
CLOUD,DEF 123;
CLOUD,DEF 124;
CLOUD,DEF 127;
CLOUD,DEF 128;
CLOUD,DEF 129;
CLOUD,DEF 130;
CLOUD,DEF 131;
CLOUD,DEF 132;
CLOUD,DEF 133;
CLOUD,DEF 134;
CLOUD,DEF 135;
CLOUD,DEF 136;
CLOUD,DEF 137;
CLOUD,DEF 138;
CLOUD,DEF 139;
CLOUD,DEF 140;
CLOUD,DEF 141;
CLOUD,DEF 142;
CLOUD,DEF 143;
CLOUD,DEF 144;
CLOUD,DEF 145;
CLOUD,DEF 146;
CLOUD,DEF 147;
CLOUD,DEF 149;
CLOUD,DEF 150;
CLOUD,SOLOA 20/2;
CLOWN/CRAFTY ELIOT F,A 22;
CLOWN/CRAFTY ELIOT F,A 60;
CLOWN/CRAFTY ELIOT F,ASM 22;
CLOWN/CRAFTY ELIOT F,ASM '98;
CLOWN/CRAFTY ELIOT F,CA 319;
CLOWN/CRAFTY ELIOT F,DLOK3 4;
CLOWN/CRAFTY ELIOT F,GENX 32;
CLOWN/CRAFTY ELIOT F,GR2 72;
CLOWN/CRAFTY ELIOT F,GR2 73;
CLOWN/CRAFTY ELIOT F,GR2 74;
CLOWN/CRAFTY ELIOT F,GR2 75;
CLOWN/CRAFTY ELIOT F,GR2 80;
CLOWN/CRAFTY ELIOT F,H2 217;
CLOWN/CRAFTY ELIOT F,H2 292;
CLOWN/CRAFTY ELIOT F,H2 470;
CLOWN/CRAFTY ELIOT F,H2 471;
CLOWN/CRAFTY ELIOT F,HTD 27;
CLOWN/CRAFTY ELIOT F,M/TIO 76;
CLOWN/CRAFTY ELIOT F,PP 59;
CLOWN/CRAFTY ELIOT F,S-H2 1;
CLOWN/CRAFTY ELIOT F,SMTU 5/2;
CLOWN/CRAFTY ELIOT F,SVTU 8;
CLOWN/CRAFTY ELIOT F,T 145;
CLOWN/CRAFTY ELIOT F,T 146;
CLOWN/CRAFTY ELIOT F,T 147;
CLOWN/CRAFTY ELIOT F,T 173;
CLUMSY FOULUP,SS3 53;
CLUSTER,S-W3 7;
COACHWHIP,CA 342;
COACHWHIP,CA 355;
COACHWHIP,CA 365/2;
COACHWHIP,CA 367/2;
COACHWHIP,CA 380;
COACHWHIP,CA 381;
COACHWHIP,CA 382;
COACHWHIP,CA 434;
COACHWHIP,CA 435;
COACHWHIP,CA 437;
COACHWHIP,MK3 10;
COACHWHIP,UX 13;
COACH,XFOR 116;
COACH,XFOR 117;
COAL TIGER/T'CHALLA,A 355;
COAL TIGER/T'CHALLA,A 356;
COBALT,A 188;
COBALT II,XF 56;
COBALT II,XF 57;
COBALT II,XF 58;
COBALT MAN,DEF 42;
COBALT MAN,DEF 43;
COBALT MAN,H2 173;
COBALT MAN,H2 174;
COBALT MAN,UX 31;
COBALT MAN,UX 34;
COBALT,TB 6;
COBRA/KLAUS VORHEES,ASM 231;
COBRA/KLAUS VORHEES,ASM 232;
COBRA/KLAUS VORHEES,CA 10/4;
COBRA/KLAUS VORHEES,CA 159;
COBRA/KLAUS VORHEES,CA 163;
COBRA/KLAUS VORHEES,CA 180;
COBRA/KLAUS VORHEES,CA 181;
COBRA/KLAUS VORHEES,CA 182;
COBRA/KLAUS VORHEES,CA 309;
COBRA/KLAUS VORHEES,CA 310;
COBRA/KLAUS VORHEES,CA 311;
COBRA/KLAUS VORHEES,CA 313;
COBRA/KLAUS VORHEES,CA 315;
COBRA/KLAUS VORHEES,CA3 15;
COBRA/KLAUS VORHEES,CA 319;
COBRA/KLAUS VORHEES,CA 320;
COBRA/KLAUS VORHEES,CA 341;
COBRA/KLAUS VORHEES,CA 342;
COBRA/KLAUS VORHEES,CA 343;
COBRA/KLAUS VORHEES,CA 344;
COBRA/KLAUS VORHEES,CA 365/2;
COBRA/KLAUS VORHEES,CA 366/2;
COBRA/KLAUS VORHEES,CA 367/2;
COBRA/KLAUS VORHEES,CA 368;
COBRA/KLAUS VORHEES,CA 380;
COBRA/KLAUS VORHEES,CA 381;
COBRA/KLAUS VORHEES,CA 382;
COBRA/KLAUS VORHEES,CA 434;
COBRA/KLAUS VORHEES,CA 435;
COBRA/KLAUS VORHEES,CA 436;
COBRA/KLAUS VORHEES,DD 142;
COBRA/KLAUS VORHEES,DD 143;
COBRA/KLAUS VORHEES,DD 153;
COBRA/KLAUS VORHEES,DD 154;
COBRA/KLAUS VORHEES,DD 30;
COBRA/KLAUS VORHEES,DD 31;
COBRA/KLAUS VORHEES,DD 32;
COBRA/KLAUS VORHEES,DD 61;
COBRA/KLAUS VORHEES,FF 3;
COBRA/KLAUS VORHEES,FF 358;
COBRA/KLAUS VORHEES,JIM 105;
COBRA/KLAUS VORHEES,JIM 106;
COBRA/KLAUS VORHEES,JIM 110;
COBRA/KLAUS VORHEES,JIM 111;
COBRA/KLAUS VORHEES,JIM 98;
COBRA/KLAUS VORHEES,M/CP 97/4;
COBRA/KLAUS VORHEES,PPTSS 46;
COBRA/KLAUS VORHEES,PPTSS 88;
COBRA/KLAUS VORHEES,Q 9;
COBRA/KLAUS VORHEES,T 440;
COBRA/KLAUS VORHEES,UX 13;
COBWEB,SLEEP 19;
COBWEB,SLEEP 3;
COCKROACH/,BP3 16;
COCKROACH/,BP3 17;
COCKROACH/,TER 6;
COCKROACH/,TER 7;
COCKRUM, DAVE,GSX 1;
COCKRUM, DAVE,IF 15;
COCKRUM, DAVE,UX 105;
COCKRUM, DAVE,UX 120;
COCKRUM, DAVE,UX 98;
COCO,HMAG 11;
COCO,HMAG 12;
CODY, GARY,A 249;
CODY, GARY,AF 10/2;
CODY, GARY,AF 13;
CODY, GARY,AF 17;
CODY, GARY,AF 2;
CODY, GARY,AF2 1;
CODY, GARY,AF 29;
CODY, GARY,AF 30;
CODY, GARY,AF 39;
CODY, GARY,AF 51;
CODY, GARY,AF 52;
CODY, GARY,AF 92;
CODY, GARY,UX 109;
CODY, GARY,X&AF2 1;
CODY,R 1;
CODY,R 2;
CODY,R 3;
CODY,R 4;
COFFIN, RAY,MICRO 12;
COFFIN, RAY,M/SPT 9;
COFFIN, WARDEN JOHNS,GENX 63;
COFFIN, WARDEN JOHNS,GENX 64;
COFFIN, WARDEN JOHNS,GENX 65;
COFFIN, WARDEN JOHNS,GENX 66;
COFFY, DET.,DB 2;
COFFY, DET.,DB 3;
COGGER,DD 339;
COGGER,DD 340;
COGGER,DD 341;
COHEN, IZZY,CA 383/2;
COHEN, IZZY,SGTF 1;
COHEN, IZZY,SGTF 13;
COHEN, IZZY,SGTF 2;
COIL,FF3 17;
COIL,FF3 18;
COIL,X 105;
COLDBLOOD/,DLOK2 2;
COLDBLOOD/,DLOK2 3;
COLDBLOOD/,DLOK2 4;
COLDBLOOD/,M/CP 26/3;
COLDBLOOD/,M/CP 27/3;
COLDBLOOD/,M/CP 28/3;
COLDBLOOD/,M/CP 29/3;
COLDBLOOD/,M/CP 30/3;
COLDBLOOD/,M/CP 31/3;
COLDBLOOD/,M/CP 32/3;
COLDBLOOD/,M/CP 33/3;
COLDBLOOD/,M/CP 34/3;
COLDBLOOD/,M/CP 35/3;
COLDBLOOD/,XCAL:AA;
COLDHEART,S-M 49;
COLD WARRIOR,WARM 7;
COLE, LYNETTE,NF3 32;
COLE, PRISCILLA,XFOR 43;
COLE, WADE,M/GN 4;
COLE, WADE,UX 133;
COLE, WADE,UX 152;
COLE, WADE,UX 205;
COLE, WADE,UX 248;
COLE, WADE,UX 249;
COLE, WADE,UX 251;
COLE, WADE,UX 252;
COLE, WADE,UX 253;
COLE, WADE,UX 254;
COLE, WADE,UX 255;
COLE, WADE,UX 262;
COLE, WADE,UX 269;
COLE, WADE,UX 281;
COLLECTIVE MAN,COC 1;
COLLECTIVE MAN,COC 3;
COLLECTIVE MAN,H2 279;
COLLECTIVE MAN II,XFOR 3;
COLLECTIVE MAN,M/CP 55/4;
COLLECTOR/TANELEER T,A 119;
COLLECTOR/TANELEER T,A 16;
COLLECTOR/TANELEER T,A 172;
COLLECTOR/TANELEER T,A 173;
COLLECTOR/TANELEER T,A 174;
COLLECTOR/TANELEER T,A 175;
COLLECTOR/TANELEER T,A 28;
COLLECTOR/TANELEER T,A 334;
COLLECTOR/TANELEER T,A 335;
COLLECTOR/TANELEER T,A 336;
COLLECTOR/TANELEER T,A 337;
COLLECTOR/TANELEER T,A 338;
COLLECTOR/TANELEER T,A 339;
COLLECTOR/TANELEER T,A 51;
COLLECTOR/TANELEER T,COC 3;
COLLECTOR/TANELEER T,FF 389;
COLLECTOR/TANELEER T,H2 197;
COLLECTOR/TANELEER T,H2 198;
COLLECTOR/TANELEER T,IM 26;
COLLECTOR/TANELEER T,M/TU 7;
COLLECTOR/TANELEER T,SS3 10;
COLLECTOR/TANELEER T,SS3 17;
COLLECTOR/TANELEER T,SS3 18;
COLLECTOR/TANELEER T,SS3 19;
COLLECTOR/TANELEER T,SS3 3;
COLLECTOR/TANELEER T,SS3 4;
COLLECTOR/TANELEER T,SS3 58;
COLLECTOR/TANELEER T,SS3 59;
COLLECTOR/TANELEER T,SS3 60;
COLLECTOR/TANELEER T,SS3 61;
COLLECTOR/TANELEER T,SS3 64;
COLLECTOR/TANELEER T,SS3 7;
COLLECTOR/TANELEER T,SS3 9;
COLLECTOR/TANELEER T,TQ 2;
COLLECTOR/TANELEER T,W2 134;
COLLECTOR/TANELEER T,W2 135;
COLLECTOR/TANELEER T,W2 136;
COLLECTOR/TANELEER T,W2 138;
COLLECTOR/TANELEER T,WCA 2;
COLLETTE,IM 316;
COLLINS, BRADBURY,XFOR 99;
COLLINS, DEMITRIUS,A3 8;
COLLINS, DEMITRIUS,T '00;
COLLINS, DEMITRIUS,T2 1;
COLLINS, DEMITRIUS,T2 10;
COLLINS, DEMITRIUS,T2 14;
COLLINS, DEMITRIUS,T2 15;
COLLINS, DEMITRIUS,T2 16;
COLLINS, DEMITRIUS,T2 18;
COLLINS, DEMITRIUS,T2 19;
COLLINS, DEMITRIUS,T2 2;
COLLINS, DEMITRIUS,T2 20;
COLLINS, DEMITRIUS,T2 26;
COLLINS, DEMITRIUS,T2 3;
COLLINS, DEMITRIUS,T2 4;
COLLINS, DEMITRIUS,T2 5;
COLLINS, DEMITRIUS,T2 6;
COLLINS, DEMITRIUS,T2 8;
COLLINS, DEMITRIUS,T2 9;
COLLINS, EMMA,CB 13;
COLLINS, EMMA,CB 15;
COLLINS, NICK,DLOK 1;
COLLINS, NICK,DLOK 2;
COLLINS, NICK,DLOK2 1;
COLLINS, NICK,DLOK2 12;
COLLINS, NICK,DLOK2 13;
COLLINS, NICK,DLOK2 14;
COLLINS, NICK,DLOK2 15;
COLLINS, NICK,DLOK2 17;
COLLINS, NICK,DLOK2 6;
COLLINS, NICK,DLOK2 7;
COLLINS, TRACY,DLOK 1;
COLLINS, TRACY,DLOK 2;
COLLINS, TRACY,DLOK2 1;
COLLINS, TRACY,DLOK2 12;
COLLINS, TRACY,DLOK2 13;
COLLINS, TRACY,DLOK2 14;
COLLINS, TRACY,DLOK2 15;
COLLINS, TRACY,DLOK2 17;
COLLINS, TRACY,DLOK 4;
COLON, CHERYL,DHAWK 10;
COLON, CHERYL,DHAWK 11;
COLON, CHERYL,DHAWK 17;
COLON, CHERYL,DHAWK 21;
COLON, CHERYL,DHAWK 23;
COLON, CHERYL,DHAWK 24;
COLON, CHERYL,DHAWK 25;
COLON, CHERYL,DHAWK 3;
COLON, CHERYL,DHAWK 7;
COLON, CHERYL,DHAWK 9;
COLOSSUS 2013,NM 48;
COLOSSUS 2013,PHOENIX 1;
COLOSSUS 2013,UX 141;
COLOSSUS 2013,UX 142;
COLOSSUS 2013,UX 202;
COLOSSUS II DOPPELGA,FF 368;
COLOSSUS II DOPPELGA,FF 369;
COLOSSUS II DOPPELGA,FF 370;
COLOSSUS II DOPPELGA,IW 1;
COLOSSUS II DOPPELGA,IW 5;
COLOSSUS II DOPPELGA,WM2 15;
COLOSSUS II | MUTANT,MX '00;
COLOSSUS II | MUTANT,MX 12;
COLOSSUS II | MUTANT,MX 13;
COLOSSUS II/PETER RA,A 10;
COLOSSUS II/PETER RA,A3 10;
COLOSSUS II/PETER RA,AF 33;
COLOSSUS II/PETER RA,AF 61;
COLOSSUS II/PETER RA,ASM 161;
COLOSSUS II/PETER RA,BIZADV 27/3;
COLOSSUS II/PETER RA,C2 87;
COLOSSUS II/PETER RA,COC 1;
COLOSSUS II/PETER RA,COL 1;
COLOSSUS II/PETER RA,CX 1;
COLOSSUS II/PETER RA,CX 12;
COLOSSUS II/PETER RA,CX 13;
COLOSSUS II/PETER RA,CX 14;
COLOSSUS II/PETER RA,CX 15;
COLOSSUS II/PETER RA,CX 17/2;
COLOSSUS II/PETER RA,CX 18;
COLOSSUS II/PETER RA,CX 19;
COLOSSUS II/PETER RA,CX 2;
COLOSSUS II/PETER RA,CX 20;
COLOSSUS II/PETER RA,CX 21/2;
COLOSSUS II/PETER RA,CX 22/2;
COLOSSUS II/PETER RA,CX 23;
COLOSSUS II/PETER RA,CX 25;
COLOSSUS II/PETER RA,CX 28/2;
COLOSSUS II/PETER RA,CX 29/2;
COLOSSUS II/PETER RA,CX 3;
COLOSSUS II/PETER RA,CX 3/2;
COLOSSUS II/PETER RA,CX 39/2;
COLOSSUS II/PETER RA,CX 4;
COLOSSUS II/PETER RA,CX 5/2;
COLOSSUS II/PETER RA,CX 6;
COLOSSUS II/PETER RA,CX 7;
COLOSSUS II/PETER RA,CX 8;
COLOSSUS II/PETER RA,CX 8/2;
COLOSSUS II/PETER RA,CX 9;
COLOSSUS II/PETER RA,CX 9/2;
COLOSSUS II/PETER RA,DAMCON 4;
COLOSSUS II/PETER RA,DAZZ 1;
COLOSSUS II/PETER RA,DAZZ 2;
COLOSSUS II/PETER RA,DAZZ 38;
COLOSSUS II/PETER RA,FF 367;
COLOSSUS II/PETER RA,FF 368;
COLOSSUS II/PETER RA,FF 369;
COLOSSUS II/PETER RA,FF 370;
COLOSSUS II/PETER RA,FFV.X 1;
COLOSSUS II/PETER RA,FFV.X 2;
COLOSSUS II/PETER RA,FFV.X 3;
COLOSSUS II/PETER RA,FFV.X 4;
COLOSSUS II/PETER RA,FS 2;
COLOSSUS II/PETER RA,GAM '00;
COLOSSUS II/PETER RA,GENX 52;
COLOSSUS II/PETER RA,GSX 1;
COLOSSUS II/PETER RA,H2 278;
COLOSSUS II/PETER RA,H2 279;
COLOSSUS II/PETER RA,HOPE 1;
COLOSSUS II/PETER RA,IF 15;
COLOSSUS II/PETER RA,IW 1;
COLOSSUS II/PETER RA,IW 2;
COLOSSUS II/PETER RA,IW 3;
COLOSSUS II/PETER RA,IW 4;
COLOSSUS II/PETER RA,IW 5;
COLOSSUS II/PETER RA,IW 6;
COLOSSUS II/PETER RA,KPAOS 1;
COLOSSUS II/PETER RA,MAXSEC 3;
COLOSSUS II/PETER RA,M/CP 10;
COLOSSUS II/PETER RA,M/CP 11;
COLOSSUS II/PETER RA,M/CP 12;
COLOSSUS II/PETER RA,M/CP 13;
COLOSSUS II/PETER RA,M/CP 14;
COLOSSUS II/PETER RA,M/CP 15;
COLOSSUS II/PETER RA,M/CP 16;
COLOSSUS II/PETER RA,M/CP 17;
COLOSSUS II/PETER RA,M/CP 89/4;
COLOSSUS II/PETER RA,M/FAN 3;
COLOSSUS II/PETER RA,M/FAN 33;
COLOSSUS II/PETER RA,M/FAN 4;
COLOSSUS II/PETER RA,M/GN 1;
COLOSSUS II/PETER RA,M/GN 12;
COLOSSUS II/PETER RA,M/GN 5;
COLOSSUS II/PETER RA,M/HOL SPECIAL 1;
COLOSSUS II/PETER RA,MICRO 37;
COLOSSUS II/PETER RA,MK3 41;
COLOSSUS II/PETER RA,MK 35;
COLOSSUS II/PETER RA,M/SH3 6;
COLOSSUS II/PETER RA,M/SH3 7;
COLOSSUS II/PETER RA,M/SH3 8;
COLOSSUS II/PETER RA,M/SHSW 1;
COLOSSUS II/PETER RA,M/SHSW 10;
COLOSSUS II/PETER RA,M/SHSW 11;
COLOSSUS II/PETER RA,M/SHSW 12;
COLOSSUS II/PETER RA,M/SHSW 2;
COLOSSUS II/PETER RA,M/SHSW 3;
COLOSSUS II/PETER RA,M/SHSW 4;
COLOSSUS II/PETER RA,M/SHSW 5;
COLOSSUS II/PETER RA,M/SHSW 6;
COLOSSUS II/PETER RA,M/SHSW 7;
COLOSSUS II/PETER RA,M/SHSW 8;
COLOSSUS II/PETER RA,M/SHSW 9;
COLOSSUS II/PETER RA,M/TALES 262/2;
COLOSSUS II/PETER RA,M/TIO 7;
COLOSSUS II/PETER RA,M/TIO 96;
COLOSSUS II/PETER RA,M/TU 1;
COLOSSUS II/PETER RA,M/TU 100;
COLOSSUS II/PETER RA,M/TU 118;
COLOSSUS II/PETER RA,M/TU 135;
COLOSSUS II/PETER RA,M/TU 150;
COLOSSUS II/PETER RA,M/TU 53;
COLOSSUS II/PETER RA,NM 14;
COLOSSUS II/PETER RA,NM 22;
COLOSSUS II/PETER RA,NM 23;
COLOSSUS II/PETER RA,NM 24;
COLOSSUS II/PETER RA,NM 46;
COLOSSUS II/PETER RA,NM 7;
COLOSSUS II/PETER RA,NM 73;
COLOSSUS II/PETER RA,NW 27;
COLOSSUS II/PETER RA,PPSM2 4;
COLOSSUS II/PETER RA,PXX 4;
COLOSSUS II/PETER RA,Q 28;
COLOSSUS II/PETER RA,Q 38;
COLOSSUS II/PETER RA,Q 39;
COLOSSUS II/PETER RA,ROM 17;
COLOSSUS II/PETER RA,ROM 18;
COLOSSUS II/PETER RA,ROM 65;
COLOSSUS II/PETER RA,ROM 66;
COLOSSUS II/PETER RA,SEX 1;
COLOSSUS II/PETER RA,SS3 14;
COLOSSUS II/PETER RA,S-W 37;
COLOSSUS II/PETER RA,S-W 38;
COLOSSUS II/PETER RA,SWII 1;
COLOSSUS II/PETER RA,SWII 5;
COLOSSUS II/PETER RA,SWII 7;
COLOSSUS II/PETER RA,SWII 8;
COLOSSUS II/PETER RA,SWII 9;
COLOSSUS II/PETER RA,UX 10;
COLOSSUS II/PETER RA,UX 100;
COLOSSUS II/PETER RA,UX 101;
COLOSSUS II/PETER RA,UX 102;
COLOSSUS II/PETER RA,UX 103;
COLOSSUS II/PETER RA,UX 104;
COLOSSUS II/PETER RA,UX 105;
COLOSSUS II/PETER RA,UX 106;
COLOSSUS II/PETER RA,UX 107;
COLOSSUS II/PETER RA,UX 108;
COLOSSUS II/PETER RA,UX 109;
COLOSSUS II/PETER RA,UX 110;
COLOSSUS II/PETER RA,UX 111;
COLOSSUS II/PETER RA,UX 112;
COLOSSUS II/PETER RA,UX 113;
COLOSSUS II/PETER RA,UX 114;
COLOSSUS II/PETER RA,UX 115;
COLOSSUS II/PETER RA,UX 116;
COLOSSUS II/PETER RA,UX 117;
COLOSSUS II/PETER RA,UX 118;
COLOSSUS II/PETER RA,UX 119;
COLOSSUS II/PETER RA,UX 12;
COLOSSUS II/PETER RA,UX 120;
COLOSSUS II/PETER RA,UX 121;
COLOSSUS II/PETER RA,UX 122;
COLOSSUS II/PETER RA,UX 123;
COLOSSUS II/PETER RA,UX 124;
COLOSSUS II/PETER RA,UX 125;
COLOSSUS II/PETER RA,UX 126;
COLOSSUS II/PETER RA,UX 127;
COLOSSUS II/PETER RA,UX 128;
COLOSSUS II/PETER RA,UX 129;
COLOSSUS II/PETER RA,UX 13;
COLOSSUS II/PETER RA,UX 130;
COLOSSUS II/PETER RA,UX 131;
COLOSSUS II/PETER RA,UX 13/2;
COLOSSUS II/PETER RA,UX 132;
COLOSSUS II/PETER RA,UX 133;
COLOSSUS II/PETER RA,UX 134;
COLOSSUS II/PETER RA,UX 135;
COLOSSUS II/PETER RA,UX 136;
COLOSSUS II/PETER RA,UX 137;
COLOSSUS II/PETER RA,UX 138;
COLOSSUS II/PETER RA,UX 139;
COLOSSUS II/PETER RA,UX 140;
COLOSSUS II/PETER RA,UX 141;
COLOSSUS II/PETER RA,UX 142;
COLOSSUS II/PETER RA,UX 143;
COLOSSUS II/PETER RA,UX 144;
COLOSSUS II/PETER RA,UX 145;
COLOSSUS II/PETER RA,UX 146;
COLOSSUS II/PETER RA,UX 147;
COLOSSUS II/PETER RA,UX 148;
COLOSSUS II/PETER RA,UX 149;
COLOSSUS II/PETER RA,UX 150;
COLOSSUS II/PETER RA,UX 151;
COLOSSUS II/PETER RA,UX 152;
COLOSSUS II/PETER RA,UX 153;
COLOSSUS II/PETER RA,UX 154;
COLOSSUS II/PETER RA,UX 155;
COLOSSUS II/PETER RA,UX 156;
COLOSSUS II/PETER RA,UX 157;
COLOSSUS II/PETER RA,UX 158;
COLOSSUS II/PETER RA,UX 159;
COLOSSUS II/PETER RA,UX 16;
COLOSSUS II/PETER RA,UX 160;
COLOSSUS II/PETER RA,UX 161;
COLOSSUS II/PETER RA,UX 162;
COLOSSUS II/PETER RA,UX 163;
COLOSSUS II/PETER RA,UX 164;
COLOSSUS II/PETER RA,UX 165;
COLOSSUS II/PETER RA,UX 166;
COLOSSUS II/PETER RA,UX 167;
COLOSSUS II/PETER RA,UX 168;
COLOSSUS II/PETER RA,UX 169;
COLOSSUS II/PETER RA,UX 170;
COLOSSUS II/PETER RA,UX 171;
COLOSSUS II/PETER RA,UX 172;
COLOSSUS II/PETER RA,UX 173;
COLOSSUS II/PETER RA,UX 174;
COLOSSUS II/PETER RA,UX 175;
COLOSSUS II/PETER RA,UX 177;
COLOSSUS II/PETER RA,UX 178;
COLOSSUS II/PETER RA,UX 179;
COLOSSUS II/PETER RA,UX 180;
COLOSSUS II/PETER RA,UX 181;
COLOSSUS II/PETER RA,UX 183;
COLOSSUS II/PETER RA,UX 184;
COLOSSUS II/PETER RA,UX 187;
COLOSSUS II/PETER RA,UX 188;
COLOSSUS II/PETER RA,UX 189;
COLOSSUS II/PETER RA,UX 190;
COLOSSUS II/PETER RA,UX 191;
COLOSSUS II/PETER RA,UX 192;
COLOSSUS II/PETER RA,UX 193;
COLOSSUS II/PETER RA,UX 194;
COLOSSUS II/PETER RA,UX 196;
COLOSSUS II/PETER RA,UX 197;
COLOSSUS II/PETER RA,UX 199;
COLOSSUS II/PETER RA,UX 200;
COLOSSUS II/PETER RA,UX 201;
COLOSSUS II/PETER RA,UX 202;
COLOSSUS II/PETER RA,UX 203;
COLOSSUS II/PETER RA,UX 206;
COLOSSUS II/PETER RA,UX 207;
COLOSSUS II/PETER RA,UX 208;
COLOSSUS II/PETER RA,UX 209;
COLOSSUS II/PETER RA,UX 210;
COLOSSUS II/PETER RA,UX 211;
COLOSSUS II/PETER RA,UX 212;
COLOSSUS II/PETER RA,UX 213;
COLOSSUS II/PETER RA,UX 215;
COLOSSUS II/PETER RA,UX 223;
COLOSSUS II/PETER RA,UX 225;
COLOSSUS II/PETER RA,UX 226;
COLOSSUS II/PETER RA,UX 227;
COLOSSUS II/PETER RA,UX 229;
COLOSSUS II/PETER RA,UX 230;
COLOSSUS II/PETER RA,UX 231;
COLOSSUS II/PETER RA,UX 232;
COLOSSUS II/PETER RA,UX 233;
COLOSSUS II/PETER RA,UX 234;
COLOSSUS II/PETER RA,UX 235;
COLOSSUS II/PETER RA,UX 236;
COLOSSUS II/PETER RA,UX 237;
COLOSSUS II/PETER RA,UX 238;
COLOSSUS II/PETER RA,UX 239;
COLOSSUS II/PETER RA,UX 240;
COLOSSUS II/PETER RA,UX 241;
COLOSSUS II/PETER RA,UX 242;
COLOSSUS II/PETER RA,UX 243;
COLOSSUS II/PETER RA,UX 244;
COLOSSUS II/PETER RA,UX 245;
COLOSSUS II/PETER RA,UX 246;
COLOSSUS II/PETER RA,UX 247;
COLOSSUS II/PETER RA,UX 248;
COLOSSUS II/PETER RA,UX 249;
COLOSSUS II/PETER RA,UX 250;
COLOSSUS II/PETER RA,UX 251;
COLOSSUS II/PETER RA,UX 259;
COLOSSUS II/PETER RA,UX 260;
COLOSSUS II/PETER RA,UX 262;
COLOSSUS II/PETER RA,UX 263;
COLOSSUS II/PETER RA,UX 264;
COLOSSUS II/PETER RA,UX 277;
COLOSSUS II/PETER RA,UX 278;
COLOSSUS II/PETER RA,UX 279;
COLOSSUS II/PETER RA,UX 280;
COLOSSUS II/PETER RA,UX 281;
COLOSSUS II/PETER RA,UX 282;
COLOSSUS II/PETER RA,UX 283;
COLOSSUS II/PETER RA,UX 284;
COLOSSUS II/PETER RA,UX 285;
COLOSSUS II/PETER RA,UX 286;
COLOSSUS II/PETER RA,UX 287;
COLOSSUS II/PETER RA,UX 288;
COLOSSUS II/PETER RA,UX 290;
COLOSSUS II/PETER RA,UX 291;
COLOSSUS II/PETER RA,UX 292;
COLOSSUS II/PETER RA,UX 293;
COLOSSUS II/PETER RA,UX 294;
COLOSSUS II/PETER RA,UX 295;
COLOSSUS II/PETER RA,UX 3;
COLOSSUS II/PETER RA,UX 303;
COLOSSUS II/PETER RA,UX 315;
COLOSSUS II/PETER RA,UX 325;
COLOSSUS II/PETER RA,UX 335;
COLOSSUS II/PETER RA,UX 360;
COLOSSUS II/PETER RA,UX 361;
COLOSSUS II/PETER RA,UX 362;
COLOSSUS II/PETER RA,UX 365;
COLOSSUS II/PETER RA,UX 366;
COLOSSUS II/PETER RA,UX 367;
COLOSSUS II/PETER RA,UX 368;
COLOSSUS II/PETER RA,UX 369;
COLOSSUS II/PETER RA,UX 370;
COLOSSUS II/PETER RA,UX 371;
COLOSSUS II/PETER RA,UX 372;
COLOSSUS II/PETER RA,UX 373;
COLOSSUS II/PETER RA,UX 374;
COLOSSUS II/PETER RA,UX 375;
COLOSSUS II/PETER RA,UX 376;
COLOSSUS II/PETER RA,UX 377;
COLOSSUS II/PETER RA,UX 378;
COLOSSUS II/PETER RA,UX 379;
COLOSSUS II/PETER RA,UX 380;
COLOSSUS II/PETER RA,UX 385;
COLOSSUS II/PETER RA,UX 388;
COLOSSUS II/PETER RA,UX 389;
COLOSSUS II/PETER RA,UX 390;
COLOSSUS II/PETER RA,UX 393;
COLOSSUS II/PETER RA,UX 4;
COLOSSUS II/PETER RA,UX 5;
COLOSSUS II/PETER RA,UX 6;
COLOSSUS II/PETER RA,UX 7;
COLOSSUS II/PETER RA,UX 8;
COLOSSUS II/PETER RA,UX 9;
COLOSSUS II/PETER RA,UX 94;
COLOSSUS II/PETER RA,UX 95;
COLOSSUS II/PETER RA,UX 96;
COLOSSUS II/PETER RA,UX 97;
COLOSSUS II/PETER RA,UX 98;
COLOSSUS II/PETER RA,UX 99;
COLOSSUS II/PETER RA,W2 140;
COLOSSUS II/PETER RA,W2 145;
COLOSSUS II/PETER RA,W2 159;
COLOSSUS II/PETER RA,W2 21;
COLOSSUS II/PETER RA,W 4;
COLOSSUS II/PETER RA,WIW 8;
COLOSSUS II/PETER RA,WM2 13;
COLOSSUS II/PETER RA,WM2 14;
COLOSSUS II/PETER RA,W/NF;
COLOSSUS II/PETER RA,WOSM 73;
COLOSSUS II/PETER RA,WOSM 74;
COLOSSUS II/PETER RA,X '00;
COLOSSUS II/PETER RA,X 1;
COLOSSUS II/PETER RA,X 100;
COLOSSUS II/PETER RA,X 101;
COLOSSUS II/PETER RA,X 102;
COLOSSUS II/PETER RA,X 103;
COLOSSUS II/PETER RA,X 104;
COLOSSUS II/PETER RA,X 105;
COLOSSUS II/PETER RA,X 106;
COLOSSUS II/PETER RA,X 107;
COLOSSUS II/PETER RA,X 108;
COLOSSUS II/PETER RA,X 109;
COLOSSUS II/PETER RA,X 110;
COLOSSUS II/PETER RA,X 14;
COLOSSUS II/PETER RA,X 15;
COLOSSUS II/PETER RA,X 2;
COLOSSUS II/PETER RA,X 3;
COLOSSUS II/PETER RA,X 42;
COLOSSUS II/PETER RA,X 43;
COLOSSUS II/PETER RA,X 44;
COLOSSUS II/PETER RA,X 5;
COLOSSUS II/PETER RA,X 80;
COLOSSUS II/PETER RA,X 81;
COLOSSUS II/PETER RA,X 82;
COLOSSUS II/PETER RA,X 83;
COLOSSUS II/PETER RA,X 84;
COLOSSUS II/PETER RA,X 85;
COLOSSUS II/PETER RA,X 86;
COLOSSUS II/PETER RA,X 87;
COLOSSUS II/PETER RA,X 88;
COLOSSUS II/PETER RA,X 89;
COLOSSUS II/PETER RA,X 90;
COLOSSUS II/PETER RA,X 91;
COLOSSUS II/PETER RA,X 92;
COLOSSUS II/PETER RA,X 95;
COLOSSUS II/PETER RA,X 96;
COLOSSUS II/PETER RA,X 97;
COLOSSUS II/PETER RA,X 98;
COLOSSUS II/PETER RA,X '99;
COLOSSUS II/PETER RA,X 99;
COLOSSUS II/PETER RA,X&AF 1;
COLOSSUS II/PETER RA,X&AF 2;
COLOSSUS II/PETER RA,X&AF2 1;
COLOSSUS II/PETER RA,X&AF2 2;
COLOSSUS II/PETER RA,XCAL 100;
COLOSSUS II/PETER RA,XCAL 101;
COLOSSUS II/PETER RA,XCAL 102;
COLOSSUS II/PETER RA,XCAL 103;
COLOSSUS II/PETER RA,XCAL 104;
COLOSSUS II/PETER RA,XCAL 105;
COLOSSUS II/PETER RA,XCAL 106;
COLOSSUS II/PETER RA,XCAL 107;
COLOSSUS II/PETER RA,XCAL 108;
COLOSSUS II/PETER RA,XCAL 109;
COLOSSUS II/PETER RA,XCAL 110;
COLOSSUS II/PETER RA,XCAL 111;
COLOSSUS II/PETER RA,XCAL 112;
COLOSSUS II/PETER RA,XCAL 113;
COLOSSUS II/PETER RA,XCAL 114;
COLOSSUS II/PETER RA,XCAL 115;
COLOSSUS II/PETER RA,XCAL 116;
COLOSSUS II/PETER RA,XCAL 117;
COLOSSUS II/PETER RA,XCAL 118;
COLOSSUS II/PETER RA,XCAL 119;
COLOSSUS II/PETER RA,XCAL 120;
COLOSSUS II/PETER RA,XCAL 121;
COLOSSUS II/PETER RA,XCAL 122;
COLOSSUS II/PETER RA,XCAL 123;
COLOSSUS II/PETER RA,XCAL 124;
COLOSSUS II/PETER RA,XCAL 125;
COLOSSUS II/PETER RA,XCAL 85;
COLOSSUS II/PETER RA,XCAL 91;
COLOSSUS II/PETER RA,XCAL 92;
COLOSSUS II/PETER RA,XCAL 95;
COLOSSUS II/PETER RA,XCAL 96;
COLOSSUS II/PETER RA,XCAL 97;
COLOSSUS II/PETER RA,XCAL 98;
COLOSSUS II/PETER RA,XCAL 99;
COLOSSUS II/PETER RA,X&CD 1;
COLOSSUS II/PETER RA,X&CD 2;
COLOSSUS II/PETER RA,XF 38;
COLOSSUS II/PETER RA,XF 39;
COLOSSUS II/PETER RA,XF 54;
COLOSSUS II/PETER RA,XF 69;
COLOSSUS II/PETER RA,XF 70;
COLOSSUS II/PETER RA,XFOR 16;
COLOSSUS II/PETER RA,XFOR 17;
COLOSSUS II/PETER RA,X:L 1;
COLOSSUS II/PETER RA,X:L 2;
COLOSSUS II/PETER RA,X:L 3;
COLOSSUS II/PETER RA,X:L 4;
COLOSSUS II/PETER RA,X&M 1;
COLOSSUS II/PETER RA,XM 12;
COLOSSUS II/PETER RA,X&M 2;
COLOSSUS II/PETER RA,X&M 3;
COLOSSUS II/PETER RA,X&M 4;
COLOSSUS II/PETER RA,X:MW 1;
COLOSSUS II/PETER RA,X:PRIME;
COLOSSUS II/PETER RA,XU 19;
COLOSSUS II/PETER RA,XU 22;
COLOSSUS II/PETER RA,XU 23;
COLOSSUS II/PETER RA,XU 25;
COLOSSUS II/PETER RA,XU 27;
COLOSSUS II/PETER RA,XU 29;
COLOSSUS II/PETER RA,XU 29/2;
COLOSSUS,TTA 58;
COMANCHE,LCHFH 1;
COMANCHE,LCHFH 14;
COMANCHE,LCHFH 15;
COMANCHE,PM 48;
COMANCHE,PM&IF 100;
COMANCHE,PM&IF 98;
COMANCHE,PM&IF 99;
COMBAT/,PWZ 10;
COMBAT/,PWZ 11;
COMBAT/,PWZ 8;
COMBAT/,PWZ 9;
COMET/HARRIS MOORE,FF 206;
COMET/HARRIS MOORE,FF 208;
COMET/HARRIS MOORE,FF 209;
COMET/HARRIS MOORE,NO 21;
COMET/HARRIS MOORE,NO 22;
COMET/HARRIS MOORE,NO 23;
COMET/HARRIS MOORE,NO 24;
COMET/HARRIS MOORE,NO 25;
COMET/HARRIS MOORE,ROM 24;
COMET MAN/DR. STEPHE,CM5 7;
COMET MAN/DR. STEPHE,COM 1;
COMET MAN/DR. STEPHE,COM 2;
COMET MAN/DR. STEPHE,COM 3;
COMET MAN/DR. STEPHE,COM 4;
COMET MAN/DR. STEPHE,COM 5;
COMET MAN/DR. STEPHE,COM 6;
COMET MAN/DR. STEPHE,FF 315;
COMET MAN/DR. STEPHE,FF 316;
COMET MAN/DR. STEPHE,FF 317;
COMET MAN/DR. STEPHE,M/CP 50/2;
COMET MAN/DR. STEPHE,M/CP 51/2;
COMET MAN/DR. STEPHE,M/CP 52/2;
COMET MAN/DR. STEPHE,M/CP 53/2;
COMMANDER BLAZE,NT2 18;
COMMANDER COURAGE/,M/CP 85/3;
COMMANDER COURAGE/,M/CP 86/3;
COMMANDER COURAGE/,M/CP 87/3;
COMMANDER COURAGE/,M/CP 88/2;
COMMANDER COURAGE/,M/CP 90/2;
COMMANDER COURAGE/,M/CP 91/2;
COMMANDER COURAGE/,M/CP 92/2;
COMMANDO/M-NELL,GUARD 1;
COMMANDO/M-NELL,GUARD 2;
COMMANDO/M-NELL,GUARD 3;
COMMCAST/GARABED BAS,TB 51;
COMPUTO,CM 7;
COMPUTO,UX 48;
CONAN, NEAL,FF3 9;
CONAN, NEAL,UX 226;
CONAN, NEAL,UX 227;
CONCIERGE, LE/,DD 377;
CONCIERGE, LE/,DD 378;
CONDOR,NO 10;
CONDOR,NO 2;
CONDOR,NO2 13;
CONDOR,NO 3;
CONDOR,NO 6;
CONDOR,NO 7;
CONDOR,NO 8;
CONKLIN, CAPT.,T 426;
CONKLIN, CAPT.,T 432;
CONKLIN, CAPT.,T 450;
CONNORS, BILLY,ASM 165;
CONNORS, BILLY,ASM 166;
CONNORS, BILLY,ASM 252;
CONNORS, BILLY,ASM 313;
CONNORS, BILLY,ASM 365;
CONNORS, BILLY,ASM 44;
CONNORS, BILLY,ASM 45;
CONNORS, BILLY,ASM 6;
CONNORS, BILLY,ASM 74;
CONNORS, BILLY,ASM 75;
CONNORS, BILLY,ASM 76;
CONNORS, BILLY,ASM 77;
CONNORS, BILLY,M/FEA 4;
CONNORS, BILLY,PPTSS 127;
CONNORS, BILLY,PPTSS 238;
CONNORS, BILLY,PPTSS 239;
CONNORS, BILLY,PPTSS 33;
CONNORS, BILLY,PPTSS 34;
CONNORS, BILLY,PPTSSSS 1/3;
CONNORS, BILLY,SM:L 3;
CONNORS, MARTHA,ASM 165;
CONNORS, MARTHA,ASM 166;
CONNORS, MARTHA,ASM 252;
CONNORS, MARTHA,ASM 313;
CONNORS, MARTHA,ASM 365;
CONNORS, MARTHA,ASM 44;
CONNORS, MARTHA,ASM 45;
CONNORS, MARTHA,ASM 6;
CONNORS, MARTHA,ASM 73;
CONNORS, MARTHA,ASM 74;
CONNORS, MARTHA,ASM 75;
CONNORS, MARTHA,ASM 76;
CONNORS, MARTHA,ASM 77;
CONNORS, MARTHA,GSS-M 5;
CONNORS, MARTHA,M/FEA 4;
CONNORS, MARTHA,PPTSS 127;
CONNORS, MARTHA,PPTSS 238;
CONNORS, MARTHA,PPTSS 239;
CONNORS, MARTHA,PPTSS 33;
CONNORS, MARTHA,PPTSS 34;
CONNORS, MARTHA,PPTSSSS 1/3;
CONNORS, MARTHA,SM:L 3;
CONOVER, ALYSSA,SLEEP 1;
CONOVER, ALYSSA,SLEEP 13;
CONOVER, ALYSSA,SLEEP 15;
CONOVER, ALYSSA,SLEEP 19;
CONOVER, ALYSSA,SLEEP 2;
CONOVER, ALYSSA,SLEEP 3;
CONOVER, ALYSSA,SLEEP 4;
CONOVER, ALYSSA,SLEEP 8;
CONOVER, HANNAH,UX 233;
CONOVER, HANNAH,UX 234;
CONOVER, REV. WILLIA,UX 233;
CONOVER, REV. WILLIA,UX 234;
CONOWAY, SEKMEHT,GAM3 1;
CONOWAY, SEKMEHT,GAM3 12;
CONOWAY, SEKMEHT,GAM3 15;
CONQUEST/BRIDGET MAL,A3 23;
CONQUEST/BRIDGET MAL,A3 24;
CONQUEST/BRIDGET MAL,A3 25;
CONQUEST/BRIDGET MAL,J:ED;
CONQUEST/BRIDGET MAL,PPSM2 11;
CONQUEST/BRIDGET MAL,T2 17;
CONRAD, LUTHER DUTCH,CA 388/2;
CONROY, KAREN,KZ4 6;
CONSTRICTOR/FRANK PA,BP3 23;
CONSTRICTOR/FRANK PA,CA 228;
CONSTRICTOR/FRANK PA,CA 229;
CONSTRICTOR/FRANK PA,CA 231;
CONSTRICTOR/FRANK PA,CA 281;
CONSTRICTOR/FRANK PA,CA 282;
CONSTRICTOR/FRANK PA,CA 283;
CONSTRICTOR/FRANK PA,CA 309;
CONSTRICTOR/FRANK PA,CA 310;
CONSTRICTOR/FRANK PA,CA 311;
CONSTRICTOR/FRANK PA,CA 5;
CONSTRICTOR/FRANK PA,DPOOL3 35;
CONSTRICTOR/FRANK PA,DPOOL3 38;
CONSTRICTOR/FRANK PA,DPOOL3 39;
CONSTRICTOR/FRANK PA,DPOOL3 40;
CONSTRICTOR/FRANK PA,DPOOL3 41;
CONSTRICTOR/FRANK PA,DPOOL3 42;
CONSTRICTOR/FRANK PA,DPOOL3 43;
CONSTRICTOR/FRANK PA,DPOOL3 44;
CONSTRICTOR/FRANK PA,DPOOL3 45;
CONSTRICTOR/FRANK PA,FF 334;
CONSTRICTOR/FRANK PA,GAM3 11;
CONSTRICTOR/FRANK PA,GAM3 17;
CONSTRICTOR/FRANK PA,H2 212;
CONSTRICTOR/FRANK PA,H2 265;
CONSTRICTOR/FRANK PA,IM 126;
CONSTRICTOR/FRANK PA,IM 127;
CONSTRICTOR/FRANK PA,M/CP 74/3;
CONSTRICTOR/FRANK PA,M/CP 86/3;
CONSTRICTOR/FRANK PA,M/CP 87/3;
CONSTRICTOR/FRANK PA,M/CP 89/2;
CONSTRICTOR/FRANK PA,M/CP 90/2;
CONSTRICTOR/FRANK PA,M/CP 91/2;
CONSTRICTOR/FRANK PA,M/CP 92/2;
CONSTRICTOR/FRANK PA,M/FAN2 6;
CONSTRICTOR/FRANK PA,M/TIO 96;
CONSTRICTOR/FRANK PA,NF3 36;
CONSTRICTOR/FRANK PA,NW 2;
CONSTRICTOR/FRANK PA,PM&IF 66;
CONSTRICTOR/FRANK PA,PM&IF 78;
CONSTRICTOR/FRANK PA,PM&IF 84;
CONSTRICTOR/FRANK PA,PPTSS 12;
CONSTRICTOR/FRANK PA,TB 24;
CONSTRICTOR/FRANK PA,TB 25;
CONSTRICTOR/FRANK PA,WOSM 8;
CONSUELA,AWC 77;
CONSUELA,AWC 84;
CONSUELA,AWC 89;
CONSUELA,AWC 90;
CONSUELA,FW 4;
CONSUMPTION,KZ '97;
CONTEMPLATOR/TATH KI,CA 6;
CONTEMPLATOR/TATH KI,CABT;
CONTEMPLATOR/TATH KI,Q 37;
CONTEMPLATOR/TATH KI,Q 38;
CONTEMPLATOR/TATH KI,Q 40;
CONTEMPLATOR/TATH KI,SS3 11;
CONTEMPLATOR/TATH KI,SS3 12;
CONTEMPLATOR/TATH KI,SS3 21;
CONTEMPLATOR/TATH KI,SS3 27;
CONTEMPLATOR/TATH KI,SS3 28;
CONTEMPLATOR/TATH KI,SS3 29;
CONTEMPLATOR/TATH KI,SS3 30;
CONTEMPLATOR/TATH KI,SS3 31;
CONTEMPLATOR/TATH KI,SS3 4;
CONTEMPLATOR/TATH KI,SS3 7;
CONTEMPLATOR/TATH KI,SS3 8;
CONTEMPLATOR/TATH KI,SS3 9;
CONTONI, PAUL,SM:FA 3;
CONTONI, PAUL,SM:FA 4;
CONTRARES, ANASTASIA,FF3 33;
CONTRARES, ANASTASIA,FF3 34;
CONTROLLER/BASIL SAN,AUP 5;
CONTROLLER/BASIL SAN,CA 365;
CONTROLLER/BASIL SAN,CA 366;
CONTROLLER/BASIL SAN,CA 367;
CONTROLLER/BASIL SAN,CM 28;
CONTROLLER/BASIL SAN,CM 29;
CONTROLLER/BASIL SAN,CM 30;
CONTROLLER/BASIL SAN,HFH 1;
CONTROLLER/BASIL SAN,HFH 4;
CONTROLLER/BASIL SAN,IM 12;
CONTROLLER/BASIL SAN,IM 13;
CONTROLLER/BASIL SAN,IM 15;
CONTROLLER/BASIL SAN,IM 225;
CONTROLLER/BASIL SAN,IM3 12;
CONTROLLER/BASIL SAN,IM3 13;
CONTROLLER/BASIL SAN,IM 89;
CONTROLLER/BASIL SAN,IM 90;
CONTROLLER/BASIL SAN,IM 91;
CONUNDRUM/,PPTSS 257;
CONUNDRUM/,PPTSS 258;
CONWAY, GERRY,AA2 16;
CONWAY, GERRY,FF 176;
CONWAY, GERRY,T 207;
COOPER, COLE,ASMU 9;
COOPER, COLE,WOSM 115;
COOPER, COLE,WOSM 116;
COOPER, DR. VALERIE,A 15;
COOPER, DR. VALERIE,A3 35;
COOPER, DR. VALERIE,A 350;
COOPER, DR. VALERIE,AF 107;
COOPER, DR. VALERIE,AF 88;
COOPER, DR. VALERIE,AWC 84;
COOPER, DR. VALERIE,CA 333;
COOPER, DR. VALERIE,CA 334;
COOPER, DR. VALERIE,CA 335;
COOPER, DR. VALERIE,CA 344;
COOPER, DR. VALERIE,CA 346;
COOPER, DR. VALERIE,CA 347;
COOPER, DR. VALERIE,CA 348;
COOPER, DR. VALERIE,CA 350;
COOPER, DR. VALERIE,CA 351;
COOPER, DR. VALERIE,CA 352;
COOPER, DR. VALERIE,CA 354;
COOPER, DR. VALERIE,CA 355;
COOPER, DR. VALERIE,FF3 11;
COOPER, DR. VALERIE,FF3 12;
COOPER, DR. VALERIE,FF3 27;
COOPER, DR. VALERIE,GAM3 17;
COOPER, DR. VALERIE,H2 390;
COOPER, DR. VALERIE,H2 391;
COOPER, DR. VALERIE,H2 392;
COOPER, DR. VALERIE,IM 214;
COOPER, DR. VALERIE,IW 1;
COOPER, DR. VALERIE,MAXSEC 1;
COOPER, DR. VALERIE,M/FAN2 6;
COOPER, DR. VALERIE,NM 13;
COOPER, DR. VALERIE,NOM 1;
COOPER, DR. VALERIE,NOM 2;
COOPER, DR. VALERIE,NOM2 2;
COOPER, DR. VALERIE,NOM 3;
COOPER, DR. VALERIE,NOM 4;
COOPER, DR. VALERIE,NW 29;
COOPER, DR. VALERIE,NW 30;
COOPER, DR. VALERIE,P:NE;
COOPER, DR. VALERIE,S-W2 2;
COOPER, DR. VALERIE,TB 21;
COOPER, DR. VALERIE,TB 26;
COOPER, DR. VALERIE,TB 27;
COOPER, DR. VALERIE,TB 29;
COOPER, DR. VALERIE,TB 35;
COOPER, DR. VALERIE,TB 36;
COOPER, DR. VALERIE,TB 37;
COOPER, DR. VALERIE,TB 49;
COOPER, DR. VALERIE,TB 50;
COOPER, DR. VALERIE,USA2 1;
COOPER, DR. VALERIE,USA2 2;
COOPER, DR. VALERIE,UX 176;
COOPER, DR. VALERIE,UX 183;
COOPER, DR. VALERIE,UX 184;
COOPER, DR. VALERIE,UX 185;
COOPER, DR. VALERIE,UX 186;
COOPER, DR. VALERIE,UX 190;
COOPER, DR. VALERIE,UX 199;
COOPER, DR. VALERIE,UX 223;
COOPER, DR. VALERIE,UX 224;
COOPER, DR. VALERIE,UX 254;
COOPER, DR. VALERIE,UX 262;
COOPER, DR. VALERIE,UX 263;
COOPER, DR. VALERIE,UX 264;
COOPER, DR. VALERIE,UX 266;
COOPER, DR. VALERIE,UX 269;
COOPER, DR. VALERIE,UX 295;
COOPER, DR. VALERIE,UX 326;
COOPER, DR. VALERIE,UX 328;
COOPER, DR. VALERIE,UX 360;
COOPER, DR. VALERIE,X 106;
COOPER, DR. VALERIE,X 12;
COOPER, DR. VALERIE,X 14;
COOPER, DR. VALERIE,X 2;
COOPER, DR. VALERIE,X 3;
COOPER, DR. VALERIE,X51 6;
COOPER, DR. VALERIE,X 57;
COOPER, DR. VALERIE,XCAL 79;
COOPER, DR. VALERIE,XF 108;
COOPER, DR. VALERIE,XF 109;
COOPER, DR. VALERIE,XF 111;
COOPER, DR. VALERIE,XF 114;
COOPER, DR. VALERIE,XF 116;
COOPER, DR. VALERIE,XF 117;
COOPER, DR. VALERIE,XF 119;
COOPER, DR. VALERIE,XF 120;
COOPER, DR. VALERIE,XF 121;
COOPER, DR. VALERIE,XF 122;
COOPER, DR. VALERIE,XF 123;
COOPER, DR. VALERIE,XF 124;
COOPER, DR. VALERIE,XF 137;
COOPER, DR. VALERIE,XF 139;
COOPER, DR. VALERIE,XF 142;
COOPER, DR. VALERIE,XF 148;
COOPER, DR. VALERIE,XF 7;
COOPER, DR. VALERIE,XF 70;
COOPER, DR. VALERIE,XF 71;
COOPER, DR. VALERIE,XF 7/2;
COOPER, DR. VALERIE,XF 72;
COOPER, DR. VALERIE,XF 73;
COOPER, DR. VALERIE,XF 74;
COOPER, DR. VALERIE,XF 75;
COOPER, DR. VALERIE,XF 76;
COOPER, DR. VALERIE,XF 77;
COOPER, DR. VALERIE,XF 78;
COOPER, DR. VALERIE,XF 79;
COOPER, DR. VALERIE,XF 80;
COOPER, DR. VALERIE,XF 81;
COOPER, DR. VALERIE,XF 82;
COOPER, DR. VALERIE,XF 83;
COOPER, DR. VALERIE,XF 84;
COOPER, DR. VALERIE,XF 86;
COOPER, DR. VALERIE,XF 9;
COOPER, DR. VALERIE,XFOR 16;
COOPER, DR. VALERIE,XFOR 17;
COOPER, DR. VALERIE,XFOR 5;
COOPER, DR. VALERIE,X:PRIME;
COOPER, ROGER CAPS,M/TIO 3;
COOPER, ROGER CAPS,NO 1;
COOPER, ROGER CAPS,NO 11;
COOPER, ROGER CAPS,NO 13;
COOPER, ROGER CAPS,NO 14;
COOPER, ROGER CAPS,NO 16;
COOPER, ROGER CAPS,NO 17;
COOPER, ROGER CAPS,NO 18/2;
COOPER, ROGER CAPS,NO 2;
COOPER, ROGER CAPS,NO 20;
COOPER, ROGER CAPS,NO2 8;
COOPER, ROGER CAPS,NO2 9;
COOPER, ROGER CAPS,NO 3;
COOPER, ROGER CAPS,NO 6;
COOPER, ROGER CAPS,NO 8;
COOPER, ROGER CAPS,NO 9;
COOPER, ROGER CAPS,NW2 9;
COOPER, TERI,M/SH3 1/5;
COOPER, WHITNEY III,SLEEP 13;
COOPER, WHITNEY III,SLEEP 15;
COOPER, WHITNEY III,SLEEP 19;
COOPER, WHITNEY III,SLEEP 4;
COOPER, WHITNEY III,SLEEP 8;
COPPERHEAD II/,HFLY 8;
COPPERHEAD II/,HFLY 9;
COPPERHEAD III/DAVIS,CA 337;
COPPERHEAD III/DAVIS,CA 338;
COPPERHEAD III/DAVIS,CA 341;
COPPERHEAD III/DAVIS,CA 342;
COPPERHEAD III/DAVIS,CA 343;
COPPERHEAD III/DAVIS,CA 344;
COPPERHEAD III/DAVIS,CA 365/2;
COPPERHEAD III/DAVIS,CA 367/2;
COPPERHEAD III/DAVIS,CA 380;
COPPERHEAD III/DAVIS,DAMCON2 1;
COPPERHEAD III/DAVIS,UX 13;
COPPERHEAD IV/,DD/SM 1;
COPPERHEAD/LAWRENCE,DD 124;
COPPERHEAD/LAWRENCE,DD 125;
COPPERSMITH, ALFRED,DD 257;
COPPERSMITH, ALFRED,PUN2 10;
COPPER,TB 7;
COPYCAT/VANESSA,BP3 23;
COPYCAT/VANESSA,C2 38;
COPYCAT/VANESSA,C2 39;
COPYCAT/VANESSA,DPOOL3 38;
COPYCAT/VANESSA,DPOOL3 39;
COPYCAT/VANESSA,DPOOL3 40;
COPYCAT/VANESSA,DPOOL3 41;
COPYCAT/VANESSA,DPOOL3 42;
COPYCAT/VANESSA,DPOOL3 43;
COPYCAT/VANESSA,DPOOL3 44;
COPYCAT/VANESSA,DPOOL3 45;
COPYCAT/VANESSA,DPOOL3 49;
COPYCAT/VANESSA,NM 100;
COPYCAT/VANESSA,NM 7;
COPYCAT/VANESSA,NM 98;
COPYCAT/VANESSA,NM 99;
COPYCAT/VANESSA,NW 1;
COPYCAT/VANESSA,S-M 16;
COPYCAT/VANESSA,UX 15;
COPYCAT/VANESSA,XF 6;
COPYCAT/VANESSA,XFOR 1;
COPYCAT/VANESSA,XFOR 10;
COPYCAT/VANESSA,XFOR 11;
COPYCAT/VANESSA,XFOR 12;
COPYCAT/VANESSA,XFOR 1/3;
COPYCAT/VANESSA,XFOR 13;
COPYCAT/VANESSA,XFOR 14;
COPYCAT/VANESSA,XFOR 15;
COPYCAT/VANESSA,XFOR 2;
COPYCAT/VANESSA,XFOR 3;
COPYCAT/VANESSA,XFOR 4;
COPYCAT/VANESSA,XFOR 5;
COPYCAT/VANESSA,XFOR 6;
COPYCAT/VANESSA,XFOR 7;
COPYCAT/VANESSA,XFOR 9;
CORAL,XF 56;
CORBEAU, DR. PETER,A 103;
CORBEAU, DR. PETER,A 344;
CORBEAU, DR. PETER,A 345;
CORBEAU, DR. PETER,CX 7;
CORBEAU, DR. PETER,CX 8;
CORBEAU, DR. PETER,CX 8/2;
CORBEAU, DR. PETER,CX 9;
CORBEAU, DR. PETER,H2 148;
CORBEAU, DR. PETER,H2 172;
CORBEAU, DR. PETER,IM 314;
CORBEAU, DR. PETER,IM 319;
CORBEAU, DR. PETER,MAXSEC 1;
CORBEAU, DR. PETER,MSM 6;
CORBEAU, DR. PETER,UX 100;
CORBEAU, DR. PETER,UX 101;
CORBEAU, DR. PETER,UX 107;
CORBEAU, DR. PETER,UX 108;
CORBEAU, DR. PETER,UX 135;
CORBEAU, DR. PETER,UX 136;
CORBEAU, DR. PETER,UX 150;
CORBEAU, DR. PETER,UX 158;
CORBEAU, DR. PETER,UX 98;
CORBEAU, DR. PETER,UX 99;
CORBEAU, DR. PETER,WM2 7;
CORBEAU, DR. PETER,X 100;
CORBEAU, DR. PETER,X 101;
CORBEAU, DR. PETER,X 80;
CORBEAU, DR. PETER,XM 55;
CORD, EDWIN,DD 167;
CORD, EDWIN,IM 145;
CORD, EDWIN,IM 156;
CORD, EDWIN,IM 226;
CORD, EDWIN,IM 229;
CORD, EDWIN,IM 230;
CORD, EDWIN,IM 231;
CORD, EDWIN,IM 233;
CORD, EDWIN,TB 23;
CORD, EDWIN,TB 24;
CORD, EDWIN,TB 28;
CORDITE,ASMSS 1/3;
CORD, JANICE,IM 10;
CORD, JANICE,IM 11;
CORD, JANICE,IM 12;
CORD, JANICE,IM 13;
CORD, JANICE,IM 14;
CORD, JANICE,IM 15;
CORD, JANICE,IM 17;
CORD, JANICE,IM 18;
CORD, JANICE,IM 19;
CORD, JANICE,IM 2;
CORD, JANICE,IM 21;
CORD, JANICE,IM 22;
CORD, JANICE,IM 6;
CORD, JANICE,IM 7;
CORD, JANICE,IM 8;
CORD, JANICE,IM 9;
CORDOVA, JUAN,PPCDGN;
CORNELIUS, DR.,X 5;
CORNELIUS, DR.,X 6;
CORNELIUS, DR.,X 7;
CORONA/DAGNY FORREST,PPTSS 176;
CORONA/DAGNY FORREST,PPTSS 177;
CORONARY/JIMMY SHARP,NW 15;
CORONARY/JIMMY SHARP,NW 16;
CORONARY/JIMMY SHARP,NW 4;
CORONARY/JIMMY SHARP,NW 52;
CORONARY/JIMMY SHARP,NW 60;
CORONARY/JIMMY SHARP,NW 63;
CORONARY/JIMMY SHARP,NW 64;
CORONER,SS3 139;
CORONER,SS3 140;
CORONER,SS3 141;
CORONER,SS3 142;
CORONER,SS3 143;
CORONER,SS3 144;
CORONER,SS3 145;
CORRIGAN, ARCHIBALD,M/CP 62;
CORRIGAN, ARCHIBALD,M/CP 63;
CORRIGAN, ARCHIBALD,W2 11;
CORRIGAN, ARCHIBALD,W2 12;
CORRIGAN, ARCHIBALD,W2 13;
CORRIGAN, ARCHIBALD,W2 14;
CORRIGAN, ARCHIBALD,W2 15;
CORRIGAN, ARCHIBALD,W2 16;
CORRIGAN, ARCHIBALD,W2 17;
CORRIGAN, ARCHIBALD,W2 18;
CORRIGAN, ARCHIBALD,W2 31;
CORRIGAN, ARCHIBALD,W2 32;
CORRIGAN, ARCHIBALD,W2 33;
CORRIGAN, ARCHIBALD,W2 4;
CORRIGAN, ARCHIBALD,W2 5;
CORRIGAN, ARCHIBALD,W2 6;
CORRIGAN, ARCHIBALD,W2 7;
CORRIGAN, ARCHIBALD,W2 87;
CORRIGAN, ARCHIBALD,W2 98;
CORRUPTOR/JACKSON DA,A3 6;
CORRUPTOR/JACKSON DA,H2 263;
CORRUPTOR/JACKSON DA,H2 264;
CORRUPTOR/JACKSON DA,H2 265;
CORRUPTOR/JACKSON DA,NO 21;
CORRUPTOR/JACKSON DA,NO2 10;
CORRUPTOR/JACKSON DA,NO2 9;
CORRUPTOR/JACKSON DA,NO 4;
CORSAIR,A 350;
CORSAIR,A 351;
CORSAIR,CX 14;
CORSAIR,CX 15;
CORSAIR,CX 15/2;
CORSAIR,DPOOL3 43;
CORSAIR,GAL 5;
CORSAIR,GAL 6;
CORSAIR,M/GN 5;
CORSAIR,NM 19;
CORSAIR,NM 50;
CORSAIR,NM 51;
CORSAIR,SEX 1;
CORSAIR,UX 104;
CORSAIR,UX 107;
CORSAIR,UX 108;
CORSAIR,UX 109;
CORSAIR,UX 114;
CORSAIR,UX 144;
CORSAIR,UX 154;
CORSAIR,UX 155;
CORSAIR,UX 156;
CORSAIR,UX 157;
CORSAIR,UX 158;
CORSAIR,UX 159;
CORSAIR,UX 161;
CORSAIR,UX 163;
CORSAIR,UX 166;
CORSAIR,UX 167;
CORSAIR,UX 168;
CORSAIR,UX 173;
CORSAIR,UX 174;
CORSAIR,UX 175;
CORSAIR,UX 177;
CORSAIR,UX 200;
CORSAIR,UX 201;
CORSAIR,UX 203;
CORSAIR,UX 275;
CORSAIR,UX 276;
CORSAIR,UX 277;
CORSAIR,UX 387;
CORSAIR,UX 391;
CORSAIR,W2 135;
CORSAIR,W2 136;
CORSAIR,W2 137;
CORSAIR,W2 138;
CORSAIR,WM2 8;
CORSAIR,XCAL 116;
CORSAIR,XCAL 17;
CORSAIR,XF 115;
CORSAIR,XSOS 1;
CORSAIR,XSOS 2;
CORSI, TOM,AF 88;
CORSI, TOM,AF 90;
CORSI, TOM,GENX 52;
CORSI, TOM,GENX 57;
CORSI, TOM,GENX 59;
CORSI, TOM,GENX 60;
CORSI, TOM,NM 19;
CORSI, TOM,NM 20;
CORSI, TOM,NM 26;
CORSI, TOM,NM 35;
CORSI, TOM,NM 36;
CORSI, TOM,NM 38;
CORSI, TOM,NM 39;
CORSI, TOM,NM 43;
CORSI, TOM,UX 212;
CORSI, TOM,UX 254;
CORSI, TOM,UX 255;
CORSI, TOM,UX 278;
CORTES, MARIA PILAR,XX 1;
CORTES, MARIA PILAR,XX 2;
CORTES, MARIA PILAR,XX 3;
CORTEZ, FABIAN,HFH 8;
CORTEZ, FABIAN,HFH '98;
CORTEZ, FABIAN,M:DS 1;
CORTEZ, FABIAN,M:DS 2;
CORTEZ, FABIAN,M:DS 3;
CORTEZ, FABIAN,M:DS 4;
CORTEZ, FABIAN,MR 1;
CORTEZ, FABIAN,QS 1;
CORTEZ, FABIAN,QS 11;
CORTEZ, FABIAN,QS 12;
CORTEZ, FABIAN,QS 4;
CORTEZ, FABIAN,QS 5;
CORTEZ, FABIAN,QS 6;
CORTEZ, FABIAN,QS 8;
CORTEZ, FABIAN,UX 379;
CORTEZ, FABIAN,UX 380;
CORTEZ, FABIAN,UX '99;
CORTEZ, FABIAN,X 1;
CORTEZ, FABIAN,X 2;
CORTEZ, FABIAN,X 3;
CORTEZ, FABIAN,X 96;
CORTEZ, FABIAN,X:MW 1;
CORTEZ, FABIAN,XU 24/2;
COSMIC MESSIAH,SS3 136;
COSMIC MESSIAH,SS3 138;
COTTONMOUTH II,BP3 16;
COTTONMOUTH II,BP3 17;
COTTONMOUTH II,CA 310;
COTTONMOUTH II,CA 311;
COTTONMOUTH II,CA 313;
COTTONMOUTH II,CA 315;
COTTONMOUTH II,CA 319;
COTTONMOUTH II,CA 341;
COTTONMOUTH II,CA 342;
COTTONMOUTH II,CA 365/2;
COTTONMOUTH II,CA 380;
COTTONMOUTH II,CA 381;
COTTONMOUTH II,CA 382;
COTTONMOUTH II,CA 434;
COTTONMOUTH II,CA 435;
COTTONMOUTH II,CA 436;
COTTONMOUTH II,CA 437;
COTTONMOUTH II,UX 13;
COTTONMOUTH,PM 19;
COTTONMOUTH,PM 20;
COUNTERWEIGHT II/KAT,FF 23;
COUNTERWEIGHT II/KAT,M/FAN 55;
COUNTERWEIGHT II/KAT,M/SH3 6/2;
COUNTERWEIGHT II/KAT,NW 1/8;
COUNTERWEIGHT II/KAT,NW2 1;
COUNTERWEIGHT II/KAT,NW 48;
COUNTERWEIGHT II/KAT,NW 51;
COUNTERWEIGHT II/KAT,NW 55;
COUNTERWEIGHT II/KAT,PP 1;
COUNTERWEIGHT II/KAT,PP 10;
COUNTERWEIGHT II/KAT,PP 11;
COUNTERWEIGHT II/KAT,PP 12;
COUNTERWEIGHT II/KAT,PP 13;
COUNTERWEIGHT II/KAT,PP 14;
COUNTERWEIGHT II/KAT,PP 15;
COUNTERWEIGHT II/KAT,PP 16;
COUNTERWEIGHT II/KAT,PP 17;
COUNTERWEIGHT II/KAT,PP 18;
COUNTERWEIGHT II/KAT,PP 19;
COUNTERWEIGHT II/KAT,PP 2;
COUNTERWEIGHT II/KAT,PP 20;
COUNTERWEIGHT II/KAT,PP 21;
COUNTERWEIGHT II/KAT,PP 22;
COUNTERWEIGHT II/KAT,PP 23;
COUNTERWEIGHT II/KAT,PP 24;
COUNTERWEIGHT II/KAT,PP 25;
COUNTERWEIGHT II/KAT,PP 26;
COUNTERWEIGHT II/KAT,PP 27;
COUNTERWEIGHT II/KAT,PP 28;
COUNTERWEIGHT II/KAT,PP 29;
COUNTERWEIGHT II/KAT,PP 3;
COUNTERWEIGHT II/KAT,PP 30;
COUNTERWEIGHT II/KAT,PP 31;
COUNTERWEIGHT II/KAT,PP 32;
COUNTERWEIGHT II/KAT,PP 33;
COUNTERWEIGHT II/KAT,PP 34;
COUNTERWEIGHT II/KAT,PP 35;
COUNTERWEIGHT II/KAT,PP 36;
COUNTERWEIGHT II/KAT,PP 37;
COUNTERWEIGHT II/KAT,PP 38;
COUNTERWEIGHT II/KAT,PP 39;
COUNTERWEIGHT II/KAT,PP 4;
COUNTERWEIGHT II/KAT,PP 40;
COUNTERWEIGHT II/KAT,PP 41;
COUNTERWEIGHT II/KAT,PP 42;
COUNTERWEIGHT II/KAT,PP 43;
COUNTERWEIGHT II/KAT,PP 44;
COUNTERWEIGHT II/KAT,PP 45;
COUNTERWEIGHT II/KAT,PP 46;
COUNTERWEIGHT II/KAT,PP 47;
COUNTERWEIGHT II/KAT,PP 48;
COUNTERWEIGHT II/KAT,PP 49;
COUNTERWEIGHT II/KAT,PP 5;
COUNTERWEIGHT II/KAT,PP 50;
COUNTERWEIGHT II/KAT,PP 51;
COUNTERWEIGHT II/KAT,PP 52;
COUNTERWEIGHT II/KAT,PP 53;
COUNTERWEIGHT II/KAT,PP 54;
COUNTERWEIGHT II/KAT,PP 55;
COUNTERWEIGHT II/KAT,PP 56;
COUNTERWEIGHT II/KAT,PP 57;
COUNTERWEIGHT II/KAT,PP 58;
COUNTERWEIGHT II/KAT,PP 59;
COUNTERWEIGHT II/KAT,PP 6;
COUNTERWEIGHT II/KAT,PP 60;
COUNTERWEIGHT II/KAT,PP 61;
COUNTERWEIGHT II/KAT,PP 62;
COUNTERWEIGHT II/KAT,PP 7;
COUNTERWEIGHT II/KAT,PP 8;
COUNTERWEIGHT II/KAT,PP 9;
COUNTERWEIGHT II/KAT,PPCDGN;
COUNTERWEIGHT II/KAT,PP:PP 1;
COUNTERWEIGHT II/KAT,PP:PP 2;
COUNTERWEIGHT II/KAT,PP:PP 3;
COUNTERWEIGHT II/KAT,PP:PP 4;
COUNTERWEIGHT II/KAT,ST2 12;
COUNTERWEIGHT II/KAT,ST2 13;
COUNTERWEIGHT II/KAT,ST2 14;
COUNTERWEIGHT II/KAT,SWII 6;
COUNTERWEIGHT II/KAT,T 357;
COUNTERWEIGHT II/KAT,T 363;
COUNTERWEIGHT II/KAT,UX 195;
COUNTERWEIGHT II/KAT,UX 205;
COUNTERWEIGHT II/KAT,XCAL 29;
COUNTERWEIGHT II/KAT,XF 2;
COUNTERWEIGHT II/KAT,XF 25;
COUNTERWEIGHT/JACK P,FF 23;
COUNTERWEIGHT/JACK P,M/FAN 55;
COUNTERWEIGHT/JACK P,M/SH3 6/2;
COUNTERWEIGHT/JACK P,NW 48;
COUNTERWEIGHT/JACK P,NW 51;
COUNTERWEIGHT/JACK P,NW 55;
COUNTERWEIGHT/JACK P,NW 57;
COUNTERWEIGHT/JACK P,PP 1;
COUNTERWEIGHT/JACK P,PP 10;
COUNTERWEIGHT/JACK P,PP 11;
COUNTERWEIGHT/JACK P,PP 12;
COUNTERWEIGHT/JACK P,PP 13;
COUNTERWEIGHT/JACK P,PP 14;
COUNTERWEIGHT/JACK P,PP 15;
COUNTERWEIGHT/JACK P,PP 16;
COUNTERWEIGHT/JACK P,PP 17;
COUNTERWEIGHT/JACK P,PP 18;
COUNTERWEIGHT/JACK P,PP 19;
COUNTERWEIGHT/JACK P,PP 2;
COUNTERWEIGHT/JACK P,PP 20;
COUNTERWEIGHT/JACK P,PP 21;
COUNTERWEIGHT/JACK P,PP 22;
COUNTERWEIGHT/JACK P,PP 23;
COUNTERWEIGHT/JACK P,PP 24;
COUNTERWEIGHT/JACK P,PP 25;
COUNTERWEIGHT/JACK P,PP 26;
COUNTERWEIGHT/JACK P,PP 27;
COUNTERWEIGHT/JACK P,PP 28;
COUNTERWEIGHT/JACK P,PP 29;
COUNTERWEIGHT/JACK P,PP 3;
COUNTERWEIGHT/JACK P,PP 30;
COUNTERWEIGHT/JACK P,PP 31;
COUNTERWEIGHT/JACK P,PP 32;
COUNTERWEIGHT/JACK P,PP 33;
COUNTERWEIGHT/JACK P,PP 34;
COUNTERWEIGHT/JACK P,PP 35;
COUNTERWEIGHT/JACK P,PP 36;
COUNTERWEIGHT/JACK P,PP 37;
COUNTERWEIGHT/JACK P,PP 38;
COUNTERWEIGHT/JACK P,PP 39;
COUNTERWEIGHT/JACK P,PP 4;
COUNTERWEIGHT/JACK P,PP 40;
COUNTERWEIGHT/JACK P,PP 41;
COUNTERWEIGHT/JACK P,PP 42;
COUNTERWEIGHT/JACK P,PP 43;
COUNTERWEIGHT/JACK P,PP 44;
COUNTERWEIGHT/JACK P,PP 45;
COUNTERWEIGHT/JACK P,PP 46;
COUNTERWEIGHT/JACK P,PP 47;
COUNTERWEIGHT/JACK P,PP 48;
COUNTERWEIGHT/JACK P,PP 49;
COUNTERWEIGHT/JACK P,PP 5;
COUNTERWEIGHT/JACK P,PP 50;
COUNTERWEIGHT/JACK P,PP 51;
COUNTERWEIGHT/JACK P,PP 52;
COUNTERWEIGHT/JACK P,PP 53;
COUNTERWEIGHT/JACK P,PP 54;
COUNTERWEIGHT/JACK P,PP 55;
COUNTERWEIGHT/JACK P,PP 56;
COUNTERWEIGHT/JACK P,PP 57;
COUNTERWEIGHT/JACK P,PP 58;
COUNTERWEIGHT/JACK P,PP 59;
COUNTERWEIGHT/JACK P,PP 6;
COUNTERWEIGHT/JACK P,PP 60;
COUNTERWEIGHT/JACK P,PP 61;
COUNTERWEIGHT/JACK P,PP 62;
COUNTERWEIGHT/JACK P,PP 7;
COUNTERWEIGHT/JACK P,PP 8;
COUNTERWEIGHT/JACK P,PP 9;
COUNTERWEIGHT/JACK P,PPCDGN;
COUNTERWEIGHT/JACK P,PP:PP 1;
COUNTERWEIGHT/JACK P,PP:PP 2;
COUNTERWEIGHT/JACK P,PP:PP 3;
COUNTERWEIGHT/JACK P,PP:PP 4;
COUNTERWEIGHT/JACK P,ST2 12;
COUNTERWEIGHT/JACK P,ST2 13;
COUNTERWEIGHT/JACK P,ST2 14;
COUNTERWEIGHT/JACK P,SWII 6;
COUNTERWEIGHT/JACK P,T 357;
COUNTERWEIGHT/JACK P,T 363;
COUNTERWEIGHT/JACK P,UX 195;
COUNTERWEIGHT/JACK P,XCAL 29;
COUNTERWEIGHT/JACK P,XF 2;
COUNTERWEIGHT/JACK P,XF 25;
COUNT NEFARIA, LUCHI,A 13;
COUNT NEFARIA, LUCHI,A 164;
COUNT NEFARIA, LUCHI,A 165;
COUNT NEFARIA, LUCHI,A 166;
COUNT NEFARIA, LUCHI,A3 32;
COUNT NEFARIA, LUCHI,A3 33;
COUNT NEFARIA, LUCHI,A3 34;
COUNT NEFARIA, LUCHI,A 353;
COUNT NEFARIA, LUCHI,A 354;
COUNT NEFARIA, LUCHI,CA3 28;
COUNT NEFARIA, LUCHI,CA3 29;
COUNT NEFARIA, LUCHI,CA3 30;
COUNT NEFARIA, LUCHI,CA3 31;
COUNT NEFARIA, LUCHI,CX 3;
COUNT NEFARIA, LUCHI,IM 114;
COUNT NEFARIA, LUCHI,IM 115;
COUNT NEFARIA, LUCHI,IM 116;
COUNT NEFARIA, LUCHI,IM 8;
COUNT NEFARIA, LUCHI,IM '99;
COUNT NEFARIA, LUCHI,TB 43;
COUNT NEFARIA, LUCHI,TB 44;
COUNT NEFARIA, LUCHI,TOS 67;
COUNT NEFARIA, LUCHI,TOS 68;
COUNT NEFARIA, LUCHI,UX 22;
COUNT NEFARIA, LUCHI,UX 23;
COUNT NEFARIA, LUCHI,UX 94;
COUNT NEFARIA, LUCHI,UX 95;
COURIER/JACOB GAVIN,GAM3 '00;
COURIER/JACOB GAVIN,GAM3 1;
COURIER/JACOB GAVIN,GAM3 12;
COURIER/JACOB GAVIN,GAM3 13;
COURIER/JACOB GAVIN,GAM3 14;
COURIER/JACOB GAVIN,GAM3 17;
COURIER/JACOB GAVIN,GAM3 19;
COURIER/JACOB GAVIN,GAM3 20;
COURIER/JACOB GAVIN,GAM3 21;
COURIER/JACOB GAVIN,GAM3 22;
COURIER/JACOB GAVIN,GAM3 23;
COURIER/JACOB GAVIN,GAM3 24;
COURTNEY, DELPHINE,AF 11;
COURTNEY, DELPHINE,AF 12;
COURTNEY, DELPHINE,AF 22;
COURTNEY, DELPHINE,AF 25;
COURTNEY, DELPHINE,AF 26;
COURTNEY, DELPHINE,AF 27;
COURTNEY, DELPHINE,AF 28;
COURTNEY, DELPHINE,AF 7;
COVEY, LAWRENCE K.,T 16/3;
COWAN, EARL,TM:WY 1;
COWEN, BUCK,GSWBN 2;
COWEN, BUCK,GSWBN 3;
COWEN, BUCK,GSWBN 4;
COWEN, BUCK,IM 209;
COWEN, BUCK,M/SPT 4;
COWEN, BUCK,M/TU 12;
COWEN, BUCK,M/TU 93;
COWEN, BUCK,S-W 19;
COWEN, BUCK,WBN 1;
COWEN, BUCK,WBN 10;
COWEN, BUCK,WBN 11;
COWEN, BUCK,WBN 17;
COWEN, BUCK,WBN 2;
COWEN, BUCK,WBN 22;
COWEN, BUCK,WBN 23;
COWEN, BUCK,WBN 24;
COWEN, BUCK,WBN 25;
COWEN, BUCK,WBN 26;
COWEN, BUCK,WBN 27;
COWEN, BUCK,WBN 28;
COWEN, BUCK,WBN 29;
COWEN, BUCK,WBN 30;
COWEN, BUCK,WBN 31;
COWEN, BUCK,WBN 34;
COWEN, BUCK,WBN 36;
COWEN, BUCK,WBN 37;
COWEN, BUCK,WBN 38;
COWEN, BUCK,WBN 39;
COWEN, BUCK,WBN 42;
COWEN, BUCK,WBN 6;
COWEN, BUCK,WBN 7;
COWEN, BUCK,WBN 8;
COWEN, ELAINE,S-W 19;
COWEN, ELAINE,WBN 31;
COWEN, ELAINE,WBN 32;
COWEN, ELAINE,WBN 33;
COWEN, ELAINE,WBN 34;
COWEN, ELAINE,WBN 35;
COWEN, ELAINE,WBN 36;
COWEN, ELAINE,WBN 37;
COWEN, ELAINE,WBN 42;
COY, GENERAL NGUYEN,BEAST 3;
COY, GENERAL NGUYEN,M/CP 86;
COY, GENERAL NGUYEN,M/CP 89;
COY, GENERAL NGUYEN,M/CP 90;
COY, GENERAL NGUYEN,M/CP 91;
COY, GENERAL NGUYEN,M/CP 92;
COY, GENERAL NGUYEN,M/TU 100;
COY, GENERAL NGUYEN,NM 31;
COY, GENERAL NGUYEN,NM 6;
COY, GENERAL NGUYEN,NM 93;
COY, GENERAL NGUYEN,S-M 73;
COY, GENERAL NGUYEN,S-M 74;
COY, GENERAL NGUYEN,S-W 46;
COY, GENERAL NGUYEN,W2 17;
COY, GENERAL NGUYEN,W2 18;
COY, GENERAL NGUYEN,W2 23;
COY, GENERAL NGUYEN,W2 27;
COY, GENERAL NGUYEN,W2 29;
COY, GENERAL NGUYEN,W2 30;
COY, GENERAL NGUYEN,W2 31;
COY, GENERAL NGUYEN,W2 32;
COY, GENERAL NGUYEN,W2 4;
COY, GENERAL NGUYEN,W2 6;
COY, GENERAL NGUYEN,W2 7;
COY, GENERAL NGUYEN,W2 8;
COY, GENERAL NGUYEN,W2 98;
COYOTE,XFOR -1;
CRAIG, REV.,CX 2;
CRAIG, REV.,M/GN 4;
CRAIG, REV.,NM 26;
CRAIG, REV.,XCAL 107;
CRAIG, REV.,XCAL 93;
CRANDAL, BEN,IM 41;
CRANDAL, BEN,IM 42;
CRANDAL, BEN,IM 43;
CRANUS,QS 3;
CRAWFORD, GEN.,H2 462;
CRAWLEY, BETRAND,HMAG 13/2;
CRAWLEY, BETRAND,HMAG 17/2;
CRAWLEY, BETRAND,IM 161;
CRAWLEY, BETRAND,MK 1;
CRAWLEY, BETRAND,MK 10;
CRAWLEY, BETRAND,MK 11;
CRAWLEY, BETRAND,MK 13;
CRAWLEY, BETRAND,MK 15;
CRAWLEY, BETRAND,MK 2;
CRAWLEY, BETRAND,MK 22;
CRAWLEY, BETRAND,MK 25;
CRAWLEY, BETRAND,MK 26/2;
CRAWLEY, BETRAND,MK 29;
CRAWLEY, BETRAND,MK 3;
CRAWLEY, BETRAND,MK 30;
CRAWLEY, BETRAND,MK 31/2;
CRAWLEY, BETRAND,MK3 26;
CRAWLEY, BETRAND,MK 33;
CRAWLEY, BETRAND,MK3 31;
CRAWLEY, BETRAND,MK 34;
CRAWLEY, BETRAND,MK 34/2;
CRAWLEY, BETRAND,MK 35;
CRAWLEY, BETRAND,MK 4;
CRAWLEY, BETRAND,MK4 2;
CRAWLEY, BETRAND,MK4 4;
CRAWLEY, BETRAND,MK 6;
CRAWLEY, BETRAND,MK 7;
CRAWLEY, BETRAND,MK 8;
CRAWLEY, BETRAND,M/TU 144;
CRAWLEY, BETRAND,PM&IF 87;
CRAZY EIGHT/LESLIE A,H2 380;
CREED, GRAYDON,MM '98;
CREED, GRAYDON | MUT,MX 15;
CREED, GRAYDON,PPTSS 237;
CREED, GRAYDON,UX 323;
CREED, GRAYDON,UX 324;
CREED, GRAYDON,UX 333;
CREED, GRAYDON,UX 334;
CREED, GRAYDON,UX 337;
CREED, GRAYDON,UX 339;
CREED, GRAYDON,UX 340;
CREED, GRAYDON,X 45;
CREED, GRAYDON,X 51;
CREED, GRAYDON,X 53;
CREED, GRAYDON,X 57;
CREED, GRAYDON,X 58;
CREED, GRAYDON,X 59;
CREED, GRAYDON,XF 123;
CREED, GRAYDON,XFOR 40;
CREED, GRAYDON,XMF 2;
CREED,SOV 1;
CREEP/,S-M 96;
CRIMEBUSTER/FRANK MO,FF 206;
CRIMEBUSTER/FRANK MO,FF 208;
CRIMEBUSTER/FRANK MO,FF 209;
CRIMEBUSTER/FRANK MO,NO 13;
CRIMEBUSTER/FRANK MO,NO 15;
CRIMEBUSTER/FRANK MO,NO 24;
CRIMEBUSTER/FRANK MO,NO 25;
CRIMEBUSTER/FRANK MO,ROM 24;
CRIME-BUSTER/,PM&IF 105;
CRIME-MASTER/NICK LU,ASM 26;
CRIME-MASTER/NICK LU,ASM 27;
CRIME-WAVE/HOLLIS,DD 59;
CRIME-WAVE/HOLLIS,DD 60;
CRIMEWAVE/,SLEEP 5;
CRIMEWAVE/,SLEEP 6;
CRIMSON COMMANDO/FRA,CA 346;
CRIMSON COMMANDO/FRA,H2 369;
CRIMSON COMMANDO/FRA,NM 65;
CRIMSON COMMANDO/FRA,NM 7/2;
CRIMSON COMMANDO/FRA,NM 78;
CRIMSON COMMANDO/FRA,NM 80;
CRIMSON COMMANDO/FRA,NM 86;
CRIMSON COMMANDO/FRA,NM 88;
CRIMSON COMMANDO/FRA,NM 89;
CRIMSON COMMANDO/FRA,UX 15/2;
CRIMSON COMMANDO/FRA,UX 215;
CRIMSON COMMANDO/FRA,UX 216;
CRIMSON COMMANDO/FRA,UX 223;
CRIMSON COMMANDO/FRA,UX 224;
CRIMSON COMMANDO/FRA,UX 225;
CRIMSON COMMANDO/FRA,UX 226;
CRIMSON COMMANDO/FRA,UX 227;
CRIMSON COMMANDO/FRA,XF 30;
CRIMSON COMMANDO/FRA,XF 31;
CRIMSON COMMANDO/FRA,XF 33;
CRIMSON COMMANDO/FRA,XF 6/2;
CRIMSON COWL II/,TB 1;
CRIMSON COWL II/,TB 10;
CRIMSON COWL II/,TB 11;
CRIMSON COWL II/,TB 15;
CRIMSON COWL II/,TB 18;
CRIMSON COWL II/,TB 2;
CRIMSON COWL II/,TB 20;
CRIMSON COWL II/,TB 21;
CRIMSON COWL II/,TB 23;
CRIMSON COWL II/,TB 24;
CRIMSON COWL II/,TB 25;
CRIMSON COWL II/,TB 3;
CRIMSON COWL II/,TB 33;
CRIMSON COWL II/,TB 38;
CRIMSON COWL II/,TB 4;
CRIMSON COWL II/,TB 40;
CRIMSON COWL II/,TB 42;
CRIMSON COWL II/,TB 5;
CRIMSON COWL II/,TB 6;
CRIMSON COWL II/,TB 7;
CRIMSON COWL II/,TB 8;
CRIMSON CRUSADER/ROR,X&CD 1;
CRIMSON CRUSADER/ROR,X&CD 2;
CRIMSON DAFFODIL,C&D3 11;
CRIMSON DAFFODIL,C&D3 7;
CRIMSON DAFFODIL,C&D3 8;
CRIMSON DYNAMO II/BO,TOS 52;
CRIMSON DYNAMO III/A,A 130;
CRIMSON DYNAMO III/A,GSA 4;
CRIMSON DYNAMO III/A,IM 15;
CRIMSON DYNAMO III/A,IM 17;
CRIMSON DYNAMO III/A,IM 18;
CRIMSON DYNAMO III/A,IM 19;
CRIMSON DYNAMO III/A,IM 21;
CRIMSON DYNAMO III/A,IM 22;
CRIMSON DYNAMO III/A,IM 73;
CRIMSON DYNAMO III/A,IM 74;
CRIMSON DYNAMO IV/YU,CHAMP 10;
CRIMSON DYNAMO IV/YU,CHAMP 7;
CRIMSON DYNAMO IV/YU,CHAMP 8;
CRIMSON DYNAMO IV/YU,CHAMP 9;
CRIMSON DYNAMO/PROF.,TOS 46;
CRIMSON DYNAMO/PROF.,TOS 52;
CRIMSON DYNAMO V/DIM,A 319;
CRIMSON DYNAMO V/DIM,A 320;
CRIMSON DYNAMO V/DIM,A 321;
CRIMSON DYNAMO V/DIM,A 322;
CRIMSON DYNAMO V/DIM,A 323;
CRIMSON DYNAMO V/DIM,A 324;
CRIMSON DYNAMO V/DIM,CA 352;
CRIMSON DYNAMO V/DIM,CA 353;
CRIMSON DYNAMO V/DIM,COC 1;
CRIMSON DYNAMO V/DIM,H2 250;
CRIMSON DYNAMO V/DIM,H2 257;
CRIMSON DYNAMO V/DIM,H2 258;
CRIMSON DYNAMO V/DIM,H2 259;
CRIMSON DYNAMO V/DIM,IM 10/2;
CRIMSON DYNAMO V/DIM,IM 109;
CRIMSON DYNAMO V/DIM,IM 110;
CRIMSON DYNAMO V/DIM,IM 111;
CRIMSON DYNAMO V/DIM,IM 112;
CRIMSON DYNAMO V/DIM,IM 132;
CRIMSON DYNAMO V/DIM,IM 229;
CRIMSON DYNAMO V/DIM,M/TU 2;
CRIMSON DYNAMO V/DIM,M/TU 7/2;
CRIMSON DYNAMO V/DIM,SSS 1;
CRIMSON DYNAMO V/DIM,XF 1;
CRIMSON DYNAMO V/DIM,XV.A 1;
CRIMSON DYNAMO V/DIM,XV.A 2;
CRIMSON DYNAMO V/DIM,XV.A 3;
CRIMSON DYNAMO VIII/,MASTERS OF EVIL;
CRIMSON DYNAMO VI/VA,CA3 42;
CRIMSON DYNAMO VI/VA,CA3 43;
CRIMSON DYNAMO VI/VA,H2 393;
CRIMSON DYNAMO VI/VA,IM 255;
CRIMSON DYNAMO VI/VA,IM 316;
CRIMSON DYNAMO VI/VA,IM 317;
CRIMSON DYNAMO VI/VA,SSS 1;
CRIMSON,XF 54;
CRIMSON,XF 56;
CRIMSON,XF 57;
CRIMSON,XF 58;
CRIPPLER/KARL STRIKL,ASM '00/2;
CRIPPLER/KARL STRIKL,DD 7;
CRIPPLER/KARL STRIKL,DD 7/3;
CRIPPLER/KARL STRIKL,DD 8/3;
CRIPPLER/KARL STRIKL,DLOK2 18;
CRIPPLER/KARL STRIKL,SSWP 2;
CRIPPLER/KARL STRIKL,SSWP 3;
CRIPPLER/KARL STRIKL,SSWP 4;
CRIPPLER/KARL STRIKL,SSWP 5;
CRIPPLER/KARL STRIKL,SSWP 6;
CRIPPLER/KARL STRIKL,SSWP 7;
CRIPPLER/KARL STRIKL,TB 41;
CRITICAL MASS,M/CP 49;
CRITICAL MASS,M/CP 50;
CRITIC,S-H2 14;
CRITIC,S-H2 15;
CRITIC,S-H2 16;
CRITIC,S-H2 17;
CRITIC,S-H2 47;
CRIX,SS3 112;
CROIX, ASHLEY,ASMU 14;
CROMWELL, HAMILTON,SENSM 32;
CROSSAN, ANNIE,XCAL 102;
CROSSAN, ANNIE,XCAL 91;
CROSSBONES/BROCK BIN,CA3 24;
CROSSBONES/BROCK BIN,CA 362;
CROSSBONES/BROCK BIN,CA 363;
CROSSBONES/BROCK BIN,CA 364;
CROSSBONES/BROCK BIN,CA 365;
CROSSBONES/BROCK BIN,CA 366;
CROSSBONES/BROCK BIN,CA 367;
CROSSBONES/BROCK BIN,CA 368;
CROSSBONES/BROCK BIN,CA 369;
CROSSBONES/BROCK BIN,CA 370;
CROSSBONES/BROCK BIN,CA 375;
CROSSBONES/BROCK BIN,CA 376;
CROSSBONES/BROCK BIN,CA 377;
CROSSBONES/BROCK BIN,CA 378;
CROSSBONES/BROCK BIN,CA 383/4;
CROSSBONES/BROCK BIN,CA 387/2;
CROSSBONES/BROCK BIN,CA 389/2;
CROSSBONES/BROCK BIN,CA 390/2;
CROSSBONES/BROCK BIN,CA 391/2;
CROSSBONES/BROCK BIN,CA 393;
CROSSBONES/BROCK BIN,CA 394;
CROSSBONES/BROCK BIN,CA 395;
CROSSBONES/BROCK BIN,CA 395/2;
CROSSBONES/BROCK BIN,CA 399/2;
CROSSBONES/BROCK BIN,CA 400/3;
CROSSBONES/BROCK BIN,CA 401;
CROSSBONES/BROCK BIN,CA 402/2;
CROSSBONES/BROCK BIN,CA 403/2;
CROSSBONES/BROCK BIN,CA 404/2;
CROSSBONES/BROCK BIN,CA 405/2;
CROSSBONES/BROCK BIN,CA 406/2;
CROSSBONES/BROCK BIN,CA 407/2;
CROSSBONES/BROCK BIN,CA 408/2;
CROSSBONES/BROCK BIN,CA 409;
CROSSBONES/BROCK BIN,CA 410;
CROSSBONES/BROCK BIN,CA 443;
CROSSBONES/BROCK BIN,GAM3 19;
CROSSBONES/BROCK BIN,Q 9;
CROSSBONES II/,REBEL;
CROSSBOW,DD 204;
CROSSBOW,DD 210;
CROSSBOW,DD 216;
CROSSFIRE,ASPOT 24;
CROSSFIRE,ASPOT 25;
CROSSFIRE,CA 317;
CROSSFIRE,HAWK 4;
CROSSFIRE,M/TIO 52;
CROSSFIRE,NF3 40;
CROSSFIRE,NF3 41;
CROSS, GENEVIEVE,N 61;
CROSS, GENEVIEVE,N 62;
CROSS, HAROLD,SLEEP 9;
CROSS, JASON,C2 80;
CROSS/,M/CP 83/2;
CROSS/,M/CP 84/2;
CROSS/,M/CP 85/2;
CROSS/,M/CP 86/2;
CROSS/,M/CP 87/2;
CROSS, STANLEY,DLOK 1;
CROSS, STANLEY,DLOK 2;
CROSS, STANLEY,DLOK2 17;
CROSS, STANLEY,DLOK2 18;
CROSS-WALLACE, SIR G,M/CP 68/2;
CROSS-WALLACE, SIR G,M/CP 69/2;
CROSS-WALLACE, SIR G,M/CP 70/2;
CROSS-WALLACE, SIR G,M/CP 74/2;
CROSS-WALLACE, SIR G,M/CP 75/2;
CROSS-WALLACE, SIR G,M/CP 76/2;
CROSS-WALLACE, SIR G,M/CP 77/2;
CROTUS,C&D3 4;
CROTUS,XCAL 7;
CROTUS,XTERM 4;
CROWE, GERONIMO,W2 154;
CROWE, GERONIMO,W2 155;
CROWLEY, SEN.,IM 13/3;
CROWLEY,SQS:NWO;
CROWN,S-M 76;
CROWN,S-M 80;
CROW, REV. JOSHUA,H:PL 10;
CROW, REV. JOSHUA,H:PL 7;
CROW, REV. JOSHUA,H:PL 8;
CR'REEE,A 350;
CR'REEE,CX 14;
CR'REEE,NM 19;
CR'REEE,NM 50;
CR'REEE,SEX 1;
CR'REEE,UX 104;
CR'REEE,UX 107;
CR'REEE,UX 108;
CR'REEE,UX 109;
CR'REEE,UX 156;
CR'REEE,UX 157;
CR'REEE,UX 158;
CR'REEE,UX 167;
CR'REEE,UX 174;
CR'REEE,UX 175;
CR'REEE,UX 200;
CR'REEE,UX 201;
CR'REEE,UX 203;
CR'REEE,WM2 8;
CR'REEE,XCAL 17;
CR'REEE,XSOS 1;
CR'REEE,XSOS 2;
CRUCIBLE/BYRON CALLE,CA 343;
CRUCIBLE/BYRON CALLE,CA 346;
CRUCIBLE/BYRON CALLE,CA 394;
CRUCIBLE/BYRON CALLE,CA 4;
CRUCIBLE/BYRON CALLE,DEF 125;
CRUCIBLE/BYRON CALLE,DEF 126;
CRUCIBLE/BYRON CALLE,DEF 128;
CRUCIBLE/BYRON CALLE,DEF 129;
CRUCIBLE/BYRON CALLE,DEF 130;
CRUCIBLE/BYRON CALLE,DEF 78;
CRUCIBLE/BYRON CALLE,DEF 79;
CRUCIBLE/BYRON CALLE,DEF 80;
CRUCIBLE/BYRON CALLE,DEF 83;
CRUCIBLE/BYRON CALLE,DEF 87;
CRUCIBLE/BYRON CALLE,NW2 6;
CRULE,XFOR 12;
CRULE,XFOR 14;
CRULE,XFOR 15;
CRULE,XFOR 53;
CRULE,XFOR 54;
CRUSADER II/ARTHUR B,ASPOT 39;
CRUSADER II/ARTHUR B,T 330;
CRUSADER II/ARTHUR B,T 331;
CRUSADER II/ARTHUR B,XM 48;
CRUSADER X/BRIAN BRA,XCAL 21;
CRUSADER X/BRIAN BRA,XCAL 22;
CRUSADER X/BRIAN BRA,XCAL2 2;
CRUSADER X/BRIAN BRA,XCAL2 4;
CRUSHER/EL PROFESSOR,IM 6;
CRUSHER/EL PROFESSOR,TOS 91;
CRUSHER II/JUAN APON,DD 119;
CRUSHTACEAN,SSU 1;
CRUX/CRISTAL LEMIUEX,UX 360;
CRUX/CRISTAL LEMIUEX,X 80;
CRYSTAL [INHUMAN],A 110;
CRYSTAL [INHUMAN],A 12;
CRYSTAL [INHUMAN],A 127;
CRYSTAL [INHUMAN],A 170;
CRYSTAL [INHUMAN],A 172;
CRYSTAL [INHUMAN],A 188;
CRYSTAL [INHUMAN],A 21;
CRYSTAL [INHUMAN],A 23;
CRYSTAL [INHUMAN],A 243;
CRYSTAL [INHUMAN],A3 1;
CRYSTAL [INHUMAN],A3 2;
CRYSTAL [INHUMAN],A3 3;
CRYSTAL [INHUMAN],A 334;
CRYSTAL [INHUMAN],A 336;
CRYSTAL [INHUMAN],A 337;
CRYSTAL [INHUMAN],A 338;
CRYSTAL [INHUMAN],A 339;
CRYSTAL [INHUMAN],A3 4;
CRYSTAL [INHUMAN],A 343;
CRYSTAL [INHUMAN],A 344;
CRYSTAL [INHUMAN],A 345;
CRYSTAL [INHUMAN],A 346;
CRYSTAL [INHUMAN],A 347;
CRYSTAL [INHUMAN],A 348;
CRYSTAL [INHUMAN],A 349;
CRYSTAL [INHUMAN],A 350;
CRYSTAL [INHUMAN],A 351;
CRYSTAL [INHUMAN],A 352;
CRYSTAL [INHUMAN],A 353;
CRYSTAL [INHUMAN],A 354;
CRYSTAL [INHUMAN],A 355;
CRYSTAL [INHUMAN],A 357;
CRYSTAL [INHUMAN],A 374;
CRYSTAL [INHUMAN],A 375;
CRYSTAL [INHUMAN],A 376;
CRYSTAL [INHUMAN],A 378;
CRYSTAL [INHUMAN],A 379;
CRYSTAL [INHUMAN],A 380;
CRYSTAL [INHUMAN],A 381;
CRYSTAL [INHUMAN],A 381/2;
CRYSTAL [INHUMAN],A 382;
CRYSTAL [INHUMAN],A 382-3;
CRYSTAL [INHUMAN],A 383;
CRYSTAL [INHUMAN],A 384;
CRYSTAL [INHUMAN],A 385;
CRYSTAL [INHUMAN],A 386;
CRYSTAL [INHUMAN],A 387;
CRYSTAL [INHUMAN],A 388;
CRYSTAL [INHUMAN],A 389;
CRYSTAL [INHUMAN],A 390;
CRYSTAL [INHUMAN],A 391;
CRYSTAL [INHUMAN],A 392;
CRYSTAL [INHUMAN],A 393;
CRYSTAL [INHUMAN],A 394;
CRYSTAL [INHUMAN],A 395;
CRYSTAL [INHUMAN],A 398;
CRYSTAL [INHUMAN],A 399;
CRYSTAL [INHUMAN],A 400;
CRYSTAL [INHUMAN],A 401;
CRYSTAL [INHUMAN],A 60;
CRYSTAL [INHUMAN],AA2 1;
CRYSTAL [INHUMAN],AA2 2;
CRYSTAL [INHUMAN],A:C;
CRYSTAL [INHUMAN],AF 61;
CRYSTAL [INHUMAN],AOI;
CRYSTAL [INHUMAN],A:T;
CRYSTAL [INHUMAN],AUP 3;
CRYSTAL [INHUMAN],AUP 4;
CRYSTAL [INHUMAN],AUP 6;
CRYSTAL [INHUMAN],CA 399;
CRYSTAL [INHUMAN],CA 400;
CRYSTAL [INHUMAN],CA 401;
CRYSTAL [INHUMAN],CA 431;
CRYSTAL [INHUMAN],CA 434;
CRYSTAL [INHUMAN],CA 440;
CRYSTAL [INHUMAN],CA 443;
CRYSTAL [INHUMAN],CA 444;
CRYSTAL [INHUMAN],CM 53;
CRYSTAL [INHUMAN],COC 1;
CRYSTAL [INHUMAN],DAMCON 2;
CRYSTAL [INHUMAN],DAZZ 32;
CRYSTAL [INHUMAN],FF 100;
CRYSTAL [INHUMAN],FF 101;
CRYSTAL [INHUMAN],FF 102;
CRYSTAL [INHUMAN],FF 103;
CRYSTAL [INHUMAN],FF 104;
CRYSTAL [INHUMAN],FF 105;
CRYSTAL [INHUMAN],FF 117;
CRYSTAL [INHUMAN],FF 118;
CRYSTAL [INHUMAN],FF 12;
CRYSTAL [INHUMAN],FF 130;
CRYSTAL [INHUMAN],FF 131;
CRYSTAL [INHUMAN],FF 132;
CRYSTAL [INHUMAN],FF 150;
CRYSTAL [INHUMAN],FF 158;
CRYSTAL [INHUMAN],FF 159;
CRYSTAL [INHUMAN],FF 160;
CRYSTAL [INHUMAN],FF 18;
CRYSTAL [INHUMAN],FF 20;
CRYSTAL [INHUMAN],FF 21;
CRYSTAL [INHUMAN],FF2 10;
CRYSTAL [INHUMAN],FF 21/2;
CRYSTAL [INHUMAN],FF2 12;
CRYSTAL [INHUMAN],FF 22/2;
CRYSTAL [INHUMAN],FF 239;
CRYSTAL [INHUMAN],FF 240;
CRYSTAL [INHUMAN],FF 248;
CRYSTAL [INHUMAN],FF 25;
CRYSTAL [INHUMAN],FF2 8;
CRYSTAL [INHUMAN],FF2 9;
CRYSTAL [INHUMAN],FF 305;
CRYSTAL [INHUMAN],FF 306;
CRYSTAL [INHUMAN],FF 307;
CRYSTAL [INHUMAN],FF 308;
CRYSTAL [INHUMAN],FF 309;
CRYSTAL [INHUMAN],FF 310;
CRYSTAL [INHUMAN],FF 311;
CRYSTAL [INHUMAN],FF 312;
CRYSTAL [INHUMAN],FF 313;
CRYSTAL [INHUMAN],FF 314;
CRYSTAL [INHUMAN],FF 315;
CRYSTAL [INHUMAN],FF 316;
CRYSTAL [INHUMAN],FF 317;
CRYSTAL [INHUMAN],FF 342;
CRYSTAL [INHUMAN],FF 400/2;
CRYSTAL [INHUMAN],FF 415;
CRYSTAL [INHUMAN],FF 416;
CRYSTAL [INHUMAN],FF 45;
CRYSTAL [INHUMAN],FF 46;
CRYSTAL [INHUMAN],FF 47;
CRYSTAL [INHUMAN],FF 48;
CRYSTAL [INHUMAN],FF 5;
CRYSTAL [INHUMAN],FF 50;
CRYSTAL [INHUMAN],FF 52;
CRYSTAL [INHUMAN],FF 54;
CRYSTAL [INHUMAN],FF 56;
CRYSTAL [INHUMAN],FF 57;
CRYSTAL [INHUMAN],FF 59;
CRYSTAL [INHUMAN],FF 6;
CRYSTAL [INHUMAN],FF 60;
CRYSTAL [INHUMAN],FF 61;
CRYSTAL [INHUMAN],FF 62;
CRYSTAL [INHUMAN],FF 63;
CRYSTAL [INHUMAN],FF 64;
CRYSTAL [INHUMAN],FF 65;
CRYSTAL [INHUMAN],FF 66;
CRYSTAL [INHUMAN],FF 67;
CRYSTAL [INHUMAN],FF 68;
CRYSTAL [INHUMAN],FF 69;
CRYSTAL [INHUMAN],FF 70;
CRYSTAL [INHUMAN],FF 71;
CRYSTAL [INHUMAN],FF 72;
CRYSTAL [INHUMAN],FF 74;
CRYSTAL [INHUMAN],FF 75;
CRYSTAL [INHUMAN],FF 76;
CRYSTAL [INHUMAN],FF 77;
CRYSTAL [INHUMAN],FF 78;
CRYSTAL [INHUMAN],FF 79;
CRYSTAL [INHUMAN],FF 80;
CRYSTAL [INHUMAN],FF 81;
CRYSTAL [INHUMAN],FF 82;
CRYSTAL [INHUMAN],FF 83;
CRYSTAL [INHUMAN],FF 84;
CRYSTAL [INHUMAN],FF 85;
CRYSTAL [INHUMAN],FF 86;
CRYSTAL [INHUMAN],FF 87;
CRYSTAL [INHUMAN],FF 88;
CRYSTAL [INHUMAN],FF 89;
CRYSTAL [INHUMAN],FF 90;
CRYSTAL [INHUMAN],FF 91;
CRYSTAL [INHUMAN],FF 92;
CRYSTAL [INHUMAN],FF 94;
CRYSTAL [INHUMAN],FF 95;
CRYSTAL [INHUMAN],FF 99;
CRYSTAL [INHUMAN],FFU 11;
CRYSTAL [INHUMAN],FW 10/2;
CRYSTAL [INHUMAN],FW 13;
CRYSTAL [INHUMAN],FW 14;
CRYSTAL [INHUMAN],FW 19;
CRYSTAL [INHUMAN],H2 122;
CRYSTAL [INHUMAN],H2 123;
CRYSTAL [INHUMAN],H2 175;
CRYSTAL [INHUMAN],H2 279;
CRYSTAL [INHUMAN],H2 434;
CRYSTAL [INHUMAN],H2 445;
CRYSTAL [INHUMAN],HR:R 4;
CRYSTAL [INHUMAN],IM 278;
CRYSTAL [INHUMAN],IM 279;
CRYSTAL [INHUMAN],IM 322;
CRYSTAL [INHUMAN],IM 323;
CRYSTAL [INHUMAN],IM 324;
CRYSTAL [INHUMAN],IM 325;
CRYSTAL [INHUMAN],IM 326;
CRYSTAL [INHUMAN],INH 12;
CRYSTAL [INHUMAN],INH2 1;
CRYSTAL [INHUMAN],INH2 10;
CRYSTAL [INHUMAN],INH2 11;
CRYSTAL [INHUMAN],INH2 12;
CRYSTAL [INHUMAN],INH2 2;
CRYSTAL [INHUMAN],INH2 3;
CRYSTAL [INHUMAN],INH2 4;
CRYSTAL [INHUMAN],INH2 5;
CRYSTAL [INHUMAN],INH2 7;
CRYSTAL [INHUMAN],INH2 8;
CRYSTAL [INHUMAN],INH2 9;
CRYSTAL [INHUMAN],INH 3;
CRYSTAL [INHUMAN],INH3 2;
CRYSTAL [INHUMAN],INH 4;
CRYSTAL [INHUMAN],INH 5;
CRYSTAL [INHUMAN],INH 6;
CRYSTAL [INHUMAN],INH 7;
CRYSTAL [INHUMAN],INHUMANS GRAPHIC NOV;
CRYSTAL [INHUMAN],I:US 1;
CRYSTAL [INHUMAN],IW 1;
CRYSTAL [INHUMAN],IW 2;
CRYSTAL [INHUMAN],IW 3;
CRYSTAL [INHUMAN],IW 4;
CRYSTAL [INHUMAN],KZ4 10;
CRYSTAL [INHUMAN],MK3 41;
CRYSTAL [INHUMAN],MK3 43;
CRYSTAL [INHUMAN],MK3 44;
CRYSTAL [INHUMAN],M/TIO 71;
CRYSTAL [INHUMAN],N 58;
CRYSTAL [INHUMAN],NFV.S 2;
CRYSTAL [INHUMAN],NW 26;
CRYSTAL [INHUMAN],O:MU;
CRYSTAL [INHUMAN],PPTSS 11;
CRYSTAL [INHUMAN],QS 13;
CRYSTAL [INHUMAN],QS 3;
CRYSTAL [INHUMAN],QS 4;
CRYSTAL [INHUMAN],QS 5;
CRYSTAL [INHUMAN],QS 6;
CRYSTAL [INHUMAN],QS 7;
CRYSTAL [INHUMAN],SMTU 4;
CRYSTAL [INHUMAN],T 149/2;
CRYSTAL [INHUMAN],T 17;
CRYSTAL [INHUMAN],TG 3;
CRYSTAL [INHUMAN],TS 10;
CRYSTAL [INHUMAN],TS 23;
CRYSTAL [INHUMAN],TS 24;
CRYSTAL [INHUMAN],TS 9;
CRYSTAL [INHUMAN],UX 65;
CRYSTAL [INHUMAN],V 2;
CRYSTAL [INHUMAN],V 3;
CRYSTAL [INHUMAN],V 4;
CRYSTAL [INHUMAN],V&SW 2;
CRYSTAL [INHUMAN],V&SW2 10;
CRYSTAL [INHUMAN],V&SW2 12;
CRYSTAL [INHUMAN],V&SW2 6;
CRYSTAL [INHUMAN],V&SW2 7;
CRYSTAL [INHUMAN],V&SW2 8;
CRYSTAL [INHUMAN],V&SW2 9;
CRYSTAL [INHUMAN],V&SW 4;
CRYSTAL [INHUMAN],WI? 30/2;
CRYSTAL [INHUMAN],WM2 9;
CRYSTAL [INHUMAN],X 55;
CRYSTAL [INHUMAN],XF 67;
CRYSTAL [INHUMAN],XF 68;
CRYSTAL [INHUMAN],X:HY 20;
CRYSTAL [INHUMAN],X:HY 7;
CRYSTAL [INHUMAN],X:HY 8;
CRYSTAL [INHUMAN],X:HY 9;
CUDGEL/,UX 383;
CUEBALL/,W2 54;
CUFFS/,SLEEP 14;
CUFFS/,SLEEP 15;
CUFFS/,SLEEP 16;
CUMMINGS, DIANE,AT 21;
CUMMINGS, DIANE,AT 22;
CUMMINGS, DIANE,AT 23;
CUMMINGS, DIANE,AT 24;
CUMMINGS, DIANE,AT:WMB 2;
CUMMINGS, DIANE,H2 244;
CUMMINGS, DIANE,TOS 20;
CURSED LOTUS,JIM 515;
CURSED LOTUS,JIM 516;
CURSON, LT. TARA,W2 156;
CURSON, LT. TARA,W2 157;
CURZON, DETECTIVE IN,T 492;
CURZON, DETECTIVE IN,T 493;
CURZON, DETECTIVE IN,T 494;
CUSHING, KATE,ASM 22;
CUSHING, KATE,ASM 23;
CUSHING, KATE,ASM 270;
CUSHING, KATE,ASM 273;
CUSHING, KATE,ASM 278;
CUSHING, KATE,ASM 283;
CUSHING, KATE,ASM 284;
CUSHING, KATE,ASM 285;
CUSHING, KATE,ASM 296;
CUSHING, KATE,ASM 326;
CUSHING, KATE,ASMV.W 1;
CUSHING, KATE,CA '99;
CUSHING, KATE,DD 242;
CUSHING, KATE,H2 346;
CUSHING, KATE,M/FAN 42;
CUSHING, KATE,PPTSS 111;
CUSHING, KATE,PPTSS 112;
CUSHING, KATE,PPTSS 113;
CUSHING, KATE,PPTSS 115;
CUSHING, KATE,PPTSS 118;
CUSHING, KATE,PPTSS 125;
CUSHING, KATE,PPTSS 137;
CUSHING, KATE,PPTSS 138;
CUSHING, KATE,PPTSS 139;
CUSHING, KATE,PPTSS 140;
CUSHING, KATE,PPTSS 142;
CUSHING, KATE,PPTSS 144;
CUSHING, KATE,PPTSS 146;
CUSHING, KATE,PPTSS 147;
CUSHING, KATE,PPTSS 149;
CUSHING, KATE,PPTSS 150;
CUSHING, KATE,PPTSS 151;
CUSHING, KATE,PPTSS 154;
CUSHING, KATE,PPTSS 157;
CUSHING, KATE,PPTSS 161;
CUSHING, KATE,PPTSS 164;
CUSHING, KATE,PPTSS 173;
CUSHING, KATE,PPTSS 174;
CUSHING, KATE,PPTSS 215;
CUSHING, KATE,PPTSS 6;
CUSHING, KATE,PPTSS 9/3;
CUSHING, KATE,PWJ 14;
CUSHING, KATE,PWJ 15;
CUSHING, KATE,WOSM 11;
CUSHING, KATE,WOSM 12;
CUSHING, KATE,WOSM 14;
CUSHING, KATE,WOSM 40;
CUSHING, KATE,WOSM 41;
CUSHING, KATE,WOSM 42;
CUSHING, KATE,WOSM 43;
CUSHING, KATE,WOSM 48;
CUSHING, KATE,WOSM 49;
CUSHING, KATE,WOSM 5;
CUSHING, KATE,WOSM 50;
CUSHING, KATE,WOSM 51;
CUSHING, KATE,WOSM 53;
CUSHING, KATE,WOSM 55;
CUSHING, KATE,WOSM 56;
CUSHING, KATE,WOSM 57;
CUSHING, KATE,WOSM 59;
CUSHING, KATE,WOSM 60;
CUSHING, KATE,WOSM 64;
CUSHING, KATE,WOSM 71;
CUSHING, KATE,WOSM 77;
CUSHING, KATE,WOSM 78;
CUSSLER, PHILLIP JR.,PPTSS 215;
CUSSLER, PHILLIP JR.,PPTSS 216;
CUSSLER, PHILLIP,PPTSS 215;
CUSSLER, PHILLIP,PPTSS 216;
CUT,NW 54;
CUT,NW 55;
CUT,NW 56;
CUT,NW 65;
CUT,NW 72;
CUT,NW 73;
CUTTER,TB '00;
CUTTHROAT/DANIEL LEI,CA 395;
CUTTHROAT/DANIEL LEI,CA 396;
CUTTHROAT/DANIEL LEI,CA 397;
CUTTHROAT/DANIEL LEI,CA 398/2;
CUTTHROAT/DANIEL LEI,CA 400/3;
CUTTHROAT/DANIEL LEI,CA 402/2;
CUTTHROAT/DANIEL LEI,CA 405/2;
CUTTHROAT/DANIEL LEI,CA 406/2;
CUTTHROAT/DANIEL LEI,CA 407/2;
CUTTHROAT/DANIEL LEI,CA 408/2;
CUTTHROAT/DANIEL LEI,CA 409;
CUTTHROAT/DANIEL LEI,M/TU 89;
CYANIDE JANE,C2 79;
CYANIDE JANE,C2 81;
CYANIDE JANE,C2 83;
CYANIDE JANE,C2 86;
CYANIDE JANE,C2 89;
CYANIDE JANE,C2 94;
CYBELE [ETERNAL],A 310;
CYBELE [ETERNAL],E2 1;
CYBELE [ETERNAL],E2 10;
CYBELE [ETERNAL],E2 11;
CYBELE [ETERNAL],E2 12;
CYBELE [ETERNAL],E2 9;
CYBERMANCER/DR. SUZI,FW 17;
CYBERMANCER/DR. SUZI,FW 18;
CYBERMANCER/DR. SUZI,FW 19;
CYBERMANCER/DR. SUZI,FW 22;
CYBERMANCER/DR. SUZI,IM 321;
CYBERMANCER/DR. SUZI,WARM 20;
CYBERMANCER/DR. SUZI,WARM 22;
CYBER,M/CP 85;
CYBER,M/CP 86;
CYBER,M/CP 87;
CYBER,M/CP 88;
CYBER,M/CP 89;
CYBER,M/CP 90;
CYBER,M/CP 91;
CYBER,M/CP 92;
CYBERSLIK,ABOM 1;
CYBERSLIK,ABOM 2;
CYBERSLIK,ABOM 3;
CYBERTOOTH/YEN HSIEH,AWC 72;
CYBERTOOTH/YEN HSIEH,AWC 73;
CYBERTOOTH/YEN HSIEH,AWC 74;
CYBER,W2 93;
CYBER,W2 94;
CYBER,W2 95;
CYBER,W2 96;
CYBER,XF 79;
CYBER,XF 80;
CYBER,XF 81;
CYBORG X/,S-M 18;
CYBORG X/,S-M 21;
CYCLONE,ASM 143;
CYCLONE,ASM 144;
CYCLONE,CA 319;
CYCLONE II/PIERRE FR,A3 31;
CYCLONE II/PIERRE FR,TB 18;
CYCLONE II/PIERRE FR,TB 19;
CYCLONE II/PIERRE FR,TB 20;
CYCLONE II/PIERRE FR,TB 23;
CYCLONE II/PIERRE FR,TB 24;
CYCLONE II/PIERRE FR,TB 25;
CYCLONE II/PIERRE FR,TB 3;
CYCLONE II/PIERRE FR,TB 33;
CYCLONE II/PIERRE FR,TB 43;
CYCLONE,PPTSS 22;
CYCLONE,PPTSS 23;
CYCLOPS 2013,PHOENIX 1;
CYCLOPS DOPPELGANGER,FF 368;
CYCLOPS DOPPELGANGER,FF 369;
CYCLOPS DOPPELGANGER,IW 1;
CYCLOPS DOPPELGANGER,IW 5;
CYCLOPS DOPPELGANGER,WM2 15;
CYCLOPS II,UX 395;
CYCLOPS | MUTANT X-V,MX 14;
CYCLOPS | MUTANT X-V,MX 17;
CYCLOPS/SCOTT SUMMER,A 110;
CYCLOPS/SCOTT SUMMER,A 111;
CYCLOPS/SCOTT SUMMER,A 3;
CYCLOPS/SCOTT SUMMER,A 350;
CYCLOPS/SCOTT SUMMER,A 351;
CYCLOPS/SCOTT SUMMER,A 53;
CYCLOPS/SCOTT SUMMER,A 60;
CYCLOPS/SCOTT SUMMER,AA2 11;
CYCLOPS/SCOTT SUMMER,AA2 15;
CYCLOPS/SCOTT SUMMER,AAF 17;
CYCLOPS/SCOTT SUMMER,AF 110;
CYCLOPS/SCOTT SUMMER,AF 111;
CYCLOPS/SCOTT SUMMER,AIF 20;
CYCLOPS/SCOTT SUMMER,ASM 1;
CYCLOPS/SCOTT SUMMER,ASM 282;
CYCLOPS/SCOTT SUMMER,ASMU 6;
CYCLOPS/SCOTT SUMMER,ASTONX2 1;
CYCLOPS/SCOTT SUMMER,ASTONX2 2;
CYCLOPS/SCOTT SUMMER,ASTONX2 3;
CYCLOPS/SCOTT SUMMER,BIZADV 27/3;
CYCLOPS/SCOTT SUMMER,C2 16;
CYCLOPS/SCOTT SUMMER,C2 17;
CYCLOPS/SCOTT SUMMER,C2 20;
CYCLOPS/SCOTT SUMMER,C2 29;
CYCLOPS/SCOTT SUMMER,C2 50;
CYCLOPS/SCOTT SUMMER,C2 7;
CYCLOPS/SCOTT SUMMER,C2 74;
CYCLOPS/SCOTT SUMMER,C2 76;
CYCLOPS/SCOTT SUMMER,C2 '98;
CYCLOPS/SCOTT SUMMER,CA 172;
CYCLOPS/SCOTT SUMMER,CA 173;
CYCLOPS/SCOTT SUMMER,CA 174;
CYCLOPS/SCOTT SUMMER,CA 175;
CYCLOPS/SCOTT SUMMER,COC 1;
CYCLOPS/SCOTT SUMMER,C&P 1;
CYCLOPS/SCOTT SUMMER,C&P 2;
CYCLOPS/SCOTT SUMMER,C&P2 1;
CYCLOPS/SCOTT SUMMER,C&P2 2;
CYCLOPS/SCOTT SUMMER,C&P2 3;
CYCLOPS/SCOTT SUMMER,C&P2 4;
CYCLOPS/SCOTT SUMMER,C&P 3;
CYCLOPS/SCOTT SUMMER,C&P 4;
CYCLOPS/SCOTT SUMMER,CX 1;
CYCLOPS/SCOTT SUMMER,CX 10;
CYCLOPS/SCOTT SUMMER,CX 13;
CYCLOPS/SCOTT SUMMER,CX 14;
CYCLOPS/SCOTT SUMMER,CX 15;
CYCLOPS/SCOTT SUMMER,CX 17/2;
CYCLOPS/SCOTT SUMMER,CX 18;
CYCLOPS/SCOTT SUMMER,CX 19;
CYCLOPS/SCOTT SUMMER,CX 2;
CYCLOPS/SCOTT SUMMER,CX 20;
CYCLOPS/SCOTT SUMMER,CX 21/2;
CYCLOPS/SCOTT SUMMER,CX 22/2;
CYCLOPS/SCOTT SUMMER,CX 23;
CYCLOPS/SCOTT SUMMER,CX 25;
CYCLOPS/SCOTT SUMMER,CX 26/2;
CYCLOPS/SCOTT SUMMER,CX 27/2;
CYCLOPS/SCOTT SUMMER,CX 28/2;
CYCLOPS/SCOTT SUMMER,CX 3;
CYCLOPS/SCOTT SUMMER,CX 3/2;
CYCLOPS/SCOTT SUMMER,CX 4;
CYCLOPS/SCOTT SUMMER,CX 41/2;
CYCLOPS/SCOTT SUMMER,CX 42/2;
CYCLOPS/SCOTT SUMMER,CX 5;
CYCLOPS/SCOTT SUMMER,CX 6;
CYCLOPS/SCOTT SUMMER,CX 6/2;
CYCLOPS/SCOTT SUMMER,CX 7;
CYCLOPS/SCOTT SUMMER,CX 8;
CYCLOPS/SCOTT SUMMER,CX 8/2;
CYCLOPS/SCOTT SUMMER,CX 9;
CYCLOPS/SCOTT SUMMER,CX 9/2;
CYCLOPS/SCOTT SUMMER,DAMCON3 4;
CYCLOPS/SCOTT SUMMER,DAZZ 38;
CYCLOPS/SCOTT SUMMER,FF 28;
CYCLOPS/SCOTT SUMMER,FF 3;
CYCLOPS/SCOTT SUMMER,FF 312;
CYCLOPS/SCOTT SUMMER,FF 35;
CYCLOPS/SCOTT SUMMER,FF 36;
CYCLOPS/SCOTT SUMMER,FF 367;
CYCLOPS/SCOTT SUMMER,FF 368;
CYCLOPS/SCOTT SUMMER,FF 369;
CYCLOPS/SCOTT SUMMER,FF 370;
CYCLOPS/SCOTT SUMMER,GR2 34;
CYCLOPS/SCOTT SUMMER,GR3 26;
CYCLOPS/SCOTT SUMMER,GR3 27;
CYCLOPS/SCOTT SUMMER,GR3 9;
CYCLOPS/SCOTT SUMMER,GSX 1;
CYCLOPS/SCOTT SUMMER,H2 172;
CYCLOPS/SCOTT SUMMER,H2 278;
CYCLOPS/SCOTT SUMMER,H2 336;
CYCLOPS/SCOTT SUMMER,H2 337;
CYCLOPS/SCOTT SUMMER,H2 445;
CYCLOPS/SCOTT SUMMER,H2 455;
CYCLOPS/SCOTT SUMMER,IF 11;
CYCLOPS/SCOTT SUMMER,IF 15;
CYCLOPS/SCOTT SUMMER,IG 3;
CYCLOPS/SCOTT SUMMER,IG 4;
CYCLOPS/SCOTT SUMMER,IM 8;
CYCLOPS/SCOTT SUMMER,IW 1;
CYCLOPS/SCOTT SUMMER,IW 2;
CYCLOPS/SCOTT SUMMER,IW 3;
CYCLOPS/SCOTT SUMMER,IW 4;
CYCLOPS/SCOTT SUMMER,IW 5;
CYCLOPS/SCOTT SUMMER,IW 6;
CYCLOPS/SCOTT SUMMER,JIM 109;
CYCLOPS/SCOTT SUMMER,JIM 513;
CYCLOPS/SCOTT SUMMER,MARVELS 2;
CYCLOPS/SCOTT SUMMER,M/CP 17/4;
CYCLOPS/SCOTT SUMMER,M/CP 18;
CYCLOPS/SCOTT SUMMER,M/CP 19;
CYCLOPS/SCOTT SUMMER,M/CP 20;
CYCLOPS/SCOTT SUMMER,M/CP 21;
CYCLOPS/SCOTT SUMMER,M/CP 22;
CYCLOPS/SCOTT SUMMER,M/CP 23;
CYCLOPS/SCOTT SUMMER,M/CP 24;
CYCLOPS/SCOTT SUMMER,M/CP 85/3;
CYCLOPS/SCOTT SUMMER,M/CP 89/4;
CYCLOPS/SCOTT SUMMER,MEPHV. 2;
CYCLOPS/SCOTT SUMMER,MEPHV. 3;
CYCLOPS/SCOTT SUMMER,M/FAN 4;
CYCLOPS/SCOTT SUMMER,M/GN 1;
CYCLOPS/SCOTT SUMMER,M/GN 12;
CYCLOPS/SCOTT SUMMER,M/GN 5;
CYCLOPS/SCOTT SUMMER,M/H&L 1;
CYCLOPS/SCOTT SUMMER,M/HOL 1996/5;
CYCLOPS/SCOTT SUMMER,MK3 41;
CYCLOPS/SCOTT SUMMER,M/SHSW 1;
CYCLOPS/SCOTT SUMMER,M/SHSW 10;
CYCLOPS/SCOTT SUMMER,M/SHSW 11;
CYCLOPS/SCOTT SUMMER,M/SHSW 12;
CYCLOPS/SCOTT SUMMER,M/SHSW 2;
CYCLOPS/SCOTT SUMMER,M/SHSW 3;
CYCLOPS/SCOTT SUMMER,M/SHSW 4;
CYCLOPS/SCOTT SUMMER,M/SHSW 5;
CYCLOPS/SCOTT SUMMER,M/SHSW 6;
CYCLOPS/SCOTT SUMMER,M/SHSW 7;
CYCLOPS/SCOTT SUMMER,M/SHSW 8;
CYCLOPS/SCOTT SUMMER,M/SHSW 9;
CYCLOPS/SCOTT SUMMER,M/TALES 262/2;
CYCLOPS/SCOTT SUMMER,M/TIO 7;
CYCLOPS/SCOTT SUMMER,M/TIO 96;
CYCLOPS/SCOTT SUMMER,M/TU 1;
CYCLOPS/SCOTT SUMMER,M/TU 23;
CYCLOPS/SCOTT SUMMER,M/TU 4;
CYCLOPS/SCOTT SUMMER,M/TU 53;
CYCLOPS/SCOTT SUMMER,M/VS 1/5;
CYCLOPS/SCOTT SUMMER,NM 7/3;
CYCLOPS/SCOTT SUMMER,NM 76;
CYCLOPS/SCOTT SUMMER,NM 88;
CYCLOPS/SCOTT SUMMER,NM 95;
CYCLOPS/SCOTT SUMMER,NM 96;
CYCLOPS/SCOTT SUMMER,NM 97;
CYCLOPS/SCOTT SUMMER,NW 27;
CYCLOPS/SCOTT SUMMER,O:MU;
CYCLOPS/SCOTT SUMMER,O:X;
CYCLOPS/SCOTT SUMMER,PM&IF 57;
CYCLOPS/SCOTT SUMMER,PP 27;
CYCLOPS/SCOTT SUMMER,PP 35;
CYCLOPS/SCOTT SUMMER,Q 28;
CYCLOPS/SCOTT SUMMER,Q 38;
CYCLOPS/SCOTT SUMMER,Q 39;
CYCLOPS/SCOTT SUMMER,Q 40;
CYCLOPS/SCOTT SUMMER,SENSM 10;
CYCLOPS/SCOTT SUMMER,SEX 1;
CYCLOPS/SCOTT SUMMER,SMTU 1;
CYCLOPS/SCOTT SUMMER,SS3 123;
CYCLOPS/SCOTT SUMMER,ST 156;
CYCLOPS/SCOTT SUMMER,SUB-M 14;
CYCLOPS/SCOTT SUMMER,T 233;
CYCLOPS/SCOTT SUMMER,T 374;
CYCLOPS/SCOTT SUMMER,THOR CORPS 3;
CYCLOPS/SCOTT SUMMER,TOS 49;
CYCLOPS/SCOTT SUMMER,UTSM 21;
CYCLOPS/SCOTT SUMMER,UTSM '97;
CYCLOPS/SCOTT SUMMER,UX 1;
CYCLOPS/SCOTT SUMMER,UX 10;
CYCLOPS/SCOTT SUMMER,UX 100;
CYCLOPS/SCOTT SUMMER,UX 101;
CYCLOPS/SCOTT SUMMER,UX 102;
CYCLOPS/SCOTT SUMMER,UX 104;
CYCLOPS/SCOTT SUMMER,UX 105;
CYCLOPS/SCOTT SUMMER,UX 106;
CYCLOPS/SCOTT SUMMER,UX 107;
CYCLOPS/SCOTT SUMMER,UX 108;
CYCLOPS/SCOTT SUMMER,UX 109;
CYCLOPS/SCOTT SUMMER,UX 11;
CYCLOPS/SCOTT SUMMER,UX 110;
CYCLOPS/SCOTT SUMMER,UX 111;
CYCLOPS/SCOTT SUMMER,UX 112;
CYCLOPS/SCOTT SUMMER,UX 113;
CYCLOPS/SCOTT SUMMER,UX 114;
CYCLOPS/SCOTT SUMMER,UX 115;
CYCLOPS/SCOTT SUMMER,UX 116;
CYCLOPS/SCOTT SUMMER,UX 117;
CYCLOPS/SCOTT SUMMER,UX 118;
CYCLOPS/SCOTT SUMMER,UX 119;
CYCLOPS/SCOTT SUMMER,UX 12;
CYCLOPS/SCOTT SUMMER,UX 120;
CYCLOPS/SCOTT SUMMER,UX 121;
CYCLOPS/SCOTT SUMMER,UX 122;
CYCLOPS/SCOTT SUMMER,UX 123;
CYCLOPS/SCOTT SUMMER,UX 124;
CYCLOPS/SCOTT SUMMER,UX 125;
CYCLOPS/SCOTT SUMMER,UX 126;
CYCLOPS/SCOTT SUMMER,UX 127;
CYCLOPS/SCOTT SUMMER,UX 128;
CYCLOPS/SCOTT SUMMER,UX 129;
CYCLOPS/SCOTT SUMMER,UX 13;
CYCLOPS/SCOTT SUMMER,UX 130;
CYCLOPS/SCOTT SUMMER,UX 131;
CYCLOPS/SCOTT SUMMER,UX 132;
CYCLOPS/SCOTT SUMMER,UX 133;
CYCLOPS/SCOTT SUMMER,UX 134;
CYCLOPS/SCOTT SUMMER,UX 135;
CYCLOPS/SCOTT SUMMER,UX 136;
CYCLOPS/SCOTT SUMMER,UX 137;
CYCLOPS/SCOTT SUMMER,UX 138;
CYCLOPS/SCOTT SUMMER,UX 14;
CYCLOPS/SCOTT SUMMER,UX 143;
CYCLOPS/SCOTT SUMMER,UX 144;
CYCLOPS/SCOTT SUMMER,UX 145;
CYCLOPS/SCOTT SUMMER,UX 146;
CYCLOPS/SCOTT SUMMER,UX 147;
CYCLOPS/SCOTT SUMMER,UX 148;
CYCLOPS/SCOTT SUMMER,UX 149;
CYCLOPS/SCOTT SUMMER,UX 15;
CYCLOPS/SCOTT SUMMER,UX 150;
CYCLOPS/SCOTT SUMMER,UX 151;
CYCLOPS/SCOTT SUMMER,UX 152;
CYCLOPS/SCOTT SUMMER,UX 153;
CYCLOPS/SCOTT SUMMER,UX 154;
CYCLOPS/SCOTT SUMMER,UX 155;
CYCLOPS/SCOTT SUMMER,UX 156;
CYCLOPS/SCOTT SUMMER,UX 157;
CYCLOPS/SCOTT SUMMER,UX 158;
CYCLOPS/SCOTT SUMMER,UX 159;
CYCLOPS/SCOTT SUMMER,UX 16;
CYCLOPS/SCOTT SUMMER,UX 161;
CYCLOPS/SCOTT SUMMER,UX 16/2;
CYCLOPS/SCOTT SUMMER,UX 162;
CYCLOPS/SCOTT SUMMER,UX 163;
CYCLOPS/SCOTT SUMMER,UX 164;
CYCLOPS/SCOTT SUMMER,UX 165;
CYCLOPS/SCOTT SUMMER,UX 166;
CYCLOPS/SCOTT SUMMER,UX 167;
CYCLOPS/SCOTT SUMMER,UX 168;
CYCLOPS/SCOTT SUMMER,UX 17;
CYCLOPS/SCOTT SUMMER,UX 170;
CYCLOPS/SCOTT SUMMER,UX 171;
CYCLOPS/SCOTT SUMMER,UX 172;
CYCLOPS/SCOTT SUMMER,UX 173;
CYCLOPS/SCOTT SUMMER,UX 174;
CYCLOPS/SCOTT SUMMER,UX 175;
CYCLOPS/SCOTT SUMMER,UX 176;
CYCLOPS/SCOTT SUMMER,UX 177;
CYCLOPS/SCOTT SUMMER,UX 18;
CYCLOPS/SCOTT SUMMER,UX 181;
CYCLOPS/SCOTT SUMMER,UX 185;
CYCLOPS/SCOTT SUMMER,UX 19;
CYCLOPS/SCOTT SUMMER,UX 197;
CYCLOPS/SCOTT SUMMER,UX 199;
CYCLOPS/SCOTT SUMMER,UX 2;
CYCLOPS/SCOTT SUMMER,UX 20;
CYCLOPS/SCOTT SUMMER,UX 200;
CYCLOPS/SCOTT SUMMER,UX 201;
CYCLOPS/SCOTT SUMMER,UX 21;
CYCLOPS/SCOTT SUMMER,UX 210;
CYCLOPS/SCOTT SUMMER,UX 22;
CYCLOPS/SCOTT SUMMER,UX 223;
CYCLOPS/SCOTT SUMMER,UX 23;
CYCLOPS/SCOTT SUMMER,UX 232;
CYCLOPS/SCOTT SUMMER,UX 24;
CYCLOPS/SCOTT SUMMER,UX 242;
CYCLOPS/SCOTT SUMMER,UX 243;
CYCLOPS/SCOTT SUMMER,UX 25;
CYCLOPS/SCOTT SUMMER,UX 26;
CYCLOPS/SCOTT SUMMER,UX 27;
CYCLOPS/SCOTT SUMMER,UX 272;
CYCLOPS/SCOTT SUMMER,UX 273;
CYCLOPS/SCOTT SUMMER,UX 274;
CYCLOPS/SCOTT SUMMER,UX 28;
CYCLOPS/SCOTT SUMMER,UX 280;
CYCLOPS/SCOTT SUMMER,UX 288;
CYCLOPS/SCOTT SUMMER,UX 29;
CYCLOPS/SCOTT SUMMER,UX 294;
CYCLOPS/SCOTT SUMMER,UX 296;
CYCLOPS/SCOTT SUMMER,UX 3;
CYCLOPS/SCOTT SUMMER,UX 30;
CYCLOPS/SCOTT SUMMER,UX 308;
CYCLOPS/SCOTT SUMMER,UX 31;
CYCLOPS/SCOTT SUMMER,UX 316;
CYCLOPS/SCOTT SUMMER,UX 318;
CYCLOPS/SCOTT SUMMER,UX 32;
CYCLOPS/SCOTT SUMMER,UX 321;
CYCLOPS/SCOTT SUMMER,UX 322;
CYCLOPS/SCOTT SUMMER,UX 325;
CYCLOPS/SCOTT SUMMER,UX 328;
CYCLOPS/SCOTT SUMMER,UX 33;
CYCLOPS/SCOTT SUMMER,UX 331;
CYCLOPS/SCOTT SUMMER,UX 332;
CYCLOPS/SCOTT SUMMER,UX 333;
CYCLOPS/SCOTT SUMMER,UX 334;
CYCLOPS/SCOTT SUMMER,UX 335;
CYCLOPS/SCOTT SUMMER,UX 336;
CYCLOPS/SCOTT SUMMER,UX 337;
CYCLOPS/SCOTT SUMMER,UX 338;
CYCLOPS/SCOTT SUMMER,UX 339;
CYCLOPS/SCOTT SUMMER,UX 34;
CYCLOPS/SCOTT SUMMER,UX 342;
CYCLOPS/SCOTT SUMMER,UX 35;
CYCLOPS/SCOTT SUMMER,UX 350;
CYCLOPS/SCOTT SUMMER,UX 351;
CYCLOPS/SCOTT SUMMER,UX 352;
CYCLOPS/SCOTT SUMMER,UX 353;
CYCLOPS/SCOTT SUMMER,UX 354;
CYCLOPS/SCOTT SUMMER,UX 355;
CYCLOPS/SCOTT SUMMER,UX 356;
CYCLOPS/SCOTT SUMMER,UX 357;
CYCLOPS/SCOTT SUMMER,UX 358;
CYCLOPS/SCOTT SUMMER,UX 359;
CYCLOPS/SCOTT SUMMER,UX 36;
CYCLOPS/SCOTT SUMMER,UX 368;
CYCLOPS/SCOTT SUMMER,UX 37;
CYCLOPS/SCOTT SUMMER,UX 375;
CYCLOPS/SCOTT SUMMER,UX 376;
CYCLOPS/SCOTT SUMMER,UX 377;
CYCLOPS/SCOTT SUMMER,UX 378;
CYCLOPS/SCOTT SUMMER,UX 38;
CYCLOPS/SCOTT SUMMER,UX 38/2;
CYCLOPS/SCOTT SUMMER,UX 39;
CYCLOPS/SCOTT SUMMER,UX 391;
CYCLOPS/SCOTT SUMMER,UX 39/2;
CYCLOPS/SCOTT SUMMER,UX 392;
CYCLOPS/SCOTT SUMMER,UX 393;
CYCLOPS/SCOTT SUMMER,UX 394;
CYCLOPS/SCOTT SUMMER,UX 4;
CYCLOPS/SCOTT SUMMER,UX 40;
CYCLOPS/SCOTT SUMMER,UX 40/2;
CYCLOPS/SCOTT SUMMER,UX 41;
CYCLOPS/SCOTT SUMMER,UX 41/2;
CYCLOPS/SCOTT SUMMER,UX 42;
CYCLOPS/SCOTT SUMMER,UX 42/2;
CYCLOPS/SCOTT SUMMER,UX 43;
CYCLOPS/SCOTT SUMMER,UX 44;
CYCLOPS/SCOTT SUMMER,UX 44/2;
CYCLOPS/SCOTT SUMMER,UX 45;
CYCLOPS/SCOTT SUMMER,UX 45/2;
CYCLOPS/SCOTT SUMMER,UX 46;
CYCLOPS/SCOTT SUMMER,UX 46/2;
CYCLOPS/SCOTT SUMMER,UX 48;
CYCLOPS/SCOTT SUMMER,UX 49;
CYCLOPS/SCOTT SUMMER,UX 5;
CYCLOPS/SCOTT SUMMER,UX 50;
CYCLOPS/SCOTT SUMMER,UX 51;
CYCLOPS/SCOTT SUMMER,UX 51/2;
CYCLOPS/SCOTT SUMMER,UX 52;
CYCLOPS/SCOTT SUMMER,UX 52/2;
CYCLOPS/SCOTT SUMMER,UX 53;
CYCLOPS/SCOTT SUMMER,UX 53/2;
CYCLOPS/SCOTT SUMMER,UX 54;
CYCLOPS/SCOTT SUMMER,UX 55;
CYCLOPS/SCOTT SUMMER,UX 55/2;
CYCLOPS/SCOTT SUMMER,UX 56;
CYCLOPS/SCOTT SUMMER,UX 56/2;
CYCLOPS/SCOTT SUMMER,UX 57;
CYCLOPS/SCOTT SUMMER,UX 58;
CYCLOPS/SCOTT SUMMER,UX 59;
CYCLOPS/SCOTT SUMMER,UX 6;
CYCLOPS/SCOTT SUMMER,UX 60;
CYCLOPS/SCOTT SUMMER,UX 61;
CYCLOPS/SCOTT SUMMER,UX 62;
CYCLOPS/SCOTT SUMMER,UX 63;
CYCLOPS/SCOTT SUMMER,UX 64;
CYCLOPS/SCOTT SUMMER,UX 65;
CYCLOPS/SCOTT SUMMER,UX 66;
CYCLOPS/SCOTT SUMMER,UX 7;
CYCLOPS/SCOTT SUMMER,UX 8;
CYCLOPS/SCOTT SUMMER,UX 9;
CYCLOPS/SCOTT SUMMER,UX 94;
CYCLOPS/SCOTT SUMMER,UX 95;
CYCLOPS/SCOTT SUMMER,UX 96;
CYCLOPS/SCOTT SUMMER,UX 97;
CYCLOPS/SCOTT SUMMER,UX 98;
CYCLOPS/SCOTT SUMMER,UX 99;
CYCLOPS/SCOTT SUMMER,W2 101;
CYCLOPS/SCOTT SUMMER,W2 115;
CYCLOPS/SCOTT SUMMER,W2 116;
CYCLOPS/SCOTT SUMMER,W2 117;
CYCLOPS/SCOTT SUMMER,W2 118;
CYCLOPS/SCOTT SUMMER,W2 145;
CYCLOPS/SCOTT SUMMER,W2 50;
CYCLOPS/SCOTT SUMMER,W2 51;
CYCLOPS/SCOTT SUMMER,W2 65;
CYCLOPS/SCOTT SUMMER,W2 85;
CYCLOPS/SCOTT SUMMER,W2 91;
CYCLOPS/SCOTT SUMMER,W 4;
CYCLOPS/SCOTT SUMMER,WIW 8;
CYCLOPS/SCOTT SUMMER,WM2 13;
CYCLOPS/SCOTT SUMMER,WM2 14;
CYCLOPS/SCOTT SUMMER,WM2 15;
CYCLOPS/SCOTT SUMMER,X 1;
CYCLOPS/SCOTT SUMMER,X 10;
CYCLOPS/SCOTT SUMMER,X 11;
CYCLOPS/SCOTT SUMMER,X 112;
CYCLOPS/SCOTT SUMMER,X 113;
CYCLOPS/SCOTT SUMMER,X 114;
CYCLOPS/SCOTT SUMMER,X 115;
CYCLOPS/SCOTT SUMMER,X 12;
CYCLOPS/SCOTT SUMMER,X 13;
CYCLOPS/SCOTT SUMMER,X 14;
CYCLOPS/SCOTT SUMMER,X 15;
CYCLOPS/SCOTT SUMMER,X 16;
CYCLOPS/SCOTT SUMMER,X 2;
CYCLOPS/SCOTT SUMMER,X 3;
CYCLOPS/SCOTT SUMMER,X 35;
CYCLOPS/SCOTT SUMMER,X 38;
CYCLOPS/SCOTT SUMMER,X 39;
CYCLOPS/SCOTT SUMMER,X 4;
CYCLOPS/SCOTT SUMMER,X 40;
CYCLOPS/SCOTT SUMMER,X 41;
CYCLOPS/SCOTT SUMMER,X 42;
CYCLOPS/SCOTT SUMMER,X 43;
CYCLOPS/SCOTT SUMMER,X 44;
CYCLOPS/SCOTT SUMMER,X 48;
CYCLOPS/SCOTT SUMMER,X 5;
CYCLOPS/SCOTT SUMMER,X 50;
CYCLOPS/SCOTT SUMMER,X 51;
CYCLOPS/SCOTT SUMMER,X 54;
CYCLOPS/SCOTT SUMMER,X 55;
CYCLOPS/SCOTT SUMMER,X 56;
CYCLOPS/SCOTT SUMMER,X 57;
CYCLOPS/SCOTT SUMMER,X 59;
CYCLOPS/SCOTT SUMMER,X 6;
CYCLOPS/SCOTT SUMMER,X 62;
CYCLOPS/SCOTT SUMMER,X 63;
CYCLOPS/SCOTT SUMMER,X 64;
CYCLOPS/SCOTT SUMMER,X 65;
CYCLOPS/SCOTT SUMMER,X 66;
CYCLOPS/SCOTT SUMMER,X 7;
CYCLOPS/SCOTT SUMMER,X 70;
CYCLOPS/SCOTT SUMMER,X 71;
CYCLOPS/SCOTT SUMMER,X 8;
CYCLOPS/SCOTT SUMMER,X 88;
CYCLOPS/SCOTT SUMMER,X 9;
CYCLOPS/SCOTT SUMMER,X 92;
CYCLOPS/SCOTT SUMMER,X 94/2;
CYCLOPS/SCOTT SUMMER,X '95;
CYCLOPS/SCOTT SUMMER,X 95;
CYCLOPS/SCOTT SUMMER,X 96;
CYCLOPS/SCOTT SUMMER,X '97;
CYCLOPS/SCOTT SUMMER,X 97;
CYCLOPS/SCOTT SUMMER,X&AF 1;
CYCLOPS/SCOTT SUMMER,X&AF 2;
CYCLOPS/SCOTT SUMMER,X&AF2 1;
CYCLOPS/SCOTT SUMMER,X&AF2 2;
CYCLOPS/SCOTT SUMMER,XCAL 100;
CYCLOPS/SCOTT SUMMER,XCAL 116;
CYCLOPS/SCOTT SUMMER,XCAL 57;
CYCLOPS/SCOTT SUMMER,XCAL 58;
CYCLOPS/SCOTT SUMMER,XCAL 96;
CYCLOPS/SCOTT SUMMER,XCAL: XX CROSSING;
CYCLOPS/SCOTT SUMMER,X&CD 1;
CYCLOPS/SCOTT SUMMER,XF 1;
CYCLOPS/SCOTT SUMMER,XF 10;
CYCLOPS/SCOTT SUMMER,XF 11;
CYCLOPS/SCOTT SUMMER,XF 115;
CYCLOPS/SCOTT SUMMER,XF 12;
CYCLOPS/SCOTT SUMMER,XF 13;
CYCLOPS/SCOTT SUMMER,XF 14;
CYCLOPS/SCOTT SUMMER,XF 149;
CYCLOPS/SCOTT SUMMER,XF 15;
CYCLOPS/SCOTT SUMMER,XF 16;
CYCLOPS/SCOTT SUMMER,XF 17;
CYCLOPS/SCOTT SUMMER,XF 18;
CYCLOPS/SCOTT SUMMER,XF 19;
CYCLOPS/SCOTT SUMMER,XF 2;
CYCLOPS/SCOTT SUMMER,XF 20;
CYCLOPS/SCOTT SUMMER,XF 21;
CYCLOPS/SCOTT SUMMER,XF 22;
CYCLOPS/SCOTT SUMMER,XF 23;
CYCLOPS/SCOTT SUMMER,XF 24;
CYCLOPS/SCOTT SUMMER,XF 25;
CYCLOPS/SCOTT SUMMER,XF 26;
CYCLOPS/SCOTT SUMMER,XF 27;
CYCLOPS/SCOTT SUMMER,XF 28;
CYCLOPS/SCOTT SUMMER,XF 29;
CYCLOPS/SCOTT SUMMER,XF 3;
CYCLOPS/SCOTT SUMMER,XF 30;
CYCLOPS/SCOTT SUMMER,XF 31;
CYCLOPS/SCOTT SUMMER,XF 32;
CYCLOPS/SCOTT SUMMER,XF 33;
CYCLOPS/SCOTT SUMMER,XF 34;
CYCLOPS/SCOTT SUMMER,XF 35;
CYCLOPS/SCOTT SUMMER,XF 36;
CYCLOPS/SCOTT SUMMER,XF 37;
CYCLOPS/SCOTT SUMMER,XF 38;
CYCLOPS/SCOTT SUMMER,XF 39;
CYCLOPS/SCOTT SUMMER,XF 4;
CYCLOPS/SCOTT SUMMER,XF 40;
CYCLOPS/SCOTT SUMMER,XF 41;
CYCLOPS/SCOTT SUMMER,XF 42;
CYCLOPS/SCOTT SUMMER,XF 4/3;
CYCLOPS/SCOTT SUMMER,XF 43;
CYCLOPS/SCOTT SUMMER,XF 44;
CYCLOPS/SCOTT SUMMER,XF 45;
CYCLOPS/SCOTT SUMMER,XF 46;
CYCLOPS/SCOTT SUMMER,XF 47;
CYCLOPS/SCOTT SUMMER,XF 48;
CYCLOPS/SCOTT SUMMER,XF 49;
CYCLOPS/SCOTT SUMMER,XF 5;
CYCLOPS/SCOTT SUMMER,XF 50;
CYCLOPS/SCOTT SUMMER,XF 51;
CYCLOPS/SCOTT SUMMER,XF 52;
CYCLOPS/SCOTT SUMMER,XF 53;
CYCLOPS/SCOTT SUMMER,XF 54;
CYCLOPS/SCOTT SUMMER,XF 55;
CYCLOPS/SCOTT SUMMER,XF 56;
CYCLOPS/SCOTT SUMMER,XF 57;
CYCLOPS/SCOTT SUMMER,XF 58;
CYCLOPS/SCOTT SUMMER,XF 59;
CYCLOPS/SCOTT SUMMER,XF 6;
CYCLOPS/SCOTT SUMMER,XF 60;
CYCLOPS/SCOTT SUMMER,XF 61;
CYCLOPS/SCOTT SUMMER,XF 62;
CYCLOPS/SCOTT SUMMER,XF 63;
CYCLOPS/SCOTT SUMMER,XF 65;
CYCLOPS/SCOTT SUMMER,XF 66;
CYCLOPS/SCOTT SUMMER,XF 67;
CYCLOPS/SCOTT SUMMER,XF 68;
CYCLOPS/SCOTT SUMMER,XF 69;
CYCLOPS/SCOTT SUMMER,XF 7;
CYCLOPS/SCOTT SUMMER,XF 70;
CYCLOPS/SCOTT SUMMER,XF 71;
CYCLOPS/SCOTT SUMMER,XF 78;
CYCLOPS/SCOTT SUMMER,XF 8;
CYCLOPS/SCOTT SUMMER,XF 84;
CYCLOPS/SCOTT SUMMER,XF 85;
CYCLOPS/SCOTT SUMMER,XF 86;
CYCLOPS/SCOTT SUMMER,XF 9;
CYCLOPS/SCOTT SUMMER,XFOR 16;
CYCLOPS/SCOTT SUMMER,XFOR 17;
CYCLOPS/SCOTT SUMMER,XFOR 18;
CYCLOPS/SCOTT SUMMER,XFOR 43;
CYCLOPS/SCOTT SUMMER,XFOR 44;
CYCLOPS/SCOTT SUMMER,XF:PL;
CYCLOPS/SCOTT SUMMER,X:HY 1;
CYCLOPS/SCOTT SUMMER,X:HY 10;
CYCLOPS/SCOTT SUMMER,X:HY 11;
CYCLOPS/SCOTT SUMMER,X:HY 12;
CYCLOPS/SCOTT SUMMER,X:HY 13;
CYCLOPS/SCOTT SUMMER,X:HY 14;
CYCLOPS/SCOTT SUMMER,X:HY 15;
CYCLOPS/SCOTT SUMMER,X:HY 16;
CYCLOPS/SCOTT SUMMER,X:HY 17;
CYCLOPS/SCOTT SUMMER,X:HY 18;
CYCLOPS/SCOTT SUMMER,X:HY 19;
CYCLOPS/SCOTT SUMMER,X:HY 2;
CYCLOPS/SCOTT SUMMER,X:HY 20;
CYCLOPS/SCOTT SUMMER,X:HY 21;
CYCLOPS/SCOTT SUMMER,X:HY 22;
CYCLOPS/SCOTT SUMMER,X:HY 3;
CYCLOPS/SCOTT SUMMER,X:HY 4;
CYCLOPS/SCOTT SUMMER,X:HY 5;
CYCLOPS/SCOTT SUMMER,X:HY 6;
CYCLOPS/SCOTT SUMMER,X:HY 7;
CYCLOPS/SCOTT SUMMER,X:HY 8;
CYCLOPS/SCOTT SUMMER,X:HY 9;
CYCLOPS/SCOTT SUMMER,X:L 2;
CYCLOPS/SCOTT SUMMER,XM 25;
CYCLOPS/SCOTT SUMMER,XM 53;
CYCLOPS/SCOTT SUMMER,XM 54;
CYCLOPS/SCOTT SUMMER,XM 55;
CYCLOPS/SCOTT SUMMER,XMF 3;
CYCLOPS/SCOTT SUMMER,X:PRIME;
CYCLOPS/SCOTT SUMMER,X:SC 1;
CYCLOPS/SCOTT SUMMER,X:SC 2;
CYCLOPS/SCOTT SUMMER,X:SC 3;
CYCLOPS/SCOTT SUMMER,X:SC 4;
CYCLOPS/SCOTT SUMMER,XSOS 2;
CYCLOPS/SCOTT SUMMER,XTERM 1;
CYCLOPS/SCOTT SUMMER,XU 10;
CYCLOPS/SCOTT SUMMER,XU 25;
CYCLOPS/SCOTT SUMMER,XU 31/2;
CYCLOPS/SCOTT SUMMER,XU 6;
CYLLA II,UX 269;
CYLLA II,UX 281;
CYLLA II,W2 55;
CYLLA II,W2 56;
CYLLA II,W2 57;
CYLLA,M/PRM 26;
CYNAS,AR 1;
CYNAS,AR 2;
CYNAS,FF 401;
CYNAS,FF 402;
CYNAS,FFOR 9;
CYPHER/DOUG RAMSEY,DAMCON 4;
CYPHER/DOUG RAMSEY,FA 1;
CYPHER/DOUG RAMSEY,FA 2;
CYPHER/DOUG RAMSEY,KPAOS 1;
CYPHER/DOUG RAMSEY,NM 1;
CYPHER/DOUG RAMSEY,NM 13;
CYPHER/DOUG RAMSEY,NM 14;
CYPHER/DOUG RAMSEY,NM 15;
CYPHER/DOUG RAMSEY,NM 16;
CYPHER/DOUG RAMSEY,NM 17;
CYPHER/DOUG RAMSEY,NM 2;
CYPHER/DOUG RAMSEY,NM 21;
CYPHER/DOUG RAMSEY,NM 26;
CYPHER/DOUG RAMSEY,NM 27;
CYPHER/DOUG RAMSEY,NM 28;
CYPHER/DOUG RAMSEY,NM 3;
CYPHER/DOUG RAMSEY,NM 32;
CYPHER/DOUG RAMSEY,NM 33;
CYPHER/DOUG RAMSEY,NM 34;
CYPHER/DOUG RAMSEY,NM 35;
CYPHER/DOUG RAMSEY,NM 36;
CYPHER/DOUG RAMSEY,NM 37;
CYPHER/DOUG RAMSEY,NM 38;
CYPHER/DOUG RAMSEY,NM 39;
CYPHER/DOUG RAMSEY,NM 40;
CYPHER/DOUG RAMSEY,NM 43;
CYPHER/DOUG RAMSEY,NM 44;
CYPHER/DOUG RAMSEY,NM 45;
CYPHER/DOUG RAMSEY,NM 46;
CYPHER/DOUG RAMSEY,NM 47;
CYPHER/DOUG RAMSEY,NM 49;
CYPHER/DOUG RAMSEY,NM 50;
CYPHER/DOUG RAMSEY,NM 51;
CYPHER/DOUG RAMSEY,NM 52;
CYPHER/DOUG RAMSEY,NM 53;
CYPHER/DOUG RAMSEY,NM 54;
CYPHER/DOUG RAMSEY,NM 55;
CYPHER/DOUG RAMSEY,NM 56;
CYPHER/DOUG RAMSEY,NM 57;
CYPHER/DOUG RAMSEY,NM 58;
CYPHER/DOUG RAMSEY,NM 59;
CYPHER/DOUG RAMSEY,NM 60;
CYPHER/DOUG RAMSEY,NM 61;
CYPHER/DOUG RAMSEY,NM 6/2;
CYPHER/DOUG RAMSEY,NM 81;
CYPHER/DOUG RAMSEY,NMSE 1;
CYPHER/DOUG RAMSEY,NM:TD 1;
CYPHER/DOUG RAMSEY,NM:TD 2;
CYPHER/DOUG RAMSEY,NM:TD 3;
CYPHER/DOUG RAMSEY,SWII 1;
CYPHER/DOUG RAMSEY,SWII 7;
CYPHER/DOUG RAMSEY,SWII 9;
CYPHER/DOUG RAMSEY,UX 10;
CYPHER/DOUG RAMSEY,UX 180;
CYPHER/DOUG RAMSEY,UX 193;
CYPHER/DOUG RAMSEY,UX 200;
CYPHER/DOUG RAMSEY,UX 201;
CYPHER/DOUG RAMSEY,UX 326;
CYPHER/DOUG RAMSEY,UX 371;
CYPHER/DOUG RAMSEY,UX 9;
CYPHER/DOUG RAMSEY,WLOCK3 1;
CYPHER/DOUG RAMSEY,WLOCK3 2;
CYPHER/DOUG RAMSEY,WLOCK3 3;
CYPHER/DOUG RAMSEY,WLOCK3 4;
CYPHER/DOUG RAMSEY,WLOCK3 5;
CYPHER/DOUG RAMSEY,WOSM 2;
CYPHER/DOUG RAMSEY,X 91;
CYPHER/DOUG RAMSEY,X '99;
CYPHER/DOUG RAMSEY,X&AF 1;
CYPHER/DOUG RAMSEY,XCAL 100;
CYPHER/DOUG RAMSEY,XCAL 101;
CYPHER/DOUG RAMSEY,XCAL 102;
CYPHER/DOUG RAMSEY,XCAL 104;
CYPHER/DOUG RAMSEY,XCAL 105;
CYPHER/DOUG RAMSEY,XCAL 107;
CYPHER/DOUG RAMSEY,XCAL 108;
CYPHER/DOUG RAMSEY,XCAL 112;
CYPHER/DOUG RAMSEY,XCAL 113;
CYPHER/DOUG RAMSEY,XCAL 114;
CYPHER/DOUG RAMSEY,XCAL 115;
CYPHER/DOUG RAMSEY,XCAL 116;
CYPHER/DOUG RAMSEY,XCAL 117;
CYPHER/DOUG RAMSEY,XCAL 118;
CYPHER/DOUG RAMSEY,XCAL 119;
CYPHER/DOUG RAMSEY,XCAL 120;
CYPHER/DOUG RAMSEY,XCAL 121;
CYPHER/DOUG RAMSEY,XCAL 122;
CYPHER/DOUG RAMSEY,XCAL 123;
CYPHER/DOUG RAMSEY,XCAL 124;
CYPHER/DOUG RAMSEY,XCAL 125;
CYPHER/DOUG RAMSEY,XCAL 2/3;
CYPHER/DOUG RAMSEY,XCAL 78;
CYPHER/DOUG RAMSEY,XCAL 79;
CYPHER/DOUG RAMSEY,XCAL 80;
CYPHER/DOUG RAMSEY,XCAL 81;
CYPHER/DOUG RAMSEY,XCAL 82;
CYPHER/DOUG RAMSEY,XCAL 83;
CYPHER/DOUG RAMSEY,XCAL 84;
CYPHER/DOUG RAMSEY,XCAL 85;
CYPHER/DOUG RAMSEY,XCAL 86;
CYPHER/DOUG RAMSEY,XCAL 87;
CYPHER/DOUG RAMSEY,XCAL 88;
CYPHER/DOUG RAMSEY,XCAL 89;
CYPHER/DOUG RAMSEY,XCAL 91;
CYPHER/DOUG RAMSEY,XCAL 92;
CYPHER/DOUG RAMSEY,XCAL 95;
CYPHER/DOUG RAMSEY,XCAL 96;
CYPHER/DOUG RAMSEY,XCAL 97;
CYPHER/DOUG RAMSEY,XCAL 98;
CYPHER/DOUG RAMSEY,XCAL 99;
CYPHER/DOUG RAMSEY,XCAL:P;
CYPHER/DOUG RAMSEY,XF 106;
CYPHER/DOUG RAMSEY,XFOR 38;
CYPHER/DOUG RAMSEY,X:PRIME;
CY-PHYRR 4,SS3 141;
CY-PHYRR 4,SS3 142;
CY-PHYRR 4,SS3 143;
CY-PHYRR 4,SS3 144;
CY-PHYRR 4,SS3 145;
CYPRESS/,M/CP 75/3;
CYRA [ASGARDIAN],T2 37;
CYRA [ASGARDIAN],T2 39;
CYTTORAK,DRSTR3 44;
CYTTORAK,DRSTR3 49;
DABOIA, RUSSELL,A '00;
DABUTA, NIGEL,IM3 6;
DA COSTA, EMMANUEL,M/GN 4;
DA COSTA, EMMANUEL,NM 23;
DA COSTA, EMMANUEL,NM 7;
DA COSTA, EMMANUEL,NM 98;
DA COSTA, EMMANUEL,UX 272;
DADDY LONGLEGS/RAMSE,A 240;
DADDY LONGLEGS/RAMSE,IM 7;
DADDY LONGLEGS/RAMSE,S-W 47;
DADDY LONGLEGS/RAMSE,S-W 50;
DADDY WRONGLEGS,M/K 5;
DADDY WRONGLEGS,M/K 6;
DAGDA,T 417/2;
DAGGER/TANDY BOWEN,AA2 18;
DAGGER/TANDY BOWEN,ASM 26/5;
DAGGER/TANDY BOWEN,AWC 4;
DAGGER/TANDY BOWEN,C&D 1;
DAGGER/TANDY BOWEN,C&D 2;
DAGGER/TANDY BOWEN,C&D2 1;
DAGGER/TANDY BOWEN,C&D2 10;
DAGGER/TANDY BOWEN,C&D2 11;
DAGGER/TANDY BOWEN,C&D2 11/2;
DAGGER/TANDY BOWEN,C&D2 2;
DAGGER/TANDY BOWEN,C&D2 3;
DAGGER/TANDY BOWEN,C&D2 4;
DAGGER/TANDY BOWEN,C&D2 5;
DAGGER/TANDY BOWEN,C&D2 6;
DAGGER/TANDY BOWEN,C&D2 7;
DAGGER/TANDY BOWEN,C&D2 8;
DAGGER/TANDY BOWEN,C&D2 9;
DAGGER/TANDY BOWEN,C&D 3;
DAGGER/TANDY BOWEN,C&D3 1;
DAGGER/TANDY BOWEN,C&D3 10;
DAGGER/TANDY BOWEN,C&D3 11;
DAGGER/TANDY BOWEN,C&D3 12;
DAGGER/TANDY BOWEN,C&D3 13;
DAGGER/TANDY BOWEN,C&D3 14;
DAGGER/TANDY BOWEN,C&D3 15;
DAGGER/TANDY BOWEN,C&D3 16;
DAGGER/TANDY BOWEN,C&D3 17;
DAGGER/TANDY BOWEN,C&D3 18;
DAGGER/TANDY BOWEN,C&D3 19;
DAGGER/TANDY BOWEN,C&D3 2;
DAGGER/TANDY BOWEN,C&D3 3;
DAGGER/TANDY BOWEN,C&D3 4;
DAGGER/TANDY BOWEN,C&D3 5;
DAGGER/TANDY BOWEN,C&D3 6;
DAGGER/TANDY BOWEN,C&D3 8;
DAGGER/TANDY BOWEN,C&D3 9;
DAGGER/TANDY BOWEN,C&D 4;
DAGGER/TANDY BOWEN,FF 22;
DAGGER/TANDY BOWEN,IG 6;
DAGGER/TANDY BOWEN,M/CP 115/4;
DAGGER/TANDY BOWEN,M/CP 9/3;
DAGGER/TANDY BOWEN,M/FAN 19;
DAGGER/TANDY BOWEN,M/FAN 19/2;
DAGGER/TANDY BOWEN,M/FAN 19/3;
DAGGER/TANDY BOWEN,M/GN 34;
DAGGER/TANDY BOWEN,M/K 1;
DAGGER/TANDY BOWEN,M/K 10;
DAGGER/TANDY BOWEN,M/K 11;
DAGGER/TANDY BOWEN,M/K 12;
DAGGER/TANDY BOWEN,M/K 13;
DAGGER/TANDY BOWEN,M/K 2;
DAGGER/TANDY BOWEN,M/K 3;
DAGGER/TANDY BOWEN,M/K 4;
DAGGER/TANDY BOWEN,M/K 5;
DAGGER/TANDY BOWEN,M/K 6;
DAGGER/TANDY BOWEN,M/K 7;
DAGGER/TANDY BOWEN,M/K 8;
DAGGER/TANDY BOWEN,M/K 9;
DAGGER/TANDY BOWEN,M/SH3 6/3;
DAGGER/TANDY BOWEN,M/SH3 7/2;
DAGGER/TANDY BOWEN,M/TU 6;
DAGGER/TANDY BOWEN |,MX 27;
DAGGER/TANDY BOWEN,NM 23;
DAGGER/TANDY BOWEN,NM 24;
DAGGER/TANDY BOWEN,NM 25;
DAGGER/TANDY BOWEN,NO2 7;
DAGGER/TANDY BOWEN,NW2 1;
DAGGER/TANDY BOWEN,NW 48;
DAGGER/TANDY BOWEN,NW 49;
DAGGER/TANDY BOWEN,NW 50;
DAGGER/TANDY BOWEN,NW 51;
DAGGER/TANDY BOWEN,PP 19;
DAGGER/TANDY BOWEN,PP 25;
DAGGER/TANDY BOWEN,PP 26;
DAGGER/TANDY BOWEN,PP 53;
DAGGER/TANDY BOWEN,PP 6;
DAGGER/TANDY BOWEN,PP 7;
DAGGER/TANDY BOWEN,PP 8;
DAGGER/TANDY BOWEN,PPCDGN;
DAGGER/TANDY BOWEN,PPTSS 12/5;
DAGGER/TANDY BOWEN,PPTSS 64;
DAGGER/TANDY BOWEN,PPTSS 69;
DAGGER/TANDY BOWEN,PPTSS 70;
DAGGER/TANDY BOWEN,PPTSS 81;
DAGGER/TANDY BOWEN,PPTSS 82;
DAGGER/TANDY BOWEN,PPTSS 9;
DAGGER/TANDY BOWEN,PPTSS 94;
DAGGER/TANDY BOWEN,PPTSS 95;
DAGGER/TANDY BOWEN,PPTSS 96;
DAGGER/TANDY BOWEN,ST2 1;
DAGGER/TANDY BOWEN,ST2 10;
DAGGER/TANDY BOWEN,ST2 11;
DAGGER/TANDY BOWEN,ST2 12;
DAGGER/TANDY BOWEN,ST2 13;
DAGGER/TANDY BOWEN,ST2 14;
DAGGER/TANDY BOWEN,ST2 15;
DAGGER/TANDY BOWEN,ST2 16;
DAGGER/TANDY BOWEN,ST2 17;
DAGGER/TANDY BOWEN,ST2 18;
DAGGER/TANDY BOWEN,ST2 2;
DAGGER/TANDY BOWEN,ST2 3;
DAGGER/TANDY BOWEN,ST2 4;
DAGGER/TANDY BOWEN,ST2 5;
DAGGER/TANDY BOWEN,ST2 6;
DAGGER/TANDY BOWEN,ST2 7;
DAGGER/TANDY BOWEN,ST2 7/2;
DAGGER/TANDY BOWEN,ST2 8;
DAGGER/TANDY BOWEN,ST2 9;
DAGGER/TANDY BOWEN,ST:DC 1;
DAGGER/TANDY BOWEN,SWII 9;
DAGGER/TANDY BOWEN,T 14;
DAGGER/TANDY BOWEN,WOSM 77;
DAGGER/TANDY BOWEN,WOSM 78;
DAGGER/TANDY BOWEN,WOSM 8/5;
DAHN, FARNOQ,H2 390;
DAHN, FARNOQ,H2 391;
DAHN, FARNOQ,H2 392;
DAHN, FARNOQ,XF 76;
DAI-KUMO,W2 31;
DAI-KUMO,W2 32;
DAI-KUMO,W2 33;
DAKESIAN, NANCI,DD2 8;
DAKIMH THE ENCHANTER,AIF 14;
DAKIMH THE ENCHANTER,AIF 15;
DAKIMH THE ENCHANTER,AIF 19;
DAKIMH THE ENCHANTER,GSM-T 3;
DAKIMH THE ENCHANTER,HTD 22;
DAKIMH THE ENCHANTER,MAXSEC 3;
DAKIMH THE ENCHANTER,M-T 1;
DAKIMH THE ENCHANTER,M-T2 11;
DAKIMH THE ENCHANTER,M-T 22;
DAKIMH THE ENCHANTER,M/TU 68;
DAKINI,CA 10;
DAKINI,DD 7;
DAKINI,PUN 4;
DAKOR, YOGI,FF 23;
DAKOR, YOGI,M/TIO 60;
DAKOR, YOGI,ST 122;
D'ALEXIS, AMBER,W/NF;
DAMAGE,PWJ 19;
DAMAGE,PWJ 20;
DAMBALLAH II,A 152;
DAMBALLAH II,DRSTR2 48;
DAMBALLAH,ST 169;
DAMBALLAH,ST 170;
DAMIAN, DR. DANIEL,E 1;
DAMIAN, DR. DANIEL,E 12;
DAMIAN, DR. DANIEL,E 2;
DAMIAN, DR. DANIEL,E 3;
DAMIAN, DR. DANIEL,E 4;
DAMIAN, DR. DANIEL,E 7;
DAMIAN, DR. DANIEL,E:HEROD;
DAMIAN, DR. DANIEL,FF 64;
DAMIAN, DR. DANIEL,T 284;
DAMIAN, DR. DANIEL,T 291;
DAMIAN, MARGO,E 1;
DAMIAN, MARGO,E 10;
DAMIAN, MARGO,E 11;
DAMIAN, MARGO,E 12;
DAMIAN, MARGO,E 14;
DAMIAN, MARGO,E 15;
DAMIAN, MARGO,E 16;
DAMIAN, MARGO,E 18;
DAMIAN, MARGO,E 2;
DAMIAN, MARGO,E2 1;
DAMIAN, MARGO,E2 10;
DAMIAN, MARGO,E2 2;
DAMIAN, MARGO,E2 3;
DAMIAN, MARGO,E2 4;
DAMIAN, MARGO,E2 5;
DAMIAN, MARGO,E2 6;
DAMIAN, MARGO,E2 7;
DAMIAN, MARGO,E2 9;
DAMIAN, MARGO,E 3;
DAMIAN, MARGO,E 4;
DAMIAN, MARGO,E 5;
DAMIAN, MARGO,E 6;
DAMIAN, MARGO,E 8;
DAMIAN, MARGO,T 284;
DAMIAN, MARGO,T 285;
DAMIAN, MARGO,T 286;
DAMIAN, MARGO,T 287;
DAMIAN, MARGO,T 291;
DAN-FARR,MAXSEC 3;
D'ANGELO, LIEUTENANT,BIZADV 27/2;
D'ANGELO, LIEUTENANT,DHKF 13/2;
D'ANGELO, LIEUTENANT,DHKF 20/2;
D'ANGELO, LIEUTENANT,DHKF 21/2;
D'ANGELO, LIEUTENANT,DHKF 22/2;
D'ANGELO, LIEUTENANT,DHKF 23/2;
D'ANGELO, LIEUTENANT,DHKF 24/2;
D'ANGELO, LIEUTENANT,DHKF 26;
D'ANGELO, LIEUTENANT,DHKF 27;
D'ANGELO, LIEUTENANT,DHKF 29/2;
D'ANGELO, LIEUTENANT,DHKF 30;
D'ANGELO, LIEUTENANT,DHKF 31;
D'ANGELO, LIEUTENANT,DHKF 32/2;
D'ANGELO, LIEUTENANT,PPTSS 110;
D'ANGELO, LIEUTENANT,PPTSS 32;
DANGOR,FF 363;
DANGOR,FF 364;
DANGOR,FF 365;
DANIA,DEF2 6;
DANIELS, BRIE,IM 222;
DANIELS, BRIE,IM 225;
DANIELS, BRIE,IM 244;
DANNING, SHEILA,A 234;
DANNING, SHEILA,HAWK 1;
DANSEN MACABRE,AWC 76;
DANSEN MACABRE,AWC 77;
DANSEN MACABRE,AWC 78;
DANSEN MACABRE,AWC 79;
DANSEN MACABRE,CA 330;
DANSEN MACABRE,CA 331;
DANSEN MACABRE,CA 389;
DANSEN MACABRE,CA 390;
DANSEN MACABRE,CA 391;
DANSEN MACABRE,M/TU 93;
DANSEN MACABRE,M/TU 94;
DANSEN MACABRE,SOLOA 3/2;
DANSEN MACABRE,S-W 50;
DANSEN MACABRE,WCA2 40;
DANTE,NO2 11;
DANTES, DR. EDWINA,FF3 18;
DANVERS, JOE,IM3 21;
DANVERS, JOE,MSM 13;
DANVERS, MRS. JOE,IM3 7;
DANVERS, MRS. JOE,MSM 13;
DANVILLE, SEN. OWEN,XFOR 89;
DANVILLE, SEN. OWEN,XFOR 90;
DANVILLE, SEN. OWEN,XFOR 91;
DARCO,ASTONX2 1;
DARCO,ASTONX2 2;
DARCO,ASTONX2 3;
DARCO,UX 372;
DARCO,X 92;
DAREDEVIL DOPPELGANG,AF 111;
DAREDEVIL DOPPELGANG,DD 310;
DAREDEVIL DOPPELGANG,IW 1;
DAREDEVIL DOPPELGANG,IW 3;
DAREDEVIL DOPPELGANG,IW 4;
DAREDEVIL DOPPELGANG,MK3 43;
DAREDEVIL DOPPELGANG,SLEEP 18;
DAREDEVIL/MATT MURDO,A 111;
DAREDEVIL/MATT MURDO,A 159;
DAREDEVIL/MATT MURDO,A 190;
DAREDEVIL/MATT MURDO,A 191;
DAREDEVIL/MATT MURDO,A3 10;
DAREDEVIL/MATT MURDO,A3 11;
DAREDEVIL/MATT MURDO,A 332;
DAREDEVIL/MATT MURDO,A 333;
DAREDEVIL/MATT MURDO,A 60;
DAREDEVIL/MATT MURDO,A 82;
DAREDEVIL/MATT MURDO,A '99;
DAREDEVIL/MATT MURDO,ASM 16;
DAREDEVIL/MATT MURDO,ASM 18;
DAREDEVIL/MATT MURDO,ASM2 1;
DAREDEVIL/MATT MURDO,ASM 218;
DAREDEVIL/MATT MURDO,ASM 219;
DAREDEVIL/MATT MURDO,ASM 22;
DAREDEVIL/MATT MURDO,ASM 267;
DAREDEVIL/MATT MURDO,ASM 277;
DAREDEVIL/MATT MURDO,ASM 286;
DAREDEVIL/MATT MURDO,ASM 287;
DAREDEVIL/MATT MURDO,ASM 288;
DAREDEVIL/MATT MURDO,ASM 3;
DAREDEVIL/MATT MURDO,ASM 396;
DAREDEVIL/MATT MURDO,ASM 429;
DAREDEVIL/MATT MURDO,ASM 43;
DAREDEVIL/MATT MURDO,ASM 438;
DAREDEVIL/MATT MURDO,ASM '98;
DAREDEVIL/MATT MURDO,ASMU 13;
DAREDEVIL/MATT MURDO,ASMU 18;
DAREDEVIL/MATT MURDO,ASMU 6;
DAREDEVIL/MATT MURDO,BW 1;
DAREDEVIL/MATT MURDO,BW 2;
DAREDEVIL/MATT MURDO,BW2 1;
DAREDEVIL/MATT MURDO,BW2 2;
DAREDEVIL/MATT MURDO,BW 3;
DAREDEVIL/MATT MURDO,BW:CW;
DAREDEVIL/MATT MURDO,C2 55;
DAREDEVIL/MATT MURDO,CA 234;
DAREDEVIL/MATT MURDO,CA 235;
DAREDEVIL/MATT MURDO,CA 236;
DAREDEVIL/MATT MURDO,CA 250;
DAREDEVIL/MATT MURDO,CA 374;
DAREDEVIL/MATT MURDO,CA 375;
DAREDEVIL/MATT MURDO,CA 376;
DAREDEVIL/MATT MURDO,COC 1;
DAREDEVIL/MATT MURDO,COC 2;
DAREDEVIL/MATT MURDO,COC 3;
DAREDEVIL/MATT MURDO,COH 2;
DAREDEVIL/MATT MURDO,COH 3;
DAREDEVIL/MATT MURDO,DAZZ 21;
DAREDEVIL/MATT MURDO,DD -1;
DAREDEVIL/MATT MURDO,DD 1;
DAREDEVIL/MATT MURDO,DD 10;
DAREDEVIL/MATT MURDO,DD 100;
DAREDEVIL/MATT MURDO,DD 101;
DAREDEVIL/MATT MURDO,DD 102;
DAREDEVIL/MATT MURDO,DD 103;
DAREDEVIL/MATT MURDO,DD 104;
DAREDEVIL/MATT MURDO,DD 105;
DAREDEVIL/MATT MURDO,DD 106;
DAREDEVIL/MATT MURDO,DD 107;
DAREDEVIL/MATT MURDO,DD 108;
DAREDEVIL/MATT MURDO,DD 109;
DAREDEVIL/MATT MURDO,DD 11;
DAREDEVIL/MATT MURDO,DD 110;
DAREDEVIL/MATT MURDO,DD 111;
DAREDEVIL/MATT MURDO,DD 112;
DAREDEVIL/MATT MURDO,DD 113;
DAREDEVIL/MATT MURDO,DD 114;
DAREDEVIL/MATT MURDO,DD 115;
DAREDEVIL/MATT MURDO,DD 116;
DAREDEVIL/MATT MURDO,DD 117;
DAREDEVIL/MATT MURDO,DD 118;
DAREDEVIL/MATT MURDO,DD 119;
DAREDEVIL/MATT MURDO,DD 12;
DAREDEVIL/MATT MURDO,DD 120;
DAREDEVIL/MATT MURDO,DD 121;
DAREDEVIL/MATT MURDO,DD 122;
DAREDEVIL/MATT MURDO,DD 123;
DAREDEVIL/MATT MURDO,DD 124;
DAREDEVIL/MATT MURDO,DD 125;
DAREDEVIL/MATT MURDO,DD 126;
DAREDEVIL/MATT MURDO,DD 127;
DAREDEVIL/MATT MURDO,DD 128;
DAREDEVIL/MATT MURDO,DD 129;
DAREDEVIL/MATT MURDO,DD 13;
DAREDEVIL/MATT MURDO,DD 130;
DAREDEVIL/MATT MURDO,DD 131;
DAREDEVIL/MATT MURDO,DD 132;
DAREDEVIL/MATT MURDO,DD 133;
DAREDEVIL/MATT MURDO,DD 134;
DAREDEVIL/MATT MURDO,DD 135;
DAREDEVIL/MATT MURDO,DD 136;
DAREDEVIL/MATT MURDO,DD 137;
DAREDEVIL/MATT MURDO,DD 138;
DAREDEVIL/MATT MURDO,DD 139;
DAREDEVIL/MATT MURDO,DD 14;
DAREDEVIL/MATT MURDO,DD 140;
DAREDEVIL/MATT MURDO,DD 141;
DAREDEVIL/MATT MURDO,DD 142;
DAREDEVIL/MATT MURDO,DD 143;
DAREDEVIL/MATT MURDO,DD 144;
DAREDEVIL/MATT MURDO,DD 145;
DAREDEVIL/MATT MURDO,DD 146;
DAREDEVIL/MATT MURDO,DD 147;
DAREDEVIL/MATT MURDO,DD 148;
DAREDEVIL/MATT MURDO,DD 149;
DAREDEVIL/MATT MURDO,DD 15;
DAREDEVIL/MATT MURDO,DD 150;
DAREDEVIL/MATT MURDO,DD 151;
DAREDEVIL/MATT MURDO,DD 152;
DAREDEVIL/MATT MURDO,DD 153;
DAREDEVIL/MATT MURDO,DD 154;
DAREDEVIL/MATT MURDO,DD 155;
DAREDEVIL/MATT MURDO,DD 156;
DAREDEVIL/MATT MURDO,DD 157;
DAREDEVIL/MATT MURDO,DD 158;
DAREDEVIL/MATT MURDO,DD 159;
DAREDEVIL/MATT MURDO,DD 16;
DAREDEVIL/MATT MURDO,DD 160;
DAREDEVIL/MATT MURDO,DD 161;
DAREDEVIL/MATT MURDO,DD 162;
DAREDEVIL/MATT MURDO,DD 163;
DAREDEVIL/MATT MURDO,DD 164;
DAREDEVIL/MATT MURDO,DD 165;
DAREDEVIL/MATT MURDO,DD 166;
DAREDEVIL/MATT MURDO,DD 167;
DAREDEVIL/MATT MURDO,DD 168;
DAREDEVIL/MATT MURDO,DD 169;
DAREDEVIL/MATT MURDO,DD 17;
DAREDEVIL/MATT MURDO,DD 170;
DAREDEVIL/MATT MURDO,DD 171;
DAREDEVIL/MATT MURDO,DD 172;
DAREDEVIL/MATT MURDO,DD 173;
DAREDEVIL/MATT MURDO,DD 174;
DAREDEVIL/MATT MURDO,DD 175;
DAREDEVIL/MATT MURDO,DD 176;
DAREDEVIL/MATT MURDO,DD 177;
DAREDEVIL/MATT MURDO,DD 178;
DAREDEVIL/MATT MURDO,DD 179;
DAREDEVIL/MATT MURDO,DD 18;
DAREDEVIL/MATT MURDO,DD 180;
DAREDEVIL/MATT MURDO,DD 181;
DAREDEVIL/MATT MURDO,DD 182;
DAREDEVIL/MATT MURDO,DD 183;
DAREDEVIL/MATT MURDO,DD 184;
DAREDEVIL/MATT MURDO,DD 185;
DAREDEVIL/MATT MURDO,DD 186;
DAREDEVIL/MATT MURDO,DD 187;
DAREDEVIL/MATT MURDO,DD 188;
DAREDEVIL/MATT MURDO,DD 189;
DAREDEVIL/MATT MURDO,DD 19;
DAREDEVIL/MATT MURDO,DD 190;
DAREDEVIL/MATT MURDO,DD 191;
DAREDEVIL/MATT MURDO,DD 192;
DAREDEVIL/MATT MURDO,DD 193;
DAREDEVIL/MATT MURDO,DD 194;
DAREDEVIL/MATT MURDO,DD 195;
DAREDEVIL/MATT MURDO,DD 196;
DAREDEVIL/MATT MURDO,DD 197;
DAREDEVIL/MATT MURDO,DD 198;
DAREDEVIL/MATT MURDO,DD 199;
DAREDEVIL/MATT MURDO,DD 2;
DAREDEVIL/MATT MURDO,DD 20;
DAREDEVIL/MATT MURDO,DD 200;
DAREDEVIL/MATT MURDO,DD 201;
DAREDEVIL/MATT MURDO,DD 202;
DAREDEVIL/MATT MURDO,DD 202/2;
DAREDEVIL/MATT MURDO,DD 203;
DAREDEVIL/MATT MURDO,DD 204;
DAREDEVIL/MATT MURDO,DD 205;
DAREDEVIL/MATT MURDO,DD 206;
DAREDEVIL/MATT MURDO,DD 207;
DAREDEVIL/MATT MURDO,DD 208;
DAREDEVIL/MATT MURDO,DD 209;
DAREDEVIL/MATT MURDO,DD 21;
DAREDEVIL/MATT MURDO,DD2 1;
DAREDEVIL/MATT MURDO,DD 210;
DAREDEVIL/MATT MURDO,DD2 10;
DAREDEVIL/MATT MURDO,DD 211;
DAREDEVIL/MATT MURDO,DD2 11;
DAREDEVIL/MATT MURDO,DD 212;
DAREDEVIL/MATT MURDO,DD 213;
DAREDEVIL/MATT MURDO,DD2 13;
DAREDEVIL/MATT MURDO,DD 214;
DAREDEVIL/MATT MURDO,DD2 14;
DAREDEVIL/MATT MURDO,DD 215;
DAREDEVIL/MATT MURDO,DD2 15;
DAREDEVIL/MATT MURDO,DD 216;
DAREDEVIL/MATT MURDO,DD 217;
DAREDEVIL/MATT MURDO,DD 218;
DAREDEVIL/MATT MURDO,DD2 18;
DAREDEVIL/MATT MURDO,DD 219;
DAREDEVIL/MATT MURDO,DD2 19;
DAREDEVIL/MATT MURDO,DD 22;
DAREDEVIL/MATT MURDO,DD2 2;
DAREDEVIL/MATT MURDO,DD 220;
DAREDEVIL/MATT MURDO,DD 221;
DAREDEVIL/MATT MURDO,DD 222;
DAREDEVIL/MATT MURDO,DD 223;
DAREDEVIL/MATT MURDO,DD 224;
DAREDEVIL/MATT MURDO,DD 225;
DAREDEVIL/MATT MURDO,DD 226;
DAREDEVIL/MATT MURDO,DD 227;
DAREDEVIL/MATT MURDO,DD 228;
DAREDEVIL/MATT MURDO,DD 229;
DAREDEVIL/MATT MURDO,DD 23;
DAREDEVIL/MATT MURDO,DD2 3;
DAREDEVIL/MATT MURDO,DD 230;
DAREDEVIL/MATT MURDO,DD 231;
DAREDEVIL/MATT MURDO,DD 232;
DAREDEVIL/MATT MURDO,DD 233;
DAREDEVIL/MATT MURDO,DD 234;
DAREDEVIL/MATT MURDO,DD 235;
DAREDEVIL/MATT MURDO,DD 236;
DAREDEVIL/MATT MURDO,DD 237;
DAREDEVIL/MATT MURDO,DD 238;
DAREDEVIL/MATT MURDO,DD 239;
DAREDEVIL/MATT MURDO,DD 24;
DAREDEVIL/MATT MURDO,DD2 4;
DAREDEVIL/MATT MURDO,DD 240;
DAREDEVIL/MATT MURDO,DD 241;
DAREDEVIL/MATT MURDO,DD 242;
DAREDEVIL/MATT MURDO,DD 243;
DAREDEVIL/MATT MURDO,DD 244;
DAREDEVIL/MATT MURDO,DD 245;
DAREDEVIL/MATT MURDO,DD 246;
DAREDEVIL/MATT MURDO,DD 247;
DAREDEVIL/MATT MURDO,DD 248;
DAREDEVIL/MATT MURDO,DD 249;
DAREDEVIL/MATT MURDO,DD 25;
DAREDEVIL/MATT MURDO,DD2 5;
DAREDEVIL/MATT MURDO,DD 250;
DAREDEVIL/MATT MURDO,DD 251;
DAREDEVIL/MATT MURDO,DD 252;
DAREDEVIL/MATT MURDO,DD 253;
DAREDEVIL/MATT MURDO,DD 254;
DAREDEVIL/MATT MURDO,DD 255;
DAREDEVIL/MATT MURDO,DD 256;
DAREDEVIL/MATT MURDO,DD 257;
DAREDEVIL/MATT MURDO,DD 258;
DAREDEVIL/MATT MURDO,DD 259;
DAREDEVIL/MATT MURDO,DD 26;
DAREDEVIL/MATT MURDO,DD2 6;
DAREDEVIL/MATT MURDO,DD 260;
DAREDEVIL/MATT MURDO,DD 261;
DAREDEVIL/MATT MURDO,DD 262;
DAREDEVIL/MATT MURDO,DD 263;
DAREDEVIL/MATT MURDO,DD 264;
DAREDEVIL/MATT MURDO,DD 265;
DAREDEVIL/MATT MURDO,DD 266;
DAREDEVIL/MATT MURDO,DD 267;
DAREDEVIL/MATT MURDO,DD 268;
DAREDEVIL/MATT MURDO,DD 269;
DAREDEVIL/MATT MURDO,DD 27;
DAREDEVIL/MATT MURDO,DD2 7;
DAREDEVIL/MATT MURDO,DD 270;
DAREDEVIL/MATT MURDO,DD 271;
DAREDEVIL/MATT MURDO,DD 272;
DAREDEVIL/MATT MURDO,DD 273;
DAREDEVIL/MATT MURDO,DD 274;
DAREDEVIL/MATT MURDO,DD 275;
DAREDEVIL/MATT MURDO,DD 276;
DAREDEVIL/MATT MURDO,DD 277;
DAREDEVIL/MATT MURDO,DD 278;
DAREDEVIL/MATT MURDO,DD 279;
DAREDEVIL/MATT MURDO,DD 28;
DAREDEVIL/MATT MURDO,DD2 8;
DAREDEVIL/MATT MURDO,DD 280;
DAREDEVIL/MATT MURDO,DD 281;
DAREDEVIL/MATT MURDO,DD 282;
DAREDEVIL/MATT MURDO,DD 283;
DAREDEVIL/MATT MURDO,DD 284;
DAREDEVIL/MATT MURDO,DD 285;
DAREDEVIL/MATT MURDO,DD 286;
DAREDEVIL/MATT MURDO,DD 287;
DAREDEVIL/MATT MURDO,DD 288;
DAREDEVIL/MATT MURDO,DD 289;
DAREDEVIL/MATT MURDO,DD 29;
DAREDEVIL/MATT MURDO,DD2 9;
DAREDEVIL/MATT MURDO,DD 290;
DAREDEVIL/MATT MURDO,DD 291;
DAREDEVIL/MATT MURDO,DD 292;
DAREDEVIL/MATT MURDO,DD 293;
DAREDEVIL/MATT MURDO,DD 294;
DAREDEVIL/MATT MURDO,DD 295;
DAREDEVIL/MATT MURDO,DD 296;
DAREDEVIL/MATT MURDO,DD 297;
DAREDEVIL/MATT MURDO,DD 298;
DAREDEVIL/MATT MURDO,DD 299;
DAREDEVIL/MATT MURDO,DD 3;
DAREDEVIL/MATT MURDO,DD 30;
DAREDEVIL/MATT MURDO,DD 300;
DAREDEVIL/MATT MURDO,DD 301;
DAREDEVIL/MATT MURDO,DD 302;
DAREDEVIL/MATT MURDO,DD 303;
DAREDEVIL/MATT MURDO,DD 304;
DAREDEVIL/MATT MURDO,DD 305;
DAREDEVIL/MATT MURDO,DD 306;
DAREDEVIL/MATT MURDO,DD 307;
DAREDEVIL/MATT MURDO,DD 308;
DAREDEVIL/MATT MURDO,DD 309;
DAREDEVIL/MATT MURDO,DD 31;
DAREDEVIL/MATT MURDO,DD 310;
DAREDEVIL/MATT MURDO,DD 311;
DAREDEVIL/MATT MURDO,DD 32;
DAREDEVIL/MATT MURDO,DD 33;
DAREDEVIL/MATT MURDO,DD 330;
DAREDEVIL/MATT MURDO,DD 331;
DAREDEVIL/MATT MURDO,DD 332;
DAREDEVIL/MATT MURDO,DD 333;
DAREDEVIL/MATT MURDO,DD 334;
DAREDEVIL/MATT MURDO,DD 335;
DAREDEVIL/MATT MURDO,DD 336;
DAREDEVIL/MATT MURDO,DD 337;
DAREDEVIL/MATT MURDO,DD 338;
DAREDEVIL/MATT MURDO,DD 339;
DAREDEVIL/MATT MURDO,DD 34;
DAREDEVIL/MATT MURDO,DD 340;
DAREDEVIL/MATT MURDO,DD 341;
DAREDEVIL/MATT MURDO,DD 342;
DAREDEVIL/MATT MURDO,DD 343;
DAREDEVIL/MATT MURDO,DD 344;
DAREDEVIL/MATT MURDO,DD 345;
DAREDEVIL/MATT MURDO,DD 346;
DAREDEVIL/MATT MURDO,DD 347;
DAREDEVIL/MATT MURDO,DD 348;
DAREDEVIL/MATT MURDO,DD 349;
DAREDEVIL/MATT MURDO,DD 35;
DAREDEVIL/MATT MURDO,DD 350;
DAREDEVIL/MATT MURDO,DD 352;
DAREDEVIL/MATT MURDO,DD 353;
DAREDEVIL/MATT MURDO,DD 355;
DAREDEVIL/MATT MURDO,DD 357;
DAREDEVIL/MATT MURDO,DD 358;
DAREDEVIL/MATT MURDO,DD 359;
DAREDEVIL/MATT MURDO,DD 36;
DAREDEVIL/MATT MURDO,DD 362;
DAREDEVIL/MATT MURDO,DD 363;
DAREDEVIL/MATT MURDO,DD 364;
DAREDEVIL/MATT MURDO,DD 366;
DAREDEVIL/MATT MURDO,DD 367;
DAREDEVIL/MATT MURDO,DD 368;
DAREDEVIL/MATT MURDO,DD 369;
DAREDEVIL/MATT MURDO,DD 37;
DAREDEVIL/MATT MURDO,DD 370;
DAREDEVIL/MATT MURDO,DD 371;
DAREDEVIL/MATT MURDO,DD 372;
DAREDEVIL/MATT MURDO,DD 373;
DAREDEVIL/MATT MURDO,DD 374;
DAREDEVIL/MATT MURDO,DD 375;
DAREDEVIL/MATT MURDO,DD 376;
DAREDEVIL/MATT MURDO,DD 377;
DAREDEVIL/MATT MURDO,DD 378;
DAREDEVIL/MATT MURDO,DD 379;
DAREDEVIL/MATT MURDO,DD 38;
DAREDEVIL/MATT MURDO,DD 380;
DAREDEVIL/MATT MURDO,DD 39;
DAREDEVIL/MATT MURDO,DD 4;
DAREDEVIL/MATT MURDO,DD 40;
DAREDEVIL/MATT MURDO,DD 41;
DAREDEVIL/MATT MURDO,DD 42;
DAREDEVIL/MATT MURDO,DD 43;
DAREDEVIL/MATT MURDO,DD 44;
DAREDEVIL/MATT MURDO,DD 45;
DAREDEVIL/MATT MURDO,DD 46;
DAREDEVIL/MATT MURDO,DD 47;
DAREDEVIL/MATT MURDO,DD 48;
DAREDEVIL/MATT MURDO,DD 49;
DAREDEVIL/MATT MURDO,DD 5;
DAREDEVIL/MATT MURDO,DD 50;
DAREDEVIL/MATT MURDO,DD 51;
DAREDEVIL/MATT MURDO,DD 5/2;
DAREDEVIL/MATT MURDO,DD 52;
DAREDEVIL/MATT MURDO,DD 5/3;
DAREDEVIL/MATT MURDO,DD 53;
DAREDEVIL/MATT MURDO,DD 5/4;
DAREDEVIL/MATT MURDO,DD 54;
DAREDEVIL/MATT MURDO,DD 55;
DAREDEVIL/MATT MURDO,DD 56;
DAREDEVIL/MATT MURDO,DD 57;
DAREDEVIL/MATT MURDO,DD 58;
DAREDEVIL/MATT MURDO,DD 59;
DAREDEVIL/MATT MURDO,DD 6;
DAREDEVIL/MATT MURDO,DD 60;
DAREDEVIL/MATT MURDO,DD 61;
DAREDEVIL/MATT MURDO,DD 6/2;
DAREDEVIL/MATT MURDO,DD 62;
DAREDEVIL/MATT MURDO,DD 6/3;
DAREDEVIL/MATT MURDO,DD 63;
DAREDEVIL/MATT MURDO,DD 64;
DAREDEVIL/MATT MURDO,DD 65;
DAREDEVIL/MATT MURDO,DD 66;
DAREDEVIL/MATT MURDO,DD 67;
DAREDEVIL/MATT MURDO,DD 68;
DAREDEVIL/MATT MURDO,DD 69;
DAREDEVIL/MATT MURDO,DD 7;
DAREDEVIL/MATT MURDO,DD 70;
DAREDEVIL/MATT MURDO,DD 71;
DAREDEVIL/MATT MURDO,DD 72;
DAREDEVIL/MATT MURDO,DD 7/3;
DAREDEVIL/MATT MURDO,DD 73;
DAREDEVIL/MATT MURDO,DD 7/4;
DAREDEVIL/MATT MURDO,DD 74;
DAREDEVIL/MATT MURDO,DD 75;
DAREDEVIL/MATT MURDO,DD 76;
DAREDEVIL/MATT MURDO,DD 77;
DAREDEVIL/MATT MURDO,DD 78;
DAREDEVIL/MATT MURDO,DD 79;
DAREDEVIL/MATT MURDO,DD 8;
DAREDEVIL/MATT MURDO,DD 80;
DAREDEVIL/MATT MURDO,DD 81;
DAREDEVIL/MATT MURDO,DD 8/2;
DAREDEVIL/MATT MURDO,DD 82;
DAREDEVIL/MATT MURDO,DD 83;
DAREDEVIL/MATT MURDO,DD 8/4;
DAREDEVIL/MATT MURDO,DD 84;
DAREDEVIL/MATT MURDO,DD 85;
DAREDEVIL/MATT MURDO,DD 86;
DAREDEVIL/MATT MURDO,DD 87;
DAREDEVIL/MATT MURDO,DD 88;
DAREDEVIL/MATT MURDO,DD 89;
DAREDEVIL/MATT MURDO,DD 9;
DAREDEVIL/MATT MURDO,DD 90;
DAREDEVIL/MATT MURDO,DD 91;
DAREDEVIL/MATT MURDO,DD 92;
DAREDEVIL/MATT MURDO,DD 93;
DAREDEVIL/MATT MURDO,DD 94;
DAREDEVIL/MATT MURDO,DD 95;
DAREDEVIL/MATT MURDO,DD 96;
DAREDEVIL/MATT MURDO,DD '97;
DAREDEVIL/MATT MURDO,DD 97;
DAREDEVIL/MATT MURDO,DD 98;
DAREDEVIL/MATT MURDO,DD 99;
DAREDEVIL/MATT MURDO,DD:N 1;
DAREDEVIL/MATT MURDO,DD/SM 1;
DAREDEVIL/MATT MURDO,DD/SM 2;
DAREDEVIL/MATT MURDO,DD:Y;
DAREDEVIL/MATT MURDO,DD:Y 1;
DAREDEVIL/MATT MURDO,DD:Y 2;
DAREDEVIL/MATT MURDO,DEF 103;
DAREDEVIL/MATT MURDO,DEF 104;
DAREDEVIL/MATT MURDO,DEF 106;
DAREDEVIL/MATT MURDO,DEF 107;
DAREDEVIL/MATT MURDO,DEF 24;
DAREDEVIL/MATT MURDO,DEF 25;
DAREDEVIL/MATT MURDO,DEF 40;
DAREDEVIL/MATT MURDO,DEF 88;
DAREDEVIL/MATT MURDO,DEF 89;
DAREDEVIL/MATT MURDO,DEF 90;
DAREDEVIL/MATT MURDO,DEF 91;
DAREDEVIL/MATT MURDO,DE:O;
DAREDEVIL/MATT MURDO,DHAWK 6;
DAREDEVIL/MATT MURDO,DHKF 8/2;
DAREDEVIL/MATT MURDO,DRSTR3 40;
DAREDEVIL/MATT MURDO,ELEK 11;
DAREDEVIL/MATT MURDO,ELEK 12;
DAREDEVIL/MATT MURDO,ELEK 13;
DAREDEVIL/MATT MURDO,FF 13;
DAREDEVIL/MATT MURDO,FF 242;
DAREDEVIL/MATT MURDO,FF 243;
DAREDEVIL/MATT MURDO,FF 255;
DAREDEVIL/MATT MURDO,FF 281;
DAREDEVIL/MATT MURDO,FF 3;
DAREDEVIL/MATT MURDO,FF3 23;
DAREDEVIL/MATT MURDO,FF3 27;
DAREDEVIL/MATT MURDO,FF3 36;
DAREDEVIL/MATT MURDO,FF 367;
DAREDEVIL/MATT MURDO,FF 368;
DAREDEVIL/MATT MURDO,FF 370;
DAREDEVIL/MATT MURDO,FF 373;
DAREDEVIL/MATT MURDO,FF 39;
DAREDEVIL/MATT MURDO,FF 40;
DAREDEVIL/MATT MURDO,FF 73;
DAREDEVIL/MATT MURDO,GAM3 11;
DAREDEVIL/MATT MURDO,GR2 20;
DAREDEVIL/MATT MURDO,GSDEF 3;
DAREDEVIL/MATT MURDO,H 16;
DAREDEVIL/MATT MURDO,H2 152;
DAREDEVIL/MATT MURDO,H2 153;
DAREDEVIL/MATT MURDO,H2 277;
DAREDEVIL/MATT MURDO,H2 278;
DAREDEVIL/MATT MURDO,H2 279;
DAREDEVIL/MATT MURDO,H2 293;
DAREDEVIL/MATT MURDO,H2 300;
DAREDEVIL/MATT MURDO,H2 434;
DAREDEVIL/MATT MURDO,HFLY 9;
DAREDEVIL/MATT MURDO,IF 11;
DAREDEVIL/MATT MURDO,IM 169;
DAREDEVIL/MATT MURDO,IM3 38;
DAREDEVIL/MATT MURDO,IM 35;
DAREDEVIL/MATT MURDO,IM 36;
DAREDEVIL/MATT MURDO,IM 7;
DAREDEVIL/MATT MURDO,IM 89;
DAREDEVIL/MATT MURDO,IW 2;
DAREDEVIL/MATT MURDO,IW 3;
DAREDEVIL/MATT MURDO,IW 4;
DAREDEVIL/MATT MURDO,JIM 116;
DAREDEVIL/MATT MURDO,KZ4 8;
DAREDEVIL/MATT MURDO,MARVELS 2;
DAREDEVIL/MATT MURDO,MARVELS 4;
DAREDEVIL/MATT MURDO,MAXSEC 1;
DAREDEVIL/MATT MURDO,M/CP 136/4;
DAREDEVIL/MATT MURDO,M/CP 19/4;
DAREDEVIL/MATT MURDO,M/CP 4/4;
DAREDEVIL/MATT MURDO,M/CP 49/3;
DAREDEVIL/MATT MURDO,M/CP 5/4;
DAREDEVIL/MATT MURDO,M/CP 69/3;
DAREDEVIL/MATT MURDO,M/CP 70/3;
DAREDEVIL/MATT MURDO,M/CP 71/3;
DAREDEVIL/MATT MURDO,M/CP 72/3;
DAREDEVIL/MATT MURDO,M/CP 81;
DAREDEVIL/MATT MURDO,M/CP 81/4;
DAREDEVIL/MATT MURDO,M/CP 91/4;
DAREDEVIL/MATT MURDO,M/CP 93/4;
DAREDEVIL/MATT MURDO,M/FAN 1/2;
DAREDEVIL/MATT MURDO,M/FAN 15/2;
DAREDEVIL/MATT MURDO,M/FAN 23;
DAREDEVIL/MATT MURDO,M/FAN 27;
DAREDEVIL/MATT MURDO,M/FAN 31/3;
DAREDEVIL/MATT MURDO,M/FAN 60/3;
DAREDEVIL/MATT MURDO,M/FAN 7/2;
DAREDEVIL/MATT MURDO,M/GN 1;
DAREDEVIL/MATT MURDO,M/GN 24;
DAREDEVIL/MATT MURDO,M/H&L;
DAREDEVIL/MATT MURDO,M/K 1;
DAREDEVIL/MATT MURDO,M/K 11;
DAREDEVIL/MATT MURDO,M/K 12;
DAREDEVIL/MATT MURDO,M/K 13;
DAREDEVIL/MATT MURDO,MK 13;
DAREDEVIL/MATT MURDO,M/K 2;
DAREDEVIL/MATT MURDO,M/K 3;
DAREDEVIL/MATT MURDO,MK3 41;
DAREDEVIL/MATT MURDO,MK3 43;
DAREDEVIL/MATT MURDO,M/K 4;
DAREDEVIL/MATT MURDO,M/K 5;
DAREDEVIL/MATT MURDO,M/K 6;
DAREDEVIL/MATT MURDO,M/K 7;
DAREDEVIL/MATT MURDO,M/K 8;
DAREDEVIL/MATT MURDO,M/K 9;
DAREDEVIL/MATT MURDO,M/SH3 2/3;
DAREDEVIL/MATT MURDO,M/SH3 4/2;
DAREDEVIL/MATT MURDO,M/SS 1;
DAREDEVIL/MATT MURDO,M-T 1;
DAREDEVIL/MATT MURDO,M/TE 13;
DAREDEVIL/MATT MURDO,M/TIO 3;
DAREDEVIL/MATT MURDO,M/TIO 37;
DAREDEVIL/MATT MURDO,M/TIO 38;
DAREDEVIL/MATT MURDO,M/TIO 39;
DAREDEVIL/MATT MURDO,M/TIO 40;
DAREDEVIL/MATT MURDO,M/TIO 69;
DAREDEVIL/MATT MURDO,M/TIO 78;
DAREDEVIL/MATT MURDO,M/TIO 96;
DAREDEVIL/MATT MURDO,M/TU 107;
DAREDEVIL/MATT MURDO,M/TU 123;
DAREDEVIL/MATT MURDO,M/TU 140;
DAREDEVIL/MATT MURDO,M/TU 141;
DAREDEVIL/MATT MURDO,M/TU 25;
DAREDEVIL/MATT MURDO,M/TU 4;
DAREDEVIL/MATT MURDO,M/TU 51;
DAREDEVIL/MATT MURDO,M/TU 56;
DAREDEVIL/MATT MURDO,M/TU 73;
DAREDEVIL/MATT MURDO,M/VS 1/2;
DAREDEVIL/MATT MURDO,NHAWK 1;
DAREDEVIL/MATT MURDO,NHAWK 2;
DAREDEVIL/MATT MURDO,NHAWK 3;
DAREDEVIL/MATT MURDO,NOM2 6;
DAREDEVIL/MATT MURDO,OE 1;
DAREDEVIL/MATT MURDO,OE 6;
DAREDEVIL/MATT MURDO,PM&IF 125;
DAREDEVIL/MATT MURDO,PM&IF 77;
DAREDEVIL/MATT MURDO,PPTSS 107;
DAREDEVIL/MATT MURDO,PPTSS 108;
DAREDEVIL/MATT MURDO,PPTSS 109;
DAREDEVIL/MATT MURDO,PPTSS 110;
DAREDEVIL/MATT MURDO,PPTSS 128;
DAREDEVIL/MATT MURDO,PPTSS 218;
DAREDEVIL/MATT MURDO,PPTSS 219;
DAREDEVIL/MATT MURDO,PPTSS 26;
DAREDEVIL/MATT MURDO,PPTSS 27;
DAREDEVIL/MATT MURDO,PPTSS 28;
DAREDEVIL/MATT MURDO,PUN2 10;
DAREDEVIL/MATT MURDO,PUN5 3;
DAREDEVIL/MATT MURDO,PWJ 1;
DAREDEVIL/MATT MURDO,PWJ 2;
DAREDEVIL/MATT MURDO,PWJ 3;
DAREDEVIL/MATT MURDO,PWJ 47;
DAREDEVIL/MATT MURDO,ROM 23;
DAREDEVIL/MATT MURDO,S&L 1/4;
DAREDEVIL/MATT MURDO,S-M 74;
DAREDEVIL/MATT MURDO,SMMM;
DAREDEVIL/MATT MURDO,SM:MM 1;
DAREDEVIL/MATT MURDO,SM:MM 2;
DAREDEVIL/MATT MURDO,SM:MM 3;
DAREDEVIL/MATT MURDO,SS3 128;
DAREDEVIL/MATT MURDO,SS3 129;
DAREDEVIL/MATT MURDO,SS3 14;
DAREDEVIL/MATT MURDO,ST 156;
DAREDEVIL/MATT MURDO,T '00;
DAREDEVIL/MATT MURDO,T 233;
DAREDEVIL/MATT MURDO,T 271;
DAREDEVIL/MATT MURDO,T 392;
DAREDEVIL/MATT MURDO,T 393;
DAREDEVIL/MATT MURDO,T 394;
DAREDEVIL/MATT MURDO,T 395;
DAREDEVIL/MATT MURDO,TB 10;
DAREDEVIL/MATT MURDO,TB 8;
DAREDEVIL/MATT MURDO,TB '97;
DAREDEVIL/MATT MURDO,TM/U 1;
DAREDEVIL/MATT MURDO,UTSM '97;
DAREDEVIL/MATT MURDO,UX 13;
DAREDEVIL/MATT MURDO,UX 351;
DAREDEVIL/MATT MURDO,UX 98;
DAREDEVIL/MATT MURDO,V:OT 1;
DAREDEVIL/MATT MURDO,V:OT 2;
DAREDEVIL/MATT MURDO,V:OT 3;
DAREDEVIL/MATT MURDO,W2 17;
DAREDEVIL/MATT MURDO,W/P 3;
DAREDEVIL | MUTANT X,MX '01;
DAREDEVIL | MUTANT X,MX 6;
DARE, JOHNNY,GG 2;
DARE, KATHLEEN,IM 233;
DARE, KATHLEEN,IM 234;
DARE, KATHLEEN,IM 235;
DARE, KATHLEEN,IM 236;
DARE, KATHLEEN,IM 238;
DARE, KATHLEEN,IM 239;
DARE, KATHLEEN,IM 240;
DARE, KATHLEEN,IM 241;
DARE, KATHLEEN,IM 242;
DARE, KATHLEEN,IM 243;
DARE, KATHLEEN,IM 246;
DARE, KATHLEEN,IM 248;
DARE, KATHLEEN,IM 284;
DARE, KATHLEEN,IM 285;
DARE, KATHLEEN,IM 286;
DARE, ROSSALYN,M/:LG 7;
DARGIL,AF2 15;
DARGIL,AF2 16;
DARIA,GENX 23;
DARIA,GENX 31;
DARK BEAST/HENRY MCC,A '99;
DARK BEAST/HENRY MCC,C2 33;
DARK BEAST/HENRY MCC,FF 416;
DARK BEAST/HENRY MCC,GENX 49;
DARK BEAST/HENRY MCC,GENX 50;
DARK BEAST/HENRY MCC,GENX 6;
DARK BEAST/HENRY MCC,O:X;
DARK BEAST/HENRY MCC,UX 331;
DARK BEAST/HENRY MCC,UX 333;
DARK BEAST/HENRY MCC,UX 334;
DARK BEAST/HENRY MCC,UX 335;
DARK BEAST/HENRY MCC,X 49;
DARK BEAST/HENRY MCC,X 51;
DARK BEAST/HENRY MCC,X 54;
DARK BEAST/HENRY MCC,XF 114;
DARK BEAST/HENRY MCC,XF 115;
DARK BEAST/HENRY MCC,XF 116;
DARK BEAST/HENRY MCC,XF 117;
DARK BEAST/HENRY MCC,XF 138;
DARK BEAST/HENRY MCC,XF 143;
DARK BEAST/HENRY MCC,XF 144;
DARK BEAST/HENRY MCC,XM -1;
DARK BEAST/HENRY MCC,XM 28;
DARK BEAST/HENRY MCC,XM 29;
DARK BEAST/HENRY MCC,XM 44;
DARK BEAST/HENRY MCC,XM 50;
DARK BEAST/HENRY MCC,XM 8;
DARK BEAST/HENRY MCC,XM 9;
DARK BEAST/HENRY MCC,X:PRIME;
DARK BEAST/HENRY MCC,XU 10;
DARK COUNSEL/VARTU,SS3 112;
DARK COUNSEL/VARTU,SS3 114;
DARK COUNSEL/VARTU,SS3 117;
DARK COUNSEL/VARTU,SS3 118;
DARK COUNSEL/VARTU,SS3 119;
DARK COUNSEL/VARTU,SS3 120;
DARK COUNSEL/VARTU,SS3 121;
DARK CRAWLER,DEF2 1;
DARK CRAWLER,H2 126;
DARK CRAWLER,H2 269;
DARK CRAWLER,H2 270;
DARK CRAWLER,M/FAN 8;
DARKHAWK/CHRIS POWEL,A3 1;
DARKHAWK/CHRIS POWEL,A3 2;
DARKHAWK/CHRIS POWEL,A3 3;
DARKHAWK/CHRIS POWEL,A3 4;
DARKHAWK/CHRIS POWEL,ASM 353;
DARKHAWK/CHRIS POWEL,ASM 354;
DARKHAWK/CHRIS POWEL,ASM 357;
DARKHAWK/CHRIS POWEL,ASM 358;
DARKHAWK/CHRIS POWEL,ASM:F&E 1;
DARKHAWK/CHRIS POWEL,AWC 7;
DARKHAWK/CHRIS POWEL,DHAWK 1;
DARKHAWK/CHRIS POWEL,DHAWK 10;
DARKHAWK/CHRIS POWEL,DHAWK 11;
DARKHAWK/CHRIS POWEL,DHAWK 1/2;
DARKHAWK/CHRIS POWEL,DHAWK 12;
DARKHAWK/CHRIS POWEL,DHAWK 1/3;
DARKHAWK/CHRIS POWEL,DHAWK 13;
DARKHAWK/CHRIS POWEL,DHAWK 1/4;
DARKHAWK/CHRIS POWEL,DHAWK 14;
DARKHAWK/CHRIS POWEL,DHAWK 15;
DARKHAWK/CHRIS POWEL,DHAWK 16;
DARKHAWK/CHRIS POWEL,DHAWK 17;
DARKHAWK/CHRIS POWEL,DHAWK 18;
DARKHAWK/CHRIS POWEL,DHAWK 19;
DARKHAWK/CHRIS POWEL,DHAWK 2;
DARKHAWK/CHRIS POWEL,DHAWK 20;
DARKHAWK/CHRIS POWEL,DHAWK 21;
DARKHAWK/CHRIS POWEL,DHAWK 22;
DARKHAWK/CHRIS POWEL,DHAWK 23;
DARKHAWK/CHRIS POWEL,DHAWK 24;
DARKHAWK/CHRIS POWEL,DHAWK 25;
DARKHAWK/CHRIS POWEL,DHAWK 3;
DARKHAWK/CHRIS POWEL,DHAWK 4;
DARKHAWK/CHRIS POWEL,DHAWK 5;
DARKHAWK/CHRIS POWEL,DHAWK 6;
DARKHAWK/CHRIS POWEL,DHAWK 7;
DARKHAWK/CHRIS POWEL,DHAWK 8;
DARKHAWK/CHRIS POWEL,DHAWK 9;
DARKHAWK/CHRIS POWEL,FF 367;
DARKHAWK/CHRIS POWEL,FF 368;
DARKHAWK/CHRIS POWEL,FF 370;
DARKHAWK/CHRIS POWEL,IM 13;
DARKHAWK/CHRIS POWEL,IW 2;
DARKHAWK/CHRIS POWEL,IW 3;
DARKHAWK/CHRIS POWEL,IW 4;
DARKHAWK/CHRIS POWEL,MK3 41;
DARKHAWK/CHRIS POWEL,NO2 10;
DARKHAWK/CHRIS POWEL,NO2 14;
DARKHAWK/CHRIS POWEL,NO2 7;
DARKHAWK/CHRIS POWEL,NW 14;
DARKHAWK/CHRIS POWEL,NW2 1;
DARKHAWK/CHRIS POWEL,NW 22;
DARKHAWK/CHRIS POWEL,NW 23;
DARKHAWK/CHRIS POWEL,NW 24;
DARKHAWK/CHRIS POWEL,NW 25;
DARKHAWK/CHRIS POWEL,NW 27;
DARKHAWK/CHRIS POWEL,NW 48;
DARKHAWK/CHRIS POWEL,NW 49;
DARKHAWK/CHRIS POWEL,NW 50;
DARKHAWK/CHRIS POWEL,NW 51;
DARKHAWK/CHRIS POWEL,Q 27;
DARKHAWK/CHRIS POWEL,SLEEP 17;
DARKHAWK/CHRIS POWEL,SLEEP 7;
DARKHAWK/CHRIS POWEL,TB 8;
DARKHAWK/CHRIS POWEL,W2 134;
DARKHAWK/CHRIS POWEL,WM2 13;
DARKHAWK DOPPELGANGE,IW 3;
DARKHAWK DOPPELGANGE,IW 4;
DARKHAWK DOPPELGANGE,MK3 43;
DARK HUNTER,DAYD 1;
DARK HUNTER,DAYD 2;
DARK HUNTER,DAYD 3;
DARK MASTER,SK 4;
DARK MASTER,SK 5;
DARK MOTHER/FINALITY,C2 88;
DARK MOTHER/FINALITY,C2 89;
DARK MOTHER/FINALITY,C2 90;
DARK MOTHER/FINALITY,C2 91;
DARK MOTHER/FINALITY,C2 92;
DARK MOTHER/FINALITY,C2 93;
DARK MOTHER/FINALITY,C2 94;
DARK MOTHER/FINALITY,C2 95;
DARK,NW 54;
DARK,NW 55;
DARK,NW 56;
DARK,NW 65;
DARK ONE,XF:PL;
DARKOTH/MAJOR DESMON,FF 142;
DARKOTH/MAJOR DESMON,FF 143;
DARKOTH/MAJOR DESMON,FF 144;
DARKOTH/MAJOR DESMON,FF 193;
DARKOTH/MAJOR DESMON,FF 194;
DARKOTH/MAJOR DESMON,T 325;
DARKOTH/MAJOR DESMON,XCAL 38;
DARKOTH/MAJOR DESMON,XCAL 39;
DARKOVER, PROFESSOR,MK4 3;
DARK RAIDER,FF 388;
DARK RAIDER,FF 392;
DARK RAIDER,FF 397;
DARK RAIDER,FF 399;
DARKSTAR/LAYNIA SERG,A3 42;
DARKSTAR/LAYNIA SERG,CA 352;
DARKSTAR/LAYNIA SERG,CA 353;
DARKSTAR/LAYNIA SERG,CHAMP 10;
DARKSTAR/LAYNIA SERG,CHAMP 11;
DARKSTAR/LAYNIA SERG,CHAMP 12;
DARKSTAR/LAYNIA SERG,CHAMP 13;
DARKSTAR/LAYNIA SERG,CHAMP 14;
DARKSTAR/LAYNIA SERG,CHAMP 15;
DARKSTAR/LAYNIA SERG,CHAMP 16;
DARKSTAR/LAYNIA SERG,CHAMP 17;
DARKSTAR/LAYNIA SERG,CHAMP 7;
DARKSTAR/LAYNIA SERG,CHAMP 8;
DARKSTAR/LAYNIA SERG,CHAMP 9;
DARKSTAR/LAYNIA SERG,COC 1;
DARKSTAR/LAYNIA SERG,COC 2;
DARKSTAR/LAYNIA SERG,DD 369;
DARKSTAR/LAYNIA SERG,DD 370;
DARKSTAR/LAYNIA SERG,H2 250;
DARKSTAR/LAYNIA SERG,H2 258;
DARKSTAR/LAYNIA SERG,H2 259;
DARKSTAR/LAYNIA SERG,H2 277;
DARKSTAR/LAYNIA SERG,H2 279;
DARKSTAR/LAYNIA SERG,IM 109;
DARKSTAR/LAYNIA SERG,IM 110;
DARKSTAR/LAYNIA SERG,IM 111;
DARKSTAR/LAYNIA SERG,IM 112;
DARKSTAR/LAYNIA SERG,IM3 10;
DARKSTAR/LAYNIA SERG,IM3 9;
DARKSTAR/LAYNIA SERG,IM 4;
DARKSTAR/LAYNIA SERG,MAXSEC 1;
DARKSTAR/LAYNIA SERG,MAXSEC 3;
DARKSTAR/LAYNIA SERG,M/CP 70/4;
DARKSTAR/LAYNIA SERG,M/TU 2;
DARKSTAR/LAYNIA SERG,PPTSS 17;
DARKSTAR/LAYNIA SERG,PPTSS 18;
DARKSTAR/LAYNIA SERG,Q 60;
DARKSTAR/LAYNIA SERG,ROM 45;
DARKSTAR/LAYNIA SERG,ROM 46;
DARKSTAR/LAYNIA SERG,ROM 65;
DARKSTAR/LAYNIA SERG,SVTU 14;
DARKSTAR/LAYNIA SERG,TB 25;
DARKSTAR/LAYNIA SERG,XU 28;
DARKSTAR/LAYNIA SERG,XV.A 1;
DARKSTAR/LAYNIA SERG,XV.A 2;
DARKSTAR/LAYNIA SERG,XV.A 3;
DARK WIND/KENJI OYAM,DD 196;
DARK WIND/KENJI OYAM,DD 197;
DARK WIND/KENJI OYAM,DD 198;
DARK WIND/KENJI OYAM,DD 199;
DARK WIND/KENJI OYAM,W2 -1;
DARLA,DD 238;
DARLA,DD 248;
DARLA,DD 253;
DARLA,DD 261;
DARLA,DD 262;
DARLA,DD 265;
DARLA,DD2 8;
DARLA,DD 5/3;
DARLA,DD 6/2;
DARLA,DD 7/4;
DARLA,DD 8/4;
DARLA,LSHOT 4;
DARLA,LSHOT 5;
DARLA,NM 2;
DARLA,UX 10;
DARLEGUNG, GEN.,REMNANTS;
DARROW, MARISSA II,A 348;
D'AURIA, JACK,GR3 10;
D'AURIA, JACK,GR3 22;
D'AURIA, JACK,GR3 24;
D'AURIA, JACK,GR3 25;
D'AURIA, JACK,GR3 30;
D'AURIA, JACK,GR3 4;
D'AURIA, JACK,GR3 9;
D'AURIA, JACK,M/CP 64;
D'AURIA, JACK,M/CP 70;
D'AURIA, JACK,M/CP 71;
DAVIDOFF,DD 368;
DAVIDOFF,DD 369;
DAVIDOFF,DD 370;
DAVID, PETER,CA3 21;
DAVIS, ABBY,RH2 5;
DAVIS, PRINCIPAL,ASM 8;
DAVIS, PRINCIPAL,PPTSS 225/2;
DAWN,XM 45;
DAWSON, DICTIONARY,FF 361;
DAYDREAMER/CATHERINE,M/CP 101/2;
DAYDREAMER/CATHERINE,M/CP 102/2;
DAYDREAMER/CATHERINE,M/CP 104/2;
DAYDREAMER/CATHERINE,M/CP 105/2;
DAYDREAMER/CATHERINE,M/CP 107/2;
DAYDREAMER/CATHERINE,M/CP 108/2;
DAYDREAMER/CATHERINE,M/CP 109/2;
DAYDREAMER/CATHERINE,PPTSS 8;
DAYDREAMER/CATHERINE,PPTSS 8/2;
DAYDREAMER/CATHERINE,T 300;
DAY,ST2 10;
DAY,ST2 11;
DAY,ST2 12;
DAY,ST2 9;
DAYTRIPPER/AMANDA SE,AF 88;
DAYTRIPPER/AMANDA SE,CRYSTAR 6;
DAYTRIPPER/AMANDA SE,CX 6;
DAYTRIPPER/AMANDA SE,DRSTR2 57;
DAYTRIPPER/AMANDA SE,DRSTR2 58;
DAYTRIPPER/AMANDA SE,MGK2 1;
DAYTRIPPER/AMANDA SE,MGK2 2;
DAYTRIPPER/AMANDA SE,MGK2 3;
DAYTRIPPER/AMANDA SE,MGK2 4;
DAYTRIPPER/AMANDA SE,M-T2 11;
DAYTRIPPER/AMANDA SE,M/TU 89;
DAYTRIPPER/AMANDA SE,PM&IF 50;
DAYTRIPPER/AMANDA SE,UX 123;
DAYTRIPPER/AMANDA SE,UX 124;
DAYTRIPPER/AMANDA SE,UX 146;
DAYTRIPPER/AMANDA SE,UX 151;
DAYTRIPPER/AMANDA SE,UX 152;
DAYTRIPPER/AMANDA SE,UX 168;
DAYTRIPPER/AMANDA SE,UX 169;
DAYTRIPPER/AMANDA SE,UX 175;
DAYTRIPPER/AMANDA SE,UX 177;
DAYTRIPPER/AMANDA SE,UX 178;
DAYTRIPPER/AMANDA SE,UX 179;
DAYTRIPPER/AMANDA SE,UX 188;
DAYTRIPPER/AMANDA SE,UX 204;
DAYTRIPPER/AMANDA SE,UX 206;
DAYTRIPPER/AMANDA SE,UX 253;
DAYTRIPPER/AMANDA SE,UX 254;
DAYTRIPPER/AMANDA SE,UX 255;
DAYTRIPPER/AMANDA SE,UX 269;
DAYTRIPPER/AMANDA SE,UX 277;
DAYTRIPPER/AMANDA SE,UX 278;
DAYTRIPPER/AMANDA SE,UX 4;
DAYTRIPPER/AMANDA SE,UX 8;
DAYTRIPPER/AMANDA SE,UX 98;
DAYTRIPPER/AMANDA SE,X 4;
DAYTRIPPER/AMANDA SE,XCAL -1;
DAYTRIPPER/AMANDA SE,XCAL 100;
DAYTRIPPER/AMANDA SE,XCAL 101;
DAYTRIPPER/AMANDA SE,XCAL 102;
DAYTRIPPER/AMANDA SE,XCAL 108;
DAYTRIPPER/AMANDA SE,XCAL 125;
DAYTRIPPER/AMANDA SE,XCAL 2/2;
DAYTRIPPER/AMANDA SE,XCAL 75;
DAYTRIPPER/AMANDA SE,XCAL 80;
DAYTRIPPER/AMANDA SE,XCAL 82;
DAYTRIPPER/AMANDA SE,XCAL 83;
DAYTRIPPER/AMANDA SE,XCAL 84;
DAYTRIPPER/AMANDA SE,XCAL 85;
DAYTRIPPER/AMANDA SE,XCAL 89;
DAYTRIPPER/AMANDA SE,XCAL 90;
DAYTRIPPER/AMANDA SE,XCAL 91;
DAYTRIPPER/AMANDA SE,XCAL 92;
DAYTRIPPER/AMANDA SE,XCAL 95;
DAYTRIPPER/AMANDA SE,XF 106;
DAYTRIPPER/AMANDA SE,XFOR 38;
DAYTRIPPER/AMANDA SE,XU 19;
DAYTRIPPER/AMANDA SE,XU 4;
DAZZLER/BURTRAM WORT,KZ 2/2;
DAZZLER/BURTRAM WORT,KZ 3/3;
DAZZLER/BURTRAM WORT,M/TALES 30/2;
DAZZLER/BURTRAM WORT,X:HY 13;
DAZZLER/BURTRAM WORT,X:HY 14;
DAZZLER/BURTRAM WORT,X:HY 15;
DAZZLER/BURTRAM WORT,X:HY 16;
DAZZLER II/ALLISON B,A 211;
DAZZLER II/ALLISON B,A 221;
DAZZLER II/ALLISON B,AF 61;
DAZZLER II/ALLISON B,ASM 203;
DAZZLER II/ALLISON B,B&B 1;
DAZZLER II/ALLISON B,B&B 2;
DAZZLER II/ALLISON B,B&B 3;
DAZZLER II/ALLISON B,B&B 4;
DAZZLER II/ALLISON B,COC 1;
DAZZLER II/ALLISON B,CX 37/2;
DAZZLER II/ALLISON B,CX 38/2;
DAZZLER II/ALLISON B,DAZZ 1;
DAZZLER II/ALLISON B,DAZZ 10;
DAZZLER II/ALLISON B,DAZZ 11;
DAZZLER II/ALLISON B,DAZZ 12;
DAZZLER II/ALLISON B,DAZZ 13;
DAZZLER II/ALLISON B,DAZZ 14;
DAZZLER II/ALLISON B,DAZZ 15;
DAZZLER II/ALLISON B,DAZZ 16;
DAZZLER II/ALLISON B,DAZZ 17;
DAZZLER II/ALLISON B,DAZZ 18;
DAZZLER II/ALLISON B,DAZZ 19;
DAZZLER II/ALLISON B,DAZZ 2;
DAZZLER II/ALLISON B,DAZZ 20;
DAZZLER II/ALLISON B,DAZZ 21;
DAZZLER II/ALLISON B,DAZZ 22;
DAZZLER II/ALLISON B,DAZZ 23;
DAZZLER II/ALLISON B,DAZZ 24;
DAZZLER II/ALLISON B,DAZZ 25;
DAZZLER II/ALLISON B,DAZZ 26;
DAZZLER II/ALLISON B,DAZZ 27;
DAZZLER II/ALLISON B,DAZZ 28;
DAZZLER II/ALLISON B,DAZZ 29;
DAZZLER II/ALLISON B,DAZZ 3;
DAZZLER II/ALLISON B,DAZZ 30;
DAZZLER II/ALLISON B,DAZZ 31;
DAZZLER II/ALLISON B,DAZZ 32;
DAZZLER II/ALLISON B,DAZZ 33;
DAZZLER II/ALLISON B,DAZZ 34;
DAZZLER II/ALLISON B,DAZZ 35;
DAZZLER II/ALLISON B,DAZZ 36;
DAZZLER II/ALLISON B,DAZZ 37;
DAZZLER II/ALLISON B,DAZZ 38;
DAZZLER II/ALLISON B,DAZZ 39;
DAZZLER II/ALLISON B,DAZZ 4;
DAZZLER II/ALLISON B,DAZZ 40;
DAZZLER II/ALLISON B,DAZZ 41;
DAZZLER II/ALLISON B,DAZZ 42;
DAZZLER II/ALLISON B,DAZZ 5;
DAZZLER II/ALLISON B,DAZZ 6;
DAZZLER II/ALLISON B,DAZZ 7;
DAZZLER II/ALLISON B,DAZZ 8;
DAZZLER II/ALLISON B,DAZZ 9;
DAZZLER II/ALLISON B,FF 217;
DAZZLER II/ALLISON B,FFV.X 1;
DAZZLER II/ALLISON B,FFV.X 2;
DAZZLER II/ALLISON B,FFV.X 3;
DAZZLER II/ALLISON B,FFV.X 4;
DAZZLER II/ALLISON B,H2 340;
DAZZLER II/ALLISON B,M/CP 16/3;
DAZZLER II/ALLISON B,MEPHV. 3;
DAZZLER II/ALLISON B,MEPHV. 4;
DAZZLER II/ALLISON B,M/FAN2 4;
DAZZLER II/ALLISON B,M/FAN2 5;
DAZZLER II/ALLISON B,M/FAN 38;
DAZZLER II/ALLISON B,M/GN 12;
DAZZLER II/ALLISON B,M/TU 108;
DAZZLER II/ALLISON B,M/TU 109;
DAZZLER II/ALLISON B,NM 29;
DAZZLER II/ALLISON B,NM 30;
DAZZLER II/ALLISON B,NM 31;
DAZZLER II/ALLISON B,NM 42;
DAZZLER II/ALLISON B,ST3 9;
DAZZLER II/ALLISON B,SWII 1;
DAZZLER II/ALLISON B,SWII 4;
DAZZLER II/ALLISON B,UX 11;
DAZZLER II/ALLISON B,UX 12;
DAZZLER II/ALLISON B,UX 13;
DAZZLER II/ALLISON B,UX 130;
DAZZLER II/ALLISON B,UX 131;
DAZZLER II/ALLISON B,UX 13/2;
DAZZLER II/ALLISON B,UX 148;
DAZZLER II/ALLISON B,UX 210;
DAZZLER II/ALLISON B,UX 213;
DAZZLER II/ALLISON B,UX 214;
DAZZLER II/ALLISON B,UX 215;
DAZZLER II/ALLISON B,UX 216;
DAZZLER II/ALLISON B,UX 217;
DAZZLER II/ALLISON B,UX 218;
DAZZLER II/ALLISON B,UX 219;
DAZZLER II/ALLISON B,UX 221;
DAZZLER II/ALLISON B,UX 222;
DAZZLER II/ALLISON B,UX 223;
DAZZLER II/ALLISON B,UX 224;
DAZZLER II/ALLISON B,UX 225;
DAZZLER II/ALLISON B,UX 226;
DAZZLER II/ALLISON B,UX 227;
DAZZLER II/ALLISON B,UX 228;
DAZZLER II/ALLISON B,UX 229;
DAZZLER II/ALLISON B,UX 230;
DAZZLER II/ALLISON B,UX 231;
DAZZLER II/ALLISON B,UX 232;
DAZZLER II/ALLISON B,UX 233;
DAZZLER II/ALLISON B,UX 234;
DAZZLER II/ALLISON B,UX 235;
DAZZLER II/ALLISON B,UX 236;
DAZZLER II/ALLISON B,UX 237;
DAZZLER II/ALLISON B,UX 238;
DAZZLER II/ALLISON B,UX 239;
DAZZLER II/ALLISON B,UX 240;
DAZZLER II/ALLISON B,UX 241;
DAZZLER II/ALLISON B,UX 242;
DAZZLER II/ALLISON B,UX 243;
DAZZLER II/ALLISON B,UX 244;
DAZZLER II/ALLISON B,UX 245;
DAZZLER II/ALLISON B,UX 246;
DAZZLER II/ALLISON B,UX 247;
DAZZLER II/ALLISON B,UX 248;
DAZZLER II/ALLISON B,UX 249;
DAZZLER II/ALLISON B,UX 250;
DAZZLER II/ALLISON B,UX 251;
DAZZLER II/ALLISON B,UX 259;
DAZZLER II/ALLISON B,UX 260;
DAZZLER II/ALLISON B,UX 392;
DAZZLER II/ALLISON B,UX 393;
DAZZLER II/ALLISON B,W2 21;
DAZZLER II/ALLISON B,W/NF;
DAZZLER II/ALLISON B,X 10;
DAZZLER II/ALLISON B,X 11;
DAZZLER II/ALLISON B,X 112;
DAZZLER II/ALLISON B,X 113;
DAZZLER II/ALLISON B,X 47;
DAZZLER II/ALLISON B,X 5;
DAZZLER II/ALLISON B,X 6;
DAZZLER II/ALLISON B,X 7;
DAZZLER II/ALLISON B,XF 38;
DAZZLER II/ALLISON B,XF 39;
DAZZLER II/ALLISON B,XV.A 1;
DAZZLER II/ALLISON B,XV.A 2;
DAZZLER II/ALLISON B,XV.A 3;
DAZZLER II/ALLISON B,XV.A 4;
DEADAIR,UX 16;
DEADBOLT,C2 17;
DEADBOLT,C2 18;
DEADBOLT,C2 19;
DEADBOLT,W2 100;
DEADBOLT,W2 95;
DEADBOLT,W2 96;
DEADBOLT,W2 99;
DEADBOLT,X '95;
DEADEYE/,MK3 40;
DEAD HEAD/,H2 437;
DEAD HEAD/,H2 438;
DEADHEAD,NO2 10;
DEADHEAD,NO2 13;
DEADLY DORIS,FFOR 5;
DEADMAKER/GREGORI AN,ASM '96/2;
DEADPOOL/JACK/WADE W,BP3 23;
DEADPOOL/JACK/WADE W,DD '97;
DEADPOOL/JACK/WADE W,DPOOL 1;
DEADPOOL/JACK/WADE W,DPOOL 2;
DEADPOOL/JACK/WADE W,DPOOL2 1;
DEADPOOL/JACK/WADE W,DPOOL2 2;
DEADPOOL/JACK/WADE W,DPOOL2 3;
DEADPOOL/JACK/WADE W,DPOOL2 4;
DEADPOOL/JACK/WADE W,DPOOL3 10;
DEADPOOL/JACK/WADE W,DPOOL3 11;
DEADPOOL/JACK/WADE W,DPOOL3 12;
DEADPOOL/JACK/WADE W,DPOOL3 13;
DEADPOOL/JACK/WADE W,DPOOL3 14;
DEADPOOL/JACK/WADE W,DPOOL3 15;
DEADPOOL/JACK/WADE W,DPOOL3 16;
DEADPOOL/JACK/WADE W,DPOOL3 19;
DEADPOOL/JACK/WADE W,DPOOL3 20;
DEADPOOL/JACK/WADE W,DPOOL3 21;
DEADPOOL/JACK/WADE W,DPOOL3 22;
DEADPOOL/JACK/WADE W,DPOOL3 23;
DEADPOOL/JACK/WADE W,DPOOL3 25;
DEADPOOL/JACK/WADE W,DPOOL3 26;
DEADPOOL/JACK/WADE W,DPOOL3 27;
DEADPOOL/JACK/WADE W,DPOOL3 28;
DEADPOOL/JACK/WADE W,DPOOL3 29;
DEADPOOL/JACK/WADE W,DPOOL3 30;
DEADPOOL/JACK/WADE W,DPOOL3 31;
DEADPOOL/JACK/WADE W,DPOOL3 32;
DEADPOOL/JACK/WADE W,DPOOL3 33;
DEADPOOL/JACK/WADE W,DPOOL3 34;
DEADPOOL/JACK/WADE W,DPOOL3 35;
DEADPOOL/JACK/WADE W,DPOOL3 36;
DEADPOOL/JACK/WADE W,DPOOL3 37;
DEADPOOL/JACK/WADE W,DPOOL3 38;
DEADPOOL/JACK/WADE W,DPOOL3 39;
DEADPOOL/JACK/WADE W,DPOOL3 40;
DEADPOOL/JACK/WADE W,DPOOL3 41;
DEADPOOL/JACK/WADE W,DPOOL3 42;
DEADPOOL/JACK/WADE W,DPOOL3 43;
DEADPOOL/JACK/WADE W,DPOOL3 44;
DEADPOOL/JACK/WADE W,DPOOL3 45;
DEADPOOL/JACK/WADE W,DPOOL3 46;
DEADPOOL/JACK/WADE W,DPOOL3 47;
DEADPOOL/JACK/WADE W,DPOOL3 48;
DEADPOOL/JACK/WADE W,DPOOL3 49;
DEADPOOL/JACK/WADE W,DPOOL3 5;
DEADPOOL/JACK/WADE W,GAM3 17;
DEADPOOL/JACK/WADE W,HFH 10;
DEADPOOL/JACK/WADE W,HFH 11;
DEADPOOL/JACK/WADE W,NM 98;
DEADPOOL/JACK/WADE W,NOM2 4;
DEADPOOL/JACK/WADE W,W2 154;
DEADPOOL/JACK/WADE W,W2 155;
DEADPOOL/JACK/WADE W,W2 88;
DEADPOOL/JACK/WADE W,XFOR 10;
DEADPOOL/JACK/WADE W,XFOR 11;
DEADPOOL/JACK/WADE W,XFOR 14;
DEADPOOL/JACK/WADE W,XFOR 15;
DEADPOOL/JACK/WADE W,XFOR 2;
DEADPOOL/JACK/WADE W,XFOR 4;
DEADPOOL/JACK/WADE W,XFOR 46;
DEADPOOL/JACK/WADE W,XFOR 47;
DEADPOOL/JACK/WADE W,XFOR 5;
DEADPOOL/JACK/WADE W,XFOR 71;
DEADPOOL/JACK/WADE W,XFOR 73;
DEADPOOL/JACK/WADE W,XFOR 76;
DEADPOOL/JACK/WADE W,XU 28/2;
DEAD RINGER/LOU,CA 427;
DEAD RINGER/LOU,CA 439;
DEAN, BETTY,INV 29;
DEAN, BETTY,INV 4;
DEAN, DARBY,AF 109/2;
DEAN, DARBY,AF 97;
DEAN, DARBY,AF 98;
DEANGELO, DEVLIN,H2 469;
DEANGELO, DEVLIN,H2 472;
DEANGELO, DEVLIN,H2 473;
DEANGELO, DEVLIN,H2 474;
DEAN, SUSAN,AF 109/2;
DEAN, SUSAN,AF 97;
DEAN, SUSAN,AF 98;
DEATH,A 16;
DEATH ADDER,A 16;
DEATH ADDER,CA 307;
DEATH ADDER,CA 308;
DEATH ADDER,CA 309;
DEATH ADDER,CA 310;
DEATH ADDER,CA 311;
DEATH ADDER,CA 313;
DEATH ADDER,CA 315;
DEATH ADDER,CA 318;
DEATH ADDER,CA 319;
DEATH ADDER,IM 160;
DEATH ADDER,M/TIO 64;
DEATH ADDER,M/TIO 65;
DEATHBIRD [SHI'AR],A 189;
DEATHBIRD [SHI'AR],A 345;
DEATHBIRD [SHI'AR],A 346;
DEATHBIRD [SHI'AR],A 347;
DEATHBIRD [SHI'AR],BSHP2 15;
DEATHBIRD [SHI'AR],C2 74;
DEATHBIRD [SHI'AR],IM 279;
DEATHBIRD [SHI'AR],MSM 10;
DEATHBIRD [SHI'AR],MSM 22;
DEATHBIRD [SHI'AR],MSM 9;
DEATHBIRD [SHI'AR],Q 35;
DEATHBIRD [SHI'AR],ROM 4;
DEATHBIRD [SHI'AR],TX2K 1;
DEATHBIRD [SHI'AR],UX 155;
DEATHBIRD [SHI'AR],UX 156;
DEATHBIRD [SHI'AR],UX 157;
DEATHBIRD [SHI'AR],UX 161;
DEATHBIRD [SHI'AR],UX 162;
DEATHBIRD [SHI'AR],UX 274;
DEATHBIRD [SHI'AR],UX 275;
DEATHBIRD [SHI'AR],UX 276;
DEATHBIRD [SHI'AR],UX 277;
DEATHBIRD [SHI'AR],UX 342;
DEATHBIRD [SHI'AR],UX 343;
DEATHBIRD [SHI'AR],UX 344;
DEATHBIRD [SHI'AR],UX 345;
DEATHBIRD [SHI'AR],UX 348;
DEATHBIRD [SHI'AR],UX 353;
DEATHBIRD [SHI'AR],UX 354;
DEATHBIRD [SHI'AR],UX 357;
DEATHBIRD [SHI'AR],UX 358;
DEATHBIRD [SHI'AR],UX 372;
DEATHBIRD [SHI'AR],UX 373;
DEATHBIRD [SHI'AR],UX 374;
DEATHBIRD [SHI'AR],UX 377;
DEATHBIRD [SHI'AR],X 92;
DEATHBIRD [SHI'AR],X 96;
DEATHBIRD [SHI'AR],X 97;
DEATHBIRD [SHI'AR],XSOS 1;
DEATHBIRD [SHI'AR],XSOS 2;
DEATHBIRD [SHI'AR],XU 5;
DEATHCHARGE,NAMOR 4/2;
DEATH,CM 27;
DEATH,CM5 17;
DEATH,CM5 18;
DEATH,COC 3;
DEATH,CPU 1;
DEATHCRY [SHI'AR],A 378;
DEATHCRY [SHI'AR],A 379;
DEATHCRY [SHI'AR],A 383;
DEATHCRY [SHI'AR],A 384;
DEATHCRY [SHI'AR],A 385;
DEATHCRY [SHI'AR],A 386;
DEATHCRY [SHI'AR],A 389;
DEATHCRY [SHI'AR],A 390;
DEATHCRY [SHI'AR],A 391;
DEATHCRY [SHI'AR],A 392;
DEATHCRY [SHI'AR],A 396;
DEATHCRY [SHI'AR],A 398;
DEATHCRY [SHI'AR],A 399;
DEATHCRY [SHI'AR],A:C;
DEATHCRY [SHI'AR],AOI;
DEATHCRY [SHI'AR],AUP 2;
DEATHCRY [SHI'AR],AUP 4;
DEATHCRY [SHI'AR],AUP 5;
DEATHCRY [SHI'AR],CA 444;
DEATHCRY [SHI'AR],H2 434;
DEATHCRY [SHI'AR],IM 323;
DEATHCRY [SHI'AR],IM 326;
DEATHCRY [SHI'AR],V 1;
DEATHCRY [SHI'AR],V 2;
DEATHCRY [SHI'AR],V 3;
DEATHCRY [SHI'AR],V 4;
DEATH,CX 43/2;
DEATH,DAMCON3 4;
DEATH,DPOOL3 33;
DEATH,DPOOL3 34;
DEATH,DPOOL3 35;
DEATH,DPOOL3 36;
DEATH,DPOOL3 37;
DEATH,DRSTR3 45;
DEATH,FF 257;
DEATH,IG 1;
DEATH,IG 2;
DEATH,IG 3;
DEATH,IG 4;
DEATH,IG 5;
DEATH,IG 6;
DEATH,IW 2;
DEATH,KS;
DEATHLOK/COLONEL LUT,AT 25;
DEATHLOK/COLONEL LUT,AT 26;
DEATHLOK/COLONEL LUT,AT 27;
DEATHLOK/COLONEL LUT,AT 28;
DEATHLOK/COLONEL LUT,AT 30;
DEATHLOK/COLONEL LUT,AT 31;
DEATHLOK/COLONEL LUT,AT 32;
DEATHLOK/COLONEL LUT,AT 33;
DEATHLOK/COLONEL LUT,AT 34;
DEATHLOK/COLONEL LUT,AT 35;
DEATHLOK/COLONEL LUT,AT 36;
DEATHLOK/COLONEL LUT,CA 286;
DEATHLOK/COLONEL LUT,CA 287;
DEATHLOK/COLONEL LUT,CA 288;
DEATHLOK/COLONEL LUT,DLOK 1;
DEATHLOK/COLONEL LUT,M/CP 62/4;
DEATHLOK/COLONEL LUT,M/FAN 4/2;
DEATHLOK/COLONEL LUT,M/SPT 33;
DEATHLOK/COLONEL LUT,M/TIO 26;
DEATHLOK/COLONEL LUT,M/TIO 27;
DEATHLOK/COLONEL LUT,M/TIO 28;
DEATHLOK/COLONEL LUT,M/TIO 34;
DEATHLOK/COLONEL LUT,M/TIO 53;
DEATHLOK/COLONEL LUT,M/TIO 54;
DEATHLOK/COLONEL LUT,M/TU 46;
DEATHLOK II/COL. JOH,DLOK2 14;
DEATHLOK II/COL. JOH,DLOK2 17;
DEATHLOK II/COL. JOH,DLOK2 18;
DEATHLOK II/COL. JOH,M/CP 62/4;
DEATHLOK III DOPPELG,DLOK2 16;
DEATHLOK III/MICHAEL,DAMCON3 4;
DEATHLOK III/MICHAEL,DD 335;
DEATHLOK III/MICHAEL,DD 336;
DEATHLOK III/MICHAEL,DD 337;
DEATHLOK III/MICHAEL,DD 8;
DEATHLOK III/MICHAEL,DLOK 1;
DEATHLOK III/MICHAEL,DLOK 1/2;
DEATHLOK III/MICHAEL,DLOK 2;
DEATHLOK III/MICHAEL,DLOK2 1;
DEATHLOK III/MICHAEL,DLOK2 10;
DEATHLOK III/MICHAEL,DLOK2 11;
DEATHLOK III/MICHAEL,DLOK2 12;
DEATHLOK III/MICHAEL,DLOK2 13;
DEATHLOK III/MICHAEL,DLOK2 14;
DEATHLOK III/MICHAEL,DLOK2 15;
DEATHLOK III/MICHAEL,DLOK2 16;
DEATHLOK III/MICHAEL,DLOK2 17;
DEATHLOK III/MICHAEL,DLOK2 18;
DEATHLOK III/MICHAEL,DLOK2 2;
DEATHLOK III/MICHAEL,DLOK2 3;
DEATHLOK III/MICHAEL,DLOK2 4;
DEATHLOK III/MICHAEL,DLOK2 5;
DEATHLOK III/MICHAEL,DLOK2 6;
DEATHLOK III/MICHAEL,DLOK2 7;
DEATHLOK III/MICHAEL,DLOK2 8;
DEATHLOK III/MICHAEL,DLOK2 9;
DEATHLOK III/MICHAEL,DLOK 3;
DEATHLOK III/MICHAEL,DLOK 4;
DEATHLOK III/MICHAEL,IW 5;
DEATHLOK III/MICHAEL,NF3 30;
DEATHLOK III/MICHAEL,NF3 31;
DEATHLOK III/MICHAEL,Q 27;
DEATHLOK III/MICHAEL,SLEEP 7;
DEATHLOK III/MICHAEL,SLEEP 8;
DEATHLOK III/MICHAEL,S-M 20;
DEATHLOK III/MICHAEL,S-M 21;
DEATHLOK III/MICHAEL,S-M 22;
DEATHLOK III/MICHAEL,S-M 23;
DEATHLOK III/MICHAEL,SSWP 6;
DEATHLOK III/MICHAEL,SSWP 7;
DEATHLOK IV,UX 371;
DEATHLOK IV,X 91;
DEATHLOK IV,X '99;
DEATHLOK | MUTANT X-,MX 30;
DEATHLOK | MUTANT X-,MX 31;
DEATH,M/CP 108/4;
DEATH,M/CP 109/4;
DEATH,M/CP 110/4;
DEATH,M/CP 111/4;
DEATH,M/GN 1;
DEATH,NM 41;
DEATH,PP 20;
DEATH,PPTSS 111;
DEATH,Q 25;
DEATHRAVEN/JOSHUA RA,AA2 18;
DEATHRAVEN/JOSHUA RA,AA2 36;
DEATHRAVEN/JOSHUA RA,M/GN 7;
DEATH'S HEAD,NF3 1;
DEATH'S HEAD,NF3 2;
DEATH'S HEAD,NF3 3;
DEATH'S HEAD,NF3 4;
DEATH'S HEAD,NF3 5;
DEATH'S HEAD,NF3 6;
DEATHSHIELD/,ASM 367;
DEATH,S-M 17;
DEATH,SOLOA 5/2;
DEATH,SS3 10;
DEATH,SS3 17;
DEATH,SS3 34;
DEATH,SS3 38;
DEATH-STALKER,DD 113;
DEATH-STALKER,DD 114;
DEATH-STALKER,DD 115;
DEATH-STALKER,DD 128;
DEATH-STALKER,DD 138;
DEATH-STALKER,DD 148;
DEATH-STALKER,DD 152;
DEATH-STALKER,DD 155;
DEATH-STALKER,DD 156;
DEATH-STALKER,DD 157;
DEATH-STALKER,DD 39;
DEATH-STALKER,DD 41;
DEATH-STALKER,DRSTR2 29;
DEATH-STALKER,GR2 18;
DEATH-STALKER,GR2 19;
DEATH STING/MIRANDA,IF3 1;
DEATH STING/MIRANDA,IF3 2;
DEATH STING/MIRANDA,IF3 3;
DEATHSTROKE/,CA 395;
DEATH,SWII 7;
DEATHTOLL,WARM 5;
DEATHTOLL,WARM 6;
DEATH,TQ 1;
DEATH,TQ 2;
DEATHUNT 9000,A 21;
DEATHUNT 9000,AVF 3;
DEATHUNT 9000,FF 25;
DEATHURGE,A 248;
DEATHURGE,A 249;
DEATHURGE,M/TIO 72;
DEATHURGE,Q 2;
DEATHURGE,Q 21;
DEATHURGE,Q 22;
DEATHURGE,Q 23;
DEATHURGE,Q 24;
DEATHURGE,Q 25;
DEATHURGE,Q 39;
DEATHURGE,SS/RUNE;
DEATHWATCH/STEPHAN L,GR3 1;
DEATHWATCH/STEPHAN L,GR3 13;
DEATHWATCH/STEPHAN L,GR3 14;
DEATHWATCH/STEPHAN L,GR3 15;
DEATHWATCH/STEPHAN L,GR3 2;
DEATHWATCH/STEPHAN L,GR3 21;
DEATHWATCH/STEPHAN L,GR3 22;
DEATHWATCH/STEPHAN L,GR3 23;
DEATHWATCH/STEPHAN L,GR3 24;
DEATHWATCH/STEPHAN L,GR3 3;
DEATHWATCH/STEPHAN L,M/CP 70;
DEATHWATCH/STEPHAN L,M/CP 71;
DEATHWATCH/STEPHAN L,SOV 4;
DEATHWATCH/STEPHAN L,SOV 5;
DEATHWATCH/STEPHAN L,SOV 6;
DEATHWATCH/STEPHAN L,WOSM 85;
DEATH,WCA 2;
DECAY/,HFH '98;
DECAY II/YOSHIRO HAC,A3 23;
DECAY II/YOSHIRO HAC,A3 24;
DECAY II/YOSHIRO HAC,A3 25;
DECAY II/YOSHIRO HAC,IM3 22;
DECAY II/YOSHIRO HAC,J:ED;
DECAY II/YOSHIRO HAC,PPSM2 11;
DECAY/,QS 11;
DECAY/,QS 12;
DECAY/,QS 9;
DECIBEL,NW2 7;
DEFENSOR,COC 1;
DEFENSOR,COC 2;
DEFENSOR,COC 3;
DEFENSOR,H2 279;
DEGANN, KRIS,IM 326;
DEIMOS,DRSTR3 39;
DEKKER, GENERAL LYLE,CA 218;
DEKKER, GENERAL LYLE,CA 219;
DEKKER, GENERAL LYLE,CA 220;
DELACORTE, ARTHUR,GENX 60;
DELACORTE, ARTHUR,GENX 61;
DELACORTE, ARTHUR,GENX 62;
DE LA COURTE,GENX 60;
DE LA COURTE,GENX 61;
DE LA FONTAINE, CONT,A 118;
DE LA FONTAINE, CONT,A 67;
DE LA FONTAINE, CONT,C2 34;
DE LA FONTAINE, CONT,CA 145;
DE LA FONTAINE, CONT,CA 146;
DE LA FONTAINE, CONT,CA 147;
DE LA FONTAINE, CONT,CA 148;
DE LA FONTAINE, CONT,CA 149;
DE LA FONTAINE, CONT,CA 150;
DE LA FONTAINE, CONT,CA 152;
DE LA FONTAINE, CONT,CA 153;
DE LA FONTAINE, CONT,CA 166;
DE LA FONTAINE, CONT,CA 167;
DE LA FONTAINE, CONT,CA 169;
DE LA FONTAINE, CONT,CA 188;
DE LA FONTAINE, CONT,CA 189;
DE LA FONTAINE, CONT,CA 190;
DE LA FONTAINE, CONT,CA 191;
DE LA FONTAINE, CONT,CA 439;
DE LA FONTAINE, CONT,CA 449;
DE LA FONTAINE, CONT,DD 120;
DE LA FONTAINE, CONT,DD 122;
DE LA FONTAINE, CONT,DD 123;
DE LA FONTAINE, CONT,DE:O;
DE LA FONTAINE, CONT,F/A 1;
DE LA FONTAINE, CONT,F/A 2;
DE LA FONTAINE, CONT,H2 434;
DE LA FONTAINE, CONT,IG 1;
DE LA FONTAINE, CONT,IG 3;
DE LA FONTAINE, CONT,KPAOS 1;
DE LA FONTAINE, CONT,KPAOS 2;
DE LA FONTAINE, CONT,KPAOS 3;
DE LA FONTAINE, CONT,M/FAN 47;
DE LA FONTAINE, CONT,MSM 17;
DE LA FONTAINE, CONT,M/SPT 31;
DE LA FONTAINE, CONT,M/TIO 26;
DE LA FONTAINE, CONT,M/TU 82;
DE LA FONTAINE, CONT,M/TU 83;
DE LA FONTAINE, CONT,NF3 1;
DE LA FONTAINE, CONT,NF3 12;
DE LA FONTAINE, CONT,NF3 13;
DE LA FONTAINE, CONT,NF3 14;
DE LA FONTAINE, CONT,NF3 15;
DE LA FONTAINE, CONT,NF3 16;
DE LA FONTAINE, CONT,NF3 17;
DE LA FONTAINE, CONT,NF3 18;
DE LA FONTAINE, CONT,NF3 19;
DE LA FONTAINE, CONT,NF3 2;
DE LA FONTAINE, CONT,NF3 20;
DE LA FONTAINE, CONT,NF3 21;
DE LA FONTAINE, CONT,NF3 22;
DE LA FONTAINE, CONT,NF3 25;
DE LA FONTAINE, CONT,NF3 26;
DE LA FONTAINE, CONT,NF3 27;
DE LA FONTAINE, CONT,NF3 3;
DE LA FONTAINE, CONT,NF3 4;
DE LA FONTAINE, CONT,NF3 42;
DE LA FONTAINE, CONT,NF3 5;
DE LA FONTAINE, CONT,NF3 6;
DE LA FONTAINE, CONT,NF3 7;
DE LA FONTAINE, CONT,NF3 8;
DE LA FONTAINE, CONT,NF3 9;
DE LA FONTAINE, CONT,NFAOS 1;
DE LA FONTAINE, CONT,NFAOS 12;
DE LA FONTAINE, CONT,NFAOS 14;
DE LA FONTAINE, CONT,NFAOS 2;
DE LA FONTAINE, CONT,NFAOS 5;
DE LA FONTAINE, CONT,NFV.S 1;
DE LA FONTAINE, CONT,NFV.S 2;
DE LA FONTAINE, CONT,NFV.S 3;
DE LA FONTAINE, CONT,NFV.S 4;
DE LA FONTAINE, CONT,NFV.S 5;
DE LA FONTAINE, CONT,NFV.S 6;
DE LA FONTAINE, CONT,P:POV 4;
DE LA FONTAINE, CONT,PUN3 1;
DE LA FONTAINE, CONT,ST 159;
DE LA FONTAINE, CONT,ST 162;
DE LA FONTAINE, CONT,ST 163;
DE LA FONTAINE, CONT,ST 164/2;
DE LA FONTAINE, CONT,ST 167;
DE LA FONTAINE, CONT,ST 168/2;
DE LA FONTAINE, CONT,S-W 37;
DE LA FONTAINE, CONT,UX 182;
DE LA FONTAINE, CONT,UX 7;
DE LA FONTAINE, CONT,UX 98;
DE LA FONTAINE, CONT,W/NF;
DE LA JOYA, SISTER M,UX 345;
DELANY, CAPT.,NM 2;
DELANY, CAPT.,UX 110;
DE LA SALLE, BEATRIC,A2 3;
DE LA SPIROSA, COUNT,IM3 2;
DE LA SPIROSA, COUNT,IM3 3;
DE LA SPIROSA, COUNT,TOS 69;
DE LA SPIROSA, COUNT,TOS 70;
DE LA SPIROSA, COUNT,TOS 71;
DE LA SPIROSA, COUNT,TOS 72;
DELAZNY, CHARLES L.,GR2 22;
DELAZNY, CHARLES L.,GR2 23;
DELAZNY, CHARLES L.,GR2 24;
DELAZNY, CHARLES L.,GR2 26;
DELAZNY, DORIAN,AT 21;
DELAZNY, DORIAN,AT 22;
DELAZNY, DORIAN,AT 23;
DELAZNY, DORIAN,AT 24;
DELAZNY, DORIAN,H2 244;
DELGADO, FATHER,C&D 1;
DELGADO, FATHER,C&D 2;
DELGADO, FATHER,C&D2 1;
DELGADO, FATHER,C&D2 2;
DELGADO, FATHER,C&D2 3;
DELGADO, FATHER,C&D2 4;
DELGADO, FATHER,C&D2 6;
DELGADO, FATHER,C&D2 7;
DELGADO, FATHER,C&D2 8;
DELGADO, FATHER,C&D2 9;
DELGADO, FATHER,C&D 3;
DELGADO, FATHER,C&D3 1;
DELGADO, FATHER,C&D3 10;
DELGADO, FATHER,C&D3 12;
DELGADO, FATHER,C&D3 2;
DELGADO, FATHER,C&D3 3;
DELGADO, FATHER,C&D3 6;
DELGADO, FATHER,C&D3 8;
DELGADO, FATHER,C&D3 9;
DELGADO, FATHER,C&D 4;
DELGADO, FATHER,D&D2 5;
DELGADO, FATHER,M/GN 34;
DELGADO, FATHER,M/TU 6;
DELGADO, FATHER,ST2 13;
DELGADO, FATHER,ST2 14;
DELGADO, FATHER,ST2 15;
DELGADO, FATHER,ST2 18;
DELGADO, LUZ,GR3 8;
DELGADO, RUFUS,X 101;
DELGADO, RUFUS,X 106;
DELGADO,X 1;
DELGADO,X 2;
DELGADO,X 3;
DEL HIERRO, BLANCA,FF3 35;
DEL HIERRO, BLANCA,FF3 36;
DELILAH,ASM 414;
DELILAH,ASM 416;
DELILAH,ASM 417;
DELILAH,ASM 419;
DELILAH,ASM 420;
DELILAH,ASM 421/2;
DELILAH,ASM 422;
DELILAH,ASM 423;
DELILAH,ASM 424;
DELILAH,ASM 425;
DELILAH,ASM 426;
DELILAH,ASM 427;
DELILAH,ASM 428;
DELILAH,ASM 434;
DELILAH,ASM 435;
DELPHI,CA 398;
DELPHI,CAGE 10;
DELPHI,CAGE 9;
DELPHI,H 18/2;
DELPHI,H 18/3;
DELPHI,H2 379;
DELPHI,H2 381;
DELPHI,H2 386;
DELPHI,H2 421;
DELPHI,H2 423;
DELPHI II,XFOR 94;
DELPHI,SS 5;
DELPHIS, SIR,HFH 17;
DELPHIS, SIR,HFH '98;
DELPHIS, SIR,QS 1;
DELPHIS, SIR,QS 2;
DELPHIS, SIR,QS 3;
DELPHIS, SIR,QS 9;
DELPHIS, SIR,XCAL 113;
DELPHI,TTA3;
DELPHOS,INH3 3;
DELPHOS,INH3 4;
DELUGE II,FW 6;
DELUGE II,IM 312;
DELUGE,X:HY 6;
DELUGE,X:HY 7;
DEMEITYR,SOLOA 18/2;
DEMEITYR,SOLOA 20/2;
DEMI-GOD,HFH 12;
DEMITRIUS,IM 41;
DEMOGOBLIN,MK3 45;
DEMOGOBLIN,MK3 46;
DEMOGOBLIN,S-M 24;
DEMOGOBLIN,S-M 47;
DEMOGOBLIN,S-M 48;
DEMOGOBLIN,SOV 5;
DEMOGOBLIN,SOV 6;
DEMOGOBLIN,WOSM 86;
DEMOGOBLIN,WOSM 87;
DEMOGOBLIN,WOSM 93;
DEMOGOBLIN,WOSM 94;
DEMOGOBLIN,WOSM 95;
DEMOGOBLIN,WOSM 96;
DEMOLITION MAN/DENNI,A3 1;
DEMOLITION MAN/DENNI,A3 2;
DEMOLITION MAN/DENNI,A3 3;
DEMOLITION MAN/DENNI,A3 4;
DEMOLITION MAN/DENNI,CA 328;
DEMOLITION MAN/DENNI,CA 329;
DEMOLITION MAN/DENNI,CA 330;
DEMOLITION MAN/DENNI,CA 331;
DEMOLITION MAN/DENNI,CA 332;
DEMOLITION MAN/DENNI,CA 336;
DEMOLITION MAN/DENNI,CA 337;
DEMOLITION MAN/DENNI,CA 338;
DEMOLITION MAN/DENNI,CA 339;
DEMOLITION MAN/DENNI,CA 340;
DEMOLITION MAN/DENNI,CA 342;
DEMOLITION MAN/DENNI,CA 343;
DEMOLITION MAN/DENNI,CA 344;
DEMOLITION MAN/DENNI,CA 345;
DEMOLITION MAN/DENNI,CA 346;
DEMOLITION MAN/DENNI,CA 349;
DEMOLITION MAN/DENNI,CA 384;
DEMOLITION MAN/DENNI,CA 400/2;
DEMOLITION MAN/DENNI,CA 401;
DEMOLITION MAN/DENNI,CA 402;
DEMOLITION MAN/DENNI,CA 403;
DEMOLITION MAN/DENNI,CA 404;
DEMOLITION MAN/DENNI,CA 405;
DEMOLITION MAN/DENNI,CA 408;
DEMOLITION MAN/DENNI,CA 409;
DEMOLITION MAN/DENNI,CA 410;
DEMOLITION MAN/DENNI,CA 440;
DEMOLITION MAN/DENNI,TG 28;
DEMOLITION MAN/DENNI,TG 29;
DEMOLITION MAN/DENNI,TG 33;
DEMOLITION MAN/DENNI,TG 34;
DEMOLITION MAN/DENNI,TG 35;
DEMOLITION MAN/DENNI,TG 36;
DEMOLITION MAN DOPPE,CA 408;
DEMOLITION MAN DOPPE,CA 409;
DEMON BEAR,NM 18;
DEMON BEAR,NM 19;
DEMON BEAR,NM 20;
DEMON BEAR,XFOR 99;
DEMONICUS/DR. DOUGLA,AWC 70;
DEMONICUS/DR. DOUGLA,AWC 71;
DEMONICUS/DR. DOUGLA,AWC 72;
DEMONICUS/DR. DOUGLA,AWC 73;
DEMONICUS/DR. DOUGLA,AWC 74;
DEMONICUS/DR. DOUGLA,DRSTR2 56;
DEMONICUS/DR. DOUGLA,GZILL 4;
DEMONICUS/DR. DOUGLA,GZILL 5;
DEMONICUS/DR. DOUGLA,IM 193;
DEMONICUS/DR. DOUGLA,IM 196;
DEMONICUS/DR. DOUGLA,SHOWAR 12;
DEMONICUS/DR. DOUGLA,SHOWAR 13;
DEMONICUS/DR. DOUGLA,SHOWAR 14;
DEMONICUS/DR. DOUGLA,ST 143/2;
DEMONSTAFF,T 440;
DENAK,DRSTR3 49;
DENNAGER, MICHAEL,SENSM 29;
DENNEHY, ROBERT,DD 339;
DENNIS, MARTY,ASMU 6;
DENNIS, MARTY,TS 10;
DENNIS, MARTY,TS 9;
DEPALMA, MR.,IM3 42;
DEPAUL, SHIELD SPECI,TS 13;
DEPAUL, SHIELD SPECI,TS 14;
DESADIA,HOH 2;
DESADIA,M/CP 106/4;
DESADIA,MU 11;
DESAK/DESAK STERIXIA,T '01;
DESIGNATE/TARENE,T2 24;
DESIGNATE/TARENE,T2 25;
DESIGNATE/TARENE,T2 33;
DESIGNATE/TARENE,T2 34;
DESIGNATE/TARENE,T2 35;
DESIGNATE/TARENE,T2 36;
DESIGNATE/TARENE,T2 37;
DESIGNATE/TARENE,T2 38;
DESIGNATE/TARENE,T2 39;
DESOLATION/,UX 382;
DESTINE, ADAM,X&CD 1;
DESTINE, ADAM,X&CD 2;
DESTINE, NEWTON,X&CD 1;
DESTINE, NEWTON,X&CD 2;
DESTINY II/IRENE ADL,A 10;
DESTINY II/IRENE ADL,A 15;
DESTINY II/IRENE ADL,AWC 84;
DESTINY II/IRENE ADL,CA 333;
DESTINY II/IRENE ADL,CA 334;
DESTINY II/IRENE ADL,CA 346;
DESTINY II/IRENE ADL,DAZZ 22;
DESTINY II/IRENE ADL,DAZZ 23;
DESTINY II/IRENE ADL,DAZZ 28;
DESTINY II/IRENE ADL,FF3 16;
DESTINY II/IRENE ADL,M/FAN 40/2;
DESTINY II/IRENE ADL,M/SH3 11/3;
DESTINY II/IRENE ADL,NM 65;
DESTINY II/IRENE ADL,NM 78;
DESTINY II/IRENE ADL,ROM 31;
DESTINY II/IRENE ADL,ROM 32;
DESTINY II/IRENE ADL,UX 141;
DESTINY II/IRENE ADL,UX 142;
DESTINY II/IRENE ADL,UX 170;
DESTINY II/IRENE ADL,UX 177;
DESTINY II/IRENE ADL,UX 178;
DESTINY II/IRENE ADL,UX 185;
DESTINY II/IRENE ADL,UX 199;
DESTINY II/IRENE ADL,UX 223;
DESTINY II/IRENE ADL,UX 224;
DESTINY II/IRENE ADL,UX 225;
DESTINY II/IRENE ADL,UX 226;
DESTINY II/IRENE ADL,UX 227;
DESTINY II/IRENE ADL,UX 254;
DESTINY II/IRENE ADL,UX 255;
DESTINY II/IRENE ADL,WCA 1;
DESTINY II/IRENE ADL,XF 10;
DESTINY II/IRENE ADL,XF 30;
DESTINY II/IRENE ADL,XF 31;
DESTINY II/IRENE ADL,XF 33;
DESTINY II/IRENE ADL,XF 6/3;
DESTINY II/IRENE ADL,XF 8;
DESTINY II/IRENE ADL,XF 9;
DESTINY II/IRENE ADL,XFOR -1;
DESTINY II/IRENE ADL,XMF 2;
DESTINY II/IRENE ADL,XMF 3;
DESTINY II/IRENE ADL,XMF 4;
DESTINY/PAUL DESTINE,IM&SM 1/2;
DESTINY/PAUL DESTINE,SUB-M 1;
DESTINY/PAUL DESTINE,SUB-M 6;
DESTINY/PAUL DESTINE,SUB-M 7;
DESTRAK,PP:PP 1;
DESTRAK,PP:PP 2;
DESTRAK,PP:PP 3;
DESTRAK,PP:PP 4;
DESTROYER III,DESTROYER IV;
DESTROYER III,FF 172;
DESTROYER III,FF 173;
DESTROYER III,FF 174;
DESTROYER III,H2 461;
DESTROYER III,JIM 118;
DESTROYER III,JIM 119;
DESTROYER III,ST 101;
DESTROYER III,T 150;
DESTROYER III,T 151;
DESTROYER III,T 152;
DESTROYER III,T 2;
DESTROYER III,T2 1;
DESTROYER III,T2 11;
DESTROYER III,T2 12;
DESTROYER III,T2 13;
DESTROYER III,T2 2;
DESTROYER III,T 224;
DESTROYER III,T 225;
DESTROYER III,T 228;
DESTROYER III,T2 36;
DESTROYER III,T2 37;
DESTROYER III,T2 38;
DESTROYER III,T 264;
DESTROYER III,T 265;
DESTROYER III,T 266;
DESTROYER III,T 288;
DESTROYER III,T 289;
DESTROYER III,T 300;
DESTROYER III,T 381;
DESTROYER III,T 382;
DESTROYER III,T 437/2;
DESTROYER III,T 438/2;
DESTROYER III,T 439/2;
DESTROYER III,T 440/2;
DESTROYER III,T 441/2;
DESTROYER III,T 476;
DESTROYER III,T 477;
DESTRUCTOR/PROFESSOR,A3 17;
DESTRUCTOR/PROFESSOR,MSM 1;
DESTRUCTOR/PROFESSOR,MSM 2;
DESTRUCTOR/PROFESSOR,MSM 3;
DESTRUCTOR/PROFESSOR,MSM 4;
DETHSTRYK,M/CP 117/4;
DEUCE,DD 362;
DEUCE,DD 363;
DEUCE,DD 364;
DEUCE,DD 366;
DEUCE,DD '97;
DEUCE,DPOOL3 10;
DEUCE,DPOOL3 12;
DEUCE,DPOOL3 13;
DEUCE,DPOOL3 14;
DEUTSCH, GEN.,C2 91;
DEUTSCH, GEN.,C2 92;
DEUTSCH, GEN.,C2 95;
DEVASTATOR II/GREGOR,IM 255;
DEVASTATOR II/GREGOR,ROM 44;
DEVASTATOR II/GREGOR,ROM 45;
DEVASTATOR/KIROV PET,H2 186;
DEVERAUX, INSPECTOR,GENX 10;
DEVERAUX, INSPECTOR,GENX 11;
DEVEREAUX, IRIS,NEW ETERNALS;
DEVEREAUX, MICHELLE,M:DS 1;
DEVEREAUX, MICHELLE,M:DS 2;
DEVIL DINOSAUR,ASM '98;
DEVIL DINOSAUR,DDINO 1;
DEVIL DINOSAUR,DDINO 2;
DEVIL DINOSAUR,DDINO2 1;
DEVIL DINOSAUR,DDINO2 1/2;
DEVIL DINOSAUR,DDINO2 1/3;
DEVIL DINOSAUR,DDINO 3;
DEVIL DINOSAUR,DDINO 4;
DEVIL DINOSAUR,DDINO 5;
DEVIL DINOSAUR,DDINO 6;
DEVIL DINOSAUR,DDINO 7;
DEVIL DINOSAUR,DDINO 8;
DEVIL DINOSAUR,DDINO 9;
DEVIL DINOSAUR,FA 4;
DEVIL DINOSAUR,FA 5;
DEVIL DINOSAUR,FA 6;
DEVIL DINOSAUR,FA 7;
DEVIL DINOSAUR,FA 8;
DEVIL DINOSAUR,GZILL 21;
DEVIL DINOSAUR,GZILL 22;
DEVIL DINOSAUR | MUT,MX '01;
DEVILLE, ARCADIA,XFOR 100;
DEVILLE, ARCADIA,XFOR 83;
DEVILLE, ARCADIA,XFOR 84;
DEVILLE, ARCADIA,XFOR 97;
DEVILLE, ARCADIA,XFOR 99;
DEVILLE, JENNIFER CR,ASM '96/2;
DEVIL-SLAYER/ERIC SI,COC 1;
DEVIL-SLAYER/ERIC SI,COC 3;
DEVIL-SLAYER/ERIC SI,DEF 100;
DEVIL-SLAYER/ERIC SI,DEF 101;
DEVIL-SLAYER/ERIC SI,DEF 103;
DEVIL-SLAYER/ERIC SI,DEF 104;
DEVIL-SLAYER/ERIC SI,DEF 110;
DEVIL-SLAYER/ERIC SI,DEF 58;
DEVIL-SLAYER/ERIC SI,DEF 59;
DEVIL-SLAYER/ERIC SI,DEF 60;
DEVIL-SLAYER/ERIC SI,DEF 97;
DEVIL-SLAYER/ERIC SI,DEF 98;
DEVIL-SLAYER/ERIC SI,DEF 99;
DEVIL-SLAYER/ERIC SI,M/CP 37/3;
DEVIL-SLAYER/ERIC SI,M/CP 46/2;
DEVIL-SLAYER/ERIC SI,M/CP 47/2;
DEVIL-SLAYER/ERIC SI,M/CP 48/2;
DEVIL-SLAYER/ERIC SI,M/CP 49/2;
DEVIL-SLAYER/ERIC SI,M/GN 1;
DEVIL-SLAYER/ERIC SI,M/SPT 33;
DEVIL-SLAYER/ERIC SI,M-T3 3;
DEVIL-SLAYER/ERIC SI,M-T3 4;
DEVIL-SLAYER/ERIC SI,M-T3 5;
DEVIL-SLAYER/ERIC SI,M/TU 111;
DEVIL-SLAYER/ERIC SI,OE 2;
DEVIL-SLAYER/ERIC SI,SS3 14;
DEVIL-SLAYER/ERIC SI,ST5 2;
DEVINE, ANTON,TB '00;
DEVLOR,A 383;
DEVLOR,AR 2;
DEVLOR,FF 391;
DEVLOR,FF 392;
DEVLOR,FF 400;
DEVLOR,FF 416;
DEVLOR,FFOR 1;
DEVLOR,FFOR 10;
DEVLOR,FFOR 10/2;
DEVLOR,FFOR 11;
DEVLOR,FFOR 12;
DEVLOR,FFOR 13;
DEVLOR,FFOR 14;
DEVLOR,FFOR 15;
DEVLOR,FFOR 16;
DEVLOR,FFOR 17;
DEVLOR,FFOR 2;
DEVLOR,FFOR 3;
DEVLOR,FFOR 4;
DEVLOR,FFOR 5;
DEVLOR,FFOR 6;
DEVLOR,FFOR 7;
DEVLOR,FFOR 8;
DEVLOR,FFOR 9;
DEVOOR, ALBERT,FF 263;
DEVOOR, ALBERT,M/TIO 67;
DEVOS THE DEVESTATOR,FF 359;
DEVOS THE DEVESTATOR,FF 366;
DEVOS THE DEVESTATOR,FF 369;
DEVOS THE DEVESTATOR,FF 370;
DEVOS THE DEVESTATOR,FF 371;
DEVOS THE DEVESTATOR,FF 372;
DEVOS THE DEVESTATOR,FF 390;
DEVOURER,AA2 31;
DEVOURER,DD 335;
DEVOURER,DD 336;
DEWITT, KEARSON,IM 13;
DEWITT, KEARSON,IM 258;
DEWITT, KEARSON,IM 259;
DEWITT, KEARSON,IM 260;
DEWITT, KEARSON,IM 261;
DEWITT, KEARSON,IM 262;
DEWITT, KEARSON,IM 263;
DEWITT, KEARSON,IM 264;
DEWITT, KEARSON,IM 265;
DEWITT, KEARSON,IM 266;
DEWITT, LUCIUS,XFOR 72;
DEWOLFF, JEAN,ASM 18;
DEWOLFF, JEAN,ASM 226;
DEWOLFF, JEAN,ASM 227;
DEWOLFF, JEAN,ASM 239;
DEWOLFF, JEAN,IM 105;
DEWOLFF, JEAN,IM 106;
DEWOLFF, JEAN,IM 107;
DEWOLFF, JEAN,IM 108;
DEWOLFF, JEAN,IM 109;
DEWOLFF, JEAN,MSM 9;
DEWOLFF, JEAN,M/TU 48;
DEWOLFF, JEAN,M/TU 49;
DEWOLFF, JEAN,M/TU 50;
DEWOLFF, JEAN,M/TU 51;
DEWOLFF, JEAN,M/TU 60;
DEWOLFF, JEAN,M/TU 61;
DEWOLFF, JEAN,M/TU 62;
DEWOLFF, JEAN,M/TU 65;
DEWOLFF, JEAN,M/TU 66;
DEWOLFF, JEAN,M/TU 72;
DEWOLFF, JEAN,M/TU 88;
DEWOLFF, JEAN,PM&IF 105;
DEWOLFF, JEAN,PPTSS 103;
DEWOLFF, JEAN,PPTSS 107;
DEWOLFF, JEAN,PPTSS 4;
DEWOLFF, JEAN,PPTSS 5;
DEWOLFF, JEAN,PPTSS 69;
DEWOLFF, JEAN,PPTSS 76;
DEWOLFF, JEAN,PPTSS 77;
DEWOLFF, JEAN,PPTSS 78;
DEWOLFF, JEAN,PPTSS 79;
DEWOLFF, JEAN,PPTSS 81;
DEWOLFF, JEAN,PPTSS 83;
DEWOLFF, JEAN,PPTSS 90;
DEWOLFF, JEAN,PPTSS 91;
DEWOLFF, JEAN,PPTSS 93;
DEWOLFF, JEAN,VSS 1/2;
DEWOLFF, MEREDITH,SMTU 5;
DEXAM,AF2 10;
DEXAM,AF2 11;
DEXAM,CM5 6;
DEX,ASM2 30;
DEX,ASM2 31;
DEX,ASM2 32;
DEZOAN, JOHN,MK3 45;
DEZOAN, JOHN,MK3 46;
DHEREK,KZ4 19;
DHEREK,KZ4 20;
DIABLO/ESTEBAN DE AB,A 41;
DIABLO/ESTEBAN DE AB,A 42;
DIABLO/ESTEBAN DE AB,AF 1;
DIABLO/ESTEBAN DE AB,AF 102;
DIABLO/ESTEBAN DE AB,AF 103;
DIABLO/ESTEBAN DE AB,AF 21;
DIABLO/ESTEBAN DE AB,FF 117;
DIABLO/ESTEBAN DE AB,FF 118;
DIABLO/ESTEBAN DE AB,FF 193;
DIABLO/ESTEBAN DE AB,FF 194;
DIABLO/ESTEBAN DE AB,FF 232;
DIABLO/ESTEBAN DE AB,FF 3;
DIABLO/ESTEBAN DE AB,FF 30;
DIABLO/ESTEBAN DE AB,FF 306;
DIABLO/ESTEBAN DE AB,FF 307;
DIABLO/ESTEBAN DE AB,FF3 35;
DIABLO/ESTEBAN DE AB,FF3 36;
DIABLO/ESTEBAN DE AB,FF 35;
DIABLO/ESTEBAN DE AB,FFOR 13;
DIABLO/ESTEBAN DE AB,FFOR 14;
DIABLO/ESTEBAN DE AB,FFOR 16;
DIABLO/ESTEBAN DE AB,FFOR 17;
DIABLO/ESTEBAN DE AB,IM 159;
DIABLO/ESTEBAN DE AB,M/:LG 8;
DIABLO/ESTEBAN DE AB,M/SH2 20;
DIABLO/ESTEBAN DE AB,M/SH3 8/2;
DIABLO/ESTEBAN DE AB,S-M 19/2;
DIABLO/ESTEBAN DE AB,S-M 20/2;
DIABLO/ESTEBAN DE AB,SWII 7;
DIAMONDBACK II/RACHE,A 325;
DIAMONDBACK II/RACHE,A 328;
DIAMONDBACK II/RACHE,A 388;
DIAMONDBACK II/RACHE,CA 11/2;
DIAMONDBACK II/RACHE,CA 310;
DIAMONDBACK II/RACHE,CA 311;
DIAMONDBACK II/RACHE,CA 312;
DIAMONDBACK II/RACHE,CA 313;
DIAMONDBACK II/RACHE,CA 315;
DIAMONDBACK II/RACHE,CA 319;
DIAMONDBACK II/RACHE,CA 320;
DIAMONDBACK II/RACHE,CA 341;
DIAMONDBACK II/RACHE,CA 342;
DIAMONDBACK II/RACHE,CA 343;
DIAMONDBACK II/RACHE,CA 344;
DIAMONDBACK II/RACHE,CA 345;
DIAMONDBACK II/RACHE,CA 357/2;
DIAMONDBACK II/RACHE,CA 358;
DIAMONDBACK II/RACHE,CA 359;
DIAMONDBACK II/RACHE,CA 360;
DIAMONDBACK II/RACHE,CA 361;
DIAMONDBACK II/RACHE,CA 362;
DIAMONDBACK II/RACHE,CA 363;
DIAMONDBACK II/RACHE,CA 364;
DIAMONDBACK II/RACHE,CA 365;
DIAMONDBACK II/RACHE,CA 366;
DIAMONDBACK II/RACHE,CA 368;
DIAMONDBACK II/RACHE,CA 369;
DIAMONDBACK II/RACHE,CA 370;
DIAMONDBACK II/RACHE,CA 371;
DIAMONDBACK II/RACHE,CA 371/2;
DIAMONDBACK II/RACHE,CA 372;
DIAMONDBACK II/RACHE,CA 373;
DIAMONDBACK II/RACHE,CA 374;
DIAMONDBACK II/RACHE,CA 375;
DIAMONDBACK II/RACHE,CA 376;
DIAMONDBACK II/RACHE,CA 377;
DIAMONDBACK II/RACHE,CA 378;
DIAMONDBACK II/RACHE,CA 379/2;
DIAMONDBACK II/RACHE,CA 380;
DIAMONDBACK II/RACHE,CA 381;
DIAMONDBACK II/RACHE,CA 382;
DIAMONDBACK II/RACHE,CA 385/2;
DIAMONDBACK II/RACHE,CA 386/2;
DIAMONDBACK II/RACHE,CA 387;
DIAMONDBACK II/RACHE,CA 388;
DIAMONDBACK II/RACHE,CA 389;
DIAMONDBACK II/RACHE,CA 390;
DIAMONDBACK II/RACHE,CA 392;
DIAMONDBACK II/RACHE,CA 393;
DIAMONDBACK II/RACHE,CA 394;
DIAMONDBACK II/RACHE,CA 394/2;
DIAMONDBACK II/RACHE,CA 395;
DIAMONDBACK II/RACHE,CA 396;
DIAMONDBACK II/RACHE,CA 399/2;
DIAMONDBACK II/RACHE,CA 400/3;
DIAMONDBACK II/RACHE,CA 401;
DIAMONDBACK II/RACHE,CA 402/2;
DIAMONDBACK II/RACHE,CA 403/2;
DIAMONDBACK II/RACHE,CA 404/2;
DIAMONDBACK II/RACHE,CA 405/2;
DIAMONDBACK II/RACHE,CA 406/2;
DIAMONDBACK II/RACHE,CA 407/2;
DIAMONDBACK II/RACHE,CA 408/2;
DIAMONDBACK II/RACHE,CA 409;
DIAMONDBACK II/RACHE,CA 410;
DIAMONDBACK II/RACHE,CA 427;
DIAMONDBACK II/RACHE,CA 428;
DIAMONDBACK II/RACHE,CA 429;
DIAMONDBACK II/RACHE,CA 430;
DIAMONDBACK II/RACHE,CA 431;
DIAMONDBACK II/RACHE,CA 432;
DIAMONDBACK II/RACHE,CA 433;
DIAMONDBACK II/RACHE,CA 439;
DIAMONDBACK II/RACHE,CA 440;
DIAMONDBACK II/RACHE,CA 441;
DIAMONDBACK II/RACHE,CV 1;
DIAMONDBACK II/RACHE,UX 13;
DIAMONDBACK,LCHFH 1;
DIAMONDBACK,LCHFH 2;
DIAMOND, BOB,DHKF 1;
DIAMOND, BOB,DHKF 10/3;
DIAMOND, BOB,DHKF 11/2;
DIAMOND, BOB,DHKF 1/3;
DIAMOND, BOB,DHKF 13/2;
DIAMOND, BOB,DHKF 14/2;
DIAMOND, BOB,DHKF 16/3;
DIAMOND, BOB,DHKF 17/2;
DIAMOND, BOB,DHKF 18/2;
DIAMOND, BOB,DHKF 19/2;
DIAMOND, BOB,DHKF 20/2;
DIAMOND, BOB,DHKF 21/2;
DIAMOND, BOB,DHKF 23/2;
DIAMOND, BOB,DHKF 26;
DIAMOND, BOB,DHKF 29/2;
DIAMOND, BOB,DHKF 3;
DIAMOND, BOB,DHKF 30;
DIAMOND, BOB,DHKF 32/2;
DIAMOND, BOB,DHKF 4/2;
DIAMOND, BOB,DHKF 6;
DIAMOND, BOB,DHKF 7/2;
DIAMOND, BOB,DHKF 8/2;
DIAMOND, BOB,DHKF 9/2;
DIAMOND, BOB,FF3 37;
DIAMOND, BOB,FF3 40;
DIAMOND, BOB,M/TU 40;
DIAMOND, BOB,PM&IF 100;
DIAMOND, BOB,PM&IF 104;
DIAMOND, BOB,PM&IF 105;
DIAMOND, BOB,PM&IF 108;
DIAMOND, BOB,PM&IF 109;
DIAMOND, BOB,PM&IF 59;
DIAMOND, BOB,PM&IF 64;
DIAMOND, BOB,PM&IF 65;
DIAMOND, BOB,PM&IF 72;
DIAMOND, BOB,PM&IF 73;
DIAMOND, BOB,PM&IF 74;
DIAMOND, BOB,PM&IF 78;
DIAMOND, BOB,PM&IF 79;
DIAMOND, BOB,PM&IF 84;
DIAMOND, BOB,PM&IF 92;
DIAMOND, BOB,PM&IF 93;
DIAMOND, BOB,PM&IF 94;
DIAMOND, CHUCKY,T2 5;
DIAMONDE, YVETTE,FF3 1;
DIAMONDE, YVETTE,FF3 20;
DIAMOND HEAD,CA 126;
DIAMONDHEAD/DYKER,FF 206;
DIAMONDHEAD/DYKER,FF 208;
DIAMONDHEAD/DYKER,FF 209;
DIAMONDHEAD/DYKER,NO 10;
DIAMONDHEAD/DYKER,NO2 10;
DIAMONDHEAD/DYKER,NO 22;
DIAMONDHEAD/DYKER,NO 23;
DIAMONDHEAD/DYKER,NO 24;
DIAMONDHEAD/DYKER,NO 25;
DIAMONDHEAD/DYKER,NO 3;
DIAMONDHEAD/DYKER,NO 6;
DIAMONDHEAD/DYKER,NO 7;
DIAMONDHEAD/DYKER,NO 8;
DIAMONDHEAD/DYKER,Q 16;
DIAMONDHEAD/DYKER,Q 20;
DIAMONDHEAD/DYKER,ROM 24;
DIAMOND, KATHY,H2 426;
DIAMOND LIL/LILLIAN,A 320;
DIAMOND LIL/LILLIAN,A 321;
DIAMOND LIL/LILLIAN,A 322;
DIAMOND LIL/LILLIAN,A 323;
DIAMOND LIL/LILLIAN,A 324;
DIAMOND LIL/LILLIAN,AF 100;
DIAMOND LIL/LILLIAN,AF 101;
DIAMOND LIL/LILLIAN,AF 102;
DIAMOND LIL/LILLIAN,AF 103;
DIAMOND LIL/LILLIAN,AF 104;
DIAMOND LIL/LILLIAN,AF 105;
DIAMOND LIL/LILLIAN,AF 109/2;
DIAMOND LIL/LILLIAN,AF 11;
DIAMOND LIL/LILLIAN,AF 12;
DIAMOND LIL/LILLIAN,AF2 11;
DIAMOND LIL/LILLIAN,AF2 18;
DIAMOND LIL/LILLIAN,AF2 19;
DIAMOND LIL/LILLIAN,AF2 5;
DIAMOND LIL/LILLIAN,AF 26;
DIAMOND LIL/LILLIAN,AF2 6;
DIAMOND LIL/LILLIAN,AF 27;
DIAMOND LIL/LILLIAN,AF 28;
DIAMOND LIL/LILLIAN,AF 71;
DIAMOND LIL/LILLIAN,AF 72;
DIAMOND LIL/LILLIAN,AF 73;
DIAMOND LIL/LILLIAN,AF 74;
DIAMOND LIL/LILLIAN,AF 75;
DIAMOND LIL/LILLIAN,AF 76;
DIAMOND LIL/LILLIAN,AF 77;
DIAMOND LIL/LILLIAN,AF 78;
DIAMOND LIL/LILLIAN,AF 79;
DIAMOND LIL/LILLIAN,AF 80;
DIAMOND LIL/LILLIAN,AF 81;
DIAMOND LIL/LILLIAN,AF 82;
DIAMOND LIL/LILLIAN,AF 83;
DIAMOND LIL/LILLIAN,AF 84;
DIAMOND LIL/LILLIAN,AF 85;
DIAMOND LIL/LILLIAN,AF 86;
DIAMOND LIL/LILLIAN,AF 87;
DIAMOND LIL/LILLIAN,AF 88;
DIAMOND LIL/LILLIAN,AF 89;
DIAMOND LIL/LILLIAN,AF 90;
DIAMOND LIL/LILLIAN,AF 91;
DIAMOND LIL/LILLIAN,AF 94;
DIAMOND LIL/LILLIAN,AF 95;
DIAMOND LIL/LILLIAN,AF 96;
DIAMOND LIL/LILLIAN,AF 97;
DIAMOND LIL/LILLIAN,AF 98;
DIAMOND LIL/LILLIAN,AF 99;
DIBBS, LIONEL,AA2 7;
DIBBS, LIONEL,AA2 8;
DIBDEB,MAXSEC:DP;
DICE/ROB FORTUNE,SKK 1;
DICE/ROB FORTUNE,SKK 2;
DICE/ROB FORTUNE,SKK 3;
DICE/ROB FORTUNE,SKK 4;
DICE/ROB FORTUNE,SKK 5;
DICHINSON, RICKY,WOSM 81;
DIEGO, MANUEL,DSDDGN;
DIE'ODE/,NW 20;
DIETZ, SUSAN,H2 442;
DIGGER,AWC 77;
DIGGER,AWC 78;
DIGGER,AWC 79;
DIGGER,CA 330;
DIGGER,CA 331;
DIGGER II/,IM 12;
DIGGER II/,ROM 28;
DIGGER,SOLOA 3/2;
DIGGER,S-W 47;
DIGGER,WCA2 40;
DILLON, ANITA,ASM 422;
DILLON, BERNIE,NO 1;
DILLON, BERNIE,NO 11;
DILLON, BERNIE,NO 13;
DILLON, BERNIE,NO 14;
DILLON, BERNIE,NO 18/2;
DILLON, BERNIE,NO 2;
DILLON, BERNIE,NO 20;
DILLON, BERNIE,NO 23;
DILLON, BERNIE,NO 3;
DILLON, BERNIE,NO 4;
DILLON, BERNIE,NO 5;
DILLON, BERNIE,NO 6;
DILLON, BERNIE,NO 8;
DILLON, JONATHAN,ASM 422;
DINAH-SOAR,A 19;
DINAH-SOAR,A 309;
DINAH-SOAR,AWC 48;
DINAH-SOAR,AWC 49;
DINAH-SOAR,AWC 64;
DINAH-SOAR,DPOOL3 10;
DINAH-SOAR,DPOOL3 11;
DINAH-SOAR,TB 15;
DINAH-SOAR,TB 16;
DINAH-SOAR,TB 17;
DINAH-SOAR,TB 25;
DINAH-SOAR,WCA2 46;
DINU,INH2 10;
DINU,INH2 12;
DINU,INH2 2;
DINU,INH2 3;
DINU,INH2 5;
DINU,INH2 7;
DINU,INH2 8;
DIONYSUS [GREEK GOD],A 281;
DIONYSUS [GREEK GOD],A 283;
DIONYSUS [GREEK GOD],A 284;
DIONYSUS [GREEK GOD],A 285;
DIONYSUS [GREEK GOD],CHAMP 2;
DIONYSUS [GREEK GOD],CHAMP 3;
DIONYSUS [GREEK GOD],SOLOA 11/2;
DIONYSUS [GREEK GOD],T 129;
DIPALMA, JOHNNY,PPTSS 257;
DIRECTOR X,AF2 2;
DIRGE/,UX 382;
DIRKSON, GUS,TB 16;
DIRT NAP,GENX 36;
DIRT NAP,GENX 37;
DIRT NAP,GENX 38;
DIRT NAP,GENX 39;
DIRT NAP,W2 100;
DIRT NAP,W2 95;
DIRT NAP,W2 98;
DIRT NAP,W2 99;
DIRTY WOLFF,DPOOL3 41;
DIRTY WOLFF,DPOOL3 42;
DIRTY WOLFF,DPOOL3 43;
DISCUS,IM 126;
DISCUS,IM 127;
DISCUS,PM 22;
DISCUS,PM&IF 110;
DISCUS,PM&IF 50;
DISCUS,PPTSS 12;
DISCUS,WOSM 8;
DISPROSIUM,A 188;
DISPROSIUM,TB 6;
DISTORTER,M/SH3 3/3;
DIVINITY,ASHEMA;
DIVINITY,DOOM;
DIVINITY,FF '00;
DIVINITY,FF3 25;
DIVINITY,FF3 26;
DIVINITY,FF3 28;
DIXON, GENERAL,IM3 18;
DIZZIE,FF3 37;
D'KAY,M/CP 116/3;
D'KAY,M/CP 117/3;
D'KAY,M/CP 118/3;
D.K./DAVID KALEN,PPTSS 230;
D.K./DAVID KALEN,SENSM 16/2;
D.K./DAVID KALEN,SENSM 17/2;
D.K./DAVID KALEN,SENSM 18;
D'KEN [SHI'AR],CX 14/2;
D'KEN [SHI'AR],CX 15/2;
D'KEN [SHI'AR],UX 103;
D'KEN [SHI'AR],UX 104;
D'KEN [SHI'AR],UX 107;
D'KEN [SHI'AR],UX 108;
D'KEN [SHI'AR],UX 109;
D'KEN [SHI'AR],UX 154;
D'KEN [SHI'AR],UX 156;
DMITRI,A 102;
DMITRI,UX 99;
D.O.A.,GENX 1;
D.O.A.,GENX 10;
D.O.A.,GENX 11;
D.O.A.,GENX 12;
D.O.A.,GENX 13;
D.O.A.,GENX 29;
D.O.A.,GENX 31;
D.O.A.,GENX 33;
D.O.A.,GENX 34;
D.O.A.,GENX 35;
D.O.A.,GENX 36;
D.O.A.,GENX 37;
D.O.A.,GENX 38;
D.O.A.,GENX 39;
D.O.A.,GENX 57;
DOC,DHOLD 1;
DOC,GR3 31;
DOCKERY, RUPERT,ASM 208;
DOCKERY, RUPERT,S-W 26;
DOCKERY, RUPERT,S-W 27;
DOCKERY, RUPERT,S-W 28;
DOCKERY, RUPERT,S-W 29;
DOCKERY, RUPERT,S-W 30;
DOC SAMSON/DR. LEONA,A 252;
DOC SAMSON/DR. LEONA,COC 1;
DOC SAMSON/DR. LEONA,COH 3;
DOC SAMSON/DR. LEONA,DEF2 2;
DOC SAMSON/DR. LEONA,DEF2 5;
DOC SAMSON/DR. LEONA,DE:O;
DOC SAMSON/DR. LEONA,DS 1;
DOC SAMSON/DR. LEONA,DS 2;
DOC SAMSON/DR. LEONA,DS 3;
DOC SAMSON/DR. LEONA,DS 4;
DOC SAMSON/DR. LEONA,H 11/2;
DOC SAMSON/DR. LEONA,H 15;
DOC SAMSON/DR. LEONA,H 16/3;
DOC SAMSON/DR. LEONA,H 18/4;
DOC SAMSON/DR. LEONA,H 20/2;
DOC SAMSON/DR. LEONA,H2 141;
DOC SAMSON/DR. LEONA,H2 143;
DOC SAMSON/DR. LEONA,H2 144;
DOC SAMSON/DR. LEONA,H2 146;
DOC SAMSON/DR. LEONA,H2 147;
DOC SAMSON/DR. LEONA,H2 192;
DOC SAMSON/DR. LEONA,H2 193;
DOC SAMSON/DR. LEONA,H2 194;
DOC SAMSON/DR. LEONA,H2 195;
DOC SAMSON/DR. LEONA,H2 196;
DOC SAMSON/DR. LEONA,H2 197;
DOC SAMSON/DR. LEONA,H2 198;
DOC SAMSON/DR. LEONA,H2 199;
DOC SAMSON/DR. LEONA,H2 200;
DOC SAMSON/DR. LEONA,H2 202;
DOC SAMSON/DR. LEONA,H2 203;
DOC SAMSON/DR. LEONA,H2 204;
DOC SAMSON/DR. LEONA,H2 205;
DOC SAMSON/DR. LEONA,H2 206;
DOC SAMSON/DR. LEONA,H2 207;
DOC SAMSON/DR. LEONA,H2 208;
DOC SAMSON/DR. LEONA,H2 209;
DOC SAMSON/DR. LEONA,H2 210;
DOC SAMSON/DR. LEONA,H2 213;
DOC SAMSON/DR. LEONA,H2 216;
DOC SAMSON/DR. LEONA,H2 218;
DOC SAMSON/DR. LEONA,H2 220;
DOC SAMSON/DR. LEONA,H2 221;
DOC SAMSON/DR. LEONA,H2 223;
DOC SAMSON/DR. LEONA,H2 224;
DOC SAMSON/DR. LEONA,H2 225;
DOC SAMSON/DR. LEONA,H2 226;
DOC SAMSON/DR. LEONA,H2 227;
DOC SAMSON/DR. LEONA,H2 228;
DOC SAMSON/DR. LEONA,H2 229;
DOC SAMSON/DR. LEONA,H2 230;
DOC SAMSON/DR. LEONA,H2 231;
DOC SAMSON/DR. LEONA,H2 233;
DOC SAMSON/DR. LEONA,H2 234;
DOC SAMSON/DR. LEONA,H2 238;
DOC SAMSON/DR. LEONA,H2 246;
DOC SAMSON/DR. LEONA,H2 247;
DOC SAMSON/DR. LEONA,H2 248;
DOC SAMSON/DR. LEONA,H2 249;
DOC SAMSON/DR. LEONA,H2 251;
DOC SAMSON/DR. LEONA,H2 252;
DOC SAMSON/DR. LEONA,H2 253;
DOC SAMSON/DR. LEONA,H2 256;
DOC SAMSON/DR. LEONA,H2 257;
DOC SAMSON/DR. LEONA,H2 277;
DOC SAMSON/DR. LEONA,H2 278;
DOC SAMSON/DR. LEONA,H2 279;
DOC SAMSON/DR. LEONA,H2 314;
DOC SAMSON/DR. LEONA,H2 315;
DOC SAMSON/DR. LEONA,H2 316;
DOC SAMSON/DR. LEONA,H2 317;
DOC SAMSON/DR. LEONA,H2 318;
DOC SAMSON/DR. LEONA,H2 319;
DOC SAMSON/DR. LEONA,H2 320;
DOC SAMSON/DR. LEONA,H2 321;
DOC SAMSON/DR. LEONA,H2 322;
DOC SAMSON/DR. LEONA,H2 323;
DOC SAMSON/DR. LEONA,H2 324;
DOC SAMSON/DR. LEONA,H2 325;
DOC SAMSON/DR. LEONA,H2 326;
DOC SAMSON/DR. LEONA,H2 327;
DOC SAMSON/DR. LEONA,H2 329;
DOC SAMSON/DR. LEONA,H2 330;
DOC SAMSON/DR. LEONA,H2 331;
DOC SAMSON/DR. LEONA,H2 332;
DOC SAMSON/DR. LEONA,H2 334;
DOC SAMSON/DR. LEONA,H2 337;
DOC SAMSON/DR. LEONA,H2 365;
DOC SAMSON/DR. LEONA,H2 366;
DOC SAMSON/DR. LEONA,H2 368;
DOC SAMSON/DR. LEONA,H2 370;
DOC SAMSON/DR. LEONA,H2 373;
DOC SAMSON/DR. LEONA,H2 376;
DOC SAMSON/DR. LEONA,H2 377;
DOC SAMSON/DR. LEONA,H2 379;
DOC SAMSON/DR. LEONA,H2 380;
DOC SAMSON/DR. LEONA,H2 425;
DOC SAMSON/DR. LEONA,H2 426;
DOC SAMSON/DR. LEONA,H2 440;
DOC SAMSON/DR. LEONA,H2 441;
DOC SAMSON/DR. LEONA,H2 442;
DOC SAMSON/DR. LEONA,H2 462;
DOC SAMSON/DR. LEONA,H2 465;
DOC SAMSON/DR. LEONA,H2 466;
DOC SAMSON/DR. LEONA,H2 467;
DOC SAMSON/DR. LEONA,H2 470;
DOC SAMSON/DR. LEONA,H2 471;
DOC SAMSON/DR. LEONA,H3 11;
DOC SAMSON/DR. LEONA,H3 16;
DOC SAMSON/DR. LEONA,H3 17;
DOC SAMSON/DR. LEONA,H3 18;
DOC SAMSON/DR. LEONA,H3 19;
DOC SAMSON/DR. LEONA,H3 20;
DOC SAMSON/DR. LEONA,H3 24;
DOC SAMSON/DR. LEONA,H3 25;
DOC SAMSON/DR. LEONA,H3 26;
DOC SAMSON/DR. LEONA,H3 29;
DOC SAMSON/DR. LEONA,H3 30;
DOC SAMSON/DR. LEONA,H 7;
DOC SAMSON/DR. LEONA,H '97;
DOC SAMSON/DR. LEONA,HR:R 2;
DOC SAMSON/DR. LEONA,MICRO 29;
DOC SAMSON/DR. LEONA,M/SH3 6;
DOC SAMSON/DR. LEONA,M/SH3 7;
DOC SAMSON/DR. LEONA,M/TIO 7;
DOC SAMSON/DR. LEONA,M/TU 102;
DOC SAMSON/DR. LEONA,PUN3 1;
DOC SAMSON/DR. LEONA,Q 29;
DOC SAMSON/DR. LEONA,TBOLTS -1;
DOC SAMSON | MUTANT,MX '99;
DOCTOR DREDD,ROM 38;
DOCTOR DREDD,ROM 39;
DOCTOR DREDD,ROM 40;
DOCTOR DREDD,ROM 41;
DOCTOR DREDD,ROM 43;
DOCTOR, DR. JOSHUA,LSHOT2 1;
DOCTOR MANDIBUS,SS3 70;
DOCTOR MANDIBUS,SS3 71;
DOCTOR MANDIBUS,SS3 72;
DOGGEREL,OE 7;
DOLAN, CAPT. THOMAS,GR3 -1;
DOLAN, CAPT. THOMAS,GR3 1;
DOLAN, CAPT. THOMAS,GR3 10;
DOLAN, CAPT. THOMAS,GR3 21;
DOLAN, CAPT. THOMAS,GR3 25;
DOLAN, CAPT. THOMAS,GR3 28;
DOLAN, CAPT. THOMAS,GR3 3;
DOLAN, CAPT. THOMAS,GR3 30;
DOLAN, STACY,GR3 -1;
DOLAN, STACY,GR3 1;
DOLAN, STACY,GR3 10;
DOLAN, STACY,GR3 11;
DOLAN, STACY,GR3 13;
DOLAN, STACY,GR3 16;
DOLAN, STACY,GR3 19;
DOLAN, STACY,GR3 2;
DOLAN, STACY,GR3 21;
DOLAN, STACY,GR3 22;
DOLAN, STACY,GR3 24;
DOLAN, STACY,GR3 25;
DOLAN, STACY,GR3 28;
DOLAN, STACY,GR3 30;
DOLAN, STACY,GR3 5;
DOLAN, STACY,GR3 7;
DOLAN, STACY,GR3 8;
DOLAN, STACY,GR3 9;
DOLAN, STACY,OE 4;
DOLLAR BILL,ASPOT 29;
DOLLAR BILL,DD 234;
DOLLAR BILL,DEF 51;
DOLLAR BILL,DEF 52;
DOLLAR BILL,DEF 54;
DOLLAR BILL,DEF 58;
DOLLAR BILL,DEF 59;
DOLLAR BILL,DEF 60;
DOLLAR BILL,DEF 61;
DOLLAR BILL,DEF 62;
DOLLAR BILL,DEF 65;
DOLLAR BILL,DEF 70;
DOLLAR BILL,DEF 71;
DOLLAR BILL,DEF 72;
DOLLAR BILL,DEF 73;
DOLLAR BILL,DEF 74;
DOLLAR BILL,DEF 75;
DOLMAN,ASM2 3;
DOLMAN,PPSM2 3;
DOLMAN,S-W3 3;
DOLMAN,S-W3 4;
DOMANI, DINO,AWC 6/3;
DOMINA,GAM3 22;
DOMINA,X 100;
DOMINA,X 101;
DOMINA,X 102;
DOMINA,X 106;
DOMINA,X 110;
DOMINA,X 99;
DOMINEX,A3 12;
DOMINO II,CA 320;
DOMINO III/BEATRICE/,C 1;
DOMINO III/BEATRICE/,C 2;
DOMINO III/BEATRICE/,C2 15;
DOMINO III/BEATRICE/,C2 17;
DOMINO III/BEATRICE/,C2 18;
DOMINO III/BEATRICE/,C2 19;
DOMINO III/BEATRICE/,C2 20;
DOMINO III/BEATRICE/,C2 21;
DOMINO III/BEATRICE/,C2 22;
DOMINO III/BEATRICE/,C2 23;
DOMINO III/BEATRICE/,C2 24;
DOMINO III/BEATRICE/,C2 25;
DOMINO III/BEATRICE/,C2 26;
DOMINO III/BEATRICE/,C2 27;
DOMINO III/BEATRICE/,C2 28;
DOMINO III/BEATRICE/,C2 29;
DOMINO III/BEATRICE/,C2 33;
DOMINO III/BEATRICE/,C2 38;
DOMINO III/BEATRICE/,C2 39;
DOMINO III/BEATRICE/,C2 55;
DOMINO III/BEATRICE/,C2 56;
DOMINO III/BEATRICE/,C2 73;
DOMINO III/BEATRICE/,C2 74;
DOMINO III/BEATRICE/,C2 75;
DOMINO III/BEATRICE/,C2 82;
DOMINO III/BEATRICE/,C2 83;
DOMINO III/BEATRICE/,C2 84;
DOMINO III/BEATRICE/,TB 25;
DOMINO III/BEATRICE/,UX 335;
DOMINO III/BEATRICE/,X 40;
DOMINO III/BEATRICE/,X 41;
DOMINO III/BEATRICE/,XF&C '95;
DOMINO III/BEATRICE/,XF&C '95/2;
DOMINO III/BEATRICE/,XFOR 100;
DOMINO III/BEATRICE/,XFOR 106;
DOMINO III/BEATRICE/,XFOR 107;
DOMINO III/BEATRICE/,XFOR 108;
DOMINO III/BEATRICE/,XFOR 109;
DOMINO III/BEATRICE/,XFOR 11;
DOMINO III/BEATRICE/,XFOR 110;
DOMINO III/BEATRICE/,XFOR 111;
DOMINO III/BEATRICE/,XFOR 112;
DOMINO III/BEATRICE/,XFOR 113;
DOMINO III/BEATRICE/,XFOR 114;
DOMINO III/BEATRICE/,XFOR 115;
DOMINO III/BEATRICE/,XFOR 117;
DOMINO III/BEATRICE/,XFOR 13;
DOMINO III/BEATRICE/,XFOR 14;
DOMINO III/BEATRICE/,XFOR 15;
DOMINO III/BEATRICE/,XFOR 35;
DOMINO III/BEATRICE/,XFOR 36;
DOMINO III/BEATRICE/,XFOR 37;
DOMINO III/BEATRICE/,XFOR 39;
DOMINO III/BEATRICE/,XFOR 40;
DOMINO III/BEATRICE/,XFOR 41;
DOMINO III/BEATRICE/,XFOR 43;
DOMINO III/BEATRICE/,XFOR 44;
DOMINO III/BEATRICE/,XFOR 50;
DOMINO III/BEATRICE/,XFOR 52;
DOMINO III/BEATRICE/,XFOR 53;
DOMINO III/BEATRICE/,XFOR 54;
DOMINO III/BEATRICE/,XFOR 57;
DOMINO III/BEATRICE/,XFOR 62;
DOMINO III/BEATRICE/,XFOR 69;
DOMINO III/BEATRICE/,XFOR 70;
DOMINO III/BEATRICE/,XFOR 71;
DOMINO III/BEATRICE/,XFOR 72;
DOMINO III/BEATRICE/,XFOR 73;
DOMINO III/BEATRICE/,XFOR 76;
DOMINO III/BEATRICE/,XFOR 8;
DOMINO III/BEATRICE/,XFOR 82;
DOMINO III/BEATRICE/,XFOR 83;
DOMINO III/BEATRICE/,XFOR 84;
DOMINO III/BEATRICE/,XFOR 85;
DOMINO III/BEATRICE/,XFOR 86;
DOMINO III/BEATRICE/,XFOR 87;
DOMINO III/BEATRICE/,XFOR 89;
DOMINO III/BEATRICE/,XFOR 90;
DOMINO III/BEATRICE/,XFOR 91;
DOMINO III/BEATRICE/,XFOR 92;
DOMINO III/BEATRICE/,XFOR 93;
DOMINO III/BEATRICE/,XFOR 94;
DOMINO III/BEATRICE/,XFOR 95;
DOMINO III/BEATRICE/,XFOR 96;
DOMINO III/BEATRICE/,XFOR 99;
DOMINO III/BEATRICE/,X:PRIME;
DOMINO III/BEATRICE/,XU 23;
DOMINO,RH 4/2;
DOMINO,RH 5/2;
DOMINO,RH 6/2;
DOMINUS II,WCA2 17;
DOMINUS II,WCA2 21;
DOMINUS II,WCA2 24;
DOMINUS,UX 21;
DOMO,A 246;
DOMO,A 247;
DOMO,E 10;
DOMO,E 11;
DOMO,E 5;
DOMO,E 9;
DOMO,T 287;
DOMO,T 288;
DOMO,T 290;
DONALDSON, LINDA,AA2 11;
DONALDSON, LINDA,AA2 12;
DONALDSON, LINDA,AA2 13;
DONALDSON, LINDA,AA2 14;
DONALDSON, LINDA,AA2 15;
DONALDSON, LINDA,CA 173;
DONALDSON, LINDA,CA 174;
DONAR,INV 1;
DONAR,INV 2;
DON, GAI NO,NT 1;
DON, GAI NO,NT 4;
DONLEAVY, HANNAH,IM3 12;
DONLEAVY, HANNAH,IM3 14;
DONLEAVY, HANNAH,IM3 15;
DONLEAVY, HANNAH,IM3 16;
DONLEAVY, HANNAH,IM3 17;
DONNELY, VICTORIA TO,XFOR 100;
DONNELY, VICTORIA TO,XFOR 99;
DONOHUE, TREVOR,IM3 29;
DONOHUE, TREVOR,IM3 38;
DONOHUE, TREVOR,IM3 39;
DONYELL,NO2 7;
DONYELL,NW 48;
DONYELL,NW 49;
DOOM, DR. BOB,S-H2 18;
DOOMSDAY MAN,A3 15;
DOOMSDAY MAN,A3 16;
DOOMSDAY MAN,A3 17;
DOOMSDAY MAN II,A 288;
DOOMSDAY MAN,MSM 3;
DOOMSDAY MAN,MSM 4;
DOOMSDAY MAN,SS 13;
DOOP,XFOR 116;
DOOP,XFOR 117;
DOORMAN,A 19;
DOORMAN,A 309;
DOORMAN,AWC 48;
DOORMAN,AWC 49;
DOORMAN,AWC 64;
DOORMAN,DPOOL3 10;
DOORMAN,DPOOL3 11;
DOORMAN,TB 15;
DOORMAN,TB 16;
DOORMAN,TB 17;
DOORMAN,TB 25;
DOORMAN,WCA2 46;
DOPPELGANGER,IW 1;
DOPPELGANGER,M/CP 112/2;
DOPPELGANGER,S-M 24;
DOPPELGANGER,SOV 5;
DOPPELGANGER,WOSM 93;
DOPPELGANGER,WOSM 94;
DOPPELGANGER,WOSM 95;
DOPPELGANGER,WOSM 96;
DORCAS, LEMUEL DR.,M/TU 14;
DORCAS, LEMUEL DR.,SUB-M 15;
DORCAS, LEMUEL DR.,SUB-M 23;
DORCAS, LEMUEL DR.,SUB-M 24;
DORCAS, LEMUEL DR.,SUB-M 33;
DORCAS, LEMUEL DR.,SUB-M 5;
DORCAS, LEMUEL DR.,SUB-M 6;
DORCAS, LEMUEL DR.,SVTU 1;
DORCAS, LEMUEL DR.,SVTU 2;
DORCAS, LEMUEL DR.,SVTU 3;
DORMA [ATLANTEAN],DD 7;
DORMA [ATLANTEAN],FF 1;
DORMA [ATLANTEAN],FF 103;
DORMA [ATLANTEAN],FF 104;
DORMA [ATLANTEAN],FF 33;
DORMA [ATLANTEAN],H2 118;
DORMA [ATLANTEAN],MARVEL MYSTERY COMIC;
DORMA [ATLANTEAN],SUB-M 11;
DORMA [ATLANTEAN],SUB-M 13;
DORMA [ATLANTEAN],SUB-M 15;
DORMA [ATLANTEAN],SUB-M 16;
DORMA [ATLANTEAN],SUB-M 17;
DORMA [ATLANTEAN],SUB-M 18;
DORMA [ATLANTEAN],SUB-M 2;
DORMA [ATLANTEAN],SUB-M 20;
DORMA [ATLANTEAN],SUB-M 21;
DORMA [ATLANTEAN],SUB-M 22;
DORMA [ATLANTEAN],SUB-M 23;
DORMA [ATLANTEAN],SUB-M 24;
DORMA [ATLANTEAN],SUB-M 25;
DORMA [ATLANTEAN],SUB-M 27;
DORMA [ATLANTEAN],SUB-M 28;
DORMA [ATLANTEAN],SUB-M 29;
DORMA [ATLANTEAN],SUB-M 3;
DORMA [ATLANTEAN],SUB-M 31;
DORMA [ATLANTEAN],SUB-M 33;
DORMA [ATLANTEAN],SUB-M 34;
DORMA [ATLANTEAN],SUB-M 35;
DORMA [ATLANTEAN],SUB-M 36;
DORMA [ATLANTEAN],SUB-M 37;
DORMA [ATLANTEAN],SUB-M 38;
DORMA [ATLANTEAN],SUB-M 4;
DORMA [ATLANTEAN],SUB-M 5;
DORMA [ATLANTEAN],SUB-M 6;
DORMA [ATLANTEAN],SUB-M 7;
DORMA [ATLANTEAN],SUB-M 8;
DORMA [ATLANTEAN],SUB-M 9;
DORMA [ATLANTEAN],TOS 79;
DORMA [ATLANTEAN],TTA 101/2;
DORMA [ATLANTEAN],TTA 70;
DORMA [ATLANTEAN],TTA 71;
DORMA [ATLANTEAN],TTA 72;
DORMA [ATLANTEAN],TTA 73;
DORMA [ATLANTEAN],TTA 74;
DORMA [ATLANTEAN],TTA 75;
DORMA [ATLANTEAN],TTA 76;
DORMA [ATLANTEAN],TTA 77;
DORMA [ATLANTEAN],TTA 79;
DORMA [ATLANTEAN],TTA 80;
DORMA [ATLANTEAN],TTA 81;
DORMA [ATLANTEAN],TTA 83;
DORMA [ATLANTEAN],TTA 84;
DORMA [ATLANTEAN],TTA 85;
DORMA [ATLANTEAN],TTA 86;
DORMA [ATLANTEAN],TTA 87;
DORMA [ATLANTEAN],TTA 88;
DORMA [ATLANTEAN],TTA 89;
DORMA [ATLANTEAN],TTA 90;
DORMA [ATLANTEAN],TTA 91;
DORMA [ATLANTEAN],TTA 92;
DORMA [ATLANTEAN],TTA 93;
DORMA [ATLANTEAN],TTA 94;
DORMA [ATLANTEAN],TTA 95;
DORMA [ATLANTEAN],TTA 96;
DORMA [ATLANTEAN],TTA 97;
DORMA [ATLANTEAN],TTA 98;
DORMA II [ATLANTEAN],ASHEMA;
DORMA II [ATLANTEAN],DOOM;
DORMA II [ATLANTEAN],FF '00;
DORMA II [ATLANTEAN],FF3 25;
DORMA II [ATLANTEAN],FF3 26;
DORMA II [ATLANTEAN],FF3 27;
DORMA II [ATLANTEAN],FF3 28;
DORMA II [ATLANTEAN],FF3 32;
DORMAMMU,A 115;
DORMAMMU,A 116;
DORMAMMU,A 117;
DORMAMMU,A 118;
DORMAMMU,ASM 14;
DORMAMMU,DEF 10;
DORMAMMU,DEF 8/2;
DORMAMMU,DEF 9;
DORMAMMU,DRSTR 171;
DORMAMMU,DRSTR 172;
DORMAMMU,DRSTR 173;
DORMAMMU,DRSTR 2/5;
DORMAMMU,DRSTR2 50;
DORMAMMU,DRSTR2 51;
DORMAMMU,DRSTR2 6;
DORMAMMU,DRSTR2 7;
DORMAMMU,DRSTR2 8;
DORMAMMU,DRSTR2 9;
DORMAMMU,DRSTR3 1;
DORMAMMU,DRSTR3 2;
DORMAMMU,DRSTR3 21;
DORMAMMU,DRSTR3 21/2;
DORMAMMU,DRSTR3 22;
DORMAMMU,DRSTR3 22/2;
DORMAMMU,DRSTR3 23;
DORMAMMU,DRSTR3 23/2;
DORMAMMU,DRSTR3 24;
DORMAMMU,DRSTR3 42;
DORMAMMU,DRSTR3 43;
DORMAMMU,DRSTR3 48;
DORMAMMU,DRSTR3 49;
DORMAMMU,DRSTR3 50;
DORMAMMU,DRSTR3 73;
DORMAMMU,DRSTR3 75;
DORMAMMU,DRSTR4 3;
DORMAMMU,DRSTR4 4;
DORMAMMU,GR2 29;
DORMAMMU,GR2 30;
DORMAMMU,GR2 31;
DORMAMMU,GSA 4;
DORMAMMU,HCAT 1;
DORMAMMU,HCAT 2;
DORMAMMU,HCAT 3;
DORMAMMU,M/FEA 2;
DORMAMMU,MGK2 1;
DORMAMMU,MGK2 2;
DORMAMMU,MGK2 3;
DORMAMMU,MGK2 4;
DORMAMMU,ST 126/2;
DORMAMMU,ST 127/2;
DORMAMMU,ST 130/2;
DORMAMMU,ST 131/2;
DORMAMMU,ST 132/2;
DORMAMMU,ST 133/2;
DORMAMMU,ST 134/2;
DORMAMMU,ST 135/2;
DORMAMMU,ST 136/2;
DORMAMMU,ST 138/2;
DORMAMMU,ST 139/2;
DORMAMMU,ST 140/2;
DORMAMMU,ST 141/2;
DORMAMMU,ST 144/2;
DORMAMMU,ST 146/2;
DORMAMMU,ST 158/2;
DORMAMMU,T 9;
DORMAMMU,UTSM:SE;
DORMAMMU,X:HC 1;
DORNOVA-BLONSKY, NAD,H 20;
DORNOVA-BLONSKY, NAD,H2 382;
DORNOVA-BLONSKY, NAD,H2 383;
DORNOVA-BLONSKY, NAD,H2 384;
DORNOVA-BLONSKY, NAD,H3 24;
DORNOVA-BLONSKY, NAD,H3 25;
DORNOVA-BLONSKY, NAD,N 58;
DORREK II,A 133;
DORREK [SKRULL],A 94;
DORREK [SKRULL],A 96;
DORREK [SKRULL],A 97;
DORREK [SKRULL],CM 2;
DORREK [SKRULL],FF 18;
DORREK [SKRULL],FF 205;
DORREK [SKRULL],FF 206;
DORREK [SKRULL],FF 209;
DORREK [SKRULL],FF 32;
DORREK [SKRULL],FF 37;
DORREK [SKRULL],FF 48;
DORREK [SKRULL],M/:LG 11;
DOUGHBOY,CA 383/4;
DOUGHBOY,CA 393;
DOUGHBOY,CA 395;
DOUGHBOY,CA 396;
DOUGHBOY,W2 139;
DOUGLOCK 2013,XCAL 94;
DOVER, DONNA-LEE,NO 1;
DOVER, DONNA-LEE,NO 11;
DOVER, DONNA-LEE,NO 13;
DOVER, DONNA-LEE,NO 14;
DOVER, DONNA-LEE,NO 2;
DOVER, DONNA-LEE,NO 20;
DOVER, DONNA-LEE,NO 3;
DOVER, DONNA-LEE,NO 4;
DOVER, DONNA-LEE,NO 5;
DOVINIA,M/CP 76/4;
DRACCHISS,H 18/3;
DRACULA | MUTANT X-V,MX '01;
DRACULA | MUTANT X-V,MX 12;
DRACULA | MUTANT X-V,MX 26;
DRACULA | MUTANT X-V,MX 27;
DRACULA | MUTANT X-V,MX 31;
DRACULA | MUTANT X-V,MX 32;
DRACULA/VLAD TEPES,A 118;
DRACULA/VLAD TEPES,A 16;
DRACULA/VLAD TEPES,BFF:S 2;
DRACULA/VLAD TEPES,BFF:S 3;
DRACULA/VLAD TEPES,BIZADV 33/4;
DRACULA/VLAD TEPES,BLADE 1;
DRACULA/VLAD TEPES,DEF 95;
DRACULA/VLAD TEPES,DL 1;
DRACULA/VLAD TEPES,DL 10;
DRACULA/VLAD TEPES,DL 11;
DRACULA/VLAD TEPES,DL 1/2;
DRACULA/VLAD TEPES,DL 13;
DRACULA/VLAD TEPES,DL 13/2;
DRACULA/VLAD TEPES,DL 1/6;
DRACULA/VLAD TEPES,DL 2;
DRACULA/VLAD TEPES,DL 2/3;
DRACULA/VLAD TEPES,DL 2/5;
DRACULA/VLAD TEPES,DL 3;
DRACULA/VLAD TEPES,DL 3/3;
DRACULA/VLAD TEPES,DL 3/4;
DRACULA/VLAD TEPES,DL 3/5;
DRACULA/VLAD TEPES,DL 4;
DRACULA/VLAD TEPES,DL 4/3;
DRACULA/VLAD TEPES,DL 4/5;
DRACULA/VLAD TEPES,DL 5;
DRACULA/VLAD TEPES,DL 5/2;
DRACULA/VLAD TEPES,DL 5/4;
DRACULA/VLAD TEPES,DL 6;
DRACULA/VLAD TEPES,DL 6/3;
DRACULA/VLAD TEPES,DL 6/4;
DRACULA/VLAD TEPES,DL 7;
DRACULA/VLAD TEPES,DL 7/3;
DRACULA/VLAD TEPES,DL 8;
DRACULA/VLAD TEPES,DL 8/2;
DRACULA/VLAD TEPES,DL 9;
DRACULA/VLAD TEPES,DL 9/2;
DRACULA/VLAD TEPES,DL 9/3;
DRACULA/VLAD TEPES,DL 9/4;
DRACULA/VLAD TEPES,D:LU 1;
DRACULA/VLAD TEPES,D:LU 2;
DRACULA/VLAD TEPES,D:LU 3;
DRACULA/VLAD TEPES,DRSTR2 14;
DRACULA/VLAD TEPES,DRSTR2 59;
DRACULA/VLAD TEPES,DRSTR2 60;
DRACULA/VLAD TEPES,DRSTR2 61;
DRACULA/VLAD TEPES,DRSTR2 62;
DRACULA/VLAD TEPES,DRSTR3 37;
DRACULA/VLAD TEPES,FF3 36;
DRACULA/VLAD TEPES,FMON 8;
DRACULA/VLAD TEPES,FMON 9;
DRACULA/VLAD TEPES,GENX '98;
DRACULA/VLAD TEPES,GSCH 1;
DRACULA/VLAD TEPES,GSS-M 1;
DRACULA/VLAD TEPES,GSTOD 2;
DRACULA/VLAD TEPES,GSTOD 3;
DRACULA/VLAD TEPES,GSTOD 4;
DRACULA/VLAD TEPES,GSTOD 5;
DRACULA/VLAD TEPES,HOH 12/4;
DRACULA/VLAD TEPES,HTD MAG 5;
DRACULA/VLAD TEPES,INV 9;
DRACULA/VLAD TEPES,M/CP 77/3;
DRACULA/VLAD TEPES,M/CP 78/2;
DRACULA/VLAD TEPES,M/CP 79/2;
DRACULA/VLAD TEPES,M/PRV 3;
DRACULA/VLAD TEPES,M/TU2 7;
DRACULA/VLAD TEPES,SMTU 6/2;
DRACULA/VLAD TEPES,T 332;
DRACULA/VLAD TEPES,T 333;
DRACULA/VLAD TEPES,TOD 1;
DRACULA/VLAD TEPES,TOD 10;
DRACULA/VLAD TEPES,TOD 11;
DRACULA/VLAD TEPES,TOD 12;
DRACULA/VLAD TEPES,TOD 13;
DRACULA/VLAD TEPES,TOD 14;
DRACULA/VLAD TEPES,TOD 15;
DRACULA/VLAD TEPES,TOD 16;
DRACULA/VLAD TEPES,TOD 17;
DRACULA/VLAD TEPES,TOD 18;
DRACULA/VLAD TEPES,TOD 19;
DRACULA/VLAD TEPES,TOD 2;
DRACULA/VLAD TEPES,TOD 20;
DRACULA/VLAD TEPES,TOD 21;
DRACULA/VLAD TEPES,TOD2 1;
DRACULA/VLAD TEPES,TOD 22;
DRACULA/VLAD TEPES,TOD2 2;
DRACULA/VLAD TEPES,TOD 23;
DRACULA/VLAD TEPES,TOD2 3;
DRACULA/VLAD TEPES,TOD 24;
DRACULA/VLAD TEPES,TOD2 4;
DRACULA/VLAD TEPES,TOD 25;
DRACULA/VLAD TEPES,TOD2 5;
DRACULA/VLAD TEPES,TOD 26;
DRACULA/VLAD TEPES,TOD2 6;
DRACULA/VLAD TEPES,TOD 27;
DRACULA/VLAD TEPES,TOD 28;
DRACULA/VLAD TEPES,TOD 29;
DRACULA/VLAD TEPES,TOD 3;
DRACULA/VLAD TEPES,TOD 30;
DRACULA/VLAD TEPES,TOD 31;
DRACULA/VLAD TEPES,TOD 32;
DRACULA/VLAD TEPES,TOD 33;
DRACULA/VLAD TEPES,TOD 34;
DRACULA/VLAD TEPES,TOD 35;
DRACULA/VLAD TEPES,TOD 36;
DRACULA/VLAD TEPES,TOD 37;
DRACULA/VLAD TEPES,TOD 38;
DRACULA/VLAD TEPES,TOD 39;
DRACULA/VLAD TEPES,TOD 4;
DRACULA/VLAD TEPES,TOD 40;
DRACULA/VLAD TEPES,TOD 41;
DRACULA/VLAD TEPES,TOD 42;
DRACULA/VLAD TEPES,TOD 43;
DRACULA/VLAD TEPES,TOD 44;
DRACULA/VLAD TEPES,TOD 45;
DRACULA/VLAD TEPES,TOD 46;
DRACULA/VLAD TEPES,TOD 47;
DRACULA/VLAD TEPES,TOD 48;
DRACULA/VLAD TEPES,TOD 49;
DRACULA/VLAD TEPES,TOD 5;
DRACULA/VLAD TEPES,TOD 50;
DRACULA/VLAD TEPES,TOD 51;
DRACULA/VLAD TEPES,TOD 52;
DRACULA/VLAD TEPES,TOD 53;
DRACULA/VLAD TEPES,TOD 54;
DRACULA/VLAD TEPES,TOD 55;
DRACULA/VLAD TEPES,TOD 56;
DRACULA/VLAD TEPES,TOD 57;
DRACULA/VLAD TEPES,TOD 59;
DRACULA/VLAD TEPES,TOD 6;
DRACULA/VLAD TEPES,TOD 60;
DRACULA/VLAD TEPES,TOD 61;
DRACULA/VLAD TEPES,TOD 62;
DRACULA/VLAD TEPES,TOD 63;
DRACULA/VLAD TEPES,TOD 64;
DRACULA/VLAD TEPES,TOD 65;
DRACULA/VLAD TEPES,TOD 66;
DRACULA/VLAD TEPES,TOD 67;
DRACULA/VLAD TEPES,TOD 68;
DRACULA/VLAD TEPES,TOD 69;
DRACULA/VLAD TEPES,TOD 7;
DRACULA/VLAD TEPES,TOD 70;
DRACULA/VLAD TEPES,TOD 8;
DRACULA/VLAD TEPES,TOD 9;
DRACULA/VLAD TEPES,TOD MAG 4;
DRACULA/VLAD TEPES,TOD MAG 4/2;
DRACULA/VLAD TEPES,TOD MAG 5;
DRACULA/VLAD TEPES,TOD MAG 5/2;
DRACULA/VLAD TEPES,TOD MAG 6;
DRACULA/VLAD TEPES,UX 159;
DRACULA/VLAD TEPES,UX 6;
DRACULA/VLAD TEPES,WBN 15;
DRAGONA,T 286;
DRAGONBLOOD, ULYSSES,XFOR 100;
DRAGONBLOOD, ULYSSES,XFOR 83;
DRAGONBLOOD, ULYSSES,XFOR 84;
DRAGONBLOOD, ULYSSES,XFOR 93;
DRAGONBLOOD, ULYSSES,XFOR 97;
DRAGONBLOOD, ULYSSES,XFOR 99;
DRAGONESS,C 1;
DRAGONESS,C 2;
DRAGONESS,NM 93;
DRAGONESS,NM 94;
DRAGONESS,X 15;
DRAGONESS,XF 85;
DRAGONFIST,HFH 12;
DRAGONFLY II/MEIKO Y,ASM 421;
DRAGONFLY II/MEIKO Y,ASM 422;
DRAGONFLY II/MEIKO Y,ASM 423;
DRAGONFLY II/MEIKO Y,ASM 424;
DRAGONFLY/VERONICA D,CA 389;
DRAGONFLY/VERONICA D,CA 390;
DRAGONFLY/VERONICA D,CA 391;
DRAGONFLY/VERONICA D,CX 3;
DRAGONFLY/VERONICA D,IM 12/4;
DRAGONFLY/VERONICA D,Q 14;
DRAGONFLY/VERONICA D,Q 16;
DRAGONFLY/VERONICA D,Q 20;
DRAGONFLY/VERONICA D,TB 24;
DRAGONFLY/VERONICA D,TB 25;
DRAGONFLY/VERONICA D,UX 94;
DRAGONFLY/VERONICA D,UX 95;
DRAGONHEAD,W2 31;
DRAGON MAN,A 41;
DRAGON MAN,A 42;
DRAGON MAN,CA 248;
DRAGON MAN,CA 249;
DRAGON MAN,FF '01/2;
DRAGON MAN,FF 134;
DRAGON MAN,FF 135;
DRAGON MAN,FF 136;
DRAGON MAN,FF 16;
DRAGON MAN,FF 300;
DRAGON MAN,FF 321;
DRAGON MAN,FF 322;
DRAGON MAN,FF 323;
DRAGON MAN,FF 327;
DRAGON MAN,FF 328;
DRAGON MAN,FF 329;
DRAGON MAN,FF 330;
DRAGON MAN,FF 332;
DRAGON MAN,FF 35;
DRAGON MAN,FF 44;
DRAGON MAN,FF 45;
DRAGON MAN,FF 46;
DRAGON MAN,FF 47;
DRAGON MAN,H2 292;
DRAGON MAN,PP 6;
DRAGON MAN,PP 7;
DRAGON MAN,PP 8;
DRAGON MAN,PPTSS 235;
DRAGON MAN,PPTSS 236;
DRAGON MAN,S-H2 27;
DRAGON MAN,SUB-M 15;
DRAGON MAN,WOSM 61;
DRAGONMEGAS, JESSIE,TER 1;
DRAGONMEGAS, JESSIE,TER 2;
DRAGON OF THE MOON,DEF 152;
DRAGON OF THE MOON,DRSTR3 4;
DRAGONUS,DRSTR3 17;
DRAGONUS,WBN 3;
DRAGONWING/,GENX 53;
DRAGONWING/,GENX 54;
DRAGO, VALERIE,HMAG 16;
DRAGO, VALERIE,HMAG 17;
DRAKE, CARLTON,ASM 26;
DRAKE, CARLTON,ASM 298;
DRAKE, CARLTON,ASM 299;
DRAKE, CARLTON,ASM 320;
DRAKE, CARLTON,ASM 351;
DRAKE, CARLTON,ASM 352;
DRAKE, CARLTON,PPTSS 12;
DRAKE, CARLTON,WOSM 8;
DRAKE, FRANKLIN,DRSTR2 61;
DRAKE, FRANKLIN,DRSTR2 62;
DRAKE, FRANKLIN,DRSTR2 67;
DRAKE, FRANKLIN,GR3 31;
DRAKE, FRANKLIN,M/CP 64/4;
DRAKE, FRANKLIN,NS 1;
DRAKE, FRANKLIN,NS 2;
DRAKE, FRANKLIN,TOD 1;
DRAKE, FRANKLIN,TOD 11;
DRAKE, FRANKLIN,TOD 12;
DRAKE, FRANKLIN,TOD 13;
DRAKE, FRANKLIN,TOD 14;
DRAKE, FRANKLIN,TOD 17;
DRAKE, FRANKLIN,TOD 19;
DRAKE, FRANKLIN,TOD 2;
DRAKE, FRANKLIN,TOD 20;
DRAKE, FRANKLIN,TOD 21;
DRAKE, FRANKLIN,TOD 24;
DRAKE, FRANKLIN,TOD 26;
DRAKE, FRANKLIN,TOD 27;
DRAKE, FRANKLIN,TOD 28;
DRAKE, FRANKLIN,TOD 3;
DRAKE, FRANKLIN,TOD 31;
DRAKE, FRANKLIN,TOD 32;
DRAKE, FRANKLIN,TOD 34;
DRAKE, FRANKLIN,TOD 35;
DRAKE, FRANKLIN,TOD 36;
DRAKE, FRANKLIN,TOD 37;
DRAKE, FRANKLIN,TOD 38;
DRAKE, FRANKLIN,TOD 39;
DRAKE, FRANKLIN,TOD 4;
DRAKE, FRANKLIN,TOD 40;
DRAKE, FRANKLIN,TOD 41;
DRAKE, FRANKLIN,TOD 42;
DRAKE, FRANKLIN,TOD 43;
DRAKE, FRANKLIN,TOD 45;
DRAKE, FRANKLIN,TOD 47;
DRAKE, FRANKLIN,TOD 48;
DRAKE, FRANKLIN,TOD 49;
DRAKE, FRANKLIN,TOD 5;
DRAKE, FRANKLIN,TOD 50;
DRAKE, FRANKLIN,TOD 51;
DRAKE, FRANKLIN,TOD 52;
DRAKE, FRANKLIN,TOD 53;
DRAKE, FRANKLIN,TOD 54;
DRAKE, FRANKLIN,TOD 55;
DRAKE, FRANKLIN,TOD 56;
DRAKE, FRANKLIN,TOD 57;
DRAKE, FRANKLIN,TOD 58;
DRAKE, FRANKLIN,TOD 59;
DRAKE, FRANKLIN,TOD 6;
DRAKE, FRANKLIN,TOD 60;
DRAKE, FRANKLIN,TOD 61;
DRAKE, FRANKLIN,TOD 62;
DRAKE, FRANKLIN,TOD 63;
DRAKE, FRANKLIN,TOD 64;
DRAKE, FRANKLIN,TOD 65;
DRAKE, FRANKLIN,TOD 68;
DRAKE, FRANKLIN,TOD 69;
DRAKE, FRANKLIN,TOD 7;
DRAKE, FRANKLIN,TOD 70;
DRAKE, FRANKLIN,TOD 8;
DRAKE, FRANKLIN,TOD 9;
DRAKE, FRANKLIN,WBN 15;
DRAKE, MADELINE BEAT,DEF 127;
DRAKE, MADELINE BEAT,ICE 1;
DRAKE, MADELINE BEAT,ICE 2;
DRAKE, MADELINE BEAT,ICE 4;
DRAKE, MADELINE BEAT,UX 289;
DRAKE, MADELINE BEAT,UX 290;
DRAKE, MADELINE BEAT,UX 319;
DRAKE, MADELINE BEAT,UX 44/2;
DRAKE, MADELINE BEAT,UX 46/2;
DRAKE, MADELINE BEAT,XMF 1;
DRAKE, MALCOLM,HFH 14;
DRAKE, WILLIAM ROBER,DEF 127;
DRAKE, WILLIAM ROBER,ICE 1;
DRAKE, WILLIAM ROBER,ICE 2;
DRAKE, WILLIAM ROBER,ICE 4;
DRAKE, WILLIAM ROBER,UX 289;
DRAKE, WILLIAM ROBER,UX 290;
DRAKE, WILLIAM ROBER,UX 319;
DRAKE, WILLIAM ROBER,UX 340;
DRAKE, WILLIAM ROBER,UX 44/2;
DRAKE, WILLIAM ROBER,UX 46/2;
DRAKE, WILLIAM ROBER,X 58;
DRAKE, WILLIAM ROBER,X 65;
DRAKE, WILLIAM ROBER,XMF 1;
DRAKE, WILLIAM ROBER,XMF 2;
DRAN, DAMON,CA 429;
DRAN, DAMON,CA 430;
DRAN, DAMON,DD 92;
DRAN, DAMON,DD 93;
DRAN, DAMON,DD 94;
DRAN, DAMON,M/FAN 11;
DRAN, DAMON,M/FAN 12;
DRAN, DAMON,M/FAN 13;
DR. ANGST/FLOYD MANG,S-H2 15;
DR. ANGST/FLOYD MANG,S-H2 16;
DR. ANGST/FLOYD MANG,S-H2 17;
DRAX/ARTHUR DOUGLAS,A 16;
DRAX/ARTHUR DOUGLAS,A 219;
DRAX/ARTHUR DOUGLAS,A 220;
DRAX/ARTHUR DOUGLAS,AF 111;
DRAX/ARTHUR DOUGLAS,CM 27;
DRAX/ARTHUR DOUGLAS,CM 28;
DRAX/ARTHUR DOUGLAS,CM 29;
DRAX/ARTHUR DOUGLAS,CM 31;
DRAX/ARTHUR DOUGLAS,CM 32;
DRAX/ARTHUR DOUGLAS,CM 33;
DRAX/ARTHUR DOUGLAS,CM 42;
DRAX/ARTHUR DOUGLAS,CM 43;
DRAX/ARTHUR DOUGLAS,CM 44;
DRAX/ARTHUR DOUGLAS,CM5 12;
DRAX/ARTHUR DOUGLAS,CM5 13;
DRAX/ARTHUR DOUGLAS,CM5 15;
DRAX/ARTHUR DOUGLAS,CM5 16;
DRAX/ARTHUR DOUGLAS,CM5 3;
DRAX/ARTHUR DOUGLAS,CM5 4;
DRAX/ARTHUR DOUGLAS,CM5 5;
DRAX/ARTHUR DOUGLAS,CM5 6;
DRAX/ARTHUR DOUGLAS,CM5 7;
DRAX/ARTHUR DOUGLAS,CM 58;
DRAX/ARTHUR DOUGLAS,CM 59;
DRAX/ARTHUR DOUGLAS,CM 60;
DRAX/ARTHUR DOUGLAS,CM 61;
DRAX/ARTHUR DOUGLAS,CM 62;
DRAX/ARTHUR DOUGLAS,DRSTR3 35;
DRAX/ARTHUR DOUGLAS,FF 369;
DRAX/ARTHUR DOUGLAS,FF 370;
DRAX/ARTHUR DOUGLAS,IG 1;
DRAX/ARTHUR DOUGLAS,IG 2;
DRAX/ARTHUR DOUGLAS,IG 3;
DRAX/ARTHUR DOUGLAS,IG 4;
DRAX/ARTHUR DOUGLAS,IG 5;
DRAX/ARTHUR DOUGLAS,IG 6;
DRAX/ARTHUR DOUGLAS,IM 55;
DRAX/ARTHUR DOUGLAS,IW 1;
DRAX/ARTHUR DOUGLAS,IW 2;
DRAX/ARTHUR DOUGLAS,IW 3;
DRAX/ARTHUR DOUGLAS,IW 4;
DRAX/ARTHUR DOUGLAS,IW 5;
DRAX/ARTHUR DOUGLAS,IW 6;
DRAX/ARTHUR DOUGLAS,LR 6/2;
DRAX/ARTHUR DOUGLAS,M/CP 108/4;
DRAX/ARTHUR DOUGLAS,M/CP 111/4;
DRAX/ARTHUR DOUGLAS,M/GN 1;
DRAX/ARTHUR DOUGLAS,M/SPT2 1;
DRAX/ARTHUR DOUGLAS,M/SPT2 2;
DRAX/ARTHUR DOUGLAS,Q 38;
DRAX/ARTHUR DOUGLAS,SS3 35;
DRAX/ARTHUR DOUGLAS,SS3 37;
DRAX/ARTHUR DOUGLAS,SS3 40;
DRAX/ARTHUR DOUGLAS,SS3 42;
DRAX/ARTHUR DOUGLAS,SS3 44;
DRAX/ARTHUR DOUGLAS,SS3 45;
DRAX/ARTHUR DOUGLAS,SS3 46;
DRAX/ARTHUR DOUGLAS,SS3 47;
DRAX/ARTHUR DOUGLAS,SS3 48;
DRAX/ARTHUR DOUGLAS,SS3 49;
DRAX/ARTHUR DOUGLAS,SS3 52;
DRAX/ARTHUR DOUGLAS,SS3 59;
DRAX/ARTHUR DOUGLAS,SS3 93;
DRAX/ARTHUR DOUGLAS,SS3 94;
DRAX/ARTHUR DOUGLAS,SS3 98;
DRAX/ARTHUR DOUGLAS,SS/RUNE/2;
DRAX/ARTHUR DOUGLAS,T 314;
DRAX/ARTHUR DOUGLAS,WIW 2;
DRAX/ARTHUR DOUGLAS,WIW 3;
DRAX/ARTHUR DOUGLAS,WIW 5;
DRAX/ARTHUR DOUGLAS,WIW 6;
DRAX/ARTHUR DOUGLAS,WIW 7;
DRAX/ARTHUR DOUGLAS,WIW 8;
DRAX/ARTHUR DOUGLAS,WLOCK 15;
DRAX/ARTHUR DOUGLAS,WLOCK2 1;
DRAX/ARTHUR DOUGLAS,WLOCK2 2;
DRAX/ARTHUR DOUGLAS,WLOCK2 3;
DRAX/ARTHUR DOUGLAS,WLOCK2 4;
DRAX/ARTHUR DOUGLAS,WM2 14;
DRAX/ARTHUR DOUGLAS,WM2 15;
DRAX DOPPELGANGER,IW 6;
DRAX | MUTANT X-VERS,MX '01;
DR. BONG,DPOOL3 26;
DR. BONG,DPOOL3 27;
DR. BONG,HTD 15;
DR. BONG,HTD 16;
DR. BONG,HTD 17;
DR. BONG,HTD 18;
DR. BONG,HTD 19;
DR. BONG,HTD 20;
DR. BONG,HTD 24;
DR. BONG,HTD 25;
DR. BONG,HTD 30;
DR. BONG,HTD 31;
DR. BONG,S-H2 5;
DR. DECIBEL/ANTON DE,SQS 10;
DR. DECIBEL/ANTON DE,SQS 5;
DR. DECIBEL/ANTON DE,SQS 6;
DR. DECIBEL/ANTON DE,SQS 7;
DR. DECIBEL/ANTON DE,SQS 8;
DR. DECIBEL/ANTON DE,SQS 9;
DR. DOOM CLONE/VICTO,FF 193;
DR. DOOM CLONE/VICTO,FF 195;
DR. DOOM CLONE/VICTO,FF 196;
DR. DOOM CLONE/VICTO,FF 197;
DR. DOOM CLONE/VICTO,FF 198;
DR. DOOM CLONE/VICTO,FF 199;
DR. DOOM CLONE/VICTO,FF 200;
DR. DOOM DOPPELGANGE,SSWP 4;
DR. DOOM DOPPELGANGE,SSWP 5;
DR. DOOM | MUTANT X-,MX '01;
DR. DOOM | MUTANT X-,MX 12;
DR. DOOM | MUTANT X-,MX 32;
DR. DOOM | TIMESLIDE,A:T;
DR. DOOM/VICTOR VON,A 118;
DR. DOOM/VICTOR VON,A 1.5;
DR. DOOM/VICTOR VON,A 155;
DR. DOOM/VICTOR VON,A 156;
DR. DOOM/VICTOR VON,A 19/3;
DR. DOOM/VICTOR VON,A2 12;
DR. DOOM/VICTOR VON,A 24;
DR. DOOM/VICTOR VON,A 25;
DR. DOOM/VICTOR VON,A 311;
DR. DOOM/VICTOR VON,A 312;
DR. DOOM/VICTOR VON,A 331;
DR. DOOM/VICTOR VON,A 333;
DR. DOOM/VICTOR VON,AF 90;
DR. DOOM/VICTOR VON,AF 91;
DR. DOOM/VICTOR VON,ASHEMA;
DR. DOOM/VICTOR VON,ASM 14;
DR. DOOM/VICTOR VON,ASM 327;
DR. DOOM/VICTOR VON,ASM 349;
DR. DOOM/VICTOR VON,ASM 350;
DR. DOOM/VICTOR VON,ASM 5;
DR. DOOM/VICTOR VON,AT 1/2;
DR. DOOM/VICTOR VON,AT 2;
DR. DOOM/VICTOR VON,AT 2/2;
DR. DOOM/VICTOR VON,AT 3/2;
DR. DOOM/VICTOR VON,AT 4/2;
DR. DOOM/VICTOR VON,AT 5/2;
DR. DOOM/VICTOR VON,AT 6/2;
DR. DOOM/VICTOR VON,AT 7/2;
DR. DOOM/VICTOR VON,AT 8/3;
DR. DOOM/VICTOR VON,BFF:RR 1;
DR. DOOM/VICTOR VON,BFF:RR 2;
DR. DOOM/VICTOR VON,BFF:RR 3;
DR. DOOM/VICTOR VON,BP3 27;
DR. DOOM/VICTOR VON,BP3 28;
DR. DOOM/VICTOR VON,CA 132;
DR. DOOM/VICTOR VON,CA2 12;
DR. DOOM/VICTOR VON,CA 365;
DR. DOOM/VICTOR VON,CA 366;
DR. DOOM/VICTOR VON,CA 453;
DR. DOOM/VICTOR VON,C&D2 10;
DR. DOOM/VICTOR VON,C&D2 9;
DR. DOOM/VICTOR VON,C&D3 12;
DR. DOOM/VICTOR VON,C&D3 13;
DR. DOOM/VICTOR VON,C&D3 9;
DR. DOOM/VICTOR VON,CHAMP 16;
DR. DOOM/VICTOR VON,DAMCON 2;
DR. DOOM/VICTOR VON,DAZZ 3;
DR. DOOM/VICTOR VON,DAZZ 4;
DR. DOOM/VICTOR VON,DD 275;
DR. DOOM/VICTOR VON,DD 36;
DR. DOOM/VICTOR VON,DD 37;
DR. DOOM/VICTOR VON,DD 38;
DR. DOOM/VICTOR VON,DOOM;
DR. DOOM/VICTOR VON,DOOM2 1;
DR. DOOM/VICTOR VON,DOOM2 2;
DR. DOOM/VICTOR VON,DOOM2 3;
DR. DOOM/VICTOR VON,DOOMSDAY;
DR. DOOM/VICTOR VON,DRSTR2 57;
DR. DOOM/VICTOR VON,DRSTR3 32;
DR. DOOM/VICTOR VON,DRSTR3 34;
DR. DOOM/VICTOR VON,DSDDGN;
DR. DOOM/VICTOR VON,FF 10;
DR. DOOM/VICTOR VON,FF 116;
DR. DOOM/VICTOR VON,FF 142;
DR. DOOM/VICTOR VON,FF 143;
DR. DOOM/VICTOR VON,FF 144;
DR. DOOM/VICTOR VON,FF 15/2;
DR. DOOM/VICTOR VON,FF 155;
DR. DOOM/VICTOR VON,FF 156;
DR. DOOM/VICTOR VON,FF 157;
DR. DOOM/VICTOR VON,FF 16;
DR. DOOM/VICTOR VON,FF 17;
DR. DOOM/VICTOR VON,FF 196;
DR. DOOM/VICTOR VON,FF 197;
DR. DOOM/VICTOR VON,FF 198;
DR. DOOM/VICTOR VON,FF 199;
DR. DOOM/VICTOR VON,FF 2;
DR. DOOM/VICTOR VON,FF 20;
DR. DOOM/VICTOR VON,FF 200;
DR. DOOM/VICTOR VON,FF2 1;
DR. DOOM/VICTOR VON,FF2 10;
DR. DOOM/VICTOR VON,FF 21/2;
DR. DOOM/VICTOR VON,FF2 12;
DR. DOOM/VICTOR VON,FF 2/2;
DR. DOOM/VICTOR VON,FF 23;
DR. DOOM/VICTOR VON,FF 23/2;
DR. DOOM/VICTOR VON,FF 236;
DR. DOOM/VICTOR VON,FF2 4;
DR. DOOM/VICTOR VON,FF 246;
DR. DOOM/VICTOR VON,FF 247;
DR. DOOM/VICTOR VON,FF2 5;
DR. DOOM/VICTOR VON,FF 258;
DR. DOOM/VICTOR VON,FF 259;
DR. DOOM/VICTOR VON,FF2 6;
DR. DOOM/VICTOR VON,FF 260;
DR. DOOM/VICTOR VON,FF 27;
DR. DOOM/VICTOR VON,FF 287;
DR. DOOM/VICTOR VON,FF 288;
DR. DOOM/VICTOR VON,FF 3;
DR. DOOM/VICTOR VON,FF 300;
DR. DOOM/VICTOR VON,FF 305;
DR. DOOM/VICTOR VON,FF 311;
DR. DOOM/VICTOR VON,FF 312;
DR. DOOM/VICTOR VON,FF 318;
DR. DOOM/VICTOR VON,FF 319;
DR. DOOM/VICTOR VON,FF 320;
DR. DOOM/VICTOR VON,FF3 25;
DR. DOOM/VICTOR VON,FF3 30;
DR. DOOM/VICTOR VON,FF3 31;
DR. DOOM/VICTOR VON,FF 334;
DR. DOOM/VICTOR VON,FF 336;
DR. DOOM/VICTOR VON,FF3 43;
DR. DOOM/VICTOR VON,FF 350;
DR. DOOM/VICTOR VON,FF 352;
DR. DOOM/VICTOR VON,FF 358/2;
DR. DOOM/VICTOR VON,FF 361;
DR. DOOM/VICTOR VON,FF 371;
DR. DOOM/VICTOR VON,FF 373;
DR. DOOM/VICTOR VON,FF 381;
DR. DOOM/VICTOR VON,FF 39;
DR. DOOM/VICTOR VON,FF 40;
DR. DOOM/VICTOR VON,FF 405;
DR. DOOM/VICTOR VON,FF 406;
DR. DOOM/VICTOR VON,FF 407;
DR. DOOM/VICTOR VON,FF 408;
DR. DOOM/VICTOR VON,FF 409;
DR. DOOM/VICTOR VON,FF 410;
DR. DOOM/VICTOR VON,FF 413;
DR. DOOM/VICTOR VON,FF 416;
DR. DOOM/VICTOR VON,FF 416/2;
DR. DOOM/VICTOR VON,FF 43;
DR. DOOM/VICTOR VON,FF 5;
DR. DOOM/VICTOR VON,FF 56;
DR. DOOM/VICTOR VON,FF 57;
DR. DOOM/VICTOR VON,FF 58;
DR. DOOM/VICTOR VON,FF 59;
DR. DOOM/VICTOR VON,FF 6;
DR. DOOM/VICTOR VON,FF 60;
DR. DOOM/VICTOR VON,FF 84;
DR. DOOM/VICTOR VON,FF 85;
DR. DOOM/VICTOR VON,FF 86;
DR. DOOM/VICTOR VON,FF 87;
DR. DOOM/VICTOR VON,FFU 12;
DR. DOOM/VICTOR VON,FFUP 3;
DR. DOOM/VICTOR VON,FFV.X 2;
DR. DOOM/VICTOR VON,FFV.X 3;
DR. DOOM/VICTOR VON,FFV.X 4;
DR. DOOM/VICTOR VON,GSSVTU 1;
DR. DOOM/VICTOR VON,GSSVTU 2;
DR. DOOM/VICTOR VON,H2 143;
DR. DOOM/VICTOR VON,H2 144;
DR. DOOM/VICTOR VON,H2 155;
DR. DOOM/VICTOR VON,H2 349;
DR. DOOM/VICTOR VON,H2 350;
DR. DOOM/VICTOR VON,H2 363;
DR. DOOM/VICTOR VON,HR:R 3;
DR. DOOM/VICTOR VON,HR:R 4;
DR. DOOM/VICTOR VON,IG 2;
DR. DOOM/VICTOR VON,IG 3;
DR. DOOM/VICTOR VON,IG 4;
DR. DOOM/VICTOR VON,IG 5;
DR. DOOM/VICTOR VON,IG 6;
DR. DOOM/VICTOR VON,IM 149;
DR. DOOM/VICTOR VON,IM 150;
DR. DOOM/VICTOR VON,IM2 10;
DR. DOOM/VICTOR VON,IM2 11;
DR. DOOM/VICTOR VON,IM2 12;
DR. DOOM/VICTOR VON,IM 249;
DR. DOOM/VICTOR VON,IM 250;
DR. DOOM/VICTOR VON,IM 284;
DR. DOOM/VICTOR VON,IM2 9;
DR. DOOM/VICTOR VON,IMSVS 1/6;
DR. DOOM/VICTOR VON,INV 32;
DR. DOOM/VICTOR VON,INV 33;
DR. DOOM/VICTOR VON,IW 1;
DR. DOOM/VICTOR VON,IW 2;
DR. DOOM/VICTOR VON,IW 3;
DR. DOOM/VICTOR VON,IW 4;
DR. DOOM/VICTOR VON,IW 5;
DR. DOOM/VICTOR VON,LCHFH 8;
DR. DOOM/VICTOR VON,LCHFH 9;
DR. DOOM/VICTOR VON,MASTERS OF EVIL;
DR. DOOM/VICTOR VON,M/CP 100;
DR. DOOM/VICTOR VON,M/CP 100/2;
DR. DOOM/VICTOR VON,M/CP 100/3;
DR. DOOM/VICTOR VON,M/CP 100/4;
DR. DOOM/VICTOR VON,M/CP 118/4;
DR. DOOM/VICTOR VON,M/CP 48/4;
DR. DOOM/VICTOR VON,M/FAN 44;
DR. DOOM/VICTOR VON,M/GN 27;
DR. DOOM/VICTOR VON,MICRO 41;
DR. DOOM/VICTOR VON,MK3 39;
DR. DOOM/VICTOR VON,MK3 40;
DR. DOOM/VICTOR VON,MOKF 59;
DR. DOOM/VICTOR VON,MOKF 60;
DR. DOOM/VICTOR VON,M/SH 20;
DR. DOOM/VICTOR VON,M/SH3 8/3;
DR. DOOM/VICTOR VON,M/SHSW 1;
DR. DOOM/VICTOR VON,M/SHSW 10;
DR. DOOM/VICTOR VON,M/SHSW 11;
DR. DOOM/VICTOR VON,M/SHSW 12;
DR. DOOM/VICTOR VON,M/SHSW 2;
DR. DOOM/VICTOR VON,M/SHSW 3;
DR. DOOM/VICTOR VON,M/SHSW 4;
DR. DOOM/VICTOR VON,M/SHSW 5;
DR. DOOM/VICTOR VON,M/SHSW 6;
DR. DOOM/VICTOR VON,M/SHSW 7;
DR. DOOM/VICTOR VON,M/SHSW 8;
DR. DOOM/VICTOR VON,M/SHSW 9;
DR. DOOM/VICTOR VON,M/SS 1;
DR. DOOM/VICTOR VON,M/TIO 96;
DR. DOOM/VICTOR VON,M/TU 42;
DR. DOOM/VICTOR VON,M/TU 43;
DR. DOOM/VICTOR VON,M/TU 44;
DR. DOOM/VICTOR VON,M/U 2;
DR. DOOM/VICTOR VON,N 30;
DR. DOOM/VICTOR VON,N 31;
DR. DOOM/VICTOR VON,N 32;
DR. DOOM/VICTOR VON,N 33;
DR. DOOM/VICTOR VON,O:MU;
DR. DOOM/VICTOR VON,PP 53;
DR. DOOM/VICTOR VON,PPTSS 158;
DR. DOOM/VICTOR VON,PPTSS 159;
DR. DOOM/VICTOR VON,PPTSS 160;
DR. DOOM/VICTOR VON,PUN2 28;
DR. DOOM/VICTOR VON,PUN2 29;
DR. DOOM/VICTOR VON,PWJ 12;
DR. DOOM/VICTOR VON,PWJ 13;
DR. DOOM/VICTOR VON,SS3 16;
DR. DOOM/VICTOR VON,SS3 59;
DR. DOOM/VICTOR VON,SSWP 4;
DR. DOOM/VICTOR VON,SSWP 5;
DR. DOOM/VICTOR VON,ST 167;
DR. DOOM/VICTOR VON,SUB-M 20;
DR. DOOM/VICTOR VON,SUB-M 47;
DR. DOOM/VICTOR VON,SUB-M 48;
DR. DOOM/VICTOR VON,SUB-M 49;
DR. DOOM/VICTOR VON,SVTU 1;
DR. DOOM/VICTOR VON,SVTU 10;
DR. DOOM/VICTOR VON,SVTU 11;
DR. DOOM/VICTOR VON,SVTU 12;
DR. DOOM/VICTOR VON,SVTU 13;
DR. DOOM/VICTOR VON,SVTU 14;
DR. DOOM/VICTOR VON,SVTU 2;
DR. DOOM/VICTOR VON,SVTU 3;
DR. DOOM/VICTOR VON,SVTU 4;
DR. DOOM/VICTOR VON,SVTU 5;
DR. DOOM/VICTOR VON,SVTU 6;
DR. DOOM/VICTOR VON,SVTU 7;
DR. DOOM/VICTOR VON,SVTU 8;
DR. DOOM/VICTOR VON,SVTU 9;
DR. DOOM/VICTOR VON,T 182;
DR. DOOM/VICTOR VON,T 183;
DR. DOOM/VICTOR VON,T 271;
DR. DOOM/VICTOR VON,T 383;
DR. DOOM/VICTOR VON,T 409;
DR. DOOM/VICTOR VON,T 410;
DR. DOOM/VICTOR VON,T '99;
DR. DOOM/VICTOR VON,TB 51;
DR. DOOM/VICTOR VON,TB 52;
DR. DOOM/VICTOR VON,W2 19;
DR. DOOM/VICTOR VON,WOSM 59;
DR. DOOM/VICTOR VON,WOSM 60;
DR. DOOM/VICTOR VON,WOSM 61;
DR. DOOM/VICTOR VON,X 56;
DR. DOOM/VICTOR VON,X '98;
DR. DOOM/VICTOR VON,XCAL 37;
DR. DOOM/VICTOR VON,XCAL 38;
DR. DOOM/VICTOR VON,XCAL 39;
DR. DOOM/VICTOR VON,XF 4/2;
DR. DRUID/ANTHONY LU,A 16;
DR. DRUID/ANTHONY LU,A 21;
DR. DRUID/ANTHONY LU,A 225;
DR. DRUID/ANTHONY LU,A 226;
DR. DRUID/ANTHONY LU,A 276;
DR. DRUID/ANTHONY LU,A 277;
DR. DRUID/ANTHONY LU,A 278;
DR. DRUID/ANTHONY LU,A 279;
DR. DRUID/ANTHONY LU,A 281;
DR. DRUID/ANTHONY LU,A 282;
DR. DRUID/ANTHONY LU,A 283;
DR. DRUID/ANTHONY LU,A 284;
DR. DRUID/ANTHONY LU,A 285;
DR. DRUID/ANTHONY LU,A 286;
DR. DRUID/ANTHONY LU,A 287;
DR. DRUID/ANTHONY LU,A 288;
DR. DRUID/ANTHONY LU,A 290;
DR. DRUID/ANTHONY LU,A 291;
DR. DRUID/ANTHONY LU,A 292;
DR. DRUID/ANTHONY LU,A 293;
DR. DRUID/ANTHONY LU,A 294;
DR. DRUID/ANTHONY LU,A 295;
DR. DRUID/ANTHONY LU,A 296;
DR. DRUID/ANTHONY LU,A 297;
DR. DRUID/ANTHONY LU,A3 10;
DR. DRUID/ANTHONY LU,A3 11;
DR. DRUID/ANTHONY LU,AF 111;
DR. DRUID/ANTHONY LU,AF 61;
DR. DRUID/ANTHONY LU,ASPOT 37;
DR. DRUID/ANTHONY LU,CA 11;
DR. DRUID/ANTHONY LU,CA 402;
DR. DRUID/ANTHONY LU,CA 403;
DR. DRUID/ANTHONY LU,CA 404;
DR. DRUID/ANTHONY LU,CA 405;
DR. DRUID/ANTHONY LU,CA 406;
DR. DRUID/ANTHONY LU,CA 407;
DR. DRUID/ANTHONY LU,CA 408;
DR. DRUID/ANTHONY LU,CA 408/3;
DR. DRUID/ANTHONY LU,CA 409;
DR. DRUID/ANTHONY LU,COC 1;
DR. DRUID/ANTHONY LU,DAMCON 1;
DR. DRUID/ANTHONY LU,DRSTR3 33;
DR. DRUID/ANTHONY LU,DRSTR3 34;
DR. DRUID/ANTHONY LU,DRSTR3 35;
DR. DRUID/ANTHONY LU,DRSTR3 36;
DR. DRUID/ANTHONY LU,DRSTR3 46;
DR. DRUID/ANTHONY LU,DRSTR3 47;
DR. DRUID/ANTHONY LU,DRUID 1;
DR. DRUID/ANTHONY LU,FF 25;
DR. DRUID/ANTHONY LU,FF 338;
DR. DRUID/ANTHONY LU,FF 368;
DR. DRUID/ANTHONY LU,FF 370;
DR. DRUID/ANTHONY LU,GR2 26;
DR. DRUID/ANTHONY LU,GR2 27;
DR. DRUID/ANTHONY LU,H2 209;
DR. DRUID/ANTHONY LU,H2 210;
DR. DRUID/ANTHONY LU,H2 211;
DR. DRUID/ANTHONY LU,IW 3;
DR. DRUID/ANTHONY LU,IW 4;
DR. DRUID/ANTHONY LU,IW 6;
DR. DRUID/ANTHONY LU,MEPHVS 4;
DR. DRUID/ANTHONY LU,M/:LG 2;
DR. DRUID/ANTHONY LU,M/U 4;
DR. DRUID/ANTHONY LU,M/U 5;
DR. DRUID/ANTHONY LU,M/U 6;
DR. DRUID/ANTHONY LU,M/U 7;
DR. DRUID/ANTHONY LU,NFV.S 2;
DR. DRUID/ANTHONY LU,PM&IF 118;
DR. DRUID/ANTHONY LU,PM&IF 120;
DR. DRUID/ANTHONY LU,Q 23;
DR. DRUID/ANTHONY LU,Q 24;
DR. DRUID/ANTHONY LU,Q 25;
DR. DRUID/ANTHONY LU,Q 28;
DR. DRUID/ANTHONY LU,Q 38;
DR. DRUID/ANTHONY LU,SOLOA 10/2;
DR. DRUID/ANTHONY LU,SOLOA 4/2;
DR. DRUID/ANTHONY LU,ST2 14/2;
DR. DRUID/ANTHONY LU,T 17;
DR. DRUID/ANTHONY LU,T 381;
DR. DRUID/ANTHONY LU,T 390;
DR. DRUID/ANTHONY LU,WCA 2;
DR. DRUID/ANTHONY LU,WCA2 31;
DR. DRUID/ANTHONY LU,WIW 8;
DR. DRUID/ANTHONY LU,WM2 13;
DR. DRUID/ANTHONY LU,WM2 14;
DR. DRUID/ANTHONY LU,WOSM 42;
DR. DRUID/ANTHONY LU,WWT 19;
DR. DRUID/ANTHONY LU,WWT 20;
DR. DRUID/ANTHONY LU,WWT 21;
DR. DRUID/ANTHONY LU,WWT 22;
DR. DRUID/ANTHONY LU,XF 3;
DR. DRUID/ANTHONY LU,XF 32;
DR. DRUID/ANTHONY LU,XVSA 1;
DR. DRUID/ANTHONY LU,XVSA 2;
DR. DRUID/ANTHONY LU,XVSA 3;
DR. DRUID/ANTHONY LU,XVSA 4;
DREADFACE,FF 26;
DREADFACE,FF 360;
DREADFACE,FFOR 5;
DREADKNIGHT/BRAM VEL,ASMU 16;
DREADKNIGHT/BRAM VEL,AUP 4;
DREADKNIGHT/BRAM VEL,BK2 2;
DREADKNIGHT/BRAM VEL,IM 101;
DREADKNIGHT/BRAM VEL,IM 102;
DREADKNIGHT/BRAM VEL,TM/U 1;
DREADNAUGHT,DD 121;
DREADNAUGHT,DD 123;
DREADNAUGHT,ST 154;
DREAMGUARD/DEPUTY WI,FW 10;
DREAMGUARD/DEPUTY WI,FW 9;
DREAMING CELESTIAL/T,E 18;
DREAMING CELESTIAL/T,E2 11;
DREAMING CELESTIAL/T,E2 12;
DREAMING CELESTIAL/T,E2 9;
DREAMING CELESTIAL/T,SS 2;
DREAM QUEEN,AF 109/2;
DREYFUSS, RACHEL,NW 21;
DREYFUSS, RACHEL,NW 22;
DREYFUSS, RACHEL,NW 23;
DREYFUSS, RACHEL,NW 24;
DREYFUSS, RACHEL,NW 25;
DR. FAUSTUS,ASM 169;
DR. FAUSTUS,ASM 170;
DR. FAUSTUS,CA 107;
DR. FAUSTUS,CA 161;
DR. FAUSTUS,CA 162;
DR. FAUSTUS,CA 192;
DR. FAUSTUS,CA 232;
DR. FAUSTUS,CA 233;
DR. FAUSTUS,CA 234;
DR. FAUSTUS,CA 235;
DR. FAUSTUS,CA 236;
DR. FAUSTUS,CA 326;
DR. FAUSTUS,M/TU 132;
DR. FAUSTUS,M/TU 133;
DR. GOODWRENCH,AWC 5/4;
DR. HYDRO,SUB-M 61;
DR. HYDRO,SUB-M 62;
DR. HYDRO,SUB-M 63;
DRISCOLL, MAYOR,M/FAN2 4;
DR. MIDAS/,IM '00;
DR. MIDAS/,MB2 1;
DR. MIDAS/,MB2 5;
DR. MIME,M/:LG 11;
DR. NEMESIS/DR. STOC,M/CP 113/2;
DR. NEMESIS/DR. STOC,M/CP 114/2;
DR. NEMESIS/DR. STOC,M/CP 115/2;
DR. NEMESIS/DR. STOC,M/CP 116/2;
DR. NEMESIS/DR. STOC,M/CP 117/2;
DR. NEMESIS/DR. STOC,M/CP 118/2;
DR. NEMESIS/DR. STOC,MICRO 43;
DR. NEMESIS/DR. STOC,SOLOA 8/2;
DR. OCTOPUS II/CAROL,ASM 405;
DR. OCTOPUS II/CAROL,ASM 406;
DR. OCTOPUS II/CAROL,ASM 409;
DR. OCTOPUS II/CAROL,ASM 425;
DR. OCTOPUS II/CAROL,ASM 426;
DR. OCTOPUS II/CAROL,ASM 427;
DR. OCTOPUS II/CAROL,ASM 428;
DR. OCTOPUS II/CAROL,ASM 429;
DR. OCTOPUS II/CAROL,ASMU 18;
DR. OCTOPUS II/CAROL,ASS 1;
DR. OCTOPUS II/CAROL,ASS 2;
DR. OCTOPUS II/CAROL,PPTSS 229;
DR. OCTOPUS II/CAROL,PPTSS 232;
DR. OCTOPUS II/CAROL,SCARSPI 1;
DR. OCTOPUS II/CAROL,SCARSPI 2;
DR. OCTOPUS II/CAROL,S-M 62;
DR. OCTOPUS II/CAROL,S-M 63;
DR. OCTOPUS II/CAROL,SSCARSPI 1;
DR. OCTOPUS II/CAROL,SSCARSPI 2;
DR. OCTOPUS II/CAROL,WOSS 1;
DR. OCTOPUS II/CAROL,WOSS 2;
DR. OCTOPUS | MUTANT,MX '01;
DR. OCTOPUS/OTTO OCT,ASM 1;
DR. OCTOPUS/OTTO OCT,ASM 11;
DR. OCTOPUS/OTTO OCT,ASM 112;
DR. OCTOPUS/OTTO OCT,ASM 113;
DR. OCTOPUS/OTTO OCT,ASM 114;
DR. OCTOPUS/OTTO OCT,ASM 115;
DR. OCTOPUS/OTTO OCT,ASM 12;
DR. OCTOPUS/OTTO OCT,ASM 13;
DR. OCTOPUS/OTTO OCT,ASM 130;
DR. OCTOPUS/OTTO OCT,ASM 131;
DR. OCTOPUS/OTTO OCT,ASM 15;
DR. OCTOPUS/OTTO OCT,ASM 152;
DR. OCTOPUS/OTTO OCT,ASM 154;
DR. OCTOPUS/OTTO OCT,ASM 156;
DR. OCTOPUS/OTTO OCT,ASM 157;
DR. OCTOPUS/OTTO OCT,ASM 158;
DR. OCTOPUS/OTTO OCT,ASM 159;
DR. OCTOPUS/OTTO OCT,ASM 18;
DR. OCTOPUS/OTTO OCT,ASM2 10;
DR. OCTOPUS/OTTO OCT,ASM2 12;
DR. OCTOPUS/OTTO OCT,ASM2 6;
DR. OCTOPUS/OTTO OCT,ASM2 9;
DR. OCTOPUS/OTTO OCT,ASM 296;
DR. OCTOPUS/OTTO OCT,ASM 297;
DR. OCTOPUS/OTTO OCT,ASM 3;
DR. OCTOPUS/OTTO OCT,ASM 32;
DR. OCTOPUS/OTTO OCT,ASM 33;
DR. OCTOPUS/OTTO OCT,ASM 334;
DR. OCTOPUS/OTTO OCT,ASM 335;
DR. OCTOPUS/OTTO OCT,ASM 336;
DR. OCTOPUS/OTTO OCT,ASM 337;
DR. OCTOPUS/OTTO OCT,ASM 338;
DR. OCTOPUS/OTTO OCT,ASM 339;
DR. OCTOPUS/OTTO OCT,ASM 397;
DR. OCTOPUS/OTTO OCT,ASM 398;
DR. OCTOPUS/OTTO OCT,ASM 426;
DR. OCTOPUS/OTTO OCT,ASM 427;
DR. OCTOPUS/OTTO OCT,ASM 428;
DR. OCTOPUS/OTTO OCT,ASM 429;
DR. OCTOPUS/OTTO OCT,ASM 53;
DR. OCTOPUS/OTTO OCT,ASM 54;
DR. OCTOPUS/OTTO OCT,ASM 55;
DR. OCTOPUS/OTTO OCT,ASM 56;
DR. OCTOPUS/OTTO OCT,ASM 88;
DR. OCTOPUS/OTTO OCT,ASM 89;
DR. OCTOPUS/OTTO OCT,ASM 90;
DR. OCTOPUS/OTTO OCT,ASM '99;
DR. OCTOPUS/OTTO OCT,ASM:FO 1;
DR. OCTOPUS/OTTO OCT,ASM:FO 2;
DR. OCTOPUS/OTTO OCT,ASMU 18;
DR. OCTOPUS/OTTO OCT,ASMU 18/3;
DR. OCTOPUS/OTTO OCT,ASMU 6;
DR. OCTOPUS/OTTO OCT,CA 259;
DR. OCTOPUS/OTTO OCT,DAZZ 17;
DR. OCTOPUS/OTTO OCT,DD 165;
DR. OCTOPUS/OTTO OCT,FF 267;
DR. OCTOPUS/OTTO OCT,FF 268;
DR. OCTOPUS/OTTO OCT,H2 396;
DR. OCTOPUS/OTTO OCT,M/CP 50/3;
DR. OCTOPUS/OTTO OCT,M/FAN 22;
DR. OCTOPUS/OTTO OCT,M/FAN 23;
DR. OCTOPUS/OTTO OCT,M/SHSW 1;
DR. OCTOPUS/OTTO OCT,M/SHSW 11;
DR. OCTOPUS/OTTO OCT,M/SHSW 12;
DR. OCTOPUS/OTTO OCT,M/SHSW 2;
DR. OCTOPUS/OTTO OCT,M/SHSW 3;
DR. OCTOPUS/OTTO OCT,M/SHSW 4;
DR. OCTOPUS/OTTO OCT,M/SHSW 5;
DR. OCTOPUS/OTTO OCT,M/SHSW 6;
DR. OCTOPUS/OTTO OCT,M/SHSW 7;
DR. OCTOPUS/OTTO OCT,M/SHSW 8;
DR. OCTOPUS/OTTO OCT,M/SHSW 9;
DR. OCTOPUS/OTTO OCT,PPSM2 6;
DR. OCTOPUS/OTTO OCT,PPTSS 1;
DR. OCTOPUS/OTTO OCT,PPTSS 124;
DR. OCTOPUS/OTTO OCT,PPTSS 173;
DR. OCTOPUS/OTTO OCT,PPTSS 174;
DR. OCTOPUS/OTTO OCT,PPTSS 175;
DR. OCTOPUS/OTTO OCT,PPTSS 220;
DR. OCTOPUS/OTTO OCT,PPTSS 221;
DR. OCTOPUS/OTTO OCT,PPTSS 72;
DR. OCTOPUS/OTTO OCT,PPTSS 73;
DR. OCTOPUS/OTTO OCT,PPTSS 74;
DR. OCTOPUS/OTTO OCT,PPTSS 75;
DR. OCTOPUS/OTTO OCT,PPTSS 76;
DR. OCTOPUS/OTTO OCT,PPTSS 77;
DR. OCTOPUS/OTTO OCT,PPTSS 78;
DR. OCTOPUS/OTTO OCT,PPTSS 79;
DR. OCTOPUS/OTTO OCT,S-M 18;
DR. OCTOPUS/OTTO OCT,S-M 19;
DR. OCTOPUS/OTTO OCT,S-M 20;
DR. OCTOPUS/OTTO OCT,S-M 21;
DR. OCTOPUS/OTTO OCT,S-M 22;
DR. OCTOPUS/OTTO OCT,S-M 23;
DR. OCTOPUS/OTTO OCT,SM:PL;
DR. OCTOPUS/OTTO OCT,SOLOA 17;
DR. OCTOPUS/OTTO OCT,S-W3 2;
DR. OCTOPUS/OTTO OCT,SWII 7;
DR. OCTOPUS/OTTO OCT,T 383;
DR. OCTOPUS/OTTO OCT,WOSM 4;
DR. OCTOPUS/OTTO OCT,WOSM 5;
DROMEDAN,E 16;
DROMEDAN,E 17;
DROMEDAN,T 7;
DR. PHOBOS,H2 258;
DR. PHOBOS,H2 259;
DR. POWER/DR. MAXIMU,IM3 33;
DR. SPECTRUM II/DR.,A 69;
DR. SPECTRUM II/DR.,A 70;
DR. SPECTRUM II/DR.,A 8;
DR. SPECTRUM II/DR.,DEF 13;
DR. SPECTRUM II/DR.,DEF 14;
DR. SPECTRUM II/DR.,GSDEF 4;
DR. SPECTRUM II/DR.,IM 63;
DR. SPECTRUM II/DR.,IM 64;
DR. SPECTRUM II/DR.,IM 65;
DR. SPECTRUM II/DR.,IM 66;
DR. SPECTRUM II/DR.,IM 67;
DR. SPECTRUM III/REV,A 8;
DR. SPECTRUM/JOSEPH,A 141;
DR. SPECTRUM/JOSEPH,A 142;
DR. SPECTRUM/JOSEPH,A 144;
DR. SPECTRUM/JOSEPH,A 147;
DR. SPECTRUM/JOSEPH,A 148;
DR. SPECTRUM/JOSEPH,A 149;
DR. SPECTRUM/JOSEPH,A3 5;
DR. SPECTRUM/JOSEPH,A3 6;
DR. SPECTRUM/JOSEPH,A 85;
DR. SPECTRUM/JOSEPH,A 86;
DR. SPECTRUM/JOSEPH,A '98;
DR. SPECTRUM/JOSEPH,AWC 4/5;
DR. SPECTRUM/JOSEPH,DEF 112;
DR. SPECTRUM/JOSEPH,DEF 113;
DR. SPECTRUM/JOSEPH,DEF 114;
DR. SPECTRUM/JOSEPH,Q 13;
DR. SPECTRUM/JOSEPH,Q 14;
DR. SPECTRUM/JOSEPH,Q 15;
DR. SPECTRUM/JOSEPH,Q 16;
DR. SPECTRUM/JOSEPH,Q 17;
DR. SPECTRUM/JOSEPH,Q 19;
DR. SPECTRUM/JOSEPH,Q 25;
DR. SPECTRUM/JOSEPH,Q 27;
DR. SPECTRUM/JOSEPH,Q 28;
DR. SPECTRUM/JOSEPH,Q 60;
DR. SPECTRUM/JOSEPH,SLEEP 7;
DR. SPECTRUM/JOSEPH,SQS 1;
DR. SPECTRUM/JOSEPH,SQS 10;
DR. SPECTRUM/JOSEPH,SQS 11;
DR. SPECTRUM/JOSEPH,SQS 12;
DR. SPECTRUM/JOSEPH,SQS 2;
DR. SPECTRUM/JOSEPH,SQS 3;
DR. SPECTRUM/JOSEPH,SQS 4;
DR. SPECTRUM/JOSEPH,SQS 5;
DR. SPECTRUM/JOSEPH,SQS 6;
DR. SPECTRUM/JOSEPH,SQS 7;
DR. SPECTRUM/JOSEPH,SQS 8;
DR. SPECTRUM/JOSEPH,SQS 9;
DR. SPECTRUM/JOSEPH,SQS:NWO;
DR. SPECTRUM/JOSEPH,T 280;
DR. SPECTRUM/JOSEPH,WOSM 5/6;
DR. STRANGE DOPPELGA,DRSTR3 47;
DR. STRANGE | MUTANT,MX '01;
DR. STRANGE | MUTANT,MX 32;
DR. STRANGE | MUTANT,MX '99;
DR. STRANGER YET,DRSTR2 25;
DR. STRANGER YET,DRSTR2 26;
DR. STRANGER YET,DRSTR2 27;
DR. STRANGE/STEPHEN,A 115;
DR. STRANGE/STEPHEN,A 116;
DR. STRANGE/STEPHEN,A 117;
DR. STRANGE/STEPHEN,A 118;
DR. STRANGE/STEPHEN,A 157;
DR. STRANGE/STEPHEN,A 168;
DR. STRANGE/STEPHEN,A 234;
DR. STRANGE/STEPHEN,A 240;
DR. STRANGE/STEPHEN,A 241;
DR. STRANGE/STEPHEN,A 242;
DR. STRANGE/STEPHEN,A 331;
DR. STRANGE/STEPHEN,A 332;
DR. STRANGE/STEPHEN,A 333;
DR. STRANGE/STEPHEN,A 60;
DR. STRANGE/STEPHEN,A 61;
DR. STRANGE/STEPHEN,A 8;
DR. STRANGE/STEPHEN,AF 101;
DR. STRANGE/STEPHEN,AF 36;
DR. STRANGE/STEPHEN,AF 6/2;
DR. STRANGE/STEPHEN,AF 78;
DR. STRANGE/STEPHEN,AF 86;
DR. STRANGE/STEPHEN,ASM 1;
DR. STRANGE/STEPHEN,ASM 109;
DR. STRANGE/STEPHEN,ASM 14;
DR. STRANGE/STEPHEN,ASM 2;
DR. STRANGE/STEPHEN,ASM 336;
DR. STRANGE/STEPHEN,ASMU 15;
DR. STRANGE/STEPHEN,AWC 78;
DR. STRANGE/STEPHEN,AWC 79;
DR. STRANGE/STEPHEN,BK2 3;
DR. STRANGE/STEPHEN,BK2 4;
DR. STRANGE/STEPHEN,CA 250;
DR. STRANGE/STEPHEN,COC 1;
DR. STRANGE/STEPHEN,COC 3;
DR. STRANGE/STEPHEN,CRYS 3;
DR. STRANGE/STEPHEN,DD2 5;
DR. STRANGE/STEPHEN,DD2 8;
DR. STRANGE/STEPHEN,DD 5;
DR. STRANGE/STEPHEN,DEF 1;
DR. STRANGE/STEPHEN,DEF 10;
DR. STRANGE/STEPHEN,DEF 100;
DR. STRANGE/STEPHEN,DEF 101;
DR. STRANGE/STEPHEN,DEF 104;
DR. STRANGE/STEPHEN,DEF 105;
DR. STRANGE/STEPHEN,DEF 106;
DR. STRANGE/STEPHEN,DEF 107;
DR. STRANGE/STEPHEN,DEF 108;
DR. STRANGE/STEPHEN,DEF 109;
DR. STRANGE/STEPHEN,DEF 11;
DR. STRANGE/STEPHEN,DEF 110;
DR. STRANGE/STEPHEN,DEF 111;
DR. STRANGE/STEPHEN,DEF 112;
DR. STRANGE/STEPHEN,DEF 113;
DR. STRANGE/STEPHEN,DEF 114;
DR. STRANGE/STEPHEN,DEF 115;
DR. STRANGE/STEPHEN,DEF 116;
DR. STRANGE/STEPHEN,DEF 117;
DR. STRANGE/STEPHEN,DEF 119;
DR. STRANGE/STEPHEN,DEF 12;
DR. STRANGE/STEPHEN,DEF 122;
DR. STRANGE/STEPHEN,DEF 123;
DR. STRANGE/STEPHEN,DEF 124;
DR. STRANGE/STEPHEN,DEF 125;
DR. STRANGE/STEPHEN,DEF 13;
DR. STRANGE/STEPHEN,DEF 14;
DR. STRANGE/STEPHEN,DEF 15;
DR. STRANGE/STEPHEN,DEF 16;
DR. STRANGE/STEPHEN,DEF 17;
DR. STRANGE/STEPHEN,DEF 18;
DR. STRANGE/STEPHEN,DEF 19;
DR. STRANGE/STEPHEN,DEF 2;
DR. STRANGE/STEPHEN,DEF 20;
DR. STRANGE/STEPHEN,DEF 21;
DR. STRANGE/STEPHEN,DEF2 1;
DR. STRANGE/STEPHEN,DEF 22;
DR. STRANGE/STEPHEN,DEF2 2;
DR. STRANGE/STEPHEN,DEF 23;
DR. STRANGE/STEPHEN,DEF2 3;
DR. STRANGE/STEPHEN,DEF 24;
DR. STRANGE/STEPHEN,DEF2 4;
DR. STRANGE/STEPHEN,DEF 25;
DR. STRANGE/STEPHEN,DEF2 5;
DR. STRANGE/STEPHEN,DEF 26;
DR. STRANGE/STEPHEN,DEF2 6;
DR. STRANGE/STEPHEN,DEF 27;
DR. STRANGE/STEPHEN,DEF2 7;
DR. STRANGE/STEPHEN,DEF 28;
DR. STRANGE/STEPHEN,DEF 29;
DR. STRANGE/STEPHEN,DEF 3;
DR. STRANGE/STEPHEN,DEF 30;
DR. STRANGE/STEPHEN,DEF 31;
DR. STRANGE/STEPHEN,DEF 32;
DR. STRANGE/STEPHEN,DEF 33;
DR. STRANGE/STEPHEN,DEF 34;
DR. STRANGE/STEPHEN,DEF 35;
DR. STRANGE/STEPHEN,DEF 36;
DR. STRANGE/STEPHEN,DEF 37;
DR. STRANGE/STEPHEN,DEF 38;
DR. STRANGE/STEPHEN,DEF 39;
DR. STRANGE/STEPHEN,DEF 4;
DR. STRANGE/STEPHEN,DEF 40;
DR. STRANGE/STEPHEN,DEF 41;
DR. STRANGE/STEPHEN,DEF 42;
DR. STRANGE/STEPHEN,DEF 43;
DR. STRANGE/STEPHEN,DEF 44;
DR. STRANGE/STEPHEN,DEF 45;
DR. STRANGE/STEPHEN,DEF 46;
DR. STRANGE/STEPHEN,DEF 5;
DR. STRANGE/STEPHEN,DEF 57;
DR. STRANGE/STEPHEN,DEF 58;
DR. STRANGE/STEPHEN,DEF 59;
DR. STRANGE/STEPHEN,DEF 6;
DR. STRANGE/STEPHEN,DEF 60;
DR. STRANGE/STEPHEN,DEF 69;
DR. STRANGE/STEPHEN,DEF 70;
DR. STRANGE/STEPHEN,DEF 71;
DR. STRANGE/STEPHEN,DEF 72;
DR. STRANGE/STEPHEN,DEF 73;
DR. STRANGE/STEPHEN,DEF 74;
DR. STRANGE/STEPHEN,DEF 75;
DR. STRANGE/STEPHEN,DEF 78;
DR. STRANGE/STEPHEN,DEF 79;
DR. STRANGE/STEPHEN,DEF 8;
DR. STRANGE/STEPHEN,DEF 80;
DR. STRANGE/STEPHEN,DEF 81;
DR. STRANGE/STEPHEN,DEF 8/2;
DR. STRANGE/STEPHEN,DEF 82;
DR. STRANGE/STEPHEN,DEF 83;
DR. STRANGE/STEPHEN,DEF 84;
DR. STRANGE/STEPHEN,DEF 85;
DR. STRANGE/STEPHEN,DEF 86;
DR. STRANGE/STEPHEN,DEF 9;
DR. STRANGE/STEPHEN,DEF 90;
DR. STRANGE/STEPHEN,DEF 92;
DR. STRANGE/STEPHEN,DEF 93;
DR. STRANGE/STEPHEN,DEF 94;
DR. STRANGE/STEPHEN,DEF 95;
DR. STRANGE/STEPHEN,DEF 96;
DR. STRANGE/STEPHEN,DEF 97;
DR. STRANGE/STEPHEN,DEF 98;
DR. STRANGE/STEPHEN,DEF 99;
DR. STRANGE/STEPHEN,DPOOL3 21;
DR. STRANGE/STEPHEN,DRSTR 1;
DR. STRANGE/STEPHEN,DRSTR 169;
DR. STRANGE/STEPHEN,DRSTR 170;
DR. STRANGE/STEPHEN,DRSTR 171;
DR. STRANGE/STEPHEN,DRSTR 172;
DR. STRANGE/STEPHEN,DRSTR 173;
DR. STRANGE/STEPHEN,DRSTR 174;
DR. STRANGE/STEPHEN,DRSTR 175;
DR. STRANGE/STEPHEN,DRSTR 176;
DR. STRANGE/STEPHEN,DRSTR 177;
DR. STRANGE/STEPHEN,DRSTR 178;
DR. STRANGE/STEPHEN,DRSTR 180;
DR. STRANGE/STEPHEN,DRSTR 181;
DR. STRANGE/STEPHEN,DRSTR 182;
DR. STRANGE/STEPHEN,DRSTR 183;
DR. STRANGE/STEPHEN,DRSTR 2;
DR. STRANGE/STEPHEN,DRSTR2 1;
DR. STRANGE/STEPHEN,DRSTR2 10;
DR. STRANGE/STEPHEN,DRSTR2 11;
DR. STRANGE/STEPHEN,DRSTR2 12;
DR. STRANGE/STEPHEN,DRSTR2 13;
DR. STRANGE/STEPHEN,DRSTR2 14;
DR. STRANGE/STEPHEN,DRSTR2 15;
DR. STRANGE/STEPHEN,DRSTR2 16;
DR. STRANGE/STEPHEN,DRSTR2 17;
DR. STRANGE/STEPHEN,DRSTR2 18;
DR. STRANGE/STEPHEN,DRSTR2 19;
DR. STRANGE/STEPHEN,DRSTR2 2;
DR. STRANGE/STEPHEN,DRSTR2 20;
DR. STRANGE/STEPHEN,DRSTR2 22;
DR. STRANGE/STEPHEN,DRSTR2 23;
DR. STRANGE/STEPHEN,DRSTR2 24;
DR. STRANGE/STEPHEN,DRSTR2 25;
DR. STRANGE/STEPHEN,DRSTR2 26;
DR. STRANGE/STEPHEN,DRSTR2 27;
DR. STRANGE/STEPHEN,DRSTR2 28;
DR. STRANGE/STEPHEN,DRSTR2 29;
DR. STRANGE/STEPHEN,DRSTR 2/3;
DR. STRANGE/STEPHEN,DRSTR2 30;
DR. STRANGE/STEPHEN,DRSTR2 31;
DR. STRANGE/STEPHEN,DRSTR2 32;
DR. STRANGE/STEPHEN,DRSTR2 33;
DR. STRANGE/STEPHEN,DRSTR2 34;
DR. STRANGE/STEPHEN,DRSTR2 35;
DR. STRANGE/STEPHEN,DRSTR2 36;
DR. STRANGE/STEPHEN,DRSTR2 37;
DR. STRANGE/STEPHEN,DRSTR2 38;
DR. STRANGE/STEPHEN,DRSTR2 39;
DR. STRANGE/STEPHEN,DRSTR2 4;
DR. STRANGE/STEPHEN,DRSTR2 40;
DR. STRANGE/STEPHEN,DRSTR2 41;
DR. STRANGE/STEPHEN,DRSTR2 42;
DR. STRANGE/STEPHEN,DRSTR2 43;
DR. STRANGE/STEPHEN,DRSTR2 44;
DR. STRANGE/STEPHEN,DRSTR2 45;
DR. STRANGE/STEPHEN,DRSTR2 46;
DR. STRANGE/STEPHEN,DRSTR2 46/2;
DR. STRANGE/STEPHEN,DRSTR2 47;
DR. STRANGE/STEPHEN,DRSTR2 48;
DR. STRANGE/STEPHEN,DRSTR2 49;
DR. STRANGE/STEPHEN,DRSTR2 5;
DR. STRANGE/STEPHEN,DRSTR2 50;
DR. STRANGE/STEPHEN,DRSTR2 51;
DR. STRANGE/STEPHEN,DRSTR2 52;
DR. STRANGE/STEPHEN,DRSTR2 53;
DR. STRANGE/STEPHEN,DRSTR2 54;
DR. STRANGE/STEPHEN,DRSTR2 55;
DR. STRANGE/STEPHEN,DRSTR2 56;
DR. STRANGE/STEPHEN,DRSTR2 57;
DR. STRANGE/STEPHEN,DRSTR2 58;
DR. STRANGE/STEPHEN,DRSTR2 59;
DR. STRANGE/STEPHEN,DRSTR2 6;
DR. STRANGE/STEPHEN,DRSTR2 60;
DR. STRANGE/STEPHEN,DRSTR2 61;
DR. STRANGE/STEPHEN,DRSTR2 62;
DR. STRANGE/STEPHEN,DRSTR2 63;
DR. STRANGE/STEPHEN,DRSTR2 64;
DR. STRANGE/STEPHEN,DRSTR2 65;
DR. STRANGE/STEPHEN,DRSTR2 66;
DR. STRANGE/STEPHEN,DRSTR2 67;
DR. STRANGE/STEPHEN,DRSTR2 68;
DR. STRANGE/STEPHEN,DRSTR2 69;
DR. STRANGE/STEPHEN,DRSTR2 7;
DR. STRANGE/STEPHEN,DRSTR2 70;
DR. STRANGE/STEPHEN,DRSTR2 71;
DR. STRANGE/STEPHEN,DRSTR2 72;
DR. STRANGE/STEPHEN,DRSTR2 73;
DR. STRANGE/STEPHEN,DRSTR2 74;
DR. STRANGE/STEPHEN,DRSTR2 75;
DR. STRANGE/STEPHEN,DRSTR2 76;
DR. STRANGE/STEPHEN,DRSTR2 77;
DR. STRANGE/STEPHEN,DRSTR2 78;
DR. STRANGE/STEPHEN,DRSTR2 79;
DR. STRANGE/STEPHEN,DRSTR2 8;
DR. STRANGE/STEPHEN,DRSTR2 80;
DR. STRANGE/STEPHEN,DRSTR2 81;
DR. STRANGE/STEPHEN,DRSTR2 9;
DR. STRANGE/STEPHEN,DRSTR3 1;
DR. STRANGE/STEPHEN,DRSTR3 10;
DR. STRANGE/STEPHEN,DRSTR3 11;
DR. STRANGE/STEPHEN,DRSTR3 12;
DR. STRANGE/STEPHEN,DRSTR3 13;
DR. STRANGE/STEPHEN,DRSTR3 14;
DR. STRANGE/STEPHEN,DRSTR3 15;
DR. STRANGE/STEPHEN,DRSTR3 16;
DR. STRANGE/STEPHEN,DRSTR3 17;
DR. STRANGE/STEPHEN,DRSTR3 18;
DR. STRANGE/STEPHEN,DRSTR3 19;
DR. STRANGE/STEPHEN,DRSTR3 2;
DR. STRANGE/STEPHEN,DRSTR3 20;
DR. STRANGE/STEPHEN,DRSTR3 21;
DR. STRANGE/STEPHEN,DRSTR3 22;
DR. STRANGE/STEPHEN,DRSTR3 23;
DR. STRANGE/STEPHEN,DRSTR3 24;
DR. STRANGE/STEPHEN,DRSTR3 25;
DR. STRANGE/STEPHEN,DRSTR3 26;
DR. STRANGE/STEPHEN,DRSTR3 27;
DR. STRANGE/STEPHEN,DRSTR3 28;
DR. STRANGE/STEPHEN,DRSTR3 29;
DR. STRANGE/STEPHEN,DRSTR3 3;
DR. STRANGE/STEPHEN,DRSTR3 30;
DR. STRANGE/STEPHEN,DRSTR3 31;
DR. STRANGE/STEPHEN,DRSTR3 32;
DR. STRANGE/STEPHEN,DRSTR3 33;
DR. STRANGE/STEPHEN,DRSTR3 34;
DR. STRANGE/STEPHEN,DRSTR3 35;
DR. STRANGE/STEPHEN,DRSTR3 36;
DR. STRANGE/STEPHEN,DRSTR3 37;
DR. STRANGE/STEPHEN,DRSTR3 38;
DR. STRANGE/STEPHEN,DRSTR3 39;
DR. STRANGE/STEPHEN,DRSTR3 4;
DR. STRANGE/STEPHEN,DRSTR3 40;
DR. STRANGE/STEPHEN,DRSTR3 41;
DR. STRANGE/STEPHEN,DRSTR3 42;
DR. STRANGE/STEPHEN,DRSTR3 43;
DR. STRANGE/STEPHEN,DRSTR3 44;
DR. STRANGE/STEPHEN,DRSTR3 45;
DR. STRANGE/STEPHEN,DRSTR3 46;
DR. STRANGE/STEPHEN,DRSTR3 47;
DR. STRANGE/STEPHEN,DRSTR3 48;
DR. STRANGE/STEPHEN,DRSTR3 49;
DR. STRANGE/STEPHEN,DRSTR3 5;
DR. STRANGE/STEPHEN,DRSTR3 50;
DR. STRANGE/STEPHEN,DRSTR3 6;
DR. STRANGE/STEPHEN,DRSTR3 60;
DR. STRANGE/STEPHEN,DRSTR3 61;
DR. STRANGE/STEPHEN,DRSTR3 62;
DR. STRANGE/STEPHEN,DRSTR3 63;
DR. STRANGE/STEPHEN,DRSTR3 64;
DR. STRANGE/STEPHEN,DRSTR3 65;
DR. STRANGE/STEPHEN,DRSTR3 66;
DR. STRANGE/STEPHEN,DRSTR3 67;
DR. STRANGE/STEPHEN,DRSTR3 7;
DR. STRANGE/STEPHEN,DRSTR3 70;
DR. STRANGE/STEPHEN,DRSTR3 71;
DR. STRANGE/STEPHEN,DRSTR3 72;
DR. STRANGE/STEPHEN,DRSTR3 73;
DR. STRANGE/STEPHEN,DRSTR3 74;
DR. STRANGE/STEPHEN,DRSTR3 75;
DR. STRANGE/STEPHEN,DRSTR3 76;
DR. STRANGE/STEPHEN,DRSTR3 77;
DR. STRANGE/STEPHEN,DRSTR3 78;
DR. STRANGE/STEPHEN,DRSTR3 79;
DR. STRANGE/STEPHEN,DRSTR3 8;
DR. STRANGE/STEPHEN,DRSTR3 80;
DR. STRANGE/STEPHEN,DRSTR3 81;
DR. STRANGE/STEPHEN,DRSTR3 82;
DR. STRANGE/STEPHEN,DRSTR3 83;
DR. STRANGE/STEPHEN,DRSTR3 84;
DR. STRANGE/STEPHEN,DRSTR3 85;
DR. STRANGE/STEPHEN,DRSTR3 86;
DR. STRANGE/STEPHEN,DRSTR3 87;
DR. STRANGE/STEPHEN,DRSTR3 88;
DR. STRANGE/STEPHEN,DRSTR3 89;
DR. STRANGE/STEPHEN,DRSTR3 9;
DR. STRANGE/STEPHEN,DRSTR3 90;
DR. STRANGE/STEPHEN,DRSTR 4;
DR. STRANGE/STEPHEN,DRSTR4 1;
DR. STRANGE/STEPHEN,DRSTR4 2;
DR. STRANGE/STEPHEN,DRSTR4 3;
DR. STRANGE/STEPHEN,DRSTR4 4;
DR. STRANGE/STEPHEN,DSDDGN;
DR. STRANGE/STEPHEN,DS:WDS;
DR. STRANGE/STEPHEN,DTSTR3 16/2;
DR. STRANGE/STEPHEN,FF 22;
DR. STRANGE/STEPHEN,FF 232;
DR. STRANGE/STEPHEN,FF 243;
DR. STRANGE/STEPHEN,FF 244;
DR. STRANGE/STEPHEN,FF 27;
DR. STRANGE/STEPHEN,FF 276;
DR. STRANGE/STEPHEN,FF 277;
DR. STRANGE/STEPHEN,FF 3;
DR. STRANGE/STEPHEN,FF 314;
DR. STRANGE/STEPHEN,FF 333;
DR. STRANGE/STEPHEN,FF 369;
DR. STRANGE/STEPHEN,FF3 7;
DR. STRANGE/STEPHEN,FF 370;
DR. STRANGE/STEPHEN,GAM '00/2;
DR. STRANGE/STEPHEN,GR2 29;
DR. STRANGE/STEPHEN,GR2 30;
DR. STRANGE/STEPHEN,GR2 31;
DR. STRANGE/STEPHEN,GR3 11;
DR. STRANGE/STEPHEN,GR3 12;
DR. STRANGE/STEPHEN,GR3 28;
DR. STRANGE/STEPHEN,GR3 31;
DR. STRANGE/STEPHEN,GR3 32;
DR. STRANGE/STEPHEN,GSDEF 1;
DR. STRANGE/STEPHEN,GSDEF 2;
DR. STRANGE/STEPHEN,GSDEF 3;
DR. STRANGE/STEPHEN,GSDEF 4;
DR. STRANGE/STEPHEN,GSDEF 5;
DR. STRANGE/STEPHEN,H 11;
DR. STRANGE/STEPHEN,H 18/2;
DR. STRANGE/STEPHEN,H2 126;
DR. STRANGE/STEPHEN,H2 206;
DR. STRANGE/STEPHEN,H2 207;
DR. STRANGE/STEPHEN,H2 277;
DR. STRANGE/STEPHEN,H2 278;
DR. STRANGE/STEPHEN,H2 279;
DR. STRANGE/STEPHEN,H2 299;
DR. STRANGE/STEPHEN,H2 300;
DR. STRANGE/STEPHEN,H2 301;
DR. STRANGE/STEPHEN,H2 305;
DR. STRANGE/STEPHEN,H2 370;
DR. STRANGE/STEPHEN,H2 371;
DR. STRANGE/STEPHEN,H2 383;
DR. STRANGE/STEPHEN,H2 399;
DR. STRANGE/STEPHEN,H2 450/2;
DR. STRANGE/STEPHEN,H 6;
DR. STRANGE/STEPHEN,H:PL 2;
DR. STRANGE/STEPHEN,H:PL 3;
DR. STRANGE/STEPHEN,HR:R 2;
DR. STRANGE/STEPHEN,HR:R 4;
DR. STRANGE/STEPHEN,HTD 10;
DR. STRANGE/STEPHEN,HTD 8;
DR. STRANGE/STEPHEN,IG 1;
DR. STRANGE/STEPHEN,IG 2;
DR. STRANGE/STEPHEN,IG 3;
DR. STRANGE/STEPHEN,IG 5;
DR. STRANGE/STEPHEN,IG 6;
DR. STRANGE/STEPHEN,IM 56;
DR. STRANGE/STEPHEN,IMSVS 1/3;
DR. STRANGE/STEPHEN,IW 1;
DR. STRANGE/STEPHEN,IW 2;
DR. STRANGE/STEPHEN,IW 3;
DR. STRANGE/STEPHEN,IW 4;
DR. STRANGE/STEPHEN,IW 6;
DR. STRANGE/STEPHEN,JIM 108;
DR. STRANGE/STEPHEN,JIM 513;
DR. STRANGE/STEPHEN,LSHOT 5;
DR. STRANGE/STEPHEN,LSHOT 6;
DR. STRANGE/STEPHEN,MARVELS 2;
DR. STRANGE/STEPHEN,M/CP 101/3;
DR. STRANGE/STEPHEN,M/CP 102/3;
DR. STRANGE/STEPHEN,M/CP 103/3;
DR. STRANGE/STEPHEN,M/CP 103/4;
DR. STRANGE/STEPHEN,M/CP 104/3;
DR. STRANGE/STEPHEN,M/CP 105/3;
DR. STRANGE/STEPHEN,M/CP 106/3;
DR. STRANGE/STEPHEN,M/CP 19/3;
DR. STRANGE/STEPHEN,M/CP 20/3;
DR. STRANGE/STEPHEN,M/CP 44/3;
DR. STRANGE/STEPHEN,M/CP 61/4;
DR. STRANGE/STEPHEN,M/CP 73/3;
DR. STRANGE/STEPHEN,M/CP 79;
DR. STRANGE/STEPHEN,M/CP 79/4;
DR. STRANGE/STEPHEN,M/FAN 20;
DR. STRANGE/STEPHEN,M/FAN 21;
DR. STRANGE/STEPHEN,M/FAN 31/2;
DR. STRANGE/STEPHEN,M/FAN 41;
DR. STRANGE/STEPHEN,M/FAN 49;
DR. STRANGE/STEPHEN,M/FAN 5;
DR. STRANGE/STEPHEN,M/FAN 52/2;
DR. STRANGE/STEPHEN,M/FAN 6/2;
DR. STRANGE/STEPHEN,M/FAN 8;
DR. STRANGE/STEPHEN,M/FEA 1;
DR. STRANGE/STEPHEN,M/FEA 1/3;
DR. STRANGE/STEPHEN,M/FEA 2;
DR. STRANGE/STEPHEN,M/FEA 3;
DR. STRANGE/STEPHEN,M/GN 1;
DR. STRANGE/STEPHEN,M/GN 23;
DR. STRANGE/STEPHEN,MICRO 30;
DR. STRANGE/STEPHEN,MICRO 31;
DR. STRANGE/STEPHEN,MICRO 32;
DR. STRANGE/STEPHEN,MICRO 33;
DR. STRANGE/STEPHEN,MICRO 34;
DR. STRANGE/STEPHEN,MICRO 35;
DR. STRANGE/STEPHEN,MIDNIGHT SONS UNLIMI;
DR. STRANGE/STEPHEN,MK3 44;
DR. STRANGE/STEPHEN,MK3 45;
DR. STRANGE/STEPHEN,MK 36;
DR. STRANGE/STEPHEN,M/K 7;
DR. STRANGE/STEPHEN,M/K 8;
DR. STRANGE/STEPHEN,M/K 9;
DR. STRANGE/STEPHEN,M/:LG 12;
DR. STRANGE/STEPHEN,M/:LG 8;
DR. STRANGE/STEPHEN,M/PRM 10;
DR. STRANGE/STEPHEN,M/PRM 12;
DR. STRANGE/STEPHEN,M/PRM 13;
DR. STRANGE/STEPHEN,M/PRM 14;
DR. STRANGE/STEPHEN,M/PRM 3;
DR. STRANGE/STEPHEN,M/PRM 4;
DR. STRANGE/STEPHEN,M/PRM 5;
DR. STRANGE/STEPHEN,M/PRM 6;
DR. STRANGE/STEPHEN,M/PRM 7;
DR. STRANGE/STEPHEN,M/PRM 8;
DR. STRANGE/STEPHEN,M/PRM 9;
DR. STRANGE/STEPHEN,M/SH3 12;
DR. STRANGE/STEPHEN,M/SH3 5/4;
DR. STRANGE/STEPHEN,M-T2 11;
DR. STRANGE/STEPHEN,M-T2 4;
DR. STRANGE/STEPHEN,M-T3 1;
DR. STRANGE/STEPHEN,M-T3 2;
DR. STRANGE/STEPHEN,M/TE 12;
DR. STRANGE/STEPHEN,M/TIO 49;
DR. STRANGE/STEPHEN,M/TIO 6;
DR. STRANGE/STEPHEN,M/TIO 7;
DR. STRANGE/STEPHEN,M/TIO 91;
DR. STRANGE/STEPHEN,M/TU 111;
DR. STRANGE/STEPHEN,M/TU 112;
DR. STRANGE/STEPHEN,M/TU 125/2;
DR. STRANGE/STEPHEN,M/TU 21;
DR. STRANGE/STEPHEN,M/TU2 8;
DR. STRANGE/STEPHEN,M/TU 35;
DR. STRANGE/STEPHEN,M/TU 5;
DR. STRANGE/STEPHEN,M/TU 50;
DR. STRANGE/STEPHEN,M/TU 51;
DR. STRANGE/STEPHEN,M/TU 76;
DR. STRANGE/STEPHEN,M/TU 77;
DR. STRANGE/STEPHEN,M/TU 80;
DR. STRANGE/STEPHEN,M/TU 81;
DR. STRANGE/STEPHEN,N 1/3;
DR. STRANGE/STEPHEN,N 2;
DR. STRANGE/STEPHEN,N 21;
DR. STRANGE/STEPHEN,N 24;
DR. STRANGE/STEPHEN,NM 77;
DR. STRANGE/STEPHEN,NM 78;
DR. STRANGE/STEPHEN,NS 1;
DR. STRANGE/STEPHEN,OE 2;
DR. STRANGE/STEPHEN,OE 7;
DR. STRANGE/STEPHEN,PPTSS 115;
DR. STRANGE/STEPHEN,PPTSS 117;
DR. STRANGE/STEPHEN,PUN4 4;
DR. STRANGE/STEPHEN,Q 19;
DR. STRANGE/STEPHEN,Q 23;
DR. STRANGE/STEPHEN,Q 24;
DR. STRANGE/STEPHEN,Q 25;
DR. STRANGE/STEPHEN,Q 28;
DR. STRANGE/STEPHEN,ROM 41;
DR. STRANGE/STEPHEN,ROM 42;
DR. STRANGE/STEPHEN,ROM 54;
DR. STRANGE/STEPHEN,SENSM 22;
DR. STRANGE/STEPHEN,SENSM 23;
DR. STRANGE/STEPHEN,S&L 2/3;
DR. STRANGE/STEPHEN,SLEEP 7;
DR. STRANGE/STEPHEN,SM:L 1;
DR. STRANGE/STEPHEN,SM:L 2;
DR. STRANGE/STEPHEN,SM:L 3;
DR. STRANGE/STEPHEN,SMTU 6/2;
DR. STRANGE/STEPHEN,SOV 1;
DR. STRANGE/STEPHEN,SS 2;
DR. STRANGE/STEPHEN,SS3 125;
DR. STRANGE/STEPHEN,SS3 126;
DR. STRANGE/STEPHEN,SS3 52;
DR. STRANGE/STEPHEN,SS3 54;
DR. STRANGE/STEPHEN,SS3 59;
DR. STRANGE/STEPHEN,SS3 60;
DR. STRANGE/STEPHEN,SS3 67;
DR. STRANGE/STEPHEN,SS3 68;
DR. STRANGE/STEPHEN,SS3 69;
DR. STRANGE/STEPHEN,SS 5;
DR. STRANGE/STEPHEN,SS 6;
DR. STRANGE/STEPHEN,ST 110/2;
DR. STRANGE/STEPHEN,ST 111/2;
DR. STRANGE/STEPHEN,ST 114/2;
DR. STRANGE/STEPHEN,ST 115/2;
DR. STRANGE/STEPHEN,ST 116/2;
DR. STRANGE/STEPHEN,ST 117/2;
DR. STRANGE/STEPHEN,ST 118/2;
DR. STRANGE/STEPHEN,ST 119/2;
DR. STRANGE/STEPHEN,ST 120/2;
DR. STRANGE/STEPHEN,ST 121/2;
DR. STRANGE/STEPHEN,ST 122/2;
DR. STRANGE/STEPHEN,ST 123/2;
DR. STRANGE/STEPHEN,ST 124/2;
DR. STRANGE/STEPHEN,ST 125/2;
DR. STRANGE/STEPHEN,ST 126/2;
DR. STRANGE/STEPHEN,ST 127/2;
DR. STRANGE/STEPHEN,ST 128/2;
DR. STRANGE/STEPHEN,ST 129/2;
DR. STRANGE/STEPHEN,ST 130/2;
DR. STRANGE/STEPHEN,ST 131/2;
DR. STRANGE/STEPHEN,ST 132/2;
DR. STRANGE/STEPHEN,ST 133/2;
DR. STRANGE/STEPHEN,ST 134/2;
DR. STRANGE/STEPHEN,ST 135/2;
DR. STRANGE/STEPHEN,ST 136/2;
DR. STRANGE/STEPHEN,ST 137/2;
DR. STRANGE/STEPHEN,ST 138/2;
DR. STRANGE/STEPHEN,ST 139/2;
DR. STRANGE/STEPHEN,ST 140/2;
DR. STRANGE/STEPHEN,ST 141/2;
DR. STRANGE/STEPHEN,ST 142/2;
DR. STRANGE/STEPHEN,ST 143/2;
DR. STRANGE/STEPHEN,ST 144/2;
DR. STRANGE/STEPHEN,ST 145/2;
DR. STRANGE/STEPHEN,ST 146/2;
DR. STRANGE/STEPHEN,ST 147/2;
DR. STRANGE/STEPHEN,ST 148/2;
DR. STRANGE/STEPHEN,ST 149/2;
DR. STRANGE/STEPHEN,ST 150/2;
DR. STRANGE/STEPHEN,ST 151/2;
DR. STRANGE/STEPHEN,ST 152/2;
DR. STRANGE/STEPHEN,ST 153/2;
DR. STRANGE/STEPHEN,ST 154/2;
DR. STRANGE/STEPHEN,ST 155/2;
DR. STRANGE/STEPHEN,ST 156/2;
DR. STRANGE/STEPHEN,ST 157/2;
DR. STRANGE/STEPHEN,ST 158/2;
DR. STRANGE/STEPHEN,ST 159/2;
DR. STRANGE/STEPHEN,ST 160/2;
DR. STRANGE/STEPHEN,ST 161/2;
DR. STRANGE/STEPHEN,ST 162/2;
DR. STRANGE/STEPHEN,ST 163/2;
DR. STRANGE/STEPHEN,ST 164;
DR. STRANGE/STEPHEN,ST 165/2;
DR. STRANGE/STEPHEN,ST 166;
DR. STRANGE/STEPHEN,ST 167/2;
DR. STRANGE/STEPHEN,ST 168;
DR. STRANGE/STEPHEN,ST2 10/2;
DR. STRANGE/STEPHEN,ST2 11/2;
DR. STRANGE/STEPHEN,ST2 1/2;
DR. STRANGE/STEPHEN,ST2 12/2;
DR. STRANGE/STEPHEN,ST2 13/2;
DR. STRANGE/STEPHEN,ST2 14/2;
DR. STRANGE/STEPHEN,ST2 15/2;
DR. STRANGE/STEPHEN,ST2 16/2;
DR. STRANGE/STEPHEN,ST2 17/2;
DR. STRANGE/STEPHEN,ST2 18/2;
DR. STRANGE/STEPHEN,ST2 19/2;
DR. STRANGE/STEPHEN,ST2 2/2;
DR. STRANGE/STEPHEN,ST2 3/2;
DR. STRANGE/STEPHEN,ST2 4/2;
DR. STRANGE/STEPHEN,ST2 5/2;
DR. STRANGE/STEPHEN,ST2 6/2;
DR. STRANGE/STEPHEN,ST2 7;
DR. STRANGE/STEPHEN,ST2 7/2;
DR. STRANGE/STEPHEN,ST2 8/2;
DR. STRANGE/STEPHEN,ST2 9/2;
DR. STRANGE/STEPHEN,ST3;
DR. STRANGE/STEPHEN,ST3 1;
DR. STRANGE/STEPHEN,SUB-M 22;
DR. STRANGE/STEPHEN,SUB-M2 3;
DR. STRANGE/STEPHEN,SUB-M 69;
DR. STRANGE/STEPHEN,SWII 5;
DR. STRANGE/STEPHEN,T 14;
DR. STRANGE/STEPHEN,T 233;
DR. STRANGE/STEPHEN,T 333;
DR. STRANGE/STEPHEN,T 413;
DR. STRANGE/STEPHEN,T 427;
DR. STRANGE/STEPHEN,T 443;
DR. STRANGE/STEPHEN,T 455/2;
DR. STRANGE/STEPHEN,T 456;
DR. STRANGE/STEPHEN,T 500;
DR. STRANGE/STEPHEN,TER 4;
DR. STRANGE/STEPHEN,TM/U 1;
DR. STRANGE/STEPHEN,TOD 44;
DR. STRANGE/STEPHEN,TOD 45;
DR. STRANGE/STEPHEN,UTSM '97;
DR. STRANGE/STEPHEN,UTSM:SE;
DR. STRANGE/STEPHEN,UX 135;
DR. STRANGE/STEPHEN,UX 14;
DR. STRANGE/STEPHEN,UX 190;
DR. STRANGE/STEPHEN,UX 191;
DR. STRANGE/STEPHEN,UX 329;
DR. STRANGE/STEPHEN,UX 33;
DR. STRANGE/STEPHEN,UX 330;
DR. STRANGE/STEPHEN,UX 4;
DR. STRANGE/STEPHEN,UX 7;
DR. STRANGE/STEPHEN,V&SW2 11;
DR. STRANGE/STEPHEN,V&SW2 12;
DR. STRANGE/STEPHEN,V&SW2 4;
DR. STRANGE/STEPHEN,V&SW 6;
DR. STRANGE/STEPHEN,W2 165;
DR. STRANGE/STEPHEN,WCA 20;
DR. STRANGE/STEPHEN,WCA2 22;
DR. STRANGE/STEPHEN,WM2 14;
DR. STRANGE/STEPHEN,X 77;
DR. STRANGE/STEPHEN,XCAL 30;
DR. SUN,FF 206;
DR. SUN,FF 208;
DR. SUN,FF 217;
DR. SUN,NO 23;
DR. SUN,NO 24;
DR. SUN,NO 25;
DR. SUN,TOD 14;
DR. SUN,TOD 16;
DR. SUN,TOD 17;
DR. SUN,TOD 19;
DR. SUN,TOD 20;
DR. SUN,TOD 21;
DR. SUN,TOD 37;
DR. SUN,TOD 38;
DR. SUN,TOD 39;
DR. SUN,TOD 40;
DR. SUN,TOD 41;
DR. SYNNE,CB 10;
DR. SYNNE,CB 11;
DR. SYNNE,CB 12;
DR. SYNNE,CB 13;
DR. SYNNE,CB 8;
DR. SYNNE,CB 9;
DRUID/DREDMUND CROMW,CA 187;
DRUID/DREDMUND CROMW,CA 188;
DRUID/DREDMUND CROMW,CA 256;
DRUID/DREDMUND CROMW,CA 403;
DRUID/DREDMUND CROMW,CA 404;
DRUID/DREDMUND CROMW,CA 405;
DRUID/DREDMUND CROMW,CA 406;
DRUID/DREDMUND CROMW,CA 407;
DRUID/DREDMUND CROMW,CA 408;
DRUID/DREDMUND CROMW,DF 2.4;
DRUID/DREDMUND CROMW,ST 144;
DRUID/DREDMUND CROMW,ST 145;
DRUIG,E 11;
DRUIG,E 17;
DRUIG,E 18;
DRUIG,E 19;
DRUIG,T 300;
DRUIG,T 7;
DRUMM, COLLETTE,ASMU 20;
DRUMM, JERICHO,COC 1;
DRUMM, JERICHO,DRSTR2 48;
DRUMM, JERICHO,DRSTR3 16;
DRUMM, JERICHO,DRSTR3 17;
DRUMM, JERICHO,DRSTR3 18;
DRUMM, JERICHO,GR3 85;
DRUMM, JERICHO,MK 21;
DRUMM, JERICHO,MK3 6;
DRUMM, JERICHO,MK3 7;
DRUMM, JERICHO,M/SH3 1/4;
DRUMM, JERICHO,M/TIO 41;
DRUMM, JERICHO,M/TU 24;
DRUMM, JERICHO,ST 169;
DRUMM, JERICHO,ST 170;
DRUMM, JERICHO,ST 171;
DRUMM, JERICHO,ST 172;
DRUMM, JERICHO,ST 173;
DRUMM, JERICHO,TOD 34;
DRUMM, JERICHO,TOD 35;
DRUMM, JERICHO,TOD 36;
DRUMM, JERICHO,TOD 37;
DRUMM, JERICHO,TOTZ 10;
DRUMM, JERICHO,TOTZ 2;
DRUMM, JERICHO,TOTZ 6/3;
DRUMM, JERICHO,WBN 38;
DRUMM, JERICHO,WBN 39;
DRUMM, JERICHO,WBN 40;
DRUMM, JERICHO,WBN 41;
DR. VAULT,AT 21;
DR. VAULT,AT 23;
DR. VAULT,AT 24;
DR. VAULT,H2 244;
DR. VOLKH/VLADIMIR O,AWC 87;
DR. VOLKH/VLADIMIR O,AWC 88;
DRY,NW 54;
DRY,NW 55;
DRY,NW 56;
DRY,NW 65;
DR. ZEUS,M/TU2 2;
D'SPAYRE,C2 13;
D'SPAYRE,C2 14;
D'SPAYRE,C&D3 17;
D'SPAYRE,C&D3 18;
D'SPAYRE,C&D3 19;
D'SPAYRE,DRSTR2 32;
D'SPAYRE,DRSTR2 37;
D'SPAYRE,DRSTR2 55;
D'SPAYRE,DRSTR3 31/2;
D'SPAYRE,DRSTR3 32/2;
D'SPAYRE,DRSTR3 33/2;
D'SPAYRE,DRSTR3 38;
D'SPAYRE,DRSTR3 39;
D'SPAYRE,DRSTR3 40;
D'SPAYRE,GENX '97;
D'SPAYRE,H2 360;
D'SPAYRE,JUGGERNAUT;
D'SPAYRE,M/CP 102/4;
D'SPAYRE,MGK2 3;
D'SPAYRE,M/TU 68;
D'SPAYRE,UX 144;
D'SPAYRE,VAL 1;
D'SPAYRE,WOSM 128;
D'SPAYRE,XCAL 35;
D'SPRYTE,M/CP 98/3;
D'SPRYTE,M/CP 99/3;
DUBOIS, DR. CLAUDIA,DD 376;
DUBOIS, DR. CLAUDIA,DD 377;
DUBOIS, DR. CLAUDIA,DD 378;
DUBOIS, DR. CLAUDIA,DD 379;
DUBOIS, HERVE,FF3 1;
DUBOIS, NOAH,DPOOL3 15;
DUBOIS, NOAH,DPOOL3 16;
DUBOIS, NOAH,DPOOL3 20;
DUBOIS, NOAH,DPOOL3 21;
DUBOIS, NOAH,DPOOL3 22;
DUBOIS, NOAH,DPOOL3 23;
DUBOIS, NOAH,W2 93;
DUBOIS, NOAH,W2 95;
DUCHARME,DHKF 11;
DUCHARME,DHKF 2;
DUCHARME,DHKF 4;
DUCHARME,DHKF 7;
DUCRESTE, ABRIAN,GAM3 25;
DUFFY, SGT. MIKE,TOS 63/2;
DUFFY, SGT. MIKE,TOS 64/2;
DUFFY, SGT. MIKE,TOS 68/2;
DUFFY, SGT. MIKE,TOS 69/2;
DUFFY, SGT. MIKE,TOS 70/2;
DUGAN, DUM DUM | MUT,MX 1;
DUGAN, DUM DUM | MUT,MX 15;
DUGAN, DUM DUM | MUT,MX 16;
DUGAN, TIMOTHY ALOYI,A 118;
DUGAN, TIMOTHY ALOYI,A 38;
DUGAN, TIMOTHY ALOYI,A 385;
DUGAN, TIMOTHY ALOYI,A 39;
DUGAN, TIMOTHY ALOYI,A 396;
DUGAN, TIMOTHY ALOYI,A 59;
DUGAN, TIMOTHY ALOYI,A 67;
DUGAN, TIMOTHY ALOYI,A 72;
DUGAN, TIMOTHY ALOYI,A 92;
DUGAN, TIMOTHY ALOYI,ASM 187;
DUGAN, TIMOTHY ALOYI,C2 34;
DUGAN, TIMOTHY ALOYI,CA '00;
DUGAN, TIMOTHY ALOYI,CA '00/2;
DUGAN, TIMOTHY ALOYI,CA 100;
DUGAN, TIMOTHY ALOYI,CA 113;
DUGAN, TIMOTHY ALOYI,CA 120;
DUGAN, TIMOTHY ALOYI,CA 123;
DUGAN, TIMOTHY ALOYI,CA 124;
DUGAN, TIMOTHY ALOYI,CA 127;
DUGAN, TIMOTHY ALOYI,CA 132;
DUGAN, TIMOTHY ALOYI,CA 135;
DUGAN, TIMOTHY ALOYI,CA 136;
DUGAN, TIMOTHY ALOYI,CA 139;
DUGAN, TIMOTHY ALOYI,CA 140;
DUGAN, TIMOTHY ALOYI,CA 143;
DUGAN, TIMOTHY ALOYI,CA 145;
DUGAN, TIMOTHY ALOYI,CA 166;
DUGAN, TIMOTHY ALOYI,CA 167;
DUGAN, TIMOTHY ALOYI,CA 173;
DUGAN, TIMOTHY ALOYI,CA 181;
DUGAN, TIMOTHY ALOYI,CA2 1;
DUGAN, TIMOTHY ALOYI,CA 217;
DUGAN, TIMOTHY ALOYI,CA 222;
DUGAN, TIMOTHY ALOYI,CA 225;
DUGAN, TIMOTHY ALOYI,CA 226;
DUGAN, TIMOTHY ALOYI,CA 247;
DUGAN, TIMOTHY ALOYI,CA 248;
DUGAN, TIMOTHY ALOYI,CA 250;
DUGAN, TIMOTHY ALOYI,CA 268;
DUGAN, TIMOTHY ALOYI,CA 273;
DUGAN, TIMOTHY ALOYI,CA 274;
DUGAN, TIMOTHY ALOYI,CA 276;
DUGAN, TIMOTHY ALOYI,CA 282;
DUGAN, TIMOTHY ALOYI,CA 283;
DUGAN, TIMOTHY ALOYI,CA 284;
DUGAN, TIMOTHY ALOYI,CA3 10;
DUGAN, TIMOTHY ALOYI,CA3 12;
DUGAN, TIMOTHY ALOYI,CA3 20;
DUGAN, TIMOTHY ALOYI,CA3 20/2;
DUGAN, TIMOTHY ALOYI,CA3 21/2;
DUGAN, TIMOTHY ALOYI,CA3 24;
DUGAN, TIMOTHY ALOYI,CA3 25;
DUGAN, TIMOTHY ALOYI,CA3 27;
DUGAN, TIMOTHY ALOYI,CA3 3;
DUGAN, TIMOTHY ALOYI,CA3 32;
DUGAN, TIMOTHY ALOYI,CA3 33;
DUGAN, TIMOTHY ALOYI,CA3 34;
DUGAN, TIMOTHY ALOYI,CA3 35;
DUGAN, TIMOTHY ALOYI,CA3 37;
DUGAN, TIMOTHY ALOYI,CA3 38;
DUGAN, TIMOTHY ALOYI,CA3 39;
DUGAN, TIMOTHY ALOYI,CA3 40;
DUGAN, TIMOTHY ALOYI,CA3 41;
DUGAN, TIMOTHY ALOYI,CA3 45;
DUGAN, TIMOTHY ALOYI,CA3 5;
DUGAN, TIMOTHY ALOYI,CA 351;
DUGAN, TIMOTHY ALOYI,CA 383/2;
DUGAN, TIMOTHY ALOYI,CA 453;
DUGAN, TIMOTHY ALOYI,CA 9/2;
DUGAN, TIMOTHY ALOYI,CA:SL2 1;
DUGAN, TIMOTHY ALOYI,CA:SL2 12;
DUGAN, TIMOTHY ALOYI,CB 19;
DUGAN, TIMOTHY ALOYI,COTL 35;
DUGAN, TIMOTHY ALOYI,DD 122;
DUGAN, TIMOTHY ALOYI,DD 123;
DUGAN, TIMOTHY ALOYI,DD 298;
DUGAN, TIMOTHY ALOYI,DD 299;
DUGAN, TIMOTHY ALOYI,DE:O;
DUGAN, TIMOTHY ALOYI,DF 2.4;
DUGAN, TIMOTHY ALOYI,DRSTR2 50;
DUGAN, TIMOTHY ALOYI,DRSTR2 51;
DUGAN, TIMOTHY ALOYI,FF 214;
DUGAN, TIMOTHY ALOYI,FF 240;
DUGAN, TIMOTHY ALOYI,FF 241;
DUGAN, TIMOTHY ALOYI,FF 3;
DUGAN, TIMOTHY ALOYI,FF 84;
DUGAN, TIMOTHY ALOYI,FURY 1;
DUGAN, TIMOTHY ALOYI,GZILL 1;
DUGAN, TIMOTHY ALOYI,GZILL 10;
DUGAN, TIMOTHY ALOYI,GZILL 11;
DUGAN, TIMOTHY ALOYI,GZILL 12;
DUGAN, TIMOTHY ALOYI,GZILL 13;
DUGAN, TIMOTHY ALOYI,GZILL 14;
DUGAN, TIMOTHY ALOYI,GZILL 15;
DUGAN, TIMOTHY ALOYI,GZILL 17;
DUGAN, TIMOTHY ALOYI,GZILL 18;
DUGAN, TIMOTHY ALOYI,GZILL 19;
DUGAN, TIMOTHY ALOYI,GZILL 2;
DUGAN, TIMOTHY ALOYI,GZILL 20;
DUGAN, TIMOTHY ALOYI,GZILL 21;
DUGAN, TIMOTHY ALOYI,GZILL 22;
DUGAN, TIMOTHY ALOYI,GZILL 23;
DUGAN, TIMOTHY ALOYI,GZILL 24;
DUGAN, TIMOTHY ALOYI,GZILL 3;
DUGAN, TIMOTHY ALOYI,GZILL 4;
DUGAN, TIMOTHY ALOYI,GZILL 5;
DUGAN, TIMOTHY ALOYI,GZILL 6;
DUGAN, TIMOTHY ALOYI,GZILL 7;
DUGAN, TIMOTHY ALOYI,GZILL 8;
DUGAN, TIMOTHY ALOYI,GZILL 9;
DUGAN, TIMOTHY ALOYI,H2 106;
DUGAN, TIMOTHY ALOYI,H2 107;
DUGAN, TIMOTHY ALOYI,H2 148;
DUGAN, TIMOTHY ALOYI,H2 279;
DUGAN, TIMOTHY ALOYI,H2 434;
DUGAN, TIMOTHY ALOYI,H2 437;
DUGAN, TIMOTHY ALOYI,H2 439;
DUGAN, TIMOTHY ALOYI,H3 8;
DUGAN, TIMOTHY ALOYI,IM 1;
DUGAN, TIMOTHY ALOYI,INV 35;
DUGAN, TIMOTHY ALOYI,JIM 519;
DUGAN, TIMOTHY ALOYI,JOH 2;
DUGAN, TIMOTHY ALOYI,KPAOS 1;
DUGAN, TIMOTHY ALOYI,KPAOS 2;
DUGAN, TIMOTHY ALOYI,KPAOS 3;
DUGAN, TIMOTHY ALOYI,KZ4 10;
DUGAN, TIMOTHY ALOYI,KZ4 11;
DUGAN, TIMOTHY ALOYI,MARVELS 2;
DUGAN, TIMOTHY ALOYI,M/CP 77/3;
DUGAN, TIMOTHY ALOYI,M/CP 78/2;
DUGAN, TIMOTHY ALOYI,M/CP 79/2;
DUGAN, TIMOTHY ALOYI,M/CP 93/4;
DUGAN, TIMOTHY ALOYI,M/FAN 49;
DUGAN, TIMOTHY ALOYI,M/GN 18;
DUGAN, TIMOTHY ALOYI,MICRO 12;
DUGAN, TIMOTHY ALOYI,MICRO 26;
DUGAN, TIMOTHY ALOYI,MICRO 27;
DUGAN, TIMOTHY ALOYI,MICRO 28;
DUGAN, TIMOTHY ALOYI,MICRO 29;
DUGAN, TIMOTHY ALOYI,M/PRM 56;
DUGAN, TIMOTHY ALOYI,M/TIO 26;
DUGAN, TIMOTHY ALOYI,M/TIO 34;
DUGAN, TIMOTHY ALOYI,M/TIO 51;
DUGAN, TIMOTHY ALOYI,M/TIO 89;
DUGAN, TIMOTHY ALOYI,M/TU 13;
DUGAN, TIMOTHY ALOYI,M/TU 139;
DUGAN, TIMOTHY ALOYI,M/TU 71;
DUGAN, TIMOTHY ALOYI,NF3 1;
DUGAN, TIMOTHY ALOYI,NF3 14;
DUGAN, TIMOTHY ALOYI,NF3 20;
DUGAN, TIMOTHY ALOYI,NF3 25;
DUGAN, TIMOTHY ALOYI,NF3 26;
DUGAN, TIMOTHY ALOYI,NF3 27;
DUGAN, TIMOTHY ALOYI,NF3 28;
DUGAN, TIMOTHY ALOYI,NF3 29;
DUGAN, TIMOTHY ALOYI,NF3 33;
DUGAN, TIMOTHY ALOYI,NF3 34;
DUGAN, TIMOTHY ALOYI,NF3 35;
DUGAN, TIMOTHY ALOYI,NF3 36;
DUGAN, TIMOTHY ALOYI,NF3 37;
DUGAN, TIMOTHY ALOYI,NF3 42;
DUGAN, TIMOTHY ALOYI,NFAOS 1;
DUGAN, TIMOTHY ALOYI,NFAOS 12;
DUGAN, TIMOTHY ALOYI,NFAOS 13;
DUGAN, TIMOTHY ALOYI,NFAOS 14;
DUGAN, TIMOTHY ALOYI,NFAOS 15;
DUGAN, TIMOTHY ALOYI,NFAOS 2;
DUGAN, TIMOTHY ALOYI,NFAOS 5;
DUGAN, TIMOTHY ALOYI,NFAOS 7;
DUGAN, TIMOTHY ALOYI,NFAOS 8;
DUGAN, TIMOTHY ALOYI,NFAOS 9;
DUGAN, TIMOTHY ALOYI,NFV.S 1;
DUGAN, TIMOTHY ALOYI,NFV.S 2;
DUGAN, TIMOTHY ALOYI,NFV.S 3;
DUGAN, TIMOTHY ALOYI,NFV.S 4;
DUGAN, TIMOTHY ALOYI,NFV.S 5;
DUGAN, TIMOTHY ALOYI,NFV.S 6;
DUGAN, TIMOTHY ALOYI,PUN3 1;
DUGAN, TIMOTHY ALOYI,Q 1;
DUGAN, TIMOTHY ALOYI,ROM 53;
DUGAN, TIMOTHY ALOYI,SGT.F 1;
DUGAN, TIMOTHY ALOYI,SGTF 1;
DUGAN, TIMOTHY ALOYI,SGTF 13;
DUGAN, TIMOTHY ALOYI,SGTF 2;
DUGAN, TIMOTHY ALOYI,SHOWAR 14;
DUGAN, TIMOTHY ALOYI,S-M 21;
DUGAN, TIMOTHY ALOYI,S-M 22;
DUGAN, TIMOTHY ALOYI,SM:DMH;
DUGAN, TIMOTHY ALOYI,SS 16;
DUGAN, TIMOTHY ALOYI,SS 17;
DUGAN, TIMOTHY ALOYI,ST 137;
DUGAN, TIMOTHY ALOYI,ST 138;
DUGAN, TIMOTHY ALOYI,ST 139;
DUGAN, TIMOTHY ALOYI,ST 140;
DUGAN, TIMOTHY ALOYI,ST 141;
DUGAN, TIMOTHY ALOYI,ST 143;
DUGAN, TIMOTHY ALOYI,ST 144;
DUGAN, TIMOTHY ALOYI,ST 145;
DUGAN, TIMOTHY ALOYI,ST 146;
DUGAN, TIMOTHY ALOYI,ST 147;
DUGAN, TIMOTHY ALOYI,ST 148;
DUGAN, TIMOTHY ALOYI,ST 149;
DUGAN, TIMOTHY ALOYI,ST 150;
DUGAN, TIMOTHY ALOYI,ST 151;
DUGAN, TIMOTHY ALOYI,ST 152;
DUGAN, TIMOTHY ALOYI,ST 153;
DUGAN, TIMOTHY ALOYI,ST 154;
DUGAN, TIMOTHY ALOYI,ST 155;
DUGAN, TIMOTHY ALOYI,ST 156;
DUGAN, TIMOTHY ALOYI,ST 157;
DUGAN, TIMOTHY ALOYI,ST 159;
DUGAN, TIMOTHY ALOYI,ST 165;
DUGAN, TIMOTHY ALOYI,ST 166/2;
DUGAN, TIMOTHY ALOYI,ST 167;
DUGAN, TIMOTHY ALOYI,ST 168/2;
DUGAN, TIMOTHY ALOYI,SUB-M 14;
DUGAN, TIMOTHY ALOYI,T 341;
DUGAN, TIMOTHY ALOYI,TB 52;
DUGAN, TIMOTHY ALOYI,TOS2;
DUGAN, TIMOTHY ALOYI,TOS 95/2;
DUGAN, TIMOTHY ALOYI,TOS 96/2;
DUGAN, TIMOTHY ALOYI,TOS 98/2;
DUGAN, TIMOTHY ALOYI,USA2 1;
DUGAN, TIMOTHY ALOYI,UX 7;
DUGAN, TIMOTHY ALOYI,W2 144;
DUGAN, TIMOTHY ALOYI,W2 163;
DUGAN, TIMOTHY ALOYI,W/NF;
DULB,A 225;
DULB,A 226;
DULTRY, MARGARET,IM 12/4;
DUNCAN, FRED,KZ 2/2;
DUNCAN, FRED,KZ 3/3;
DUNCAN, FRED,SSD 5;
DUNCAN, FRED,UX 2;
DUNCAN, FRED,UX 38/2;
DUNCAN, FRED,UX 39/2;
DUNCAN, FRED,UX 46;
DUNCAN, FRED,X:HY 17;
DUNER, MAJOR,M/CP 80/2;
DUNER, MAJOR,M/CP 81/2;
DUNHAM, LAURA,NO2 12;
DUNHAM, LAURA,NO2 8;
DUNHAM, LAURA,NW 2/4;
DUNHAM, LAURA,NW 59;
DUNHAM, LAURA,NW 62;
DUNHAM, LAURA,NW 68;
DUNHAM, LAURA,NW 69;
DUNHAM, LAURA,NW 71;
DUNLEAVY, GEN. ARLEN,V:F 1;
DUNLEAVY, GEN. ARLEN,V:F 2;
DURAN, CONAL,NM 1;
DURAN, CONAL,NM 42;
DURAN, CONAL,UX 210;
DURAN, CONAL,UX 214;
DUSK III,XM 45;
DUSK,S-M 90;
DUSK,WTS 13;
DUVALL, SNAKY,WOSM 82;
DWELLER IN DARKNESS,DRSTR2 30;
DWELLER IN DARKNESS,DRSTR2 32;
DWELLER IN DARKNESS,DRSTR2 33;
DWELLER IN DARKNESS,DRSTR2 35;
DWELLER IN DARKNESS,DRSTR2 36;
DWELLER IN DARKNESS,DRSTR2 37;
DWELLER IN DARKNESS,DRSTR3 31/2;
DWELLER IN DARKNESS,DRSTR3 32/2;
DWELLER IN DARKNESS,DRSTR3 33/2;
DWELLER IN DARKNESS,DRSTR3 38;
DWELLER IN DARKNESS,DRSTR3 39;
DWELLER IN DARKNESS,DRSTR3 40;
DWELLER IN DARKNESS,T 229;
DWELLER IN DARKNESS,T 230;
D'WON,BP3 24;
DWORMAN, JIM,DLOK 1;
DWORMAN, JIM,DLOK 2;
DWORMAN, JIM,DLOK2 1;
DWORMAN, JIM,DLOK2 10;
DWORMAN, JIM,DLOK2 17;
DWYER, MARISSA,DD 372;
DWYER, MARISSA,DD 373;
DWYER, MARISSA,DD 374;
DWYER, MARISSA,DD 375;
DYNA-MITE/ROGER AUBR,CV 1;
DYNA-MITE/ROGER AUBR,CV 2;
DYNA-MITE/ROGER AUBR,CV 3;
DYNA-MITE/ROGER AUBR,INV 14;
DYNA-MITE/ROGER AUBR,INV 15;
DYNA-MITE/ROGER AUBR,INV 18;
DYNA-MITE/ROGER AUBR,INV 19;
DYNA-MITE/ROGER AUBR,INV 20;
DYNA-MITE/ROGER AUBR,INV 21;
DYNA-MITE/ROGER AUBR,INV 22;
DYNA-MITE/ROGER AUBR,INV 23;
DYNA-MITE/ROGER AUBR,INV 26;
DYNA-MITE/ROGER AUBR,INV 34;
DYNA-MITE/ROGER AUBR,TB 39;
DYNA-MITE/ROGER AUBR,TB 40;
DYNA-MITE/ROGER AUBR,TB 41;
DYNA-MITE/ROGER AUBR,TB 46;
DYNA-MITE/ROGER AUBR,TB 47;
DYNA-MITE/ROGER AUBR,TB 48;
DYNA-MITE/ROGER AUBR,TB 49;
DYNA-MITE/ROGER AUBR,TB 50;
DYNA-MITE/ROGER AUBR,TB 51;
EARLE, CARYN,PPSM2 30;
EARLE, CARYN,PPSM2 31;
EARTH-LORD/KYLE BROC,T 16/4;
EARTH-LORD/KYLE BROC,T 426/2;
EARTH-LORD/KYLE BROC,T 456;
EARTHQUAKE,AWC 82;
EARTHQUAKE,GUARD 1;
EARTHQUAKE,GUARD 2;
EARTHQUAKE,GUARD 3;
EARTHQUAKE,INH3 4;
EARTHQUAKE,T 446;
EARTHQUAKE,UX 137;
EARTHQUAKE,UX 275;
EARTHQUAKE,XSOS 2;
EBONY,A 128;
EBONY,A 129;
EBONY,A 130;
EBONY,A 133;
EBONY,A3 10;
EBONY,A3 11;
EBONY,A 313;
EBONY,ASPOT 38;
EBONY,AWC 50;
EBONY,AWC 51;
EBONY,AWC 52;
EBONY,AWC 55;
EBONY,AWC 61;
EBONY,AWC 62;
EBONY,AWC 63;
EBONY,DRSTR3 46;
EBONY,DRSTR3 47;
EBONY,FF 103;
EBONY,FF 107;
EBONY,FF 111;
EBONY,FF 112;
EBONY,FF 117;
EBONY,FF 127;
EBONY,FF 140;
EBONY,FF 141;
EBONY,FF 371;
EBONY,FF 416;
EBONY,FF 94;
EBONY,SS3 135;
EBONY,X:HY 9;
ECCE [WATCHER],T 168;
ECCE [WATCHER],T 169;
ECHO/MAYA LOPEZ,DD2 10;
ECHO/MAYA LOPEZ,DD2 11;
ECHO/MAYA LOPEZ,DD2 13;
ECHO/MAYA LOPEZ,DD2 14;
ECHO/MAYA LOPEZ,DD2 15;
ECHO/MAYA LOPEZ,DD2 9;
ECLECTA/,DPOOL3 39;
ECLECTA/,DPOOL3 40;
ECLIPTIC,AF2 1;
ECLIPTIC,AF2 7;
ECSTACY/MME. RENE DE,C&D3 5;
ECSTACY/MME. RENE DE,C&D3 6;
ECSTACY/MME. RENE DE,C&D3 7;
ECSTACY/MME. RENE DE,C&D3 8;
ECSTACY/MME. RENE DE,DRSTR2 78;
EDDA,Q 25;
EDGERTON, GAYLE,GENX 10;
EDGERTON, GAYLE,GENX 12;
EDGERTON, GAYLE,GENX 13;
EDGERTON, GAYLE,GENX 14;
EDGERTON, GAYLE,X:PRIME;
EDGERTON, MR.,X:PRIME;
EDITOR,FF 358/2;
EDWARDS, MARTIN/DR.,XFOR -1;
EDWARDS, MARTIN/DR.,XFOR 72;
EDWARDS, MARTIN/DR.,XFOR 73;
EDWARDS, MARTIN/DR.,XFOR 74;
EDWARDS, MARTIN/DR.,XFOR 75;
EELAK,AR 1;
EELAK,AR 2;
EELAK,FF 398;
EELAK,FF 399;
EELAK,FFOR 8;
EELAK,FFU 11;
EEL II/EDWARD LAVELL,A3 31;
EEL II/EDWARD LAVELL,ASPOT 29/2;
EEL II/EDWARD LAVELL,DD 357;
EEL II/EDWARD LAVELL,FF 335;
EEL II/EDWARD LAVELL,PM&IF 110;
EEL II/EDWARD LAVELL,PM&IF 92;
EEL II/EDWARD LAVELL,SM:L 1;
EEL II/EDWARD LAVELL,SM:L 2;
EEL II/EDWARD LAVELL,SM:L 3;
EEL II/EDWARD LAVELL,TB 24;
EEL II/EDWARD LAVELL,TB 25;
EEL II/EDWARD LAVELL,TB 33;
EEL III,AWC 5/3;
EEL/LEOPOLD STRYKE,AF SPECIAL 1;
EEL/LEOPOLD STRYKE,CA 158;
EEL/LEOPOLD STRYKE,CA 159;
EEL/LEOPOLD STRYKE,CA 163;
EEL/LEOPOLD STRYKE,CA 180;
EEL/LEOPOLD STRYKE,CA 181;
EEL/LEOPOLD STRYKE,DD 6;
EEL/LEOPOLD STRYKE,DEF 37;
EEL/LEOPOLD STRYKE,DEF 38;
EEL/LEOPOLD STRYKE,FF 3;
EEL/LEOPOLD STRYKE,GR2 21;
EEL/LEOPOLD STRYKE,ST 112;
EEL/LEOPOLD STRYKE,ST 117;
EEL/LEOPOLD STRYKE,UX 22;
EEL/LEOPOLD STRYKE,UX 23;
EENY,AF2 9;
EENY,GENX 48;
EENY,GENX 49;
EENY,UX 347;
EENY,UX 349;
EENY,UX 350;
EENY,UX 352;
EENY,UX 354;
EENY,UX 355;
EENY,X 70;
EENY,X 71;
EENY,X 73;
EENY,X 74;
EENY,X 75;
EENY,X 76;
EENY,X 77;
EENY,X 79;
EFFIGY/LT. VELMAX/JA,M/:LG 1;
EFFIGY/LT. VELMAX/JA,M/:LG 10;
EFFIGY/LT. VELMAX/JA,M/:LG 11;
EFFIGY/LT. VELMAX/JA,M/:LG 12;
EFFIGY/LT. VELMAX/JA,M/:LG 2;
EFFIGY/LT. VELMAX/JA,M/:LG 3;
EFFIGY/LT. VELMAX/JA,M/:LG 4;
EFFIGY/LT. VELMAX/JA,M/:LG 5;
EFFIGY/LT. VELMAX/JA,M/:LG 6;
EFFIGY/LT. VELMAX/JA,M/:LG 7;
EFFIGY/LT. VELMAX/JA,M/:LG 9;
EGGHEAD/PROF. ELIHAS,A 217;
EGGHEAD/PROF. ELIHAS,A 222;
EGGHEAD/PROF. ELIHAS,A 224;
EGGHEAD/PROF. ELIHAS,A 227;
EGGHEAD/PROF. ELIHAS,A 228;
EGGHEAD/PROF. ELIHAS,A 229;
EGGHEAD/PROF. ELIHAS,A 230;
EGGHEAD/PROF. ELIHAS,A 63;
EGGHEAD/PROF. ELIHAS,A 64;
EGGHEAD/PROF. ELIHAS,A 65;
EGGHEAD/PROF. ELIHAS,AF SPECIAL;
EGGHEAD/PROF. ELIHAS,DEF 42;
EGGHEAD/PROF. ELIHAS,DEF 43;
EGGHEAD/PROF. ELIHAS,GSDEF 4;
EGGHEAD/PROF. ELIHAS,M/FEA 5;
EGGHEAD/PROF. ELIHAS,SUB-M 14;
EGGHEAD/PROF. ELIHAS,TTA 38;
EGGHEAD/PROF. ELIHAS,TTA 45;
EGGHEAD/PROF. ELIHAS,TTA 57;
EGGHEAD/PROF. ELIHAS,TTA 61;
EGMA,Q 25;
EGO,FF 234;
EGO,FF 235;
EGO,GAM3 23;
EGO,IM3 35;
EGO,MAXSEC 1;
EGO,MAXSEC 2;
EGO,MAXSEC 3;
EGO,MAXSEC:DP;
EGO-PRIME,Q 14;
EGO-PRIME,Q 15;
EGO-PRIME,T 200;
EGO-PRIME,T 201;
EGO-PRIME,T 202;
EGO-PRIME,T 203;
EGO,ROM 69;
EGO,SS3 22;
EGO,SS3 4;
EGO,T 132;
EGO,T 133;
EGO,T 155;
EGO,T 160;
EGO,T 161;
EGO,T 16/5;
EGO,T 199;
EGO,T 201;
EGO,T 226;
EGO,T 227;
EGO,T 228;
EGO,T 448/2;
EGO,T 449/2;
EGO,T 450/2;
EGO,XU 29;
EHMAN, HEIDI,A 340;
EIGHTBALL,DD 248;
EIGHTBALL,DD 253;
EIGHTBALL,DD 261;
EIGHTBALL,DD2 8;
EIGHTBALL,DD 5/2;
EIGHTBALL,DD 5/3;
EIGHTBALL,DD 6/2;
EIGHTBALL,DD 7/4;
EIGHTBALL,DD 8/4;
EILIF DRAGONSLAYER,T 351;
EISMAN, BETTY,M/SH3 4/2;
EITRI,NM 79;
EITRI,NM 80;
EITRI,NM 82;
EITRI,NM 83;
EITRI,NM 84;
EITRI,NM 85;
EITRI,NM 86;
EITRI,NM 87;
EITRI,NMSE 1;
EITRI,T 339;
EITRI,T 376;
EITRI,UX 9;
EJULP,UX 368;
EJULP,UX 369;
EJULP,X 88;
EKAK,T 500;
EL AGUILA,M/CP 9/4;
EL AGUILA,M/FAN 3/2;
EL AGUILA,PM&IF 100;
EL AGUILA,PM&IF 58;
EL AGUILA,PM&IF 65;
EL AGUILA,PM&IF 78;
EL AGUILA,PM&IF 99;
ELAMRON,H '97;
ELATHAN,A 225;
ELATHAN,A 226;
EL CONQUISTADOR,UX 50/2;
EL CONQUISTADOR,UX 51/2;
EL CONQUISTADOR,UX 52/2;
EL CONQUISTADOR,UX 53/2;
ELECTRA,DS:WDS;
ELEC'TRIX/,NW 20;
ELECTRO/MAX DILLON,A 236;
ELECTRO/MAX DILLON,A 237;
ELECTRO/MAX DILLON,ASM 1;
ELECTRO/MAX DILLON,ASM 187;
ELECTRO/MAX DILLON,ASM 21;
ELECTRO/MAX DILLON,ASM2 12;
ELECTRO/MAX DILLON,ASM2 17;
ELECTRO/MAX DILLON,ASM 334;
ELECTRO/MAX DILLON,ASM 337;
ELECTRO/MAX DILLON,ASM 338;
ELECTRO/MAX DILLON,ASM 339;
ELECTRO/MAX DILLON,ASM 369;
ELECTRO/MAX DILLON,ASM 422;
ELECTRO/MAX DILLON,ASM 423;
ELECTRO/MAX DILLON,ASM 425;
ELECTRO/MAX DILLON,ASM 82;
ELECTRO/MAX DILLON,ASM 9;
ELECTRO/MAX DILLON,ASM:FO 1;
ELECTRO/MAX DILLON,ASM:FO 2;
ELECTRO/MAX DILLON,ASM:FO 3;
ELECTRO/MAX DILLON,ASMU 9;
ELECTRO/MAX DILLON,ASPOT 26;
ELECTRO/MAX DILLON,DD 1;
ELECTRO/MAX DILLON,DD 2;
ELECTRO/MAX DILLON,DD 87;
ELECTRO/MAX DILLON,DD 89;
ELECTRO/MAX DILLON,DEF 63;
ELECTRO/MAX DILLON,DEF 64;
ELECTRO/MAX DILLON,FAL 3;
ELECTRO/MAX DILLON,FAL 4;
ELECTRO/MAX DILLON,FF 218;
ELECTRO/MAX DILLON,FF 3;
ELECTRO/MAX DILLON,M/CP 97/4;
ELECTRO/MAX DILLON,M/FAN 22;
ELECTRO/MAX DILLON,M/TIO 57;
ELECTRO/MAX DILLON,M/TU 56;
ELECTRO/MAX DILLON,OU 2;
ELECTRO/MAX DILLON,OU 3;
ELECTRO/MAX DILLON,PM&IF 113;
ELECTRO/MAX DILLON,PPSM2 12;
ELECTRO/MAX DILLON,PPSM2 17;
ELECTRO/MAX DILLON,PPTSS 134;
ELECTRO/MAX DILLON,PPTSS 135;
ELECTRO/MAX DILLON,PPTSS 136;
ELECTRO/MAX DILLON,PPTSS 157;
ELECTRO/MAX DILLON,PPTSS 38;
ELECTRO/MAX DILLON,PPTSS 39;
ELECTRO/MAX DILLON,PPTSS 42;
ELECTRO/MAX DILLON,PPTSS 66;
ELECTRO/MAX DILLON,S-M 18;
ELECTRO/MAX DILLON,S-M 19;
ELECTRO/MAX DILLON,S-M 20;
ELECTRO/MAX DILLON,S-M 21;
ELECTRO/MAX DILLON,S-M 22;
ELECTRO/MAX DILLON,S-M 23;
ELECTRO/MAX DILLON,SWII 7;
ELECTRO/MAX DILLON,UTSM 7;
ELECTRON,AWC 80;
ELECTRON,GUARD 1;
ELECTRON,GUARD 2;
ELECTRON,GUARD 3;
ELECTRON,Q 33;
ELECTRON,ROM 4;
ELECTRON,UX 107;
ELECTRON,UX 108;
ELECTRYON,XFOR 93;
ELEJEA,INH2 5;
ELEJEA,INH2 6;
ELEKTRA/ELEKTRA NATC,ASM 424;
ELEKTRA/ELEKTRA NATC,BIZADV 28;
ELEKTRA/ELEKTRA NATC,COH 2;
ELEKTRA/ELEKTRA NATC,DD 168;
ELEKTRA/ELEKTRA NATC,DD 169;
ELEKTRA/ELEKTRA NATC,DD 174;
ELEKTRA/ELEKTRA NATC,DD 175;
ELEKTRA/ELEKTRA NATC,DD 176;
ELEKTRA/ELEKTRA NATC,DD 177;
ELEKTRA/ELEKTRA NATC,DD 178;
ELEKTRA/ELEKTRA NATC,DD 179;
ELEKTRA/ELEKTRA NATC,DD 180;
ELEKTRA/ELEKTRA NATC,DD 181;
ELEKTRA/ELEKTRA NATC,DD 190;
ELEKTRA/ELEKTRA NATC,DD 330;
ELEKTRA/ELEKTRA NATC,DD 332;
ELEKTRA/ELEKTRA NATC,DD 375;
ELEKTRA/ELEKTRA NATC,E:A 1;
ELEKTRA/ELEKTRA NATC,E:A 2;
ELEKTRA/ELEKTRA NATC,E:A 3;
ELEKTRA/ELEKTRA NATC,E:A 4;
ELEKTRA/ELEKTRA NATC,E:A 5;
ELEKTRA/ELEKTRA NATC,E:A 6;
ELEKTRA/ELEKTRA NATC,E:A 7;
ELEKTRA/ELEKTRA NATC,E:A 8;
ELEKTRA/ELEKTRA NATC,ELEK 1;
ELEKTRA/ELEKTRA NATC,ELEK 11;
ELEKTRA/ELEKTRA NATC,ELEK 12;
ELEKTRA/ELEKTRA NATC,ELEK 13;
ELEKTRA/ELEKTRA NATC,ELEK 14;
ELEKTRA/ELEKTRA NATC,ELEK 15;
ELEKTRA/ELEKTRA NATC,ELEK 16;
ELEKTRA/ELEKTRA NATC,ELEK 17;
ELEKTRA/ELEKTRA NATC,ELEK 18;
ELEKTRA/ELEKTRA NATC,ELEK 19;
ELEKTRA/ELEKTRA NATC,ELEK2 1;
ELEKTRA/ELEKTRA NATC,E:ROE 3;
ELEKTRA/ELEKTRA NATC,S-M '98;
ELEKTRA/ELEKTRA NATC,W2 100;
ELEKTRA/ELEKTRA NATC,W2 101;
ELEKTRA/ELEKTRA NATC,W2 102;
ELEKTRA/ELEKTRA NATC,W2 104;
ELEKTRA | MUTANT X-V,MX '01;
ELEKTRA | MUTANT X-V,MX 11;
ELEKTRA | MUTANT X-V,MX 12;
ELEKTRA | MUTANT X-V,MX 15;
ELEKTRA | MUTANT X-V,MX 19;
ELEKTRA | MUTANT X-V,MX 2;
ELEKTRA | MUTANT X-V,MX 21;
ELEKTRA | MUTANT X-V,MX 22;
ELEKTRA | MUTANT X-V,MX 23;
ELEKTRA | MUTANT X-V,MX 6;
ELEKTRA | MUTANT X-V,MX 7;
ELEKTRA | MUTANT X-V,MX 8;
ELEKTRA | MUTANT X-V,MX 9;
EL GIBAR, ACHMED,UX 102;
EL GIBAR, ACHMED,UX 113;
ELITE/,PUN5 10;
ELITE/,PUN5 11;
ELITE/,PUN5 12;
ELITE/,PUN5 5;
ELITE/,PUN5 9;
EL JAGUAR,CA 319;
EL JAGUAR,DD 120;
EL JAGUAR,DD 121;
EL JAGUAR,DD 122;
EL JAGUAR,DD 123;
ELLENTHORPE, MARIAH,GAM3 1;
ELLENTHORPE, MARIAH,GAM3 2;
ELLINGTON, DR./TRAVI,M/CP 69/3;
ELLINGTON, DR./TRAVI,M/CP 70/3;
ELLIS, KEN,ASM 409;
ELLIS, KEN,ASM '96/2;
ELLIS, KEN,ASMU 11;
ELLIS, KEN,ASMU 13;
ELLIS, KEN,ASMU 14;
ELLIS, KEN,ASMU 22;
ELLIS, KEN,ASMU 8;
ELLIS, KEN,ASMU 9;
ELLIS, KEN,ASS 2;
ELLIS, KEN,DB 1;
ELLIS, KEN,DB 2;
ELLIS, KEN,DB 3;
ELLIS, KEN,PPTSS 225;
ELLIS, KEN,SCARSPI 1;
ELLIS, KEN,SCARSPI 2;
ELLIS, KEN,SENSM 7;
ELLIS, KEN,S-M 52;
ELLIS, KEN,S-M 53;
ELLIS, KEN,S-M 54;
ELLIS, KEN,S-M 66;
ELLIS, KEN,S-M 69;
ELLIS, KEN,S-M 75;
ELLIS, KEN,SM:FA 1;
ELLIS, KEN,SM:FA 2;
ELLIS, KEN,SM:FA 3;
ELLIS, KEN,SM:FA 4;
ELLIS, KEN,SSCARSPI 2;
ELLIS, KEN,WOSM 118;
ELLIS, KEN,WOSM 120;
ELLIS, KEN,WOSM 124;
ELLIS, KEN,WOSS 2;
ELO,Q 12;
ELSIE DEE,GENX 42;
ELSIE DEE,W2 37;
ELSIE DEE,W2 38;
ELSIE DEE,W2 39;
ELSIE DEE,W2 40;
ELSIE DEE,W2 41;
ELSIE DEE,W2 42;
ELSIE DEE,W2 43;
ELSIE DEE,W2 45;
ELSIE DEE,W2 46;
ELSIE DEE,W2 51;
ELSIE DEE,W2 52;
ELSIE DEE,W2 53;
ELSIE DEE,W2 82;
ELSIE DEE,W2 83;
ELSIE DEE,W2 84;
ELSIE DEE,W2 86;
EL TIGRE,KZ2 3;
EL TIGRE,KZ2 4;
EL TIGRE,KZ2 5;
EL TIGRE,UX 25;
EL TIGRE,UX 26;
EL TORO NEGRO/SERGIO,ASMU 14;
EL TORO NEGRO/SERGIO,ASS 2;
EL TORO NEGRO/SERGIO,GG 3;
EL TORO NEGRO/SERGIO,S-M 64;
EL TORO ROJO,T 290;
EL UNO,ASM 419;
EL UNO,ASM 420;
EL VAMPIRO,T 290;
ELWOOD,GENX 36;
ELWOOD,GENX 37;
ELWOOD,GENX 38;
ELWOOD,GENX 39;
ELYSIA,X 101;
ELYSIA,X 106;
ELYSIUS,A 230;
ELYSIUS,CM4 2;
ELYSIUS,CM4 5;
ELYSIUS,CM4 6;
ELYSIUS,CM5 14;
ELYSIUS,CM 59;
ELYSIUS,CM 60;
ELYSIUS,CM 61;
ELYSIUS,CM 62;
ELYSIUS,H2 245;
ELYSIUS,H2 247;
ELYSIUS,H2 248;
ELYSIUS,M/GN 1;
ELYSIUS,M/SPT2 1;
ELYSIUS,M/SPT2 2;
ELYSIUS,M/SPT2 3;
ELYSIUS,SS 6;
ELYSIUS,WLOCK2 1;
EMBER,A3 20;
EMBER,FW 11;
EMBER,FW 12;
EMBER,FW 4;
EMBER,FW 5;
EMBER,WARM 14;
EMPATH/MANUEL ALFONS,FS 2;
EMPATH/MANUEL ALFONS,FS 3;
EMPATH/MANUEL ALFONS,FS 4;
EMPATH/MANUEL ALFONS,NM 16;
EMPATH/MANUEL ALFONS,NM 17;
EMPATH/MANUEL ALFONS,NM 26;
EMPATH/MANUEL ALFONS,NM 28;
EMPATH/MANUEL ALFONS,NM 38;
EMPATH/MANUEL ALFONS,NM 39;
EMPATH/MANUEL ALFONS,NM 4;
EMPATH/MANUEL ALFONS,NM 40;
EMPATH/MANUEL ALFONS,NM 43;
EMPATH/MANUEL ALFONS,NM 53;
EMPATH/MANUEL ALFONS,NM 54;
EMPATH/MANUEL ALFONS,NM 56;
EMPATH/MANUEL ALFONS,NM 62;
EMPATH/MANUEL ALFONS,NM 81;
EMPATH/MANUEL ALFONS,UX 193;
EMPLATE/MARIUS ST. C,GENX 1;
EMPLATE/MARIUS ST. C,GENX 10;
EMPLATE/MARIUS ST. C,GENX 11;
EMPLATE/MARIUS ST. C,GENX 12;
EMPLATE/MARIUS ST. C,GENX 13;
EMPLATE/MARIUS ST. C,GENX 14;
EMPLATE/MARIUS ST. C,GENX 24;
EMPLATE/MARIUS ST. C,GENX 31;
EMPLATE/MARIUS ST. C,GENX 33;
EMPLATE/MARIUS ST. C,GENX 34;
EMPLATE/MARIUS ST. C,GENX 35;
EMPLATE/MARIUS ST. C,GENX 36;
EMPLATE/MARIUS ST. C,GENX 39;
EMPLATE/MARIUS ST. C,GENX 40;
EMPLATE/MARIUS ST. C,GENX 57;
EMPLATE/MARIUS ST. C,GENX 58;
EMPLATE/MARIUS ST. C,GENX '99;
EMPLATE/MARIUS ST. C,X:PRIME;
EMPRESS R'KILL [SKRU,FF 206;
EMPRESS R'KILL [SKRU,FF 209;
EMPRESS R'KILL [SKRU,UX 137;
EMPRESS S'BYLL [SKRU,FF 24/3;
EMPRESS S'BYLL [SKRU,IG 1;
EMPRESS S'BYLL [SKRU,IMSVS 1/7;
EMPRESS S'BYLL [SKRU,SS3 13;
EMPRESS S'BYLL [SKRU,SS3 25;
EMPRESS S'BYLL [SKRU,SS3 26;
EMPRESS S'BYLL [SKRU,SS3 27;
EMPRESS S'BYLL [SKRU,SS3 28;
EMPRESS S'BYLL [SKRU,SS3 29;
EMPRESS S'BYLL [SKRU,SS3 30;
EMPRESS S'BYLL [SKRU,SS3 31;
ENCHANTER,CM5 11;
ENCHANTRESS/AMORA/HE,A 1;
ENCHANTRESS/AMORA/HE,A 10;
ENCHANTRESS/AMORA/HE,A 100;
ENCHANTRESS/AMORA/HE,A 15;
ENCHANTRESS/AMORA/HE,A 16;
ENCHANTRESS/AMORA/HE,A 21;
ENCHANTRESS/AMORA/HE,A 22;
ENCHANTRESS/AMORA/HE,A 38;
ENCHANTRESS/AMORA/HE,A 7;
ENCHANTRESS/AMORA/HE,A 83;
ENCHANTRESS/AMORA/HE,A 84;
ENCHANTRESS/AMORA/HE,A 9;
ENCHANTRESS/AMORA/HE,CA3 34;
ENCHANTRESS/AMORA/HE,CA 449;
ENCHANTRESS/AMORA/HE,DAZZ 1;
ENCHANTRESS/AMORA/HE,DAZZ 16;
ENCHANTRESS/AMORA/HE,DAZZ 2;
ENCHANTRESS/AMORA/HE,DEF 107;
ENCHANTRESS/AMORA/HE,DEF 108;
ENCHANTRESS/AMORA/HE,DEF 109;
ENCHANTRESS/AMORA/HE,DEF 20;
ENCHANTRESS/AMORA/HE,DEF 4;
ENCHANTRESS/AMORA/HE,DRSTR3 12;
ENCHANTRESS/AMORA/HE,DRSTR3 13;
ENCHANTRESS/AMORA/HE,FF 3;
ENCHANTRESS/AMORA/HE,H2 102;
ENCHANTRESS/AMORA/HE,H2 142;
ENCHANTRESS/AMORA/HE,JIM 103;
ENCHANTRESS/AMORA/HE,JIM 104;
ENCHANTRESS/AMORA/HE,JIM 116;
ENCHANTRESS/AMORA/HE,JIM 117;
ENCHANTRESS/AMORA/HE,JIM 504;
ENCHANTRESS/AMORA/HE,JIM 505;
ENCHANTRESS/AMORA/HE,JIM 508;
ENCHANTRESS/AMORA/HE,JIM 509;
ENCHANTRESS/AMORA/HE,JIM 510;
ENCHANTRESS/AMORA/HE,JIM 511;
ENCHANTRESS/AMORA/HE,JIM 512;
ENCHANTRESS/AMORA/HE,JIM 513;
ENCHANTRESS/AMORA/HE,M/CP 38/2;
ENCHANTRESS/AMORA/HE,M/CP 39/2;
ENCHANTRESS/AMORA/HE,M/CP 40/2;
ENCHANTRESS/AMORA/HE,M/CP 41/2;
ENCHANTRESS/AMORA/HE,M/CP 42/2;
ENCHANTRESS/AMORA/HE,M/CP 43/2;
ENCHANTRESS/AMORA/HE,M/CP 44/2;
ENCHANTRESS/AMORA/HE,M/CP 45/2;
ENCHANTRESS/AMORA/HE,M/CP 66/4;
ENCHANTRESS/AMORA/HE,M/SHSW 1;
ENCHANTRESS/AMORA/HE,M/SHSW 11;
ENCHANTRESS/AMORA/HE,M/SHSW 12;
ENCHANTRESS/AMORA/HE,M/SHSW 2;
ENCHANTRESS/AMORA/HE,M/SHSW 3;
ENCHANTRESS/AMORA/HE,M/SHSW 4;
ENCHANTRESS/AMORA/HE,M/SHSW 5;
ENCHANTRESS/AMORA/HE,M/SHSW 6;
ENCHANTRESS/AMORA/HE,M/SHSW 7;
ENCHANTRESS/AMORA/HE,M/SHSW 8;
ENCHANTRESS/AMORA/HE,M/TIO 7;
ENCHANTRESS/AMORA/HE,NMSE 1;
ENCHANTRESS/AMORA/HE,T '01;
ENCHANTRESS/AMORA/HE,T2 26;
ENCHANTRESS/AMORA/HE,T2 27;
ENCHANTRESS/AMORA/HE,T2 29;
ENCHANTRESS/AMORA/HE,T2 33;
ENCHANTRESS/AMORA/HE,T2 34;
ENCHANTRESS/AMORA/HE,T2 35;
ENCHANTRESS/AMORA/HE,T2 36;
ENCHANTRESS/AMORA/HE,T2 38;
ENCHANTRESS/AMORA/HE,T2 39;
ENCHANTRESS/AMORA/HE,T 258;
ENCHANTRESS/AMORA/HE,T 259;
ENCHANTRESS/AMORA/HE,T 260;
ENCHANTRESS/AMORA/HE,T 263;
ENCHANTRESS/AMORA/HE,T 264;
ENCHANTRESS/AMORA/HE,T 277;
ENCHANTRESS/AMORA/HE,T 313;
ENCHANTRESS/AMORA/HE,T 350;
ENCHANTRESS/AMORA/HE,T 352;
ENCHANTRESS/AMORA/HE,T 353;
ENCHANTRESS/AMORA/HE,T 357;
ENCHANTRESS/AMORA/HE,T 359;
ENCHANTRESS/AMORA/HE,T 360;
ENCHANTRESS/AMORA/HE,T 367;
ENCHANTRESS/AMORA/HE,T 375;
ENCHANTRESS/AMORA/HE,T 376;
ENCHANTRESS/AMORA/HE,T 377;
ENCHANTRESS/AMORA/HE,T 378;
ENCHANTRESS/AMORA/HE,T 379;
ENCHANTRESS/AMORA/HE,T 383;
ENCHANTRESS/AMORA/HE,T 393;
ENCHANTRESS/AMORA/HE,T 398;
ENCHANTRESS/AMORA/HE,T 399;
ENCHANTRESS/AMORA/HE,T 400;
ENCHANTRESS/AMORA/HE,T 402;
ENCHANTRESS/AMORA/HE,T 403;
ENCHANTRESS/AMORA/HE,T 422;
ENCHANTRESS/AMORA/HE,T 427;
ENCHANTRESS/AMORA/HE,T 430;
ENCHANTRESS/AMORA/HE,T 431;
ENCHANTRESS/AMORA/HE,T 432;
ENCHANTRESS/AMORA/HE,T 433;
ENCHANTRESS/AMORA/HE,T 435;
ENCHANTRESS/AMORA/HE,T 437;
ENCHANTRESS/AMORA/HE,T 442;
ENCHANTRESS/AMORA/HE,T 448/2;
ENCHANTRESS/AMORA/HE,T 449;
ENCHANTRESS/AMORA/HE,T 450;
ENCHANTRESS/AMORA/HE,T 451/2;
ENCHANTRESS/AMORA/HE,T 452/2;
ENCHANTRESS/AMORA/HE,T 453/2;
ENCHANTRESS/AMORA/HE,T 454;
ENCHANTRESS/AMORA/HE,T 454/2;
ENCHANTRESS/AMORA/HE,T 455;
ENCHANTRESS/AMORA/HE,T 456/2;
ENCHANTRESS/AMORA/HE,T 491;
ENCHANTRESS/AMORA/HE,T 492;
ENCHANTRESS/AMORA/HE,T 493;
ENCHANTRESS/AMORA/HE,T 494;
ENCHANTRESS/AMORA/HE,T 495;
ENCHANTRESS/AMORA/HE,T 496;
ENCHANTRESS/AMORA/HE,T 498;
ENCHANTRESS/AMORA/HE,T 500;
ENCHANTRESS/AMORA/HE,T 501;
ENCHANTRESS/AMORA/HE,T 502;
ENCHANTRESS/AMORA/HE,TB '00;
ENCHANTRESS/AMORA/HE,TB 47;
ENCHANTRESS/AMORA/HE,V&SW2 9;
ENCHANTRESS/AMORA/HE,WM2 2;
ENDO, DR. SUZI,FW 16;
ENDO, DR. SUZI,FW 21;
ENDO, DR. SUZI,FW 22;
ENDO, DR. SUZI,IM 312;
ENDO, DR. SUZI,IM 321;
ENFORCER/DELAZNY,GR2 22;
ENFORCER/DELAZNY,GR2 23;
ENFORCER/DELAZNY,GR2 24;
ENFORCER/DELAZNY,GR2 58;
ENFORCER/DELAZNY,IM 194;
ENFORCER/DELAZNY,S-W 19;
ENFORCER/DELAZNY,S-W 27;
ENFORCER/DELAZNY,S-W 28;
ENFORCER/DELAZNY,S-W 29;
ENFORCER/DELAZNY,S-W 30;
ENFORCER/DELAZNY,S-W 50;
ENGLEHART, STEVE,AA2 16;
ENGLEHART, STEVE,T 207;
ENRAGED,NW 27;
ENRAKT,T2 14;
ENRAKT,T2 15;
ENRAKT,T2 16;
ENRAKT,T2 17;
ENRAKT,T2 18;
ENRAKT,T2 19;
ENRAKT,T2 20;
ENTITY II,UX 352;
ENTITY,UX 106;
ENTITY,X&M 1;
ENTITY,X&M 2;
ENTITY,X&M 3;
ENTITY,X&M 4;
ENT,WOSM 77;
ENT,WOSM 78;
EON,A 302;
EON,CM5 14;
EON,Q 10;
EON,Q 12;
EON,Q 13;
EON,Q 16;
EON,Q 17;
EON,Q 19;
EON,Q 2;
EON,Q 20;
EON,Q 22;
EON,Q 23;
EON,Q 3;
EON,Q 4;
EON,Q 42;
EON,Q 43;
EON,Q 5;
EON,Q 6;
EON,Q 7;
EON,Q 8;
EON,Q 9;
EON,WIW 1;
EPHESUS,W/P 3;
EPHESUS,W/P 4;
EPOCH,IG 2;
EPOCH,IG 3;
EPOCH,IG 5;
EPOCH,IG 6;
EPOCH,Q 27;
EPOCH,Q 32;
EPOCH,Q 33;
EPOCH,Q 34;
EPOCH,Q 35;
EPOCH,Q 36;
EPOCH,Q 37;
EPOCH,Q 39;
EPSTEIN, MORRIS,SLEEP 1;
EPSTEIN, MRS.,SLEEP 1;
EPSTEIN, PROF. NORA,SM:LY 1;
EPURER, GISCARD,NOM2 1;
EPURER, GISCARD,NOM2 6;
EQUILIBRIUS,A 105;
EQUILIBRIUS,UX 62;
EQUILIBRIUS,W2 69;
EQUINOX/TERRY SORENS,GSS-M 1;
EQUINOX/TERRY SORENS,M/TU 23;
EQUINOX/TERRY SORENS,M/TU 59;
EQUINOX/TERRY SORENS,M/TU 60;
ERBIUM,A 188;
ERBIUM,TB 6;
ERG,PP 12;
ERG,PP 19;
ERG,PP 27;
ERG,UX 195;
ERG,XF 10;
ERG,XF 11;
ERG,XF 12;
ERG,XF 15;
ERIC THE RED II,UX 350;
ERIC THE RED [SHI'AR,CHAMP 17;
ERIC THE RED [SHI'AR,CM4 2;
ERIC THE RED [SHI'AR,CM4 3;
ERIC THE RED [SHI'AR,CX 13;
ERIC THE RED [SHI'AR,CX 5;
ERIC THE RED [SHI'AR,SVTU 14;
ERIC THE RED [SHI'AR,UX 103;
ERIC THE RED [SHI'AR,UX 104;
ERIC THE RED [SHI'AR,UX 105;
ERIC THE RED [SHI'AR,UX 107;
ERIC THE RED [SHI'AR,UX 97;
ERIC THE RED [SHI'AR,X 2;
ERISHKIGEL II/HOLLY,Q 30;
ERISHKIGEL II/HOLLY,Q 35;
ERISHKIGEL II/HOLLY,Q 36;
ERISHKIGEL II/HOLLY,Q 37;
ERISHKIGEL II/HOLLY,Q 38;
ERISHKIGEL II/HOLLY,Q 39;
ERISHKIGEL II/HOLLY,Q 40;
ERISHKIGEL II/HOLLY,Q 41;
ERISHKIGEL II/HOLLY,Q 42;
ERISHKIGEL II/HOLLY,Q 43;
ERISHKIGEL II/HOLLY,T 283;
ERISHKIGEL II/HOLLY,T 284;
ERISHKIGEL,T 10;
EROS,M/SH3 9;
EROS,S-H2 36;
EROS,S-H2 38;
EROS,S-H2 39;
ERWIN, CLYTEMNESTRA,IM 171;
ERWIN, CLYTEMNESTRA,IM 175;
ERWIN, CLYTEMNESTRA,IM 177;
ERWIN, CLYTEMNESTRA,IM 179;
ERWIN, CLYTEMNESTRA,IM 183;
ERWIN, CLYTEMNESTRA,IM 184;
ERWIN, CLYTEMNESTRA,IM 185;
ERWIN, CLYTEMNESTRA,IM 186;
ERWIN, CLYTEMNESTRA,IM 187;
ERWIN, CLYTEMNESTRA,IM 188;
ERWIN, CLYTEMNESTRA,IM 189;
ERWIN, CLYTEMNESTRA,IM 190;
ERWIN, CLYTEMNESTRA,IM 191;
ERWIN, CLYTEMNESTRA,IM 192;
ERWIN, CLYTEMNESTRA,IM 194;
ERWIN, CLYTEMNESTRA,IM 196;
ERWIN, CLYTEMNESTRA,IM 197;
ERWIN, CLYTEMNESTRA,IM 198;
ERWIN, CLYTEMNESTRA,IM 199;
ERWIN, CLYTEMNESTRA,IM 200;
ERWIN, CLYTEMNESTRA,IM 201;
ERWIN, CLYTEMNESTRA,IM 203;
ERWIN, CLYTEMNESTRA,IM 204;
ERWIN, CLYTEMNESTRA,IM 205;
ERWIN, CLYTEMNESTRA,IM 206;
ERWIN, CLYTEMNESTRA,IM 207;
ERWIN, CLYTEMNESTRA,IM 208;
ERWIN, CLYTEMNESTRA,IM 209;
ERWIN, CLYTEMNESTRA,IM 211;
ERWIN, CLYTEMNESTRA,IM 212;
ERWIN, CLYTEMNESTRA,IM 213;
ERWIN, CLYTEMNESTRA,IM 215;
ERWIN, CLYTEMNESTRA,IM 216;
ERWIN, MORLEY,IM 169;
ERWIN, MORLEY,IM 170;
ERWIN, MORLEY,IM 171;
ERWIN, MORLEY,IM 172;
ERWIN, MORLEY,IM 174;
ERWIN, MORLEY,IM 175;
ERWIN, MORLEY,IM 176;
ERWIN, MORLEY,IM 177;
ERWIN, MORLEY,IM 178/2;
ERWIN, MORLEY,IM 179;
ERWIN, MORLEY,IM 181;
ERWIN, MORLEY,IM 182;
ERWIN, MORLEY,IM 183;
ERWIN, MORLEY,IM 184;
ERWIN, MORLEY,IM 185;
ERWIN, MORLEY,IM 186;
ERWIN, MORLEY,IM 187;
ERWIN, MORLEY,IM 188;
ERWIN, MORLEY,IM 189;
ERWIN, MORLEY,IM 190;
ERWIN, MORLEY,IM 191;
ERWIN, MORLEY,IM 192;
ERWIN, MORLEY,IM 194;
ERWIN, MORLEY,IM 196;
ERWIN, MORLEY,IM 197;
ERWIN, MORLEY,IM 198;
ERWIN, MORLEY,IM 199;
ERWIN, MORLEY,IM 6;
ERWIN, MORLEY,IM 7;
ERWIN, MORLEY,M/TU 145;
ESON [CELESTIAL],E 10;
ESON [CELESTIAL],E 7;
ESON [CELESTIAL],E 9;
ESON [CELESTIAL],FF 23;
ESON [CELESTIAL],HR:R 4;
ESON [CELESTIAL],T 300;
ESON [CELESTIAL],T 424;
ESON [CELESTIAL],WI 23/2;
ESON II,INH3 4;
ESSEX,C2 26;
ESSEX, REBECCA,C&P2 1;
ESSEX, REBECCA,C&P2 2;
ESSEX, REBECCA,C&P2 3;
ESTAVES, DR. ROSA,S-W3 16;
ESTAVES, DR. ROSA,S-W3 17;
ESTAVES, DR. ROSA,S-W3 18;
ESTAVES, MARIE,S-W3 17;
ESTAVES, MARIE,S-W3 18;
ETERNAL BRAIN/PROFES,M/:LG 10;
ETERNAL BRAIN/PROFES,M/:LG 11;
ETERNAL BRAIN/PROFES,M/:LG 12;
ETERNAL BRAIN/PROFES,M/:LG 9;
ETERNAL BRAIN/PROFES,RED RAVEN COMICS 9;
ETERNITY/ADAM QADMON,A 173;
ETERNITY/ADAM QADMON,A 177;
ETERNITY/ADAM QADMON,AI 4;
ETERNITY/ADAM QADMON,DAMCON3 4;
ETERNITY/ADAM QADMON,DEF 92;
ETERNITY/ADAM QADMON,DRSTR 180;
ETERNITY/ADAM QADMON,DRSTR 181;
ETERNITY/ADAM QADMON,DRSTR 182;
ETERNITY/ADAM QADMON,DRSTR 183;
ETERNITY/ADAM QADMON,DRSTR2 10;
ETERNITY/ADAM QADMON,DRSTR2 11;
ETERNITY/ADAM QADMON,DRSTR2 12;
ETERNITY/ADAM QADMON,DRSTR2 13;
ETERNITY/ADAM QADMON,DRSTR2 4;
ETERNITY/ADAM QADMON,DRSTR2 56;
ETERNITY/ADAM QADMON,DRSTR3 36;
ETERNITY/ADAM QADMON,DRSTR3 47;
ETERNITY/ADAM QADMON,FF '01;
ETERNITY/ADAM QADMON,FF 262;
ETERNITY/ADAM QADMON,FF 27/2;
ETERNITY/ADAM QADMON,FF3 8;
ETERNITY/ADAM QADMON,HR:R 4;
ETERNITY/ADAM QADMON,IG 3;
ETERNITY/ADAM QADMON,IG 4;
ETERNITY/ADAM QADMON,IG 5;
ETERNITY/ADAM QADMON,IW 1;
ETERNITY/ADAM QADMON,IW 3;
ETERNITY/ADAM QADMON,IW 4;
ETERNITY/ADAM QADMON,IW 5;
ETERNITY/ADAM QADMON,IW 6;
ETERNITY/ADAM QADMON,M/HOL 1994/4;
ETERNITY/ADAM QADMON,MK3 44;
ETERNITY/ADAM QADMON,Q 25;
ETERNITY/ADAM QADMON,Q 37;
ETERNITY/ADAM QADMON,Q 38;
ETERNITY/ADAM QADMON,SS3 10;
ETERNITY/ADAM QADMON,ST 138/2;
ETERNITY/ADAM QADMON,ST 146/2;
ETERNITY/ADAM QADMON,SWII 6;
ETERNITY/ADAM QADMON,SWII 7;
ETERNITY/ADAM QADMON,WIW 1;
ETERNITY/ADAM QADMON,WIW 11;
ETERNITY/ADAM QADMON,WIW 9;
ETERNITY/ADAM QADMON,XMF 6;
ETUBAN,KZ4 16;
ETUBAN,KZ4 17;
ETUBAN,KZ4 20;
ETZION, GENERAL,XCAL 121;
EUROPIUM,TB 7;
EUROPIUM,TB 8;
EVANS, DORIS,ASM 17;
EVANS, DORIS,ASM 21;
EVANS, DORIS,ASM 8/2;
EVANS, DORIS,FF 134;
EVANS, DORIS,ST 113;
EVANS, DORIS,ST 114;
EVANS, DORIS,ST 119;
EVANS, DORIS,ST 120;
EVANS, DORIS,ST 121;
EVANS, DORIS,ST 123;
EVANS, DORIS,ST 124;
EVANS, DORIS,ST 129;
EVANS, DORIS,ST 130;
EVANS, DORIS,ST 132;
EVANS, DORIS,ST 133;
EVE 3,031,AA2 27;
EVE 3,031,AA2 28;
EVE 3,031,AA2 29;
EVE 3,031,AA2 31;
EVERETT, BILL,DD2 8;
EVER,UX 339;
EVERWRAITH/,S&BH6 1;
EVERWRAITH/,S&BH6 2;
EVERWRAITH/,S&BH6 3;
EVER,XF 139;
EVER,XF 143;
EVER,XF 144;
EVERY-MAN,AF 78;
EVERY-MAN,CA 267;
EVERY-MAN,CA 390/2;
EVERY-MAN,CA 393;
EVERY-MAN,CA 442;
EVERY-MAN,M/TU 132;
EVILHAWK/DARGIN BOKK,DHAWK 23;
EVILHAWK/DARGIN BOKK,DHAWK 24;
EVILHAWK/DARGIN BOKK,DHAWK 25;
EXALTED ONE,GAM3 15;
EXALT,FF3 1;
EXECUTIONER III/BRUT,T 402;
EXECUTIONER III/BRUT,T 403;
EXECUTIONER II/SKURG,A 1;
EXECUTIONER II/SKURG,A 10;
EXECUTIONER II/SKURG,A 15;
EXECUTIONER II/SKURG,A 16;
EXECUTIONER II/SKURG,A 7;
EXECUTIONER II/SKURG,A 83;
EXECUTIONER II/SKURG,A 9;
EXECUTIONER II/SKURG,DEF 20;
EXECUTIONER II/SKURG,DEF 4;
EXECUTIONER II/SKURG,FF 3;
EXECUTIONER II/SKURG,FF 405;
EXECUTIONER II/SKURG,H2 102;
EXECUTIONER II/SKURG,JIM 103;
EXECUTIONER II/SKURG,JIM 104;
EXECUTIONER II/SKURG,JIM 116;
EXECUTIONER II/SKURG,JIM 117;
EXECUTIONER II/SKURG,M/TIO 7;
EXECUTIONER II/SKURG,NM 83;
EXECUTIONER II/SKURG,NM 85;
EXECUTIONER II/SKURG,T2 35;
EXECUTIONER II/SKURG,T 258;
EXECUTIONER II/SKURG,T 259;
EXECUTIONER II/SKURG,T 260;
EXECUTIONER II/SKURG,T 263;
EXECUTIONER II/SKURG,T 264;
EXECUTIONER II/SKURG,T 277;
EXECUTIONER II/SKURG,T 350;
EXECUTIONER II/SKURG,T 351;
EXECUTIONER II/SKURG,T 352;
EXECUTIONER II/SKURG,T 359;
EXECUTIONER II/SKURG,T 360;
EXECUTIONER II/SKURG,T 361;
EXECUTIONER II/SKURG,T 362;
EXECUTIONER II/SKURG,T 382;
EXECUTIONER II/SKURG,T 402;
EXECUTIONER II/SKURG,T 440;
EXECUTIONER II/SKURG,TS 23;
EXECUTIONER II/SKURG,TS 24;
EXECUTIONER II/SKURG,TTA 76;
EXECUTIONER II/SKURG,TTA 77;
EXECUTIONER IV,XCAL 52;
EXECUTIONER IV,XCAL 54;
EXECUTIONER,JIM 84;
EXECUTIONER V,DRSTR3 12;
EXETER, LT.,NW 56;
EXILE,M/CP 66/3;
EXILE,M/CP 67/3;
EXILE,M/CP 68/3;
EXITAR,T 387;
EXITAR,T 388;
EXITAR,T 389;
EXODUS/BENNET DUPARI,A 381;
EXODUS/BENNET DUPARI,BK:E;
EXODUS/BENNET DUPARI,C2 30;
EXODUS/BENNET DUPARI,HFH 16;
EXODUS/BENNET DUPARI,HFH 17;
EXODUS/BENNET DUPARI,HFH 8;
EXODUS/BENNET DUPARI,HFH 9;
EXODUS/BENNET DUPARI,HFH '98;
EXODUS/BENNET DUPARI,QS 1;
EXODUS/BENNET DUPARI,QS 11;
EXODUS/BENNET DUPARI,QS 12;
EXODUS/BENNET DUPARI,QS 6;
EXODUS/BENNET DUPARI,QS 7;
EXODUS/BENNET DUPARI,QS 8;
EXODUS/BENNET DUPARI,UX 315;
EXODUS/BENNET DUPARI,UX '99;
EXODUS/BENNET DUPARI,X 42;
EXODUS/BENNET DUPARI,X 43;
EXODUS/BENNET DUPARI,XM 14;
EXODUS/BENNET DUPARI,X:PRIME;
EXPEDITER II/ZOE CUL,DPOOL3 10;
EXPEDITER II/ZOE CUL,DPOOL3 12;
EXPEDITER II/ZOE CUL,DPOOL3 13;
EXPEDITER II/ZOE CUL,DPOOL3 14;
EXPEDITER II/ZOE CUL,DPOOL3 15;
EXPEDITER II/ZOE CUL,DPOOL3 19;
EXPEDITER II/ZOE CUL,DPOOL3 21;
EXPEDITER II/ZOE CUL,DPOOL3 22;
EXPEDITER II/ZOE CUL,DPOOL3 23;
EXPEDITER II/ZOE CUL,DPOOL3 24;
EXPEDITER II/ZOE CUL,DPOOL3 25;
EXPEDITER II/ZOE CUL,DPOOL3 31;
EXPEDITER II/ZOE CUL,UX 332;
EXPEDITER II/ZOE CUL,W2 100;
EXPEDITER II/ZOE CUL,W2 92;
EXPEDITER II/ZOE CUL,W2 93;
EXPEDITER II/ZOE CUL,W2 94;
EXPEDITER II/ZOE CUL,W2 96;
EXPEDITER II/ZOE CUL,W2 97;
EXPEDITER II/ZOE CUL,W2 98;
EXPEDITER II/ZOE CUL,W2 99;
EXPEDITER/JOHN WRAIT,MAV;
EXPEDITER/JOHN WRAIT,W2 60;
EXPEDITER/JOHN WRAIT,W2 61;
EXPEDITER/JOHN WRAIT,W2 62;
EXPEDITER/JOHN WRAIT,W2 63;
EXPEDITER/JOHN WRAIT,W2 64;
EXPEDITER/JOHN WRAIT,W2 65;
EZEKEEL,PUN4 3;
FACADE,WOSM 113;
FACADE,WOSM 114;
FACADE,WOSM 115;
FACADE,WOSM 116;
FACE/COL. EISEN,INV 13;
FAGIN,BHOOD 1;
FAGIN,BHOOD 2;
FAHE,CX 21/2;
FAHE,UX 114;
FAIRMONT, AMANDA MAN,T2 1;
FAIRMONT, AMANDA MAN,T2 3;
FAIRMONT, AMANDA MAN,T2 34;
FAIRMONT, AMANDA MAN,T2 35;
FAIRMONT, AMANDA MAN,T2 39;
FAIRMONT, AMANDA MAN,T2 4;
FAIRMONT, AMANDA MAN,T2 6;
FAIRMONT, AMANDA MAN,T2 9;
FAIRMONT, HANNAH,PPSM2 2;
FAIRMONT, HANNAH,T '00;
FAIRMONT, HANNAH,T2 1;
FAIRMONT, HANNAH,T2 10;
FAIRMONT, HANNAH,T2 12;
FAIRMONT, HANNAH,T2 14;
FAIRMONT, HANNAH,T2 15;
FAIRMONT, HANNAH,T2 16;
FAIRMONT, HANNAH,T2 18;
FAIRMONT, HANNAH,T2 2;
FAIRMONT, HANNAH,T2 20;
FAIRMONT, HANNAH,T2 21;
FAIRMONT, HANNAH,T2 26;
FAIRMONT, HANNAH,T2 29;
FAIRMONT, HANNAH,T2 3;
FAIRMONT, HANNAH,T2 30;
FAIRMONT, HANNAH,T2 31;
FAIRMONT, HANNAH,T2 34;
FAIRMONT, HANNAH,T2 35;
FAIRMONT, HANNAH,T2 36;
FAIRMONT, HANNAH,T2 39;
FAIRMONT, HANNAH,T2 4;
FAIRMONT, HANNAH,T2 5;
FAIRMONT, HANNAH,T2 6;
FAIRMONT, HANNAH,T2 9;
FAITH,Q 26;
FALCONA [INHUMAN],FF 83;
FALCONA [INHUMAN],H 1;
FALCONA [INHUMAN],H2 119;
FALCONA [INHUMAN],INH 4;
FALCONA [INHUMAN],INH 5;
FALCONA [INHUMAN],INH 6;
FALCONER, CALVIN,SM:FA 1;
FALCONER, CALVIN,SM:FA 2;
FALCONER, CALVIN,SM:FA 3;
FALCONER, CALVIN,SM:FA 4;
FALCON/SAM WILSON,A 146;
FALCON/SAM WILSON,A 17;
FALCON/SAM WILSON,A 183;
FALCON/SAM WILSON,A 184;
FALCON/SAM WILSON,A 185;
FALCON/SAM WILSON,A 186;
FALCON/SAM WILSON,A 187;
FALCON/SAM WILSON,A 188;
FALCON/SAM WILSON,A 189;
FALCON/SAM WILSON,A 190;
FALCON/SAM WILSON,A 191;
FALCON/SAM WILSON,A 192;
FALCON/SAM WILSON,A 19/3;
FALCON/SAM WILSON,A 193;
FALCON/SAM WILSON,A 194;
FALCON/SAM WILSON,A 19/5;
FALCON/SAM WILSON,A 305;
FALCON/SAM WILSON,A3 1;
FALCON/SAM WILSON,A 312;
FALCON/SAM WILSON,A3 2;
FALCON/SAM WILSON,A3 27;
FALCON/SAM WILSON,A 329;
FALCON/SAM WILSON,A3 3;
FALCON/SAM WILSON,A 330;
FALCON/SAM WILSON,A 332;
FALCON/SAM WILSON,A 333;
FALCON/SAM WILSON,A3 4;
FALCON/SAM WILSON,A 341;
FALCON/SAM WILSON,A 342;
FALCON/SAM WILSON,A 345;
FALCON/SAM WILSON,A 387;
FALCON/SAM WILSON,A 388;
FALCON/SAM WILSON,A 88;
FALCON/SAM WILSON,ASM 287;
FALCON/SAM WILSON,ASM 288;
FALCON/SAM WILSON,AWC 55;
FALCON/SAM WILSON,AWC 81;
FALCON/SAM WILSON,BP3 16;
FALCON/SAM WILSON,BP3 17;
FALCON/SAM WILSON,CA 11/3;
FALCON/SAM WILSON,CA 117;
FALCON/SAM WILSON,CA 118;
FALCON/SAM WILSON,CA 119;
FALCON/SAM WILSON,CA 120;
FALCON/SAM WILSON,CA 126;
FALCON/SAM WILSON,CA 132;
FALCON/SAM WILSON,CA 133;
FALCON/SAM WILSON,CA 134;
FALCON/SAM WILSON,CA 135;
FALCON/SAM WILSON,CA 136;
FALCON/SAM WILSON,CA 137;
FALCON/SAM WILSON,CA 138;
FALCON/SAM WILSON,CA 139;
FALCON/SAM WILSON,CA 140;
FALCON/SAM WILSON,CA 141;
FALCON/SAM WILSON,CA 142;
FALCON/SAM WILSON,CA 143;
FALCON/SAM WILSON,CA 144;
FALCON/SAM WILSON,CA 145;
FALCON/SAM WILSON,CA 146;
FALCON/SAM WILSON,CA 147;
FALCON/SAM WILSON,CA 148;
FALCON/SAM WILSON,CA 149;
FALCON/SAM WILSON,CA 150;
FALCON/SAM WILSON,CA 151;
FALCON/SAM WILSON,CA 152;
FALCON/SAM WILSON,CA 153;
FALCON/SAM WILSON,CA 154;
FALCON/SAM WILSON,CA 155;
FALCON/SAM WILSON,CA 156;
FALCON/SAM WILSON,CA 157;
FALCON/SAM WILSON,CA 158;
FALCON/SAM WILSON,CA 159;
FALCON/SAM WILSON,CA 160;
FALCON/SAM WILSON,CA 161;
FALCON/SAM WILSON,CA 162;
FALCON/SAM WILSON,CA 163;
FALCON/SAM WILSON,CA 164;
FALCON/SAM WILSON,CA 165;
FALCON/SAM WILSON,CA 166;
FALCON/SAM WILSON,CA 167;
FALCON/SAM WILSON,CA 168;
FALCON/SAM WILSON,CA 169;
FALCON/SAM WILSON,CA 170;
FALCON/SAM WILSON,CA 171;
FALCON/SAM WILSON,CA 172;
FALCON/SAM WILSON,CA 173;
FALCON/SAM WILSON,CA 174;
FALCON/SAM WILSON,CA 175;
FALCON/SAM WILSON,CA 176;
FALCON/SAM WILSON,CA 177;
FALCON/SAM WILSON,CA 178;
FALCON/SAM WILSON,CA 179;
FALCON/SAM WILSON,CA 180;
FALCON/SAM WILSON,CA 181;
FALCON/SAM WILSON,CA 182;
FALCON/SAM WILSON,CA 183;
FALCON/SAM WILSON,CA 184;
FALCON/SAM WILSON,CA 185;
FALCON/SAM WILSON,CA 186;
FALCON/SAM WILSON,CA 187;
FALCON/SAM WILSON,CA 188;
FALCON/SAM WILSON,CA 189;
FALCON/SAM WILSON,CA 190;
FALCON/SAM WILSON,CA 191;
FALCON/SAM WILSON,CA 193;
FALCON/SAM WILSON,CA 194;
FALCON/SAM WILSON,CA 195;
FALCON/SAM WILSON,CA 196;
FALCON/SAM WILSON,CA 197;
FALCON/SAM WILSON,CA 198;
FALCON/SAM WILSON,CA 199;
FALCON/SAM WILSON,CA 200;
FALCON/SAM WILSON,CA 201;
FALCON/SAM WILSON,CA 202;
FALCON/SAM WILSON,CA 203;
FALCON/SAM WILSON,CA 204;
FALCON/SAM WILSON,CA 205;
FALCON/SAM WILSON,CA 206;
FALCON/SAM WILSON,CA 207;
FALCON/SAM WILSON,CA 208;
FALCON/SAM WILSON,CA 209;
FALCON/SAM WILSON,CA 210;
FALCON/SAM WILSON,CA2 10;
FALCON/SAM WILSON,CA2 11;
FALCON/SAM WILSON,CA 213;
FALCON/SAM WILSON,CA 214;
FALCON/SAM WILSON,CA 215;
FALCON/SAM WILSON,CA 217;
FALCON/SAM WILSON,CA 218;
FALCON/SAM WILSON,CA2 2;
FALCON/SAM WILSON,CA 220/2;
FALCON/SAM WILSON,CA2 3;
FALCON/SAM WILSON,CA 230;
FALCON/SAM WILSON,CA 231;
FALCON/SAM WILSON,CA 237;
FALCON/SAM WILSON,CA2 4;
FALCON/SAM WILSON,CA2 5;
FALCON/SAM WILSON,CA 261;
FALCON/SAM WILSON,CA 272;
FALCON/SAM WILSON,CA 275;
FALCON/SAM WILSON,CA 276/2;
FALCON/SAM WILSON,CA 277/2;
FALCON/SAM WILSON,CA 278/2;
FALCON/SAM WILSON,CA 282;
FALCON/SAM WILSON,CA 284;
FALCON/SAM WILSON,CA 290;
FALCON/SAM WILSON,CA 296;
FALCON/SAM WILSON,CA 297;
FALCON/SAM WILSON,CA 298;
FALCON/SAM WILSON,CA 299;
FALCON/SAM WILSON,CA 300;
FALCON/SAM WILSON,CA 301;
FALCON/SAM WILSON,CA 309;
FALCON/SAM WILSON,CA 317;
FALCON/SAM WILSON,CA3 25;
FALCON/SAM WILSON,CA3 26;
FALCON/SAM WILSON,CA3 27;
FALCON/SAM WILSON,CA 332;
FALCON/SAM WILSON,CA3 33;
FALCON/SAM WILSON,CA3 34;
FALCON/SAM WILSON,CA 336;
FALCON/SAM WILSON,CA 337;
FALCON/SAM WILSON,CA 338;
FALCON/SAM WILSON,CA 339;
FALCON/SAM WILSON,CA 340;
FALCON/SAM WILSON,CA 342;
FALCON/SAM WILSON,CA 343;
FALCON/SAM WILSON,CA 345;
FALCON/SAM WILSON,CA 350/2;
FALCON/SAM WILSON,CA 355;
FALCON/SAM WILSON,CA 383;
FALCON/SAM WILSON,CA 400/2;
FALCON/SAM WILSON,CA 401;
FALCON/SAM WILSON,CA 408/3;
FALCON/SAM WILSON,CA 409;
FALCON/SAM WILSON,CA 410;
FALCON/SAM WILSON,CA 439;
FALCON/SAM WILSON,CA 440;
FALCON/SAM WILSON,CA 441;
FALCON/SAM WILSON,CA 443;
FALCON/SAM WILSON,CA:SL2 8;
FALCON/SAM WILSON,CA:SL2 9;
FALCON/SAM WILSON,COC 1;
FALCON/SAM WILSON,COH 3;
FALCON/SAM WILSON,DEF 62;
FALCON/SAM WILSON,DEF 63;
FALCON/SAM WILSON,DEF 64;
FALCON/SAM WILSON,FALC 1;
FALCON/SAM WILSON,FALC 2;
FALCON/SAM WILSON,FALC 3;
FALCON/SAM WILSON,FALC 4;
FALCON/SAM WILSON,FF 14;
FALCON/SAM WILSON,FW 10/2;
FALCON/SAM WILSON,H2 232;
FALCON/SAM WILSON,H2 278;
FALCON/SAM WILSON,H2 279;
FALCON/SAM WILSON,H2 388;
FALCON/SAM WILSON,H2 445;
FALCON/SAM WILSON,HR:R 3;
FALCON/SAM WILSON,HR:R 4;
FALCON/SAM WILSON,IM 125;
FALCON/SAM WILSON,IM 39;
FALCON/SAM WILSON,M/CP 23/3;
FALCON/SAM WILSON,M/PRM 49;
FALCON/SAM WILSON,M/SH3 12/2;
FALCON/SAM WILSON,M/SH3 13/2;
FALCON/SAM WILSON,MSH3 2/7;
FALCON/SAM WILSON,M/TU 114;
FALCON/SAM WILSON,M/TU 30;
FALCON/SAM WILSON,M/TU 52;
FALCON/SAM WILSON,M/TU 71;
FALCON/SAM WILSON,O:MU;
FALCON/SAM WILSON,PM&IF 112;
FALCON/SAM WILSON,PM&IF 113;
FALCON/SAM WILSON,PM&IF 121;
FALCON/SAM WILSON,PM&IF 123;
FALCON/SAM WILSON,PM&IF 125;
FALCON/SAM WILSON,SOLOA 6/2;
FALCON/SAM WILSON,W2 134;
FALCON/SAM WILSON,WCA 1;
FALK, DR. JENNIE,AWC 67;
FALLEN | MUTANT X-VE,MX '00;
FALLEN | MUTANT X-VE,MX 1;
FALLEN | MUTANT X-VE,MX 10;
FALLEN | MUTANT X-VE,MX 11;
FALLEN | MUTANT X-VE,MX 12;
FALLEN | MUTANT X-VE,MX 19;
FALLEN | MUTANT X-VE,MX 2;
FALLEN | MUTANT X-VE,MX 22;
FALLEN | MUTANT X-VE,MX 3;
FALLEN | MUTANT X-VE,MX 32;
FALLEN | MUTANT X-VE,MX 5;
FALLEN | MUTANT X-VE,MX 6;
FALLEN | MUTANT X-VE,MX 7;
FALLEN | MUTANT X-VE,MX 8;
FALLEN | MUTANT X-VE,MX 9;
FALLEN | MUTANT X-VE,MX '99;
FALLON, HOWARD,M/CP 85/2;
FALLON, HOWARD,M/CP 86/2;
FALLON, HOWARD,M/CP 87/2;
FALLON, MEG,M/CP 82/2;
FALLON, MEG,M/CP 85/2;
FALLON, MEG,M/CP 86/2;
FALLON, MEG,M/CP 87/2;
FALLON, RIGBY,KPAOS 1;
FALLON, RIGBY,KPAOS 2;
FALLON, RIGBY,KPAOS 3;
FALLON, RIGBY,XCAL 117;
FALSWORTH, KENNETH,M/CP 89/3;
FALZON,CM 53;
FALZON,INH 10;
FALZON,INH 11;
FALZON,INH 12;
FALZON,INH 3;
FALZON,INH 4;
FALZON,INH 5;
FALZON,INH 7;
FALZON,INH 8;
FALZON,PPTSS 11;
FAMINE/AUTUMN ROLFSO,CA 339;
FAMINE/AUTUMN ROLFSO,UX 294;
FAMINE/AUTUMN ROLFSO,UX 295;
FAMINE/AUTUMN ROLFSO,XF 12;
FAMINE/AUTUMN ROLFSO,XF 15;
FAMINE/AUTUMN ROLFSO,XF 17;
FAMINE/AUTUMN ROLFSO,XF 19;
FAMINE/AUTUMN ROLFSO,XF 21;
FAMINE/AUTUMN ROLFSO,XF 22;
FAMINE/AUTUMN ROLFSO,XF 23;
FAMINE/AUTUMN ROLFSO,XF 24;
FAMINE/AUTUMN ROLFSO,XF 25;
FAMINE/AUTUMN ROLFSO,XF 26;
FAMINE/AUTUMN ROLFSO,XF 27;
FAMINE/AUTUMN ROLFSO,XF 84;
FAMINE/AUTUMN ROLFSO,XFOR 16;
FAMINE | MUTANT X-VE,MX 19;
FAMINE | MUTANT X-VE,MX 22;
FANCY DAN,ASM 10;
FANCY DAN,ASM 14;
FANCY DAN,ASM 19;
FANCY DAN,ASM2 28;
FANCY DAN,DAZZ 7;
FANCY DAN,DAZZ 8;
FANCY DAN,DD 357;
FANCY DAN,M/TU 138;
FANCY DAN,M/TU 39;
FANCY DAN,M/TU 40;
FANCY DAN,PPTSS 19;
FANCY DAN,PPTSS 20;
FANDRAL [ASGARDIAN],A 105;
FANDRAL [ASGARDIAN],A 249;
FANDRAL [ASGARDIAN],A 310;
FANDRAL [ASGARDIAN],BIZADV 32;
FANDRAL [ASGARDIAN],DAZZ 16;
FANDRAL [ASGARDIAN],H2 102;
FANDRAL [ASGARDIAN],H2 279;
FANDRAL [ASGARDIAN],H2 422;
FANDRAL [ASGARDIAN],H2 423;
FANDRAL [ASGARDIAN],IG 2;
FANDRAL [ASGARDIAN],IMSVS 2/3;
FANDRAL [ASGARDIAN],JIM -1;
FANDRAL [ASGARDIAN],JIM 119/2;
FANDRAL [ASGARDIAN],JIM 122/2;
FANDRAL [ASGARDIAN],JIM 124/2;
FANDRAL [ASGARDIAN],JIM 125/2;
FANDRAL [ASGARDIAN],JIM 504;
FANDRAL [ASGARDIAN],JIM 505;
FANDRAL [ASGARDIAN],JIM 508;
FANDRAL [ASGARDIAN],JIM 509;
FANDRAL [ASGARDIAN],JIM 510;
FANDRAL [ASGARDIAN],JIM 511;
FANDRAL [ASGARDIAN],JIM 512;
FANDRAL [ASGARDIAN],JIM 513;
FANDRAL [ASGARDIAN],M/CP 66/4;
FANDRAL [ASGARDIAN],M/:LG 5;
FANDRAL [ASGARDIAN],M/SH3 5;
FANDRAL [ASGARDIAN],M/SH3 9/2;
FANDRAL [ASGARDIAN],M/SPT 30;
FANDRAL [ASGARDIAN],M/TU 7;
FANDRAL [ASGARDIAN],NM 84;
FANDRAL [ASGARDIAN],NM 85;
FANDRAL [ASGARDIAN],NM 86;
FANDRAL [ASGARDIAN],NM 87;
FANDRAL [ASGARDIAN],NMSE 1;
FANDRAL [ASGARDIAN],PP 15;
FANDRAL [ASGARDIAN],SS3 111;
FANDRAL [ASGARDIAN],SS 4;
FANDRAL [ASGARDIAN],T 10;
FANDRAL [ASGARDIAN],T 126/2;
FANDRAL [ASGARDIAN],T 127/2;
FANDRAL [ASGARDIAN],T 128/2;
FANDRAL [ASGARDIAN],T 129/2;
FANDRAL [ASGARDIAN],T 130/2;
FANDRAL [ASGARDIAN],T 131/2;
FANDRAL [ASGARDIAN],T 132/2;
FANDRAL [ASGARDIAN],T 133/2;
FANDRAL [ASGARDIAN],T 134/2;
FANDRAL [ASGARDIAN],T 135/2;
FANDRAL [ASGARDIAN],T 136/2;
FANDRAL [ASGARDIAN],T 137/2;
FANDRAL [ASGARDIAN],T 138/2;
FANDRAL [ASGARDIAN],T 139/2;
FANDRAL [ASGARDIAN],T 140/2;
FANDRAL [ASGARDIAN],T 141/2;
FANDRAL [ASGARDIAN],T 142/2;
FANDRAL [ASGARDIAN],T 143/2;
FANDRAL [ASGARDIAN],T 144/2;
FANDRAL [ASGARDIAN],T 145/2;
FANDRAL [ASGARDIAN],T 15/3;
FANDRAL [ASGARDIAN],T 155;
FANDRAL [ASGARDIAN],T 156;
FANDRAL [ASGARDIAN],T 157;
FANDRAL [ASGARDIAN],T 158;
FANDRAL [ASGARDIAN],T 159;
FANDRAL [ASGARDIAN],T 162;
FANDRAL [ASGARDIAN],T 168;
FANDRAL [ASGARDIAN],T 169;
FANDRAL [ASGARDIAN],T 170;
FANDRAL [ASGARDIAN],T 17/3;
FANDRAL [ASGARDIAN],T 175;
FANDRAL [ASGARDIAN],T 176;
FANDRAL [ASGARDIAN],T 177;
FANDRAL [ASGARDIAN],T 180;
FANDRAL [ASGARDIAN],T 181;
FANDRAL [ASGARDIAN],T 184;
FANDRAL [ASGARDIAN],T 185;
FANDRAL [ASGARDIAN],T 186;
FANDRAL [ASGARDIAN],T 187;
FANDRAL [ASGARDIAN],T 188;
FANDRAL [ASGARDIAN],T 189;
FANDRAL [ASGARDIAN],T 191;
FANDRAL [ASGARDIAN],T 192;
FANDRAL [ASGARDIAN],T 194;
FANDRAL [ASGARDIAN],T 195;
FANDRAL [ASGARDIAN],T 196;
FANDRAL [ASGARDIAN],T 197;
FANDRAL [ASGARDIAN],T 198;
FANDRAL [ASGARDIAN],T 199;
FANDRAL [ASGARDIAN],T 2;
FANDRAL [ASGARDIAN],T 200;
FANDRAL [ASGARDIAN],T 201;
FANDRAL [ASGARDIAN],T 202;
FANDRAL [ASGARDIAN],T 203;
FANDRAL [ASGARDIAN],T 204;
FANDRAL [ASGARDIAN],T 205;
FANDRAL [ASGARDIAN],T 206;
FANDRAL [ASGARDIAN],T 208;
FANDRAL [ASGARDIAN],T 211;
FANDRAL [ASGARDIAN],T 212;
FANDRAL [ASGARDIAN],T2 12;
FANDRAL [ASGARDIAN],T 213;
FANDRAL [ASGARDIAN],T2 13;
FANDRAL [ASGARDIAN],T 214;
FANDRAL [ASGARDIAN],T2 14;
FANDRAL [ASGARDIAN],T 215;
FANDRAL [ASGARDIAN],T2 15;
FANDRAL [ASGARDIAN],T 216;
FANDRAL [ASGARDIAN],T2 16;
FANDRAL [ASGARDIAN],T 217;
FANDRAL [ASGARDIAN],T 218;
FANDRAL [ASGARDIAN],T2 18;
FANDRAL [ASGARDIAN],T2 21;
FANDRAL [ASGARDIAN],T2 28;
FANDRAL [ASGARDIAN],T2 29;
FANDRAL [ASGARDIAN],T2 30;
FANDRAL [ASGARDIAN],T2 31;
FANDRAL [ASGARDIAN],T2 32;
FANDRAL [ASGARDIAN],T2 35;
FANDRAL [ASGARDIAN],T2 36;
FANDRAL [ASGARDIAN],T2 39;
FANDRAL [ASGARDIAN],T 240;
FANDRAL [ASGARDIAN],T 242;
FANDRAL [ASGARDIAN],T 243;
FANDRAL [ASGARDIAN],T 244;
FANDRAL [ASGARDIAN],T 245;
FANDRAL [ASGARDIAN],T 246;
FANDRAL [ASGARDIAN],T 247;
FANDRAL [ASGARDIAN],T 248;
FANDRAL [ASGARDIAN],T 249;
FANDRAL [ASGARDIAN],T 250;
FANDRAL [ASGARDIAN],T 251;
FANDRAL [ASGARDIAN],T 255;
FANDRAL [ASGARDIAN],T 256;
FANDRAL [ASGARDIAN],T 257;
FANDRAL [ASGARDIAN],T 258;
FANDRAL [ASGARDIAN],T 259;
FANDRAL [ASGARDIAN],T 260;
FANDRAL [ASGARDIAN],T 261;
FANDRAL [ASGARDIAN],T 262;
FANDRAL [ASGARDIAN],T 263;
FANDRAL [ASGARDIAN],T 264;
FANDRAL [ASGARDIAN],T 265;
FANDRAL [ASGARDIAN],T 266;
FANDRAL [ASGARDIAN],T 267;
FANDRAL [ASGARDIAN],T 269;
FANDRAL [ASGARDIAN],T 273;
FANDRAL [ASGARDIAN],T 274;
FANDRAL [ASGARDIAN],T 275;
FANDRAL [ASGARDIAN],T 276;
FANDRAL [ASGARDIAN],T 277;
FANDRAL [ASGARDIAN],T 278;
FANDRAL [ASGARDIAN],T 286;
FANDRAL [ASGARDIAN],T 287;
FANDRAL [ASGARDIAN],T 288;
FANDRAL [ASGARDIAN],T 291;
FANDRAL [ASGARDIAN],T 301;
FANDRAL [ASGARDIAN],T 302;
FANDRAL [ASGARDIAN],T 313;
FANDRAL [ASGARDIAN],T 323;
FANDRAL [ASGARDIAN],T 325/2;
FANDRAL [ASGARDIAN],T 326/2;
FANDRAL [ASGARDIAN],T 327;
FANDRAL [ASGARDIAN],T 328;
FANDRAL [ASGARDIAN],T 331;
FANDRAL [ASGARDIAN],T 336/2;
FANDRAL [ASGARDIAN],T 347;
FANDRAL [ASGARDIAN],T 348;
FANDRAL [ASGARDIAN],T 349;
FANDRAL [ASGARDIAN],T 350;
FANDRAL [ASGARDIAN],T 351;
FANDRAL [ASGARDIAN],T 352;
FANDRAL [ASGARDIAN],T 354;
FANDRAL [ASGARDIAN],T 355;
FANDRAL [ASGARDIAN],T 357;
FANDRAL [ASGARDIAN],T 358;
FANDRAL [ASGARDIAN],T 359;
FANDRAL [ASGARDIAN],T 360;
FANDRAL [ASGARDIAN],T 361;
FANDRAL [ASGARDIAN],T 364;
FANDRAL [ASGARDIAN],T 365;
FANDRAL [ASGARDIAN],T 366;
FANDRAL [ASGARDIAN],T 368;
FANDRAL [ASGARDIAN],T 371;
FANDRAL [ASGARDIAN],T 372;
FANDRAL [ASGARDIAN],T 375;
FANDRAL [ASGARDIAN],T 376;
FANDRAL [ASGARDIAN],T 377;
FANDRAL [ASGARDIAN],T 378;
FANDRAL [ASGARDIAN],T 379;
FANDRAL [ASGARDIAN],T 386;
FANDRAL [ASGARDIAN],T 390;
FANDRAL [ASGARDIAN],T 391;
FANDRAL [ASGARDIAN],T 392;
FANDRAL [ASGARDIAN],T 393;
FANDRAL [ASGARDIAN],T 394;
FANDRAL [ASGARDIAN],T 395;
FANDRAL [ASGARDIAN],T 396;
FANDRAL [ASGARDIAN],T 397;
FANDRAL [ASGARDIAN],T 398;
FANDRAL [ASGARDIAN],T 400;
FANDRAL [ASGARDIAN],T 400/2;
FANDRAL [ASGARDIAN],T 404;
FANDRAL [ASGARDIAN],T 416/2;
FANDRAL [ASGARDIAN],T 417/2;
FANDRAL [ASGARDIAN],T 420/2;
FANDRAL [ASGARDIAN],T 421/2;
FANDRAL [ASGARDIAN],T 422/2;
FANDRAL [ASGARDIAN],T 423/2;
FANDRAL [ASGARDIAN],T 424/2;
FANDRAL [ASGARDIAN],T 425;
FANDRAL [ASGARDIAN],T 426;
FANDRAL [ASGARDIAN],T 432;
FANDRAL [ASGARDIAN],T 434;
FANDRAL [ASGARDIAN],T 437/2;
FANDRAL [ASGARDIAN],T 450;
FANDRAL [ASGARDIAN],T 451;
FANDRAL [ASGARDIAN],T 453;
FANDRAL [ASGARDIAN],T 453/2;
FANDRAL [ASGARDIAN],T 454;
FANDRAL [ASGARDIAN],T 454/2;
FANDRAL [ASGARDIAN],T 455;
FANDRAL [ASGARDIAN],T 456;
FANDRAL [ASGARDIAN],T 477;
FANDRAL [ASGARDIAN],T 478;
FANDRAL [ASGARDIAN],T 479;
FANDRAL [ASGARDIAN],T 482;
FANDRAL [ASGARDIAN],T 482/2;
FANDRAL [ASGARDIAN],T 487;
FANDRAL [ASGARDIAN],T 488;
FANDRAL [ASGARDIAN],T 490;
FANDRAL [ASGARDIAN],T 9;
FANDRAL [ASGARDIAN],TS 18/2;
FANDRAL [ASGARDIAN],TTA 101;
FANDRAL | MUTANT X-V,MX '01;
FANG,CA 6;
FANG III,GR3 31;
FANG III,MORBIUS 1;
FANG II,INH3 4;
FANG II,UX 107;
FANG II,UX 157;
FANG II,UX 162;
FANTASIA,CA 352;
FANTASIA,CA 353;
FANTASMA,A 319;
FANTASMA,A 320;
FANTASMA,A 321;
FANTASMA,A 322;
FANTASMA,A 323;
FANTASMA,A 324;
FANTASMA,H2 393;
FANTASMA,IM3 10;
FANTASMA,IM3 9;
FANTASMA,SSS 1;
FARAHD,UX 383;
FARGO, FLAGG,GR2 45;
FARGO, FLAGG,GR2 46;
FARGO, FLAGG,GR2 56;
FARGO, FLAGG,GR2 57;
FARGO, FLAGG,GR2 58;
FARGO, FLAGG,GR2 62;
FAROUK,PM&IF 60;
FAROUK,PM&IF 81;
FARREL, MIKE,CA 241;
FARREL, MIKE,CA 248;
FARREL, MIKE,CA 249;
FARREL, MIKE,CA 250;
FARREL, MIKE,CA 258;
FARREL, MIKE,CA 269;
FARREL, MIKE,CA 275;
FARREL, MIKE,CA 284;
FARREL, MIKE,CA 285;
FARREL, MIKE,CA 316;
FARREL, MIKE,CA 317;
FARREL, MIKE,CA 380;
FARREL, MIKE,CA 382;
FARREL, MIKE,CA 385;
FARREL, MIKE,CA 386;
FARREL, MIKE,CA 427;
FARREL, MIKE,CA 439;
FATALE/PAMELA GREENW,X 49;
FATALE/PAMELA GREENW,X 54;
FATALE/PAMELA GREENW,XF 112;
FATALE/PAMELA GREENW,XF 113;
FATALE/PAMELA GREENW,XF 114;
FATALE/PAMELA GREENW,XF 117;
FATALE/PAMELA GREENW,XF 118;
FATALE/PAMELA GREENW,XF 124;
FATALE/PAMELA GREENW,XF 137;
FATALE/PAMELA GREENW,XF 143;
FATALE/PAMELA GREENW,XF 144;
FATALE/PAMELA GREENW,XM 28;
FATALE/PAMELA GREENW,XM 29;
FATALE/PAMELA GREENW,XU 10;
FATE, IAN,DEF 104;
FATE, IAN,M/TU 122;
FATHER TIME,CA 383;
FATH,Q 26;
FATH,Q 35;
FATH,Q 39;
FATH,Q 40;
FAVERSHAM, DAPHNE,S-W3 14;
FAWKES,A3 32;
FAWKES,A3 33;
FAWN, FELICIA,AWC 76;
FAWN, FELICIA,AWC 77;
FAWN, FELICIA,AWC 78;
FAYRELYTE STRONGHEAR,MAXSEC 2;
FAYRELYTE STRONGHEAR,MAXSEC 3;
FAYRELYTE STRONGHEAR,MAXSEC:DP;
FAZE,BCAT 1;
FAZE,BCAT 2;
FEAR EATER/KKALLAKKU,DRSTR3 21/2;
FEAR EATER/KKALLAKKU,DRSTR3 32/2;
FEAR EATER/KKALLAKKU,DRSTR3 33/2;
FEAR EATER/KKALLAKKU,DRSTR3 38;
FEAR EATER/KKALLAKKU,DRSTR3 39;
FEIFFER, DEPUTY BEAU,FF3 33;
FEIFFER, DEPUTY BEAU,FF3 34;
FELDSTADT, DR. HANS,HMAG 14;
FENRIS,JIM 114/2;
FENSTER, RICHARD,CHAMP 1;
FENSTER, RICHARD,CHAMP 5;
FENSTER, RICHARD,CHAMP 7;
FENSTER, RICHARD,CHAMP 8;
FENSTER, RICHARD,CHAMP 9;
FENSTER, RICHARD,M/PRM 26;
FENSTER, RICHARD,T 239;
FENTON, BARNEY,PPTSS 177;
FENWAY,DPOOL3 16;
FENWAY,DPOOL3 30;
FERAL/MARIA CALLASAN,CA 407;
FERAL/MARIA CALLASAN,NM 100;
FERAL/MARIA CALLASAN,NM 7;
FERAL/MARIA CALLASAN,NM 99;
FERAL/MARIA CALLASAN,NW 1;
FERAL/MARIA CALLASAN,QS 6;
FERAL/MARIA CALLASAN,QS 8;
FERAL/MARIA CALLASAN,QS 9;
FERAL/MARIA CALLASAN,S-M 16;
FERAL/MARIA CALLASAN,UX 15;
FERAL/MARIA CALLASAN,UX 295;
FERAL/MARIA CALLASAN,UX 296;
FERAL/MARIA CALLASAN,X 14;
FERAL/MARIA CALLASAN,XF 6;
FERAL/MARIA CALLASAN,XF 84;
FERAL/MARIA CALLASAN,XFOR 1;
FERAL/MARIA CALLASAN,XFOR 10;
FERAL/MARIA CALLASAN,XFOR 11;
FERAL/MARIA CALLASAN,XFOR 12;
FERAL/MARIA CALLASAN,XFOR 1/3;
FERAL/MARIA CALLASAN,XFOR 13;
FERAL/MARIA CALLASAN,XFOR 14;
FERAL/MARIA CALLASAN,XFOR 15;
FERAL/MARIA CALLASAN,XFOR 16;
FERAL/MARIA CALLASAN,XFOR 17;
FERAL/MARIA CALLASAN,XFOR 2;
FERAL/MARIA CALLASAN,XFOR 3;
FERAL/MARIA CALLASAN,XFOR 4;
FERAL/MARIA CALLASAN,XFOR 40;
FERAL/MARIA CALLASAN,XFOR 41;
FERAL/MARIA CALLASAN,XFOR 5;
FERAL/MARIA CALLASAN,XFOR 6;
FERAL/MARIA CALLASAN,XFOR 7;
FERAL/MARIA CALLASAN,XFOR 89;
FERAL/MARIA CALLASAN,XFOR 9;
FERAL/MARIA CALLASAN,XFOR 90;
FERA,PM&IF 100;
FERA,PM&IF 97;
FERA,PM&IF 99;
FER DE LANCE/TERESA,CA 337;
FER DE LANCE/TERESA,CA 338;
FER DE LANCE/TERESA,CA 341;
FER DE LANCE/TERESA,CA 342;
FER DE LANCE/TERESA,CA 365/2;
FER DE LANCE/TERESA,CA 367/2;
FER DE LANCE/TERESA,CA 380;
FER DE LANCE/TERESA,CA 381;
FER DE LANCE/TERESA,CA 382;
FER DE LANCE/TERESA,CA 434;
FER DE LANCE/TERESA,CA 435;
FER DE LANCE/TERESA,CA 436;
FER DE LANCE/TERESA,CA 437;
FER DE LANCE/TERESA,UX 13;
FERGUSON, ISABEL,MAV2 1;
FERGUSON, ISABEL,MAV2 12;
FERGUSON, ISABEL,MAV2 2;
FERGUSON, ISABEL,MAV2 3;
FERGUSON, ISABEL,MAV2 6;
FERGUSON, ISABEL,MAV2 8;
FEROCIA/,CA 389;
FEROCIA/,CA 390;
FEROCIA/,CA 392;
FEROCIA/,CA 403;
FEROCIA/,CA 406;
FEROCIA/,CA 407;
FERON,XCAL 124;
FERON,XCAL 48;
FERON,XCAL 49;
FERON,XCAL 50;
FERON,XCAL 51;
FERON,XCAL 55;
FERON,XCAL 56;
FERON,XCAL 58;
FERRARI, CONNIE,CA3 15;
FERRARI, CONNIE,CA3 20;
FERRARI, CONNIE,CA3 21;
FERRARI, CONNIE,CA3 23;
FERRARI, CONNIE,CA3 28;
FERRARI, CONNIE,CA3 30;
FERRARI, CONNIE,CA3 31;
FERRARI, CONNIE,CA3 35;
FERRARI, CONNIE,CA3 36;
FERRARI, CONNIE,CA3 37;
FERRARI, CONNIE,CA3 39;
FERRARI, CONNIE,CA3 40;
FERRARI, CONNIE,CA3 41;
FERRARI, CONNIE,CA3 42;
FERRARI, CONNIE,CA3 43;
FERRARI, CONNIE,CA3 44;
FERRIS,UX 350;
FERRIS,UX 366;
FERRIS,UX 368;
FERRIS,X 86;
FERRIS,X 87;
FERRIS,XU 24/2;
FERRO2,FF3 6;
FERRO2,FF3 7;
FERRO2,FF3 8;
FERRO2,XCAL 125;
FERRO2,XCAL 42;
FERRO2,XCAL 43;
FERRO2,XCAL 44;
FERRO2,XCAL 45;
FERRO2,XCAL 46;
FERRO2,XCAL 47;
FERRO2,XCALSE;
FEUER,XCAL -1;
FEVER PITCH/,GENX 50;
FEVER PITCH/,XM 50;
FIDDLER, BARNEY,BP3 26;
FIELDER,WLOCK3 1;
FIELDER,WLOCK3 3;
FIELDING, CLARENCE,PPTSS 255;
FIELDING, CLARENCE,S-M 89;
FIELDS, MARJORIE,S-M 76;
FIELDS, PROF. WILLIA,S-M 76;
FIELDS, TODD,S-M 76;
FIELDSTONE/,TB 31;
FIELDSTONE/,TB 32;
FIELDS, TRACI,DHAWK 19;
FIELDS, TRACI,DHAWK 22;
FIELDS, TRACI,SLEEP 17;
FIELSTEIN, FIREWORKS,DHAWK 23;
FIELSTEIN, FIREWORKS,DHAWK 24;
FIELSTEIN, FIREWORKS,FF 372;
FIELSTEIN, FIREWORKS,M/CP 112/2;
FIELSTEIN, FIREWORKS,T 426;
FIELSTEIN, FIREWORKS,T 427;
FIELSTEIN, FIREWORKS,T 428;
FIELSTEIN, FIREWORKS,T 432;
FIELSTEIN, FIREWORKS,T 433;
FIELSTEIN, FIREWORKS,T 448;
FIELSTEIN, FIREWORKS,T 450;
FIELSTEIN, FIREWORKS,T 451;
FIELSTEIN, FIREWORKS,T 456;
FIFOLET,GAM3 17;
FIFOLET,GAM3 19;
FIFOLET,GAM3 22;
FIFOLET,R 1;
FIFOLET,R 3;
FILLMORE, BETTY,LSHOT2 1;
FILLMORE, GARRET,LSHOT2 1;
FILLMORE, SHERIFF DO,M-T3 1;
FILLMORE, SHERIFF DO,M-T3 2;
FILLMORE, SHERIFF DO,ST5 1;
FILLMORE, SHERIFF DO,ST5 2;
FIM,SS3 113;
FIN FANG FOOM/MIDGAR,AT 23;
FIN FANG FOOM/MIDGAR,AT 24;
FIN FANG FOOM/MIDGAR,IM 261;
FIN FANG FOOM/MIDGAR,IM 262;
FIN FANG FOOM/MIDGAR,IM 263;
FIN FANG FOOM/MIDGAR,IM 264;
FIN FANG FOOM/MIDGAR,IM 267;
FIN FANG FOOM/MIDGAR,IM 268;
FIN FANG FOOM/MIDGAR,IM 270;
FIN FANG FOOM/MIDGAR,IM 271;
FIN FANG FOOM/MIDGAR,IM 272;
FIN FANG FOOM/MIDGAR,IM 273;
FIN FANG FOOM/MIDGAR,IM 274;
FIN FANG FOOM/MIDGAR,IM 275;
FIN FANG FOOM/MIDGAR,IM3 16;
FIN FANG FOOM/MIDGAR,IM3 17;
FIN FANG FOOM/MIDGAR,IM3 18;
FIN FANG FOOM/MIDGAR,ST 89;
FIN FANG FOOM/MIDGAR,T 379;
FIN FANG FOOM/MIDGAR,T 380;
FIN FANG FOOM | MUTA,MX '01;
FIN/PETER NOBLE,A 97;
FIN/PETER NOBLE,COMEDY COMICS 9;
FIN/PETER NOBLE,DARING MYSTERY COMIC;
FIREARM/,TB 23;
FIREARM/,TB 28;
FIREARM/,TB 32;
FIREBALLS/JACK FARLE,GAM3 1;
FIREBALLS/JACK FARLE,GAM3 17;
FIREBALLS/JACK FARLE,GAM3 2;
FIREBIRD/BONITA JUAR,A 19/3;
FIREBIRD/BONITA JUAR,A 305;
FIREBIRD/BONITA JUAR,A3 1;
FIREBIRD/BONITA JUAR,A3 12;
FIREBIRD/BONITA JUAR,A3 2;
FIREBIRD/BONITA JUAR,A3 27;
FIREBIRD/BONITA JUAR,A3 3;
FIREBIRD/BONITA JUAR,A3 38;
FIREBIRD/BONITA JUAR,A3 40;
FIREBIRD/BONITA JUAR,A3 41;
FIREBIRD/BONITA JUAR,A3 42;
FIREBIRD/BONITA JUAR,A3 43;
FIREBIRD/BONITA JUAR,ASPOT 20/2;
FIREBIRD/BONITA JUAR,ASPOT 24/2;
FIREBIRD/BONITA JUAR,ASPOT 27/2;
FIREBIRD/BONITA JUAR,AWC 4/3;
FIREBIRD/BONITA JUAR,AWC 5/3;
FIREBIRD/BONITA JUAR,H2 265;
FIREBIRD/BONITA JUAR,H2 278;
FIREBIRD/BONITA JUAR,H2 279;
FIREBIRD/BONITA JUAR,SS3 3;
FIREBIRD/BONITA JUAR,SWII 9;
FIREBIRD/BONITA JUAR,WCA 2;
FIREBIRD/BONITA JUAR,WCA2 10;
FIREBIRD/BONITA JUAR,WCA2 17;
FIREBIRD/BONITA JUAR,WCA2 18;
FIREBIRD/BONITA JUAR,WCA2 19;
FIREBIRD/BONITA JUAR,WCA2 20;
FIREBIRD/BONITA JUAR,WCA2 21;
FIREBIRD/BONITA JUAR,WCA2 22;
FIREBIRD/BONITA JUAR,WCA2 23;
FIREBIRD/BONITA JUAR,WCA2 24;
FIREBIRD/BONITA JUAR,WCA2 25;
FIREBIRD/BONITA JUAR,WCA2 4;
FIREBIRD/BONITA JUAR,WCA2 5;
FIREBIRD/BONITA JUAR,WCA2 6;
FIREBIRD/BONITA JUAR,WCA2 7;
FIREBIRD/BONITA JUAR,WCA2 8;
FIREBIRD/BONITA JUAR,WCA2 9;
FIREBOLT,M/SH3 3/4;
FIREBRAND/GARY GILBE,CA 318;
FIREBRAND/GARY GILBE,CA 319;
FIREBRAND/GARY GILBE,IM 172;
FIREBRAND/GARY GILBE,IM 27;
FIREBRAND/GARY GILBE,IM 48;
FIREBRAND/GARY GILBE,IM 59;
FIREBRAND/GARY GILBE,IM 74;
FIREBRAND/GARY GILBE,IM 75;
FIREBRAND/GARY GILBE,IM 77;
FIREBRAND/GARY GILBE,IM 80;
FIREBRAND/GARY GILBE,IM 81;
FIREBRAND II/BROXTEL,NW 29;
FIREBRAND II/BROXTEL,NW 30;
FIREBRAND II/BROXTEL,WOSM 77;
FIREBRAND II/BROXTEL,WOSM 78;
FIREBRAND III/RICHAR,IM3 4;
FIREBRAND III/RICHAR,IM3 5;
FIREBUG/,AF 110;
FIREBUG/,AF 111;
FIRE EATER/TOMAS,ASM '98;
FIRE EATER/TOMAS,GR2 72;
FIRE EATER/TOMAS,GR2 73;
FIRE EATER/TOMAS,H2 292;
FIRE EATER/TOMAS,H2 471;
FIRE EATER/TOMAS,M/TIO 76;
FIREFALL III/ARCHIE,ROM 11;
FIREFALL III/ARCHIE,ROM 2;
FIREFALL III/ARCHIE,ROM 3;
FIREFALL III/ARCHIE,ROM 4;
FIREFALL III/ARCHIE,ROM 5;
FIREFALL III/ARCHIE,ROM 6;
FIREFALL II,M/:LG 11;
FIREFALL II,M/:LG 12;
FIREFALL II,M/:LG 6;
FIREFALL IV/TARN,SK 1;
FIREFALL IV/TARN,SK 2;
FIREFALL IV/TARN,SK 3;
FIREFALL IV/TARN,SK 4;
FIREFALL IV/TARN,SK 5;
FIREFALL/KARAS,ROM 19;
FIREFALL/KARAS,ROM 4;
FIREFIGHT/,IM3 1;
FIREFIGHT/,IM '99;
FIREFIST II/,PPTSS 225;
FIREFIST/RUSTY COLLI,C 1;
FIREFIST/RUSTY COLLI,C 2;
FIREFIST/RUSTY COLLI,FF 342;
FIREFIST/RUSTY COLLI,NM 100;
FIREFIST/RUSTY COLLI,NM 72;
FIREFIST/RUSTY COLLI,NM 73;
FIREFIST/RUSTY COLLI,NM 74;
FIREFIST/RUSTY COLLI,NM 76;
FIREFIST/RUSTY COLLI,NM 77;
FIREFIST/RUSTY COLLI,NM 78;
FIREFIST/RUSTY COLLI,NM 80;
FIREFIST/RUSTY COLLI,NM 82;
FIREFIST/RUSTY COLLI,NM 83;
FIREFIST/RUSTY COLLI,NM 84;
FIREFIST/RUSTY COLLI,NM 85;
FIREFIST/RUSTY COLLI,NM 86;
FIREFIST/RUSTY COLLI,NM 87;
FIREFIST/RUSTY COLLI,T 379;
FIREFIST/RUSTY COLLI,UX 315;
FIREFIST/RUSTY COLLI,X 13;
FIREFIST/RUSTY COLLI,X 15;
FIREFIST/RUSTY COLLI,X 42;
FIREFIST/RUSTY COLLI,XF 1;
FIREFIST/RUSTY COLLI,XF 10;
FIREFIST/RUSTY COLLI,XF 12;
FIREFIST/RUSTY COLLI,XF 13;
FIREFIST/RUSTY COLLI,XF 14;
FIREFIST/RUSTY COLLI,XF 15;
FIREFIST/RUSTY COLLI,XF 16;
FIREFIST/RUSTY COLLI,XF 17;
FIREFIST/RUSTY COLLI,XF 18;
FIREFIST/RUSTY COLLI,XF 19;
FIREFIST/RUSTY COLLI,XF 2;
FIREFIST/RUSTY COLLI,XF 20;
FIREFIST/RUSTY COLLI,XF 21;
FIREFIST/RUSTY COLLI,XF 22;
FIREFIST/RUSTY COLLI,XF 23;
FIREFIST/RUSTY COLLI,XF 27;
FIREFIST/RUSTY COLLI,XF 28;
FIREFIST/RUSTY COLLI,XF 29;
FIREFIST/RUSTY COLLI,XF 30;
FIREFIST/RUSTY COLLI,XF 31;
FIREFIST/RUSTY COLLI,XF 3/2;
FIREFIST/RUSTY COLLI,XF 32;
FIREFIST/RUSTY COLLI,XF 33;
FIREFIST/RUSTY COLLI,XF 4;
FIREFIST/RUSTY COLLI,XF 40;
FIREFIST/RUSTY COLLI,XF 41;
FIREFIST/RUSTY COLLI,XF 5;
FIREFIST/RUSTY COLLI,XF 7;
FIREFIST/RUSTY COLLI,XF 8;
FIREFIST/RUSTY COLLI,XF 9;
FIREFIST/RUSTY COLLI,X:PRIME;
FIREFIST/RUSTY COLLI,XTERM 1;
FIREFIST/RUSTY COLLI,XTERM 2;
FIREFIST/RUSTY COLLI,XTERM 3;
FIREFIST/RUSTY COLLI,XTERM 4;
FIREFLY II,M/CP 54/4;
FIREFLY,NO 10;
FIREFLY,PM&IF 105;
FIRELORD/PYREUS KRIL,A 14;
FIRELORD/PYREUS KRIL,A 18/2;
FIRELORD/PYREUS KRIL,A 258;
FIRELORD/PYREUS KRIL,A 259;
FIRELORD/PYREUS KRIL,A 260;
FIRELORD/PYREUS KRIL,A 261;
FIRELORD/PYREUS KRIL,A 301;
FIRELORD/PYREUS KRIL,A 302;
FIRELORD/PYREUS KRIL,A 303;
FIRELORD/PYREUS KRIL,ASM 268;
FIRELORD/PYREUS KRIL,ASM 269;
FIRELORD/PYREUS KRIL,ASM 270;
FIRELORD/PYREUS KRIL,DRSTR3 35;
FIRELORD/PYREUS KRIL,IG 1;
FIRELORD/PYREUS KRIL,IG 2;
FIRELORD/PYREUS KRIL,IG 3;
FIRELORD/PYREUS KRIL,IG 4;
FIRELORD/PYREUS KRIL,IG 5;
FIRELORD/PYREUS KRIL,IG 6;
FIRELORD/PYREUS KRIL,SS3 146;
FIRELORD/PYREUS KRIL,SS3 19;
FIRELORD/PYREUS KRIL,SS3 20;
FIRELORD/PYREUS KRIL,SS3 52;
FIRELORD/PYREUS KRIL,SS3 54;
FIRELORD/PYREUS KRIL,SS3 59;
FIRELORD/PYREUS KRIL,SS3 67;
FIRELORD/PYREUS KRIL,SS3 71;
FIRELORD/PYREUS KRIL,SS3 72;
FIRELORD/PYREUS KRIL,SS3 73;
FIRELORD/PYREUS KRIL,SS3 74;
FIRELORD/PYREUS KRIL,SS3 75;
FIRELORD/PYREUS KRIL,SS 5/3;
FIRELORD/PYREUS KRIL,SS 7;
FIRELORD/PYREUS KRIL,T2 23;
FIRELORD/PYREUS KRIL,T2 24;
FIRELORD/PYREUS KRIL,T 225;
FIRELORD/PYREUS KRIL,T2 25;
FIRELORD/PYREUS KRIL,T 226;
FIRELORD/PYREUS KRIL,T 227;
FIRELORD/PYREUS KRIL,T 228;
FIRELORD/PYREUS KRIL,T 232;
FIRELORD/PYREUS KRIL,T 234;
FIRELORD/PYREUS KRIL,T 246;
FIRELORD/PYREUS KRIL,T 247;
FIRELORD/PYREUS KRIL,T 306;
FIRELORD/PYREUS KRIL,UX 105;
FIRELORD/PYREUS KRIL,UX 106;
FIRELORD/PYREUS KRIL,UX 108;
FIRESTAR/ANGELICA JO,A '01;
FIRESTAR/ANGELICA JO,A3 1;
FIRESTAR/ANGELICA JO,A3 10;
FIRESTAR/ANGELICA JO,A3 11;
FIRESTAR/ANGELICA JO,A3 12;
FIRESTAR/ANGELICA JO,A3 13;
FIRESTAR/ANGELICA JO,A3 14;
FIRESTAR/ANGELICA JO,A3 15;
FIRESTAR/ANGELICA JO,A3 16;
FIRESTAR/ANGELICA JO,A3 17;
FIRESTAR/ANGELICA JO,A3 18;
FIRESTAR/ANGELICA JO,A3 19;
FIRESTAR/ANGELICA JO,A3 2;
FIRESTAR/ANGELICA JO,A3 20;
FIRESTAR/ANGELICA JO,A3 21;
FIRESTAR/ANGELICA JO,A3 22;
FIRESTAR/ANGELICA JO,A3 23;
FIRESTAR/ANGELICA JO,A3 24;
FIRESTAR/ANGELICA JO,A3 25;
FIRESTAR/ANGELICA JO,A3 27;
FIRESTAR/ANGELICA JO,A3 3;
FIRESTAR/ANGELICA JO,A3 4;
FIRESTAR/ANGELICA JO,A 341;
FIRESTAR/ANGELICA JO,A 342;
FIRESTAR/ANGELICA JO,A3 7;
FIRESTAR/ANGELICA JO,A3 8;
FIRESTAR/ANGELICA JO,A3 9;
FIRESTAR/ANGELICA JO,A '98;
FIRESTAR/ANGELICA JO,A '99;
FIRESTAR/ANGELICA JO,ASM2 1;
FIRESTAR/ANGELICA JO,AVF 1;
FIRESTAR/ANGELICA JO,BP3 7;
FIRESTAR/ANGELICA JO,BP3 8;
FIRESTAR/ANGELICA JO,DAMCON3 1;
FIRESTAR/ANGELICA JO,DAMCON3 2;
FIRESTAR/ANGELICA JO,FF3 13;
FIRESTAR/ANGELICA JO,FF3 23;
FIRESTAR/ANGELICA JO,FF3 27;
FIRESTAR/ANGELICA JO,FF3 28;
FIRESTAR/ANGELICA JO,FF 356;
FIRESTAR/ANGELICA JO,FF 367;
FIRESTAR/ANGELICA JO,FF 368;
FIRESTAR/ANGELICA JO,FS 1;
FIRESTAR/ANGELICA JO,FS 2;
FIRESTAR/ANGELICA JO,FS 3;
FIRESTAR/ANGELICA JO,FS 4;
FIRESTAR/ANGELICA JO,GAL 1;
FIRESTAR/ANGELICA JO,GAL 2;
FIRESTAR/ANGELICA JO,GAL 3;
FIRESTAR/ANGELICA JO,GAL 5;
FIRESTAR/ANGELICA JO,GAL 6;
FIRESTAR/ANGELICA JO,GENX 59;
FIRESTAR/ANGELICA JO,GG 2;
FIRESTAR/ANGELICA JO,H2 470;
FIRESTAR/ANGELICA JO,HAWK2;
FIRESTAR/ANGELICA JO,IM 303;
FIRESTAR/ANGELICA JO,IM3 10;
FIRESTAR/ANGELICA JO,IM3 25;
FIRESTAR/ANGELICA JO,IM3 9;
FIRESTAR/ANGELICA JO,IW 1;
FIRESTAR/ANGELICA JO,IW 2;
FIRESTAR/ANGELICA JO,IW 3;
FIRESTAR/ANGELICA JO,IW 4;
FIRESTAR/ANGELICA JO,JUSTICE 1;
FIRESTAR/ANGELICA JO,JUSTICE 2;
FIRESTAR/ANGELICA JO,JUSTICE 3;
FIRESTAR/ANGELICA JO,JUSTICE 4;
FIRESTAR/ANGELICA JO,MC:A;
FIRESTAR/ANGELICA JO,M/CP 82/2;
FIRESTAR/ANGELICA JO,M/CP 83/2;
FIRESTAR/ANGELICA JO,M/CP 84/2;
FIRESTAR/ANGELICA JO,M/CP 85/2;
FIRESTAR/ANGELICA JO,M/CP 86/2;
FIRESTAR/ANGELICA JO,M/CP 87/2;
FIRESTAR/ANGELICA JO,N 5;
FIRESTAR/ANGELICA JO,NM 7;
FIRESTAR/ANGELICA JO,NO2 10;
FIRESTAR/ANGELICA JO,NO2 13;
FIRESTAR/ANGELICA JO,NO2 14;
FIRESTAR/ANGELICA JO,NO2 6;
FIRESTAR/ANGELICA JO,NO2 7;
FIRESTAR/ANGELICA JO,NW 1;
FIRESTAR/ANGELICA JO,NW 10;
FIRESTAR/ANGELICA JO,NW 13;
FIRESTAR/ANGELICA JO,NW 14;
FIRESTAR/ANGELICA JO,NW 1/5;
FIRESTAR/ANGELICA JO,NW 15;
FIRESTAR/ANGELICA JO,NW 16;
FIRESTAR/ANGELICA JO,NW 17;
FIRESTAR/ANGELICA JO,NW 18;
FIRESTAR/ANGELICA JO,NW 19;
FIRESTAR/ANGELICA JO,NW 2;
FIRESTAR/ANGELICA JO,NW 20;
FIRESTAR/ANGELICA JO,NW 21;
FIRESTAR/ANGELICA JO,NW2 1;
FIRESTAR/ANGELICA JO,NW 22;
FIRESTAR/ANGELICA JO,NW 2/3;
FIRESTAR/ANGELICA JO,NW 23;
FIRESTAR/ANGELICA JO,NW 24;
FIRESTAR/ANGELICA JO,NW 25;
FIRESTAR/ANGELICA JO,NW 26;
FIRESTAR/ANGELICA JO,NW 27;
FIRESTAR/ANGELICA JO,NW 28;
FIRESTAR/ANGELICA JO,NW2 8;
FIRESTAR/ANGELICA JO,NW 29;
FIRESTAR/ANGELICA JO,NW 3;
FIRESTAR/ANGELICA JO,NW 30;
FIRESTAR/ANGELICA JO,NW 4;
FIRESTAR/ANGELICA JO,NW 47;
FIRESTAR/ANGELICA JO,NW 5;
FIRESTAR/ANGELICA JO,NW 50;
FIRESTAR/ANGELICA JO,NW 51;
FIRESTAR/ANGELICA JO,NW 53;
FIRESTAR/ANGELICA JO,NW 54;
FIRESTAR/ANGELICA JO,NW 55;
FIRESTAR/ANGELICA JO,NW 56;
FIRESTAR/ANGELICA JO,NW 57;
FIRESTAR/ANGELICA JO,NW 58;
FIRESTAR/ANGELICA JO,NW 59;
FIRESTAR/ANGELICA JO,NW 6;
FIRESTAR/ANGELICA JO,NW 60;
FIRESTAR/ANGELICA JO,NW 61;
FIRESTAR/ANGELICA JO,NW 62;
FIRESTAR/ANGELICA JO,NW 63;
FIRESTAR/ANGELICA JO,NW 64;
FIRESTAR/ANGELICA JO,NW 65;
FIRESTAR/ANGELICA JO,NW 67;
FIRESTAR/ANGELICA JO,NW 68;
FIRESTAR/ANGELICA JO,NW 69;
FIRESTAR/ANGELICA JO,NW 7;
FIRESTAR/ANGELICA JO,NW 70;
FIRESTAR/ANGELICA JO,NW 71;
FIRESTAR/ANGELICA JO,NW 72;
FIRESTAR/ANGELICA JO,NW 73;
FIRESTAR/ANGELICA JO,NW 74;
FIRESTAR/ANGELICA JO,NW 75;
FIRESTAR/ANGELICA JO,NW 8;
FIRESTAR/ANGELICA JO,NW 9;
FIRESTAR/ANGELICA JO,PPTSS 12;
FIRESTAR/ANGELICA JO,PPTSS 227;
FIRESTAR/ANGELICA JO,PPTSS 228;
FIRESTAR/ANGELICA JO,Q 60;
FIRESTAR/ANGELICA JO,SS '98;
FIRESTAR/ANGELICA JO,T 411;
FIRESTAR/ANGELICA JO,T 412;
FIRESTAR/ANGELICA JO,TB 10;
FIRESTAR/ANGELICA JO,TB 8;
FIRESTAR/ANGELICA JO,UX 15;
FIRESTAR/ANGELICA JO,UX 193;
FIRESTAR/ANGELICA JO,W2 134;
FIRESTAR/ANGELICA JO,WOSM 129;
FIRESTAR/ANGELICA JO,WOSM 75;
FIRESTAR/ANGELICA JO,WOSM 8;
FIRESTAR/ANGELICA JO,WOSS 3;
FIRESTAR/ANGELICA JO,WOSS 4;
FIRESTAR/ANGELICA JO,XF 6;
FIRESTAR DOPPELGANGE,IW 4;
FIRESTAR DOPPELGANGE,SLEEP 18;
FIRESTAR | MUTANT X-,MX '99;
FIRESTRIKE/DALTON BE,NW2 2;
FIRESTRIKE/DALTON BE,NW2 3;
FIRESTRIKE/DALTON BE,NW2 4;
FIRESTRIKE/DALTON BE,NW2 6;
FIRESTRIKE/DALTON BE,NW2 7;
FIREWALL/THEARY/MIN,NW 21;
FIREWALL/THEARY/MIN,NW 22;
FIREWALL/THEARY/MIN,NW 23;
FIREWALL/THEARY/MIN,NW 24;
FIREWALL/THEARY/MIN,NW 25;
FIREWALL/THEARY/MIN,NW 7;
FIREWALL/THEARY/MIN,NW 8;
FIREWALL/THEARY/MIN,NW 9;
FISHER, PROF. FRANCE,BFF:RR 1;
FISHER, PROF. FRANCE,BFF:RR 2;
FISHER, PROF. FRANCE,BFF:RR 3;
FISHMAN, DR. JONATHA,CA 10;
FISK, VANESSA,ASM 164;
FISK, VANESSA,ASM 197;
FISK, VANESSA,ASM 285;
FISK, VANESSA,ASM 286;
FISK, VANESSA,ASM 288;
FISK, VANESSA,ASM 70;
FISK, VANESSA,ASM 83;
FISK, VANESSA,ASM 84;
FISK, VANESSA,ASM 85;
FISK, VANESSA,CA 147;
FISK, VANESSA,DD 170;
FISK, VANESSA,DD 171;
FISK, VANESSA,DD 172;
FISK, VANESSA,DD 179;
FISK, VANESSA,DD 180;
FISK, VANESSA,M/GN 24;
FISK, VANESSA,PPTSS 100;
FISK, VANESSA,PPTSS 82;
FISK, VANESSA,PPTSS 95;
FISK, VANESSA,PPTSS 96;
FISK, VANESSA,WOSM 2;
FISK, VANESSA,WOSM 86;
FIST/,X 62;
FIST/,X 63;
FITCH/,M/CP 83/2;
FITCH/,M/CP 84/2;
FITCH/,M/CP 85/2;
FITCH/,M/CP 86/2;
FITCH/,M/CP 87/2;
FITZGERALD, KENNY,DD/SM 1;
FITZGERALD, MOLLY,PUN3 1;
FITZPATRICK, WILL,M/U 1;
FITZPATRICK, WILL,UTSM -1;
FITZROY, TREVOR,BSHP2 1;
FITZROY, TREVOR,BSHP2 10;
FITZROY, TREVOR,BSHP2 11;
FITZROY, TREVOR,BSHP2 12;
FITZROY, TREVOR,BSHP2 13;
FITZROY, TREVOR,BSHP2 14;
FITZROY, TREVOR,BSHP2 2;
FITZROY, TREVOR,BSHP2 3;
FITZROY, TREVOR,BSHP2 7;
FITZROY, TREVOR,BSHP2 8;
FITZROY, TREVOR,BSHP2 9;
FITZROY, TREVOR,C2 51;
FITZROY, TREVOR,UX 17/2;
FITZROY, TREVOR,UX 281;
FITZROY, TREVOR,UX 282;
FITZROY, TREVOR,UX 283;
FITZROY, TREVOR,UX 287;
FITZROY, TREVOR,X 73;
FITZROY, TREVOR,XF 141;
FITZROY, TREVOR,XM 28;
FIXER II/PAUL NORBER,A 13;
FIXER II/PAUL NORBER,A 273;
FIXER II/PAUL NORBER,A 274;
FIXER II/PAUL NORBER,A 275;
FIXER II/PAUL NORBER,A 276;
FIXER II/PAUL NORBER,A 277;
FIXER II/PAUL NORBER,A 287;
FIXER II/PAUL NORBER,ASM 430;
FIXER II/PAUL NORBER,CA '98;
FIXER II/PAUL NORBER,H2 449;
FIXER II/PAUL NORBER,HFH 7;
FIXER II/PAUL NORBER,IM 202;
FIXER II/PAUL NORBER,IM 244;
FIXER II/PAUL NORBER,MICRO 24;
FIXER II/PAUL NORBER,MICRO 25;
FIXER II/PAUL NORBER,M/TIO 26;
FIXER II/PAUL NORBER,M/TIO 27;
FIXER II/PAUL NORBER,M/TU 118;
FIXER II/PAUL NORBER,SMTU 7;
FIXER II/PAUL NORBER,SOLOA 12/2;
FIXER II/PAUL NORBER,ST 141;
FIXER II/PAUL NORBER,ST 142;
FIXER II/PAUL NORBER,ST 143;
FIXER II/PAUL NORBER,ST 145;
FIXER II/PAUL NORBER,TB '00;
FIXER II/PAUL NORBER,TB -1;
FIXER II/PAUL NORBER,TB 1;
FIXER II/PAUL NORBER,TB 10;
FIXER II/PAUL NORBER,TB 11;
FIXER II/PAUL NORBER,TB 12;
FIXER II/PAUL NORBER,TB 14;
FIXER II/PAUL NORBER,TB 15;
FIXER II/PAUL NORBER,TB 16;
FIXER II/PAUL NORBER,TB 17;
FIXER II/PAUL NORBER,TB 2;
FIXER II/PAUL NORBER,TB 20;
FIXER II/PAUL NORBER,TB 3;
FIXER II/PAUL NORBER,TB 33;
FIXER II/PAUL NORBER,TB 34;
FIXER II/PAUL NORBER,TB 35;
FIXER II/PAUL NORBER,TB 36;
FIXER II/PAUL NORBER,TB 37;
FIXER II/PAUL NORBER,TB 38;
FIXER II/PAUL NORBER,TB 4;
FIXER II/PAUL NORBER,TB 40;
FIXER II/PAUL NORBER,TB 41;
FIXER II/PAUL NORBER,TB 42;
FIXER II/PAUL NORBER,TB 43;
FIXER II/PAUL NORBER,TB 44;
FIXER II/PAUL NORBER,TB 45;
FIXER II/PAUL NORBER,TB 46;
FIXER II/PAUL NORBER,TB 48;
FIXER II/PAUL NORBER,TB 49;
FIXER II/PAUL NORBER,TB 5;
FIXER II/PAUL NORBER,TB 50;
FIXER II/PAUL NORBER,TB 51;
FIXER II/PAUL NORBER,TB 52;
FIXER II/PAUL NORBER,TB 53;
FIXER II/PAUL NORBER,TB 54;
FIXER II/PAUL NORBER,TB 6;
FIXER II/PAUL NORBER,TB 7;
FIXER II/PAUL NORBER,TB 8;
FIXER II/PAUL NORBER,TB 9;
FIXER II/PAUL NORBER,TB '97;
FIXER II/PAUL NORBER,TM/U 1;
FIXER/SWEENEY,DD 1;
FIXER/SWEENEY,DD:Y 1;
FIXER/SWEENEY,DD:Y 2;
FIXX,XF 140;
FIXX,XF 141;
FIXX,XF 143;
FIXX,XF 144;
FIXX,XF 145;
FIXX,XF 146;
FIXX,XF 147;
FIXX,XF 149;
FIZGIG/,TB 31;
FIZGIG/,TB 32;
FIZ [SKRULL],BSHP2 15;
FIZ [SKRULL],MAXSEC 2;
FIZ [SKRULL],MAXSEC 3;
FIZ [SKRULL],MAXSEC:DP;
FIZ [SKRULL],UX 376;
FIZ [SKRULL],UX 377;
FIZ [SKRULL],UX 378;
FIZ [SKRULL],UX 379;
FIZ [SKRULL],X 95;
FIZ [SKRULL],X 96;
FIZ [SKRULL],X 97;
FIZ [SKRULL],X 98;
FIZ [SKRULL],XU 29;
FLAG-SMASHER,CA 312;
FLAG-SMASHER,CA 321;
FLAG-SMASHER,CA 322;
FLAG-SMASHER,CA 348;
FLAG-SMASHER,CA 349;
FLAG-SMASHER,CA 400/2;
FLAG-SMASHER,CA 438;
FLAG-SMASHER,CA '99;
FLAG-SMASHER,GR3 5;
FLAG-SMASHER,GR3 6;
FLAG-SMASHER,MK3 8;
FLAG-SMASHER,MK3 9;
FLAG-SMASHER,M/TU2 3;
FLAG-SMASHER,XM 35;
FLAG-SMASHER,XU 22;
FLAMBE/,XF 80;
FLAMBE/,XF 81;
FLAME,DD 296;
FLAME II,T 18;
FLAME II,T 19;
FLARE/,ASMSS 1/3;
FLASH/BARRY ALLEN/BU,Q 17;
FLATIRON/RUSSELL,M/:LG 12;
FLATIRON/RUSSELL,M/:LG 7;
FLATIRON/RUSSELL,M/:LG 9;
FLATMAN,A 19;
FLATMAN,A 309;
FLATMAN,AWC 48;
FLATMAN,AWC 49;
FLATMAN,AWC 64;
FLATMAN,DPOOL3 10;
FLATMAN,DPOOL3 11;
FLATMAN,TB 15;
FLATMAN,TB 16;
FLATMAN,TB 17;
FLATMAN,TB 25;
FLATMAN,WCA2 46;
FLEET, JONAS,M/FAN2 3;
FLEET, TAMARA,M/FAN2 3;
FLEMING, PHILIP,T 495;
FLEMING, PHILIP,T 496;
FLEX/ADRIAN CORBO,AF2 1;
FLEX/ADRIAN CORBO,AF2 10;
FLEX/ADRIAN CORBO,AF2 11;
FLEX/ADRIAN CORBO,AF2 12;
FLEX/ADRIAN CORBO,AF2 13;
FLEX/ADRIAN CORBO,AF2 14;
FLEX/ADRIAN CORBO,AF2 15;
FLEX/ADRIAN CORBO,AF2 16;
FLEX/ADRIAN CORBO,AF2 17;
FLEX/ADRIAN CORBO,AF2 18;
FLEX/ADRIAN CORBO,AF2 19;
FLEX/ADRIAN CORBO,AF2 2;
FLEX/ADRIAN CORBO,AF2 20;
FLEX/ADRIAN CORBO,AF2 3;
FLEX/ADRIAN CORBO,AF2 4;
FLEX/ADRIAN CORBO,AF2 5;
FLEX/ADRIAN CORBO,AF2 7;
FLEX/ADRIAN CORBO,AF2 8;
FLEX/ADRIAN CORBO,AF2 9;
FLEX/ADRIAN CORBO,UX 355;
FLEX/ADRIAN CORBO,W2 142;
FLINCH/,AF2 14;
FLINN, LANCELOT LANC,H2 460;
FLINT, LT.,MK4 3;
FLINT, LT.,MK4 4;
FLO,ABOM 3;
FLORESCU, ANTON,D:LU 2;
FLORESCU, ANTON,D:LU 3;
FLORES, DAHLIA,NW 53;
FLORES, JAMIE,WM 1/3;
FLORES, JAMIE,WM2 10;
FLORES, JAMIE,WM2 11;
FLORES, JAMIE,WM2 12;
FLORES, JAMIE,WM2 13;
FLORES, JAMIE,WM2 14;
FLORES, JAMIE,WM2 16;
FLORES, JAMIE,WM2 17;
FLORES, JAMIE,WM2 18;
FLORES, SHANICE,NW 53;
FLUFFY,ASM '01;
FLUFFY,ASM2 27;
FLUX/PRIVATE BENNY T,H3 17;
FLUX/PRIVATE BENNY T,H3 18;
FLUX/PRIVATE BENNY T,H3 19;
FLUX/PRIVATE BENNY T,H3 20;
FLY,ASM 10;
FLY,ASM 192;
FLY,ASM 193;
FLY,ASM 276;
FLYING DUTCHMAN,A 131;
FLYING DUTCHMAN,A 132;
FLYING DUTCHMAN,GSA 3;
FLYING DUTCHMAN,M/CP 46/2;
FLYING DUTCHMAN,M/CP 47/2;
FLYING DUTCHMAN,M/CP 48/2;
FLYING DUTCHMAN,M/CP 49/2;
FLYING DUTCHMAN,SS 8;
FLYING DUTCHMAN,SS 9;
FLYING FOX,SSU 1;
FLYING TIGER,ASPOT 29/2;
FLYING TIGER,FF 335;
FLYING TIGER,IM 177;
FLYING TIGER,S-W 40;
FLYING TIGER,S-W 50;
FLYING TIGER,TB 18;
FLYING TIGER,TB 19;
FLYING TIGER,TB 20;
FLYING TIGER,TB 24;
FLYING TIGER,TB 25;
FLYING TIGER,TB 3;
FLY,MK 35;
FLYNN,ASM:F&E 1;
FLY,PPTSS 86;
FLY,S-W 30;
FOGELSTROM, HIRAM,XFOR 92;
FOGG, ARCHIMEDES ARC,XFOR 95;
FOGG/THOMAS FOGG,PPTSS 165;
FOGG/THOMAS FOGG,PPTSS 166;
FOGG/THOMAS FOGG,PPTSS 167;
FOLD,BSHP2 6;
FOLD,BSHP2 7;
FONDOZZI, MICKEY,PWJ 45;
FONDOZZI, MICKEY,PWJ 46;
FONDOZZI, MICKEY,PWJ 47;
FONDOZZI, MICKEY,PWZ 1;
FONDOZZI, MICKEY,PWZ 10;
FONDOZZI, MICKEY,PWZ 2;
FONDOZZI, MICKEY,PWZ 3;
FONDOZZI, MICKEY,PWZ 4;
FONDOZZI, MICKEY,PWZ 5;
FONDOZZI, MICKEY,PWZ 6;
FONDOZZI, MICKEY,PWZ 9;
FONG, DR. CHARLES WA,SLEEP 13;
FONG, DR. CHARLES WA,SLEEP 14;
FONG, DR. CHARLES WA,SLEEP 15;
FONG, DR. CHARLES WA,SLEEP 17;
FONG, KATY,CA 10/3;
FONG, LI,IM 242;
FONG, LI,UX 256;
FONG, LI,UX 258;
FONTAINE, CINDER,XM 45;
FONTAINE, CINDER,XM 46;
FONTAINE, CINDER,XM 51;
FONTAINE, CINDER,XM 52;
FONTANELLE/GLORIA DA,GAM3 1;
FONTANELLE/GLORIA DA,GAM3 13;
FONTANELLE/GLORIA DA,GAM3 14;
FONTANELLE/GLORIA DA,GAM3 15;
FONTANELLE/GLORIA DA,GAM3 17;
FONTANELLE/GLORIA DA,GAM3 19;
FONTANELLE/GLORIA DA,GAM3 20;
FONTANELLE/GLORIA DA,GAM3 21;
FONTANELLE/GLORIA DA,GAM3 22;
FONTANELLE/GLORIA DA,GAM3 23;
FONTANELLE/GLORIA DA,GAM3 24;
FONTREAUX, GUY,CV 3;
FOOL,A 334;
FOOL,A 335;
FOOL,A 336;
FOOL,A 337;
FOOL,A 338;
FOOL,A 339;
FOOLKILLER II/GREG S,ASM 225;
FOOLKILLER II/GREG S,ASM 226;
FOOLKILLER II/GREG S,CA 319;
FOOLKILLER II/GREG S,DEF 73;
FOOLKILLER II/GREG S,DEF 74;
FOOLKILLER II/GREG S,DEF 75;
FOOLKILLER II/GREG S,FOOL 1;
FOOLKILLER II/GREG S,FOOL 10;
FOOLKILLER II/GREG S,FOOL 2;
FOOLKILLER II/GREG S,FOOL 3;
FOOLKILLER II/GREG S,FOOL 4;
FOOLKILLER II/GREG S,FOOL 5;
FOOLKILLER II/GREG S,FOOL 6;
FOOLKILLER II/GREG S,FOOL 8;
FOOLKILLER II/GREG S,FOOL 9;
FOOLKILLER II/GREG S,OU 8;
FOOLKILLER II/GREG S,OU 9;
FOOLKILLER II/GREG S,PPTSS 58;
FOOLKILLER II/GREG S,PPTSS 59;
FOOLKILLER II/GREG S,PPTSS 60;
FOOLKILLER III/KURT,FOOL 1;
FOOLKILLER III/KURT,FOOL 10;
FOOLKILLER III/KURT,FOOL 2;
FOOLKILLER III/KURT,FOOL 3;
FOOLKILLER III/KURT,FOOL 4;
FOOLKILLER III/KURT,FOOL 5;
FOOLKILLER III/KURT,FOOL 6;
FOOLKILLER III/KURT,FOOL 7;
FOOLKILLER III/KURT,FOOL 8;
FOOLKILLER III/KURT,FOOL 9;
FOOLKILLER/ROSS EVER,M-T 3;
FOOLKILLER/ROSS EVER,M-T 4;
FORCE/CLAYTON WILSON,IM 140;
FORCE/CLAYTON WILSON,IM 141;
FORCE/CLAYTON WILSON,IM 222;
FORCE/CLAYTON WILSON,IM 223;
FORCE/CLAYTON WILSON,IM 224;
FORCE/CLAYTON WILSON,SUB-M 66;
FORCE/CLAYTON WILSON,SUB-M 67;
FORCE/CLAYTON WILSON,SUB-M 68;
FORCE/CLAYTON WILSON,SUB-M 69;
FORD, GERALD,H2 185;
FORD,XFOR 104;
FORD,XFOR 105;
FORD,XFOR 112;
FORD,XFOR 113;
FOREARM,C 2;
FOREARM,NM 100;
FOREARM,NM 87;
FOREARM,X 14;
FOREARM,X 15;
FOREARM,XCAL 104;
FOREARM,XCAL 105;
FOREARM,XF 77;
FOREARM,XF 78;
FOREARM,XF 85;
FOREARM,XFOR 1;
FOREARM,XFOR 10;
FOREARM,XFOR 16;
FOREARM,XFOR 3;
FOREARM,XFOR 43;
FOREARM,XFOR 7/2;
FOREARM,XFOR 9/2;
FOREARM,XFOR '97;
FOREIGNER/RAFAEL BAS,ASM 240;
FOREIGNER/RAFAEL BAS,ASM 241;
FOREIGNER/RAFAEL BAS,ASM 282;
FOREIGNER/RAFAEL BAS,ASM 283;
FOREIGNER/RAFAEL BAS,ASM 284;
FOREIGNER/RAFAEL BAS,ASM 289;
FOREIGNER/RAFAEL BAS,DEF 65;
FOREIGNER/RAFAEL BAS,FF 13;
FOREIGNER/RAFAEL BAS,PM&IF 125;
FOREIGNER/RAFAEL BAS,PPTSS 113;
FOREIGNER/RAFAEL BAS,PPTSS 115;
FOREIGNER/RAFAEL BAS,PPTSS 116;
FOREIGNER/RAFAEL BAS,PPTSS 117;
FOREIGNER/RAFAEL BAS,PPTSS 118;
FOREIGNER/RAFAEL BAS,PPTSS 119;
FOREIGNER/RAFAEL BAS,PPTSS 122;
FOREIGNER/RAFAEL BAS,PPTSS 123;
FOREIGNER/RAFAEL BAS,PPTSS 128;
FOREIGNER/RAFAEL BAS,PPTSS 129;
FOREIGNER/RAFAEL BAS,PPTSS 14/2;
FOREIGNER/RAFAEL BAS,PPTSS 46;
FOREIGNER/RAFAEL BAS,PPTSS 54;
FOREIGNER/RAFAEL BAS,PPTSS 56;
FOREIGNER/RAFAEL BAS,SSWP 3;
FOREIGNER/RAFAEL BAS,WOSM 15;
FOREIGNER/RAFAEL BAS,WOSM 29;
FOREIGNER/RAFAEL BAS,WOSM 92;
FOREIGNER/RAFAEL BAS,WOSM 93;
FORGE,AF 88;
FORGE,AF 89;
FORGE,AF 90;
FORGE,BSHP 1;
FORGE,BSHP 2;
FORGE,DLOK2 2;
FORGE,DLOK2 5;
FORGE,DRSTR3 69;
FORGE | EARTH 998,XM 63;
FORGE,FF 23;
FORGE,FURY 1;
FORGE,GENX 47;
FORGE,H2 455;
FORGE,IW 1;
FORGE,IW 2;
FORGE,IW 3;
FORGE,IW 6;
FORGE,M/FAN2 6;
FORGE | MUTANT X-VER,MX 13;
FORGE | MUTANT X-VER,MX 15;
FORGE | MUTANT X-VER,MX 4;
FORGE | MUTANT X-VER,MX 7;
FORGE,NM 65;
FORGE,NM 66;
FORGE,NM 95;
FORGE,NM 96;
FORGE,NM 97;
FORGE,ROM 61;
FORGE,ROM 62;
FORGE,ROM 63;
FORGE,ROM 64;
FORGE,ROM 65;
FORGE,ROM 66;
FORGE,UX 14;
FORGE,UX 184;
FORGE,UX 185;
FORGE,UX 186;
FORGE,UX 187;
FORGE,UX 188;
FORGE,UX 224;
FORGE,UX 226;
FORGE,UX 227;
FORGE,UX 253;
FORGE,UX 254;
FORGE,UX 255;
FORGE,UX 257;
FORGE,UX 258;
FORGE,UX 259;
FORGE,UX 260;
FORGE,UX 261;
FORGE,UX 262;
FORGE,UX 263;
FORGE,UX 264;
FORGE,UX 270;
FORGE,UX 272;
FORGE,UX 273;
FORGE,UX 274;
FORGE,UX 275;
FORGE,UX 276;
FORGE,UX 277;
FORGE,UX 278;
FORGE,UX 279;
FORGE,UX 280;
FORGE,UX 282;
FORGE,UX 283;
FORGE,UX 284;
FORGE,UX 286;
FORGE,UX 287;
FORGE,UX 288;
FORGE,UX 289;
FORGE,UX 290;
FORGE,UX 339;
FORGE,UX 384;
FORGE,UX '99;
FORGE,W2 40;
FORGE,W2 41;
FORGE,W2 42;
FORGE,W2 43;
FORGE,W2 50;
FORGE,W2 51;
FORGE,X '00;
FORGE,X 1;
FORGE,X 103;
FORGE,X 2;
FORGE,X 3;
FORGE,X 5;
FORGE,X 8;
FORGE,XCAL 79;
FORGE,XCAL 82;
FORGE,X&CD 1;
FORGE,X&CD 2;
FORGE,XF 106;
FORGE,XF 107;
FORGE,XF 108;
FORGE,XF 109;
FORGE,XF 110;
FORGE,XF 111;
FORGE,XF 112;
FORGE,XF 113;
FORGE,XF 114;
FORGE,XF 115;
FORGE,XF 116;
FORGE,XF 117;
FORGE,XF 118;
FORGE,XF 119;
FORGE,XF 120;
FORGE,XF 121;
FORGE,XF 122;
FORGE,XF 123;
FORGE,XF 124;
FORGE,XF 137;
FORGE,XF 138;
FORGE,XF 139;
FORGE,XF 141;
FORGE,XF 145;
FORGE,XF 5;
FORGE,XF 57;
FORGE,XF 58;
FORGE,XF 60;
FORGE,XF 61;
FORGE,XF 62;
FORGE,XF 69;
FORGE,XF 70;
FORGE,XFOR 35;
FORGE,XFOR 38;
FORGE,XMF 2;
FORGE,X:PRIME;
FORGE,XU 29;
FORGE,XU 5;
FORGOTTEN ONE/GILGAM,A 18/2;
FORGOTTEN ONE/GILGAM,A 299;
FORGOTTEN ONE/GILGAM,A 300;
FORGOTTEN ONE/GILGAM,A 301;
FORGOTTEN ONE/GILGAM,A 302;
FORGOTTEN ONE/GILGAM,A 303;
FORGOTTEN ONE/GILGAM,A 304;
FORGOTTEN ONE/GILGAM,A 305;
FORGOTTEN ONE/GILGAM,A 306;
FORGOTTEN ONE/GILGAM,A 307;
FORGOTTEN ONE/GILGAM,A 308;
FORGOTTEN ONE/GILGAM,A 309;
FORGOTTEN ONE/GILGAM,A 310;
FORGOTTEN ONE/GILGAM,A 345;
FORGOTTEN ONE/GILGAM,A 391;
FORGOTTEN ONE/GILGAM,A:C;
FORGOTTEN ONE/GILGAM,ASPOT 35;
FORGOTTEN ONE/GILGAM,AWC 81;
FORGOTTEN ONE/GILGAM,CA 11;
FORGOTTEN ONE/GILGAM,CA 400/2;
FORGOTTEN ONE/GILGAM,CA 401;
FORGOTTEN ONE/GILGAM,E 13;
FORGOTTEN ONE/GILGAM,E2 10;
FORGOTTEN ONE/GILGAM,E2 11;
FORGOTTEN ONE/GILGAM,E2 12;
FORGOTTEN ONE/GILGAM,E2 2;
FORGOTTEN ONE/GILGAM,E2 4;
FORGOTTEN ONE/GILGAM,E2 5;
FORGOTTEN ONE/GILGAM,E2 6;
FORGOTTEN ONE/GILGAM,E2 9;
FORGOTTEN ONE/GILGAM,FFU 10;
FORGOTTEN ONE/GILGAM,NM 4/3;
FORGOTTEN ONE/GILGAM,Q 29;
FORGOTTEN ONE/GILGAM,T 17;
FORGOTTEN ONE/GILGAM,T 287;
FORGOTTEN ONE/GILGAM,T 288;
FORGOTTEN ONE/GILGAM,T 289;
FORGOTTEN ONE/GILGAM,T 291;
FORGOTTEN ONE/GILGAM,T 402;
FORGOTTEN ONE/GILGAM,XF 4/3;
FOROPULIST,AA2 26;
FOROPULIST,AA2 28;
FORRESTER, CAPT. ALE,C2 13;
FORRESTER, CAPT. ALE,C2 14;
FORRESTER, CAPT. ALE,M/FAN 33;
FORRESTER, CAPT. ALE,NM 23;
FORRESTER, CAPT. ALE,NM 24;
FORRESTER, CAPT. ALE,NM 26;
FORRESTER, CAPT. ALE,NM 28;
FORRESTER, CAPT. ALE,NM 29;
FORRESTER, CAPT. ALE,UX 143;
FORRESTER, CAPT. ALE,UX 144;
FORRESTER, CAPT. ALE,UX 145;
FORRESTER, CAPT. ALE,UX 146;
FORRESTER, CAPT. ALE,UX 147;
FORRESTER, CAPT. ALE,UX 148;
FORRESTER, CAPT. ALE,UX 149;
FORRESTER, CAPT. ALE,UX 150;
FORRESTER, CAPT. ALE,UX 168;
FORRESTER, CAPT. ALE,UX 188;
FORRESTER, CAPT. ALE,UX 196;
FORRESTER, CAPT. ALE,UX 386;
FORRESTER, CAPT. ALE,UX 387;
FORRESTER, CAPT. ALE,XU 9;
FORRESTER, DR. CEDRI,PPTSS 176;
FORRESTER, DR. CEDRI,PPTSS 177;
FORTHWARD, KENT,WM2 17;
FORTUNATO,ASM -1;
FORTUNATO,ASM 422;
FORTUNATO,ASM 432;
FORTUNATO,ASM 434;
FORTUNATO,ASM 435;
FORTUNATO,ASM 436;
FORTUNATO, GIACOMO J,ASM2 28;
FORTUNATO, GIACOMO J,ASM 416;
FORTUNATO, GIACOMO J,PPSM2 7;
FORTUNATO, GIACOMO J,PPSM2 8;
FORTUNATO, GIACOMO J,PPTSS 255;
FORTUNATO, GIACOMO J,SENSM 9;
FORTUNATO, GIACOMO J,S-M 70;
FORTUNATO, GIACOMO J,S-M 71;
FORTUNATO, GIACOMO J,S-M 73;
FORTUNATO, GIACOMO J,S-M 74;
FORTUNATO, GIACOMO J,S-M 86;
FORTUNATO, GIACOMO J,S-M 87;
FORTUNATO, GIACOMO J,S-M 89;
FORTUNATO, JAMES,ASM2 28;
FORTUNATO, MARY,ASM2 28;
FORTUNATO,S-M 70;
FORTUNATO,S-M 71;
FORTUNATO,S-M 73;
FORTUNATO,S-M 74;
FORTUNATO,S-M 80;
FORTUNATO,SMMM;
FORTUNE, DOMINIC,HMAG 21/2;
FORTUNE, DOMINIC,HMAG 22/2;
FORTUNE, DOMINIC,HMAG 23/3;
FORTUNE, DOMINIC,HMAG 24/2;
FORTUNE, DOMINIC,HMAG 25/3;
FORTUNE, DOMINIC,IM 212;
FORTUNE, DOMINIC,IM 213;
FORTUNE, DOMINIC,M/PRM 56;
FORTUNE, DOMINIC,M/PRV 20;
FORTUNE, DOMINIC,M/PRV 20/2;
FORTUNE, DOMINIC,M/PRV 2/2;
FORTUNE, DOMINIC,M/SA 1/4;
FORTUNE, DOMINIC,M/SH3 3;
FORTUNE, DOMINIC,M/TU 120;
FORTUNE, DOMINIC,WOSM 10;
FORTUNE, DOMINIC,WOSM 71;
FORTUNE, DOMINIC,WOSM 72;
FORTUNE,M/CP 118/4;
FOUNDRY,FW 6;
FOUNDRY,IM 312;
FOWLER, RED,GR2 63;
FOWLER, RED,M/SH3 11;
FOXBAT,C2 17;
FOXBAT,C2 18;
FOXBAT,C2 19;
FOXBAT,UX 296;
FOXBAT,X 14;
FOXBAT,X 15;
FOXBAT,XF 65;
FOXBAT,XF 66;
FOXBAT,XF 67;
FOXFIRE/OLIVIA UNDER,SQS 10;
FOXFIRE/OLIVIA UNDER,SQS 11;
FOXFIRE/OLIVIA UNDER,SQS 12;
FOXFIRE/OLIVIA UNDER,SQS 5;
FOXFIRE/OLIVIA UNDER,SQS 6;
FOXFIRE/OLIVIA UNDER,SQS 7;
FOXFIRE/OLIVIA UNDER,SQS 8;
FOXFIRE/OLIVIA UNDER,SQS 9;
FOX, PHIL,LCHFH 10;
FOX, PHIL,LCHFH 11;
FOX, PHIL,LCHFH 4;
FRANKENSTEIN, BASIL,INV 31;
FRANKENSTEIN MONSTER,A 131;
FRANKENSTEIN MONSTER,A 132;
FRANKENSTEIN MONSTER,FMON 10;
FRANKENSTEIN MONSTER,FMON 11;
FRANKENSTEIN MONSTER,FMON 12;
FRANKENSTEIN MONSTER,FMON 13;
FRANKENSTEIN MONSTER,FMON 14;
FRANKENSTEIN MONSTER,FMON 15;
FRANKENSTEIN MONSTER,FMON 16;
FRANKENSTEIN MONSTER,FMON 17;
FRANKENSTEIN MONSTER,FMON 18;
FRANKENSTEIN MONSTER,FMON 6;
FRANKENSTEIN MONSTER,FMON 7;
FRANKENSTEIN MONSTER,FMON 8;
FRANKENSTEIN MONSTER,FMON 9;
FRANKENSTEIN MONSTER,GSA 3;
FRANKENSTEIN MONSTER,GSWBN 2;
FRANKENSTEIN MONSTER,IM 101;
FRANKENSTEIN MONSTER,IM 102;
FRANKENSTEIN MONSTER,INV 31;
FRANKENSTEIN MONSTER,MONF 1;
FRANKENSTEIN MONSTER,MONF 2;
FRANKENSTEIN MONSTER,MONF 3;
FRANKENSTEIN MONSTER,MONF 4;
FRANKENSTEIN MONSTER,MONF 5;
FRANKENSTEIN MONSTER,M/TU 36;
FRANKENSTEIN MONSTER,M/TU 37;
FRANKENSTEIN MONSTER,MU 10;
FRANKENSTEIN MONSTER,MU 5/5;
FRANKENSTEIN MONSTER,MU 6;
FRANKENSTEIN MONSTER,MU 7;
FRANKENSTEIN MONSTER,MU 8;
FRANKENSTEIN MONSTER,MU 9;
FRANKENSTEIN MONSTER,SS 7;
FRANKENSTEIN MONSTER,UX 40;
FRANKENSURFER/BORGO,DRSTR3 37;
FRANKENSURFER/BORGO,SS 7;
FRANKIE THE FISH,ASMU 6;
FRANKLIN, JEREMY,PPTSS 262;
FRANKLIN, JEREMY,S-W3 2;
FRANKLIN, JEREMY,S-W3 3;
FRASER, DET. KATE,CB 5;
FRASER, DET. KATE,CB 8;
FREAK QUINCY,IM 255;
FREDD,CM5 15;
FREDD,CM5 16;
FREDERICKS, GENERAL,FF 72;
FREDERICKS, GENERAL,UX 147;
FREDERICKS, GENERAL,UX 17;
FREDERICKS, GENERAL,UX 23;
FREDERICKS, GENERAL,UX 94;
FREDERICKSON, KOLINA,SM:RGG 1;
FREDERICKSON, KOLINA,SM:RGG 2;
FREDERICKSON, KOLINA,SM:RGG 3;
FREEMAN, DEREK,A 263;
FREEMAN, DEREK,A 270;
FREEMAN, DEREK,A 271;
FREEMAN, DEREK,A 286;
FREEMAN, DEREK,CA 394;
FREEMAN, DEREK,CA 395;
FREEMAN, DUANE JEROM,A3 14;
FREEMAN, DUANE JEROM,A3 24;
FREEMAN, DUANE JEROM,A3 25;
FREEMAN, DUANE JEROM,A3 31;
FREEMAN, DUANE JEROM,A3 35;
FREEMAN, DUANE JEROM,A3 38;
FREEMAN, DUANE JEROM,A3 4;
FREEMAN, DUANE JEROM,A3 5;
FREEMAN, DUANE JEROM,IM3 15;
FREEMAN, DUANE JEROM,MAXSEC 1;
FREEMAN, DUANE JEROM,TB 44;
FREE SPIRIT/CATHY WE,A 387;
FREE SPIRIT/CATHY WE,A 388;
FREE SPIRIT/CATHY WE,CA 431;
FREE SPIRIT/CATHY WE,CA 432;
FREE SPIRIT/CATHY WE,CA 433;
FREE SPIRIT/CATHY WE,CA 434;
FREE SPIRIT/CATHY WE,CA 435;
FREE SPIRIT/CATHY WE,CA 436;
FREE SPIRIT/CATHY WE,CA 437;
FREE SPIRIT/CATHY WE,CA 438;
FREE SPIRIT/CATHY WE,CA 439;
FREE SPIRIT/CATHY WE,CA 440;
FREE SPIRIT/CATHY WE,CA 441;
FREE SPIRIT/CATHY WE,CA 442;
FREE SPIRIT/CATHY WE,CA 443;
FRENCHIE/JEAN-PAUL D,ASM 220;
FRENCHIE/JEAN-PAUL D,ASM 355;
FRENCHIE/JEAN-PAUL D,ASM 356;
FRENCHIE/JEAN-PAUL D,ASM 357;
FRENCHIE/JEAN-PAUL D,HMAG 11/2;
FRENCHIE/JEAN-PAUL D,HMAG 13/2;
FRENCHIE/JEAN-PAUL D,HMAG 14/2;
FRENCHIE/JEAN-PAUL D,IM 161;
FRENCHIE/JEAN-PAUL D,M/FAN 38;
FRENCHIE/JEAN-PAUL D,M/FAN 39/2;
FRENCHIE/JEAN-PAUL D,MK 1;
FRENCHIE/JEAN-PAUL D,MK 10;
FRENCHIE/JEAN-PAUL D,MK 11;
FRENCHIE/JEAN-PAUL D,MK 13;
FRENCHIE/JEAN-PAUL D,MK 14;
FRENCHIE/JEAN-PAUL D,MK 15;
FRENCHIE/JEAN-PAUL D,MK 16;
FRENCHIE/JEAN-PAUL D,MK 17;
FRENCHIE/JEAN-PAUL D,MK 18;
FRENCHIE/JEAN-PAUL D,MK 2;
FRENCHIE/JEAN-PAUL D,MK 20;
FRENCHIE/JEAN-PAUL D,MK 21;
FRENCHIE/JEAN-PAUL D,MK2 1;
FRENCHIE/JEAN-PAUL D,MK 22;
FRENCHIE/JEAN-PAUL D,MK 23;
FRENCHIE/JEAN-PAUL D,MK 24;
FRENCHIE/JEAN-PAUL D,MK 25;
FRENCHIE/JEAN-PAUL D,MK2 5;
FRENCHIE/JEAN-PAUL D,MK 26/2;
FRENCHIE/JEAN-PAUL D,MK 27;
FRENCHIE/JEAN-PAUL D,MK 28;
FRENCHIE/JEAN-PAUL D,MK 29;
FRENCHIE/JEAN-PAUL D,MK 3;
FRENCHIE/JEAN-PAUL D,MK 30;
FRENCHIE/JEAN-PAUL D,MK 31;
FRENCHIE/JEAN-PAUL D,MK3 1;
FRENCHIE/JEAN-PAUL D,MK3 10;
FRENCHIE/JEAN-PAUL D,MK3 11;
FRENCHIE/JEAN-PAUL D,MK3 12;
FRENCHIE/JEAN-PAUL D,MK3 14;
FRENCHIE/JEAN-PAUL D,MK3 16;
FRENCHIE/JEAN-PAUL D,MK3 17;
FRENCHIE/JEAN-PAUL D,MK3 18;
FRENCHIE/JEAN-PAUL D,MK3 19;
FRENCHIE/JEAN-PAUL D,MK 32;
FRENCHIE/JEAN-PAUL D,MK3 2;
FRENCHIE/JEAN-PAUL D,MK3 20;
FRENCHIE/JEAN-PAUL D,MK3 21;
FRENCHIE/JEAN-PAUL D,MK3 22;
FRENCHIE/JEAN-PAUL D,MK3 23;
FRENCHIE/JEAN-PAUL D,MK3 25;
FRENCHIE/JEAN-PAUL D,MK3 26;
FRENCHIE/JEAN-PAUL D,MK3 27;
FRENCHIE/JEAN-PAUL D,MK3 28;
FRENCHIE/JEAN-PAUL D,MK 33;
FRENCHIE/JEAN-PAUL D,MK3 3;
FRENCHIE/JEAN-PAUL D,MK3 32;
FRENCHIE/JEAN-PAUL D,MK3 33;
FRENCHIE/JEAN-PAUL D,MK3 34;
FRENCHIE/JEAN-PAUL D,MK3 35;
FRENCHIE/JEAN-PAUL D,MK3 38;
FRENCHIE/JEAN-PAUL D,MK3 39;
FRENCHIE/JEAN-PAUL D,MK 34;
FRENCHIE/JEAN-PAUL D,MK3 4;
FRENCHIE/JEAN-PAUL D,MK 34/2;
FRENCHIE/JEAN-PAUL D,MK3 43;
FRENCHIE/JEAN-PAUL D,MK3 45;
FRENCHIE/JEAN-PAUL D,MK3 46;
FRENCHIE/JEAN-PAUL D,MK 35;
FRENCHIE/JEAN-PAUL D,MK3 5;
FRENCHIE/JEAN-PAUL D,MK 36;
FRENCHIE/JEAN-PAUL D,MK 37;
FRENCHIE/JEAN-PAUL D,MK3 7;
FRENCHIE/JEAN-PAUL D,MK3 8;
FRENCHIE/JEAN-PAUL D,MK3 9;
FRENCHIE/JEAN-PAUL D,MK 4;
FRENCHIE/JEAN-PAUL D,MK4 1;
FRENCHIE/JEAN-PAUL D,MK4 2;
FRENCHIE/JEAN-PAUL D,MK4 4;
FRENCHIE/JEAN-PAUL D,MK 5;
FRENCHIE/JEAN-PAUL D,MK 6;
FRENCHIE/JEAN-PAUL D,MK 7;
FRENCHIE/JEAN-PAUL D,MK 8;
FRENCHIE/JEAN-PAUL D,MK 9;
FRENCHIE/JEAN-PAUL D,M/PRV 21;
FRENCHIE/JEAN-PAUL D,M/SPT 28;
FRENCHIE/JEAN-PAUL D,M/SPT 29;
FRENCHIE/JEAN-PAUL D,M/TIO 52;
FRENCHIE/JEAN-PAUL D,M/TU 144;
FRENCHIE/JEAN-PAUL D,PM&IF 87;
FRENCHIE/JEAN-PAUL D,PPTSS 22;
FRENCHIE/JEAN-PAUL D,PUN 2;
FRENCHIE/JEAN-PAUL D,WCA2 21;
FRENCHIE/JEAN-PAUL D,WCA2 22;
FRENCHIE/JEAN-PAUL D,WCA2 25;
FRIDAY,NW 74;
FRIDAY,NW 75;
FRIDAY,PP 56;
FRIDAY,PP 57;
FRIDAY,PP 58;
FRIDAY,PP 59;
FRIDAY,PP 60;
FRIDAY,PP 61;
FRIDAY,PP 62;
FRIDAY,PP:PP 3;
FRIDAY,XCAL 29;
FRIEDLANDER, SHARON,AF 88;
FRIEDLANDER, SHARON,AF 90;
FRIEDLANDER, SHARON,FFV.X 2;
FRIEDLANDER, SHARON,NM 19;
FRIEDLANDER, SHARON,NM 20;
FRIEDLANDER, SHARON,NM 26;
FRIEDLANDER, SHARON,NM 35;
FRIEDLANDER, SHARON,NM 36;
FRIEDLANDER, SHARON,NM 38;
FRIEDLANDER, SHARON,NM 39;
FRIEDLANDER, SHARON,NM 43;
FRIEDLANDER, SHARON,UX 201;
FRIEDLANDER, SHARON,UX 211;
FRIEDLANDER, SHARON,UX 212;
FRIEDLANDER, SHARON,UX 213;
FRIEDLANDER, SHARON,UX 254;
FRIEDLANDER, SHARON,UX 255;
FRIEDLANDER, SHARON,UX 258;
FRIEDLANDER, SHARON,UX 278;
FRIGGA,IMSVS 2/3;
FRIGGA,JIM 504;
FRIGGA,JIM 505;
FRIGGA,JIM 508;
FRIGGA,JIM 509;
FRIGGA,JIM 510;
FRIGGA,JIM 511;
FRIGGA,JIM 512;
FRIGGA,JIM 513;
FRIGGA,JIM 92;
FRIGGA,M/SH3 5;
FRIGGA,T 10;
FRIGGA,T2 26;
FRIGGA,T 274;
FRIGGA,T 275;
FRIGGA,T 276;
FRIGGA,T 277;
FRIGGA,T 289;
FRIGGA,T 301;
FRIGGA,T 302;
FRIGGA,T 307/2;
FRIGGA,T 311/2;
FRIGGA,T 324/2;
FRIGGA,T 336/2;
FRIGGA,T 344;
FRIGGA,T 349;
FRIGGA,T 350;
FRIGGA,T 351;
FRIGGA,T 352;
FRIGGA,T 353;
FRIGGA,T 354;
FRIGGA,T 355;
FRIGGA,T 357;
FRIGGA,T 359;
FRIGGA,T 360;
FRIGGA,T 361;
FRIGGA,T 364;
FRIGGA,T 371;
FRIGGA,T 375;
FRIGGA,T 479;
FROG MAN/FROG LE BLA,CX 3;
FROG MAN/FROG LE BLA,DD 10;
FROG MAN/FROG LE BLA,DD 11;
FROG MAN/FROG LE BLA,IM 115;
FROG MAN/FROG LE BLA,IM 116;
FROG MAN/FROG LE BLA,UX 94;
FROG MAN/FROG LE BLA,UX 95;
FROG-MAN II/EUGENE P,ASM 247;
FROG-MAN II/EUGENE P,ASM 266;
FROG-MAN II/EUGENE P,DEF 131;
FROG-MAN II/EUGENE P,M/FAN 31;
FROG-MAN II/EUGENE P,M/FAN 32;
FROG-MAN II/EUGENE P,M/TU 121;
FROG-MAN II/EUGENE P,M/TU 131;
FROG-MAN II/EUGENE P,PPTSS 184;
FROG-MAN II/EUGENE P,PPTSS 185;
FROH,INV 1;
FROH,INV 2;
FROST, ADRIENNE,GENX 48;
FROST, ADRIENNE,GENX 49;
FROST, ADRIENNE,GENX 50;
FROST, ADRIENNE,GENX 51;
FROST, ADRIENNE,GENX 52;
FROST, ADRIENNE,GENX 53;
FROST, ADRIENNE,GENX 54;
FROST, ADRIENNE,GENX 56;
FROST, ADRIENNE,GENX 67;
FROST, ADRIENNE,GENX 68;
FROST, ADRIENNE,GENX 69;
FROST, ADRIENNE,GENX 70;
FROSTBITE/DR. SLOANE,IM 327;
FROST, BYRON,A3 32;
FROST, BYRON,IM 8;
FROST, CARMILLA,AA2 21;
FROST, CARMILLA,AA2 22;
FROST, CARMILLA,AA2 23;
FROST, CARMILLA,AA2 24;
FROST, CARMILLA,AA2 25;
FROST, CARMILLA,AA2 26;
FROST, CARMILLA,AA2 27;
FROST, CARMILLA,AA2 28;
FROST, CARMILLA,AA2 29;
FROST, CARMILLA,AA2 31;
FROST, CARMILLA,AA2 32;
FROST, CARMILLA,AA2 33;
FROST, CARMILLA,AA2 34;
FROST, CARMILLA,AA2 35;
FROST, CARMILLA,AA2 36;
FROST, CARMILLA,AA2 37;
FROST, CARMILLA,AA2 39;
FROST, CARMILLA,M/GN 7;
FROST, CORDELIA,GENX 3;
FROST, CORDELIA,GENX 48;
FROST, CORDELIA,GENX 60;
FROST, CORDELIA,GENX 61;
FROST, CORDELIA,GENX 8;
FROST, CORDELIA,GENX '95;
FROST, DEACON,BLADE;
FROST,H2 395;
FROST,H2 396;
FUANARO, RENEE,GR3 13;
FUANARO, RENEE,GR3 22;
FUANARO, RENEE,GR3 24;
FUANARO, RENEE,GR3 25;
FUGUE,W2 157;
FUJIKAWA, KENJIRO,IM3 4;
FUJIKAWA, RUMIKO,IFW 2;
FUJIKAWA, RUMIKO,IM3 13;
FUJIKAWA, RUMIKO,IM3 18;
FUJIKAWA, RUMIKO,IM3 23;
FUJIKAWA, RUMIKO,IM3 24;
FUJIKAWA, RUMIKO,IM3 25;
FUJIKAWA, RUMIKO,IM3 26;
FUJIKAWA, RUMIKO,IM3 28;
FUJIKAWA, RUMIKO,IM3 29;
FUJIKAWA, RUMIKO,IM3 30;
FUJIKAWA, RUMIKO,IM3 31;
FUJIKAWA, RUMIKO,IM3 32;
FUJIKAWA, RUMIKO,IM3 33;
FUJIKAWA, RUMIKO,IM3 34;
FUJIKAWA, RUMIKO,IM3 36;
FUJIKAWA, RUMIKO,IM3 37;
FUJIKAWA, RUMIKO,IM3 38;
FUJIKAWA, RUMIKO,IM3 4;
FUJIKAWA, RUMIKO,IM3 40;
FUJIKAWA, RUMIKO,IM3 41;
FUJIKAWA, RUMIKO,IM3 5;
FUJIKAWA, RUMIKO,IM:BB 2;
FULLERTON, MARY ELLE,C&D2 3;
FULLERTON, MARY ELLE,NEW TEEN TITANS;
FULLERTON-SMITH, CAS,UX '00;
FU MANCHU,DHKF 1;
FU MANCHU,DHKF 11;
FU MANCHU,DHKF 2;
FU MANCHU,DHKF 31;
FU MANCHU,DHKF 4;
FU MANCHU,DHKF 5;
FU MANCHU,DHKF 6/2;
FU MANCHU,DHKF 7;
FU MANCHU,GSMOKF 1;
FU MANCHU,GSMOKF 2;
FU MANCHU,GSMOKF 3;
FU MANCHU,GSMOKF 4;
FU MANCHU,GSS-M 2;
FU MANCHU,M/K 12;
FU MANCHU,M/K 13;
FU MANCHU,M/K 4;
FU MANCHU,MOKF 1;
FU MANCHU,MOKF 116;
FU MANCHU,MOKF 117;
FU MANCHU,MOKF 118;
FU MANCHU,MOKF 17;
FU MANCHU,MOKF 18;
FU MANCHU,MOKF 19;
FU MANCHU,MOKF 21;
FU MANCHU,MOKF 22;
FU MANCHU,MOKF 23;
FU MANCHU,MOKF 24;
FU MANCHU,MOKF 26;
FU MANCHU,MOKF 27;
FU MANCHU,MOKF 28;
FU MANCHU,MOKF 45;
FU MANCHU,MOKF 46;
FU MANCHU,MOKF 47;
FU MANCHU,MOKF 48;
FU MANCHU,MOKF 49;
FU MANCHU,MOKF 50;
FU MANCHU,MOKF 55;
FU MANCHU,MOKF 60;
FU MANCHU,MOKF 64;
FU MANCHU,MOKF 80;
FU MANCHU,MOKF 83;
FU MANCHU,MOKF 84;
FU MANCHU,MOKF 85;
FU MANCHU,MOKF 86;
FU MANCHU,MOKF 88;
FU MANCHU,MOKF 89;
FU MANCHU,MOKF:BB;
FU MANCHU,SM/E 15;
FU MANCHU,SM/E 16;
FUNARO, DONNA,MAV2 4;
FUNARO, DONNA,NW2 1;
FUNARO, DONNA,NW2 2;
FUNARO, DONNA,NW2 3;
FUNARO, DONNA,NW2 6;
FUNARO, DONNA,NW2 8;
FUNARO, DONNA,XU 8;
FURGAR,AR 1;
FURGAR,AR 2;
FURGAR,FF 402;
FURGAR,FFOR 8;
FURGAR,FFOR 9;
FURMAN, RICHARD,DD 7;
FURMINTZ, HARMON,NM 7;
FURMINTZ, HARMON,NW 1;
FURMINTZ, HARMON,NW 15;
FURY, COL. NICHOLAS,A 1;
FURY, COL. NICHOLAS,A 103;
FURY, COL. NICHOLAS,A 118;
FURY, COL. NICHOLAS,A 167;
FURY, COL. NICHOLAS,A 173;
FURY, COL. NICHOLAS,A 198;
FURY, COL. NICHOLAS,A 199;
FURY, COL. NICHOLAS,A 231;
FURY, COL. NICHOLAS,A 245;
FURY, COL. NICHOLAS,A 32;
FURY, COL. NICHOLAS,A 332;
FURY, COL. NICHOLAS,A 333;
FURY, COL. NICHOLAS,A 337;
FURY, COL. NICHOLAS,A 38;
FURY, COL. NICHOLAS,A 385;
FURY, COL. NICHOLAS,A 39;
FURY, COL. NICHOLAS,A 59;
FURY, COL. NICHOLAS,A 60;
FURY, COL. NICHOLAS,A 72;
FURY, COL. NICHOLAS,A 92;
FURY, COL. NICHOLAS,A 94;
FURY, COL. NICHOLAS,A 95;
FURY, COL. NICHOLAS,A 96;
FURY, COL. NICHOLAS,A 97;
FURY, COL. NICHOLAS,AF2 20;
FURY, COL. NICHOLAS,AT 17;
FURY, COL. NICHOLAS,AT 18;
FURY, COL. NICHOLAS,AT 19;
FURY, COL. NICHOLAS,AT 20;
FURY, COL. NICHOLAS,BFF:BGL 1;
FURY, COL. NICHOLAS,BFF:BGL 2;
FURY, COL. NICHOLAS,BW2 1;
FURY, COL. NICHOLAS,BW2 2;
FURY, COL. NICHOLAS,BW:CW;
FURY, COL. NICHOLAS,C2 59;
FURY, COL. NICHOLAS,C2 61;
FURY, COL. NICHOLAS,C2 62;
FURY, COL. NICHOLAS,CA 10;
FURY, COL. NICHOLAS,CA 100;
FURY, COL. NICHOLAS,CA 101;
FURY, COL. NICHOLAS,CA 102;
FURY, COL. NICHOLAS,CA 104;
FURY, COL. NICHOLAS,CA 109;
FURY, COL. NICHOLAS,CA 113;
FURY, COL. NICHOLAS,CA 114;
FURY, COL. NICHOLAS,CA 120;
FURY, COL. NICHOLAS,CA 121;
FURY, COL. NICHOLAS,CA 123;
FURY, COL. NICHOLAS,CA 124;
FURY, COL. NICHOLAS,CA 127;
FURY, COL. NICHOLAS,CA 132;
FURY, COL. NICHOLAS,CA 135;
FURY, COL. NICHOLAS,CA 136;
FURY, COL. NICHOLAS,CA 137;
FURY, COL. NICHOLAS,CA 139;
FURY, COL. NICHOLAS,CA 140;
FURY, COL. NICHOLAS,CA 141;
FURY, COL. NICHOLAS,CA 142;
FURY, COL. NICHOLAS,CA 143;
FURY, COL. NICHOLAS,CA 144;
FURY, COL. NICHOLAS,CA 145;
FURY, COL. NICHOLAS,CA 146;
FURY, COL. NICHOLAS,CA 147;
FURY, COL. NICHOLAS,CA 148;
FURY, COL. NICHOLAS,CA 149;
FURY, COL. NICHOLAS,CA 151;
FURY, COL. NICHOLAS,CA 152;
FURY, COL. NICHOLAS,CA 153;
FURY, COL. NICHOLAS,CA 161;
FURY, COL. NICHOLAS,CA 164;
FURY, COL. NICHOLAS,CA 165;
FURY, COL. NICHOLAS,CA 166;
FURY, COL. NICHOLAS,CA 167;
FURY, COL. NICHOLAS,CA 173;
FURY, COL. NICHOLAS,CA 181;
FURY, COL. NICHOLAS,CA 191;
FURY, COL. NICHOLAS,CA 217;
FURY, COL. NICHOLAS,CA 218;
FURY, COL. NICHOLAS,CA 222;
FURY, COL. NICHOLAS,CA 223;
FURY, COL. NICHOLAS,CA 225;
FURY, COL. NICHOLAS,CA 226;
FURY, COL. NICHOLAS,CA 227;
FURY, COL. NICHOLAS,CA 237;
FURY, COL. NICHOLAS,CA 238;
FURY, COL. NICHOLAS,CA 247;
FURY, COL. NICHOLAS,CA 248;
FURY, COL. NICHOLAS,CA 250;
FURY, COL. NICHOLAS,CA 265;
FURY, COL. NICHOLAS,CA 266;
FURY, COL. NICHOLAS,CA 269;
FURY, COL. NICHOLAS,CA 273;
FURY, COL. NICHOLAS,CA 274;
FURY, COL. NICHOLAS,CA 276;
FURY, COL. NICHOLAS,CA 279;
FURY, COL. NICHOLAS,CA 282;
FURY, COL. NICHOLAS,CA 283;
FURY, COL. NICHOLAS,CA 284;
FURY, COL. NICHOLAS,CA 289;
FURY, COL. NICHOLAS,CA 304;
FURY, COL. NICHOLAS,CA 309;
FURY, COL. NICHOLAS,CA3 20/2;
FURY, COL. NICHOLAS,CA3 21/2;
FURY, COL. NICHOLAS,CA3 25;
FURY, COL. NICHOLAS,CA3 26;
FURY, COL. NICHOLAS,CA3 27;
FURY, COL. NICHOLAS,CA3 28;
FURY, COL. NICHOLAS,CA3 30;
FURY, COL. NICHOLAS,CA3 31;
FURY, COL. NICHOLAS,CA3 32;
FURY, COL. NICHOLAS,CA3 33;
FURY, COL. NICHOLAS,CA3 34;
FURY, COL. NICHOLAS,CA3 35;
FURY, COL. NICHOLAS,CA3 36;
FURY, COL. NICHOLAS,CA3 37;
FURY, COL. NICHOLAS,CA3 41;
FURY, COL. NICHOLAS,CA3 42;
FURY, COL. NICHOLAS,CA3 43;
FURY, COL. NICHOLAS,CA3 45;
FURY, COL. NICHOLAS,CA 351;
FURY, COL. NICHOLAS,CA 383/2;
FURY, COL. NICHOLAS,CA 440;
FURY, COL. NICHOLAS,CA 9/2;
FURY, COL. NICHOLAS,CA:SL2 1;
FURY, COL. NICHOLAS,CA:SL2 12;
FURY, COL. NICHOLAS,CA:SL2 5/2;
FURY, COL. NICHOLAS,CA:SL2 6/2;
FURY, COL. NICHOLAS,CB 15;
FURY, COL. NICHOLAS,CB 17;
FURY, COL. NICHOLAS,CB 18;
FURY, COL. NICHOLAS,CB 19;
FURY, COL. NICHOLAS,CB 20;
FURY, COL. NICHOLAS,COMET 4;
FURY, COL. NICHOLAS,COMET 5;
FURY, COL. NICHOLAS,COTL 35;
FURY, COL. NICHOLAS,DAMCON2 3;
FURY, COL. NICHOLAS,DAMCON2 4;
FURY, COL. NICHOLAS,DD 120;
FURY, COL. NICHOLAS,DD 121;
FURY, COL. NICHOLAS,DD 122;
FURY, COL. NICHOLAS,DD 123;
FURY, COL. NICHOLAS,DD 187;
FURY, COL. NICHOLAS,DD 298;
FURY, COL. NICHOLAS,DD 299;
FURY, COL. NICHOLAS,DD 330;
FURY, COL. NICHOLAS,DD 7;
FURY, COL. NICHOLAS,DD 73;
FURY, COL. NICHOLAS,DEF 11;
FURY, COL. NICHOLAS,DEF 126;
FURY, COL. NICHOLAS,DEF 128;
FURY, COL. NICHOLAS,DEF 129;
FURY, COL. NICHOLAS,DEF 130;
FURY, COL. NICHOLAS,DEF 47;
FURY, COL. NICHOLAS,DEF 51;
FURY, COL. NICHOLAS,DEF 54/2;
FURY, COL. NICHOLAS,DF 2.4;
FURY, COL. NICHOLAS,DF 3.6;
FURY, COL. NICHOLAS,DLOK 2;
FURY, COL. NICHOLAS,DLOK2 10;
FURY, COL. NICHOLAS,DLOK2 12;
FURY, COL. NICHOLAS,DLOK2 17;
FURY, COL. NICHOLAS,DLOK 3;
FURY, COL. NICHOLAS,DLOK3 4;
FURY, COL. NICHOLAS,DLOK 4;
FURY, COL. NICHOLAS,DRSTR2 50;
FURY, COL. NICHOLAS,DRSTR2 51;
FURY, COL. NICHOLAS,E:A 4;
FURY, COL. NICHOLAS,E:A 5;
FURY, COL. NICHOLAS,E:A 6;
FURY, COL. NICHOLAS,E:A 7;
FURY, COL. NICHOLAS,ELEK2 1;
FURY, COL. NICHOLAS,F/A 1;
FURY, COL. NICHOLAS,F/A 2;
FURY, COL. NICHOLAS,FF 154;
FURY, COL. NICHOLAS,FF 197;
FURY, COL. NICHOLAS,FF 21;
FURY, COL. NICHOLAS,FF 240;
FURY, COL. NICHOLAS,FF 241;
FURY, COL. NICHOLAS,FF 289;
FURY, COL. NICHOLAS,FF 290;
FURY, COL. NICHOLAS,FF 291;
FURY, COL. NICHOLAS,FF 292;
FURY, COL. NICHOLAS,FF 3;
FURY, COL. NICHOLAS,FF3 27;
FURY, COL. NICHOLAS,FF 400/2;
FURY, COL. NICHOLAS,FF 84;
FURY, COL. NICHOLAS,FURY 1;
FURY, COL. NICHOLAS,FW 10/2;
FURY, COL. NICHOLAS,GZILL 1;
FURY, COL. NICHOLAS,H2 106;
FURY, COL. NICHOLAS,H2 107;
FURY, COL. NICHOLAS,H2 108;
FURY, COL. NICHOLAS,H2 148;
FURY, COL. NICHOLAS,H2 152;
FURY, COL. NICHOLAS,H2 164;
FURY, COL. NICHOLAS,H2 165;
FURY, COL. NICHOLAS,H2 187;
FURY, COL. NICHOLAS,H2 188;
FURY, COL. NICHOLAS,H2 199;
FURY, COL. NICHOLAS,H2 212;
FURY, COL. NICHOLAS,H2 219;
FURY, COL. NICHOLAS,H2 279;
FURY, COL. NICHOLAS,H2 342;
FURY, COL. NICHOLAS,H2 345;
FURY, COL. NICHOLAS,H2 346;
FURY, COL. NICHOLAS,H2 380;
FURY, COL. NICHOLAS,H2 426;
FURY, COL. NICHOLAS,H3 10;
FURY, COL. NICHOLAS,H3 11;
FURY, COL. NICHOLAS,H3 1/2;
FURY, COL. NICHOLAS,H3 16;
FURY, COL. NICHOLAS,H3 19;
FURY, COL. NICHOLAS,H3 20;
FURY, COL. NICHOLAS,IG 1;
FURY, COL. NICHOLAS,IG 2;
FURY, COL. NICHOLAS,IG 3;
FURY, COL. NICHOLAS,IM 1;
FURY, COL. NICHOLAS,IM 10;
FURY, COL. NICHOLAS,IM 105;
FURY, COL. NICHOLAS,IM 117;
FURY, COL. NICHOLAS,IM 118;
FURY, COL. NICHOLAS,IM 119;
FURY, COL. NICHOLAS,IM 129;
FURY, COL. NICHOLAS,IM 13;
FURY, COL. NICHOLAS,IM 141;
FURY, COL. NICHOLAS,IM 142;
FURY, COL. NICHOLAS,IM 16;
FURY, COL. NICHOLAS,IM 174;
FURY, COL. NICHOLAS,IM 175;
FURY, COL. NICHOLAS,IM 18;
FURY, COL. NICHOLAS,IM 185;
FURY, COL. NICHOLAS,IM 227;
FURY, COL. NICHOLAS,IM 282;
FURY, COL. NICHOLAS,IM 284;
FURY, COL. NICHOLAS,IM 306;
FURY, COL. NICHOLAS,IM 33;
FURY, COL. NICHOLAS,IM3 36;
FURY, COL. NICHOLAS,IM 35;
FURY, COL. NICHOLAS,IM 36;
FURY, COL. NICHOLAS,IM 40;
FURY, COL. NICHOLAS,IM 8;
FURY, COL. NICHOLAS,INV 35;
FURY, COL. NICHOLAS,JIM 519;
FURY, COL. NICHOLAS,JOH 1;
FURY, COL. NICHOLAS,JOH 2;
FURY, COL. NICHOLAS,KZ2 4;
FURY, COL. NICHOLAS,M/CP 77/3;
FURY, COL. NICHOLAS,M/CP 78/2;
FURY, COL. NICHOLAS,M/CP 79/2;
FURY, COL. NICHOLAS,M/FAN 10;
FURY, COL. NICHOLAS,M/FAN 11;
FURY, COL. NICHOLAS,M/FAN 13;
FURY, COL. NICHOLAS,M/FAN 24/2;
FURY, COL. NICHOLAS,M/FAN 47;
FURY, COL. NICHOLAS,M/FAN 49;
FURY, COL. NICHOLAS,M/GN 18;
FURY, COL. NICHOLAS,MICRO 12;
FURY, COL. NICHOLAS,MICRO 13;
FURY, COL. NICHOLAS,MICRO 26;
FURY, COL. NICHOLAS,MICRO 27;
FURY, COL. NICHOLAS,MICRO 28;
FURY, COL. NICHOLAS,MICRO 29;
FURY, COL. NICHOLAS,M/K 4;
FURY, COL. NICHOLAS,M/K 5;
FURY, COL. NICHOLAS,M/:LG 10;
FURY, COL. NICHOLAS,M/:LG 9;
FURY, COL. NICHOLAS,M/SH3 11/3;
FURY, COL. NICHOLAS,M/SH3 4;
FURY, COL. NICHOLAS,M/SPT 31;
FURY, COL. NICHOLAS,M/SPT 32;
FURY, COL. NICHOLAS,M/TIO 26;
FURY, COL. NICHOLAS,M/TIO 27;
FURY, COL. NICHOLAS,M/TIO 28;
FURY, COL. NICHOLAS,M/TIO 30;
FURY, COL. NICHOLAS,M/TIO 34;
FURY, COL. NICHOLAS,M/TIO 4;
FURY, COL. NICHOLAS,M/TIO 51;
FURY, COL. NICHOLAS,M/TIO 77;
FURY, COL. NICHOLAS,M/TIO 89;
FURY, COL. NICHOLAS,M/TU 13;
FURY, COL. NICHOLAS,M/TU 139;
FURY, COL. NICHOLAS,M/TU 51;
FURY, COL. NICHOLAS,M/TU 71;
FURY, COL. NICHOLAS,M/TU 82;
FURY, COL. NICHOLAS,M/TU 83;
FURY, COL. NICHOLAS,M/TU 84;
FURY, COL. NICHOLAS,M/TU 85;
FURY, COL. NICHOLAS,M/TU 95;
FURY, COL. NICHOLAS,NF3 1;
FURY, COL. NICHOLAS,NF3 10;
FURY, COL. NICHOLAS,NF3 11;
FURY, COL. NICHOLAS,NF3 12;
FURY, COL. NICHOLAS,NF3 13;
FURY, COL. NICHOLAS,NF3 14;
FURY, COL. NICHOLAS,NF3 15;
FURY, COL. NICHOLAS,NF3 16;
FURY, COL. NICHOLAS,NF3 17;
FURY, COL. NICHOLAS,NF3 18;
FURY, COL. NICHOLAS,NF3 19;
FURY, COL. NICHOLAS,NF3 2;
FURY, COL. NICHOLAS,NF3 20;
FURY, COL. NICHOLAS,NF3 21;
FURY, COL. NICHOLAS,NF3 22;
FURY, COL. NICHOLAS,NF3 23;
FURY, COL. NICHOLAS,NF3 24;
FURY, COL. NICHOLAS,NF3 25;
FURY, COL. NICHOLAS,NF3 26;
FURY, COL. NICHOLAS,NF3 27;
FURY, COL. NICHOLAS,NF3 28;
FURY, COL. NICHOLAS,NF3 29;
FURY, COL. NICHOLAS,NF3 3;
FURY, COL. NICHOLAS,NF3 30;
FURY, COL. NICHOLAS,NF3 31;
FURY, COL. NICHOLAS,NF3 32;
FURY, COL. NICHOLAS,NF3 33;
FURY, COL. NICHOLAS,NF3 34;
FURY, COL. NICHOLAS,NF3 35;
FURY, COL. NICHOLAS,NF3 36;
FURY, COL. NICHOLAS,NF3 37;
FURY, COL. NICHOLAS,NF3 37/2;
FURY, COL. NICHOLAS,NF3 38;
FURY, COL. NICHOLAS,NF3 39;
FURY, COL. NICHOLAS,NF3 4;
FURY, COL. NICHOLAS,NF3 40;
FURY, COL. NICHOLAS,NF3 41;
FURY, COL. NICHOLAS,NF3 42;
FURY, COL. NICHOLAS,NF3 5;
FURY, COL. NICHOLAS,NF3 6;
FURY, COL. NICHOLAS,NF3 7;
FURY, COL. NICHOLAS,NF3 8;
FURY, COL. NICHOLAS,NF3 9;
FURY, COL. NICHOLAS,NFAOS 1;
FURY, COL. NICHOLAS,NFAOS 10;
FURY, COL. NICHOLAS,NFAOS 11;
FURY, COL. NICHOLAS,NFAOS 12;
FURY, COL. NICHOLAS,NFAOS 13;
FURY, COL. NICHOLAS,NFAOS 14;
FURY, COL. NICHOLAS,NFAOS 15;
FURY, COL. NICHOLAS,NFAOS 2;
FURY, COL. NICHOLAS,NFAOS 3;
FURY, COL. NICHOLAS,NFAOS 4;
FURY, COL. NICHOLAS,NFAOS 5;
FURY, COL. NICHOLAS,NFAOS 6;
FURY, COL. NICHOLAS,NFAOS 7;
FURY, COL. NICHOLAS,NFAOS 8;
FURY, COL. NICHOLAS,NFAOS 9;
FURY, COL. NICHOLAS,NFV.S 1;
FURY, COL. NICHOLAS,NFV.S 2;
FURY, COL. NICHOLAS,NFV.S 3;
FURY, COL. NICHOLAS,NFV.S 4;
FURY, COL. NICHOLAS,NFV.S 5;
FURY, COL. NICHOLAS,NFV.S 6;
FURY, COL. NICHOLAS,NO 15;
FURY, COL. NICHOLAS,NO 16;
FURY, COL. NICHOLAS,NO 17;
FURY, COL. NICHOLAS,NO 18;
FURY, COL. NICHOLAS,NO2 11;
FURY, COL. NICHOLAS,NO2 12;
FURY, COL. NICHOLAS,NO2 13;
FURY, COL. NICHOLAS,NO2 9;
FURY, COL. NICHOLAS,NT2 17;
FURY, COL. NICHOLAS,NT2 18;
FURY, COL. NICHOLAS,NW 50;
FURY, COL. NICHOLAS,PM&IF 113;
FURY, COL. NICHOLAS,PM&IF 121;
FURY, COL. NICHOLAS,P:POV 2;
FURY, COL. NICHOLAS,P:POV 3;
FURY, COL. NICHOLAS,P:POV 4;
FURY, COL. NICHOLAS,PUN2 29;
FURY, COL. NICHOLAS,PUN2 41;
FURY, COL. NICHOLAS,PUN 4;
FURY, COL. NICHOLAS,Q 1;
FURY, COL. NICHOLAS,RH 3/2;
FURY, COL. NICHOLAS,ROM 53;
FURY, COL. NICHOLAS,ROM 54;
FURY, COL. NICHOLAS,SGTF 1;
FURY, COL. NICHOLAS,SGTF 13;
FURY, COL. NICHOLAS,SGTF 2;
FURY, COL. NICHOLAS,SKK 3;
FURY, COL. NICHOLAS,SS 16;
FURY, COL. NICHOLAS,SS 17;
FURY, COL. NICHOLAS,SS 3;
FURY, COL. NICHOLAS,ST 135;
FURY, COL. NICHOLAS,ST 136;
FURY, COL. NICHOLAS,ST 137;
FURY, COL. NICHOLAS,ST 138;
FURY, COL. NICHOLAS,ST 139;
FURY, COL. NICHOLAS,ST 140;
FURY, COL. NICHOLAS,ST 141;
FURY, COL. NICHOLAS,ST 142;
FURY, COL. NICHOLAS,ST 143;
FURY, COL. NICHOLAS,ST 144;
FURY, COL. NICHOLAS,ST 145;
FURY, COL. NICHOLAS,ST 146;
FURY, COL. NICHOLAS,ST 147;
FURY, COL. NICHOLAS,ST 148;
FURY, COL. NICHOLAS,ST 149;
FURY, COL. NICHOLAS,ST 150;
FURY, COL. NICHOLAS,ST 151;
FURY, COL. NICHOLAS,ST 152;
FURY, COL. NICHOLAS,ST 153;
FURY, COL. NICHOLAS,ST 154;
FURY, COL. NICHOLAS,ST 155;
FURY, COL. NICHOLAS,ST 156;
FURY, COL. NICHOLAS,ST 157;
FURY, COL. NICHOLAS,ST 158;
FURY, COL. NICHOLAS,ST 159;
FURY, COL. NICHOLAS,ST 160;
FURY, COL. NICHOLAS,ST 161;
FURY, COL. NICHOLAS,ST 162;
FURY, COL. NICHOLAS,ST 163;
FURY, COL. NICHOLAS,ST 164/2;
FURY, COL. NICHOLAS,ST 165;
FURY, COL. NICHOLAS,ST 166/2;
FURY, COL. NICHOLAS,ST 167;
FURY, COL. NICHOLAS,ST 168/2;
FURY, COL. NICHOLAS,ST2;
FURY, COL. NICHOLAS,SUB-M 14;
FURY, COL. NICHOLAS,S-W 37;
FURY, COL. NICHOLAS,S-W 7;
FURY, COL. NICHOLAS,T 271;
FURY, COL. NICHOLAS,T 337;
FURY, COL. NICHOLAS,T 338;
FURY, COL. NICHOLAS,T 341;
FURY, COL. NICHOLAS,TOS2;
FURY, COL. NICHOLAS,TOS 78;
FURY, COL. NICHOLAS,TOS 92/2;
FURY, COL. NICHOLAS,TOS 95/2;
FURY, COL. NICHOLAS,TOS 96/2;
FURY, COL. NICHOLAS,TOS 98/2;
FURY, COL. NICHOLAS,TOS 99;
FURY, COL. NICHOLAS,UX 182;
FURY, COL. NICHOLAS,UX 274;
FURY, COL. NICHOLAS,UX 275;
FURY, COL. NICHOLAS,UX 286;
FURY, COL. NICHOLAS,UX 362;
FURY, COL. NICHOLAS,UX 371;
FURY, COL. NICHOLAS,UX 7;
FURY, COL. NICHOLAS,UX 98;
FURY, COL. NICHOLAS,W2 -1;
FURY, COL. NICHOLAS,W2 163;
FURY, COL. NICHOLAS,W2 164;
FURY, COL. NICHOLAS,W2 165;
FURY, COL. NICHOLAS,W2 42;
FURY, COL. NICHOLAS,W2 43;
FURY, COL. NICHOLAS,W2 50;
FURY, COL. NICHOLAS,W2 53;
FURY, COL. NICHOLAS,W2 61;
FURY, COL. NICHOLAS,W2 65;
FURY, COL. NICHOLAS,W '99/2;
FURY, COL. NICHOLAS,WARM 14;
FURY, COL. NICHOLAS,WARM 15;
FURY, COL. NICHOLAS,WARM 17;
FURY, COL. NICHOLAS,WARM 4;
FURY, COL. NICHOLAS,WCA2 11;
FURY, COL. NICHOLAS,WCA2 27;
FURY, COL. NICHOLAS,W/NF;
FURY, COL. NICHOLAS,X 1;
FURY, COL. NICHOLAS,X 2;
FURY, COL. NICHOLAS,X 3;
FURY, COL. NICHOLAS,X 35;
FURY, COL. NICHOLAS,X 91;
FURY, COL. NICHOLAS,X '99;
FURY, COL. NICHOLAS,XCAL 56;
FURY, COL. NICHOLAS,XF 108;
FURY, COL. NICHOLAS,XF 70;
FURY, COL. NICHOLAS,XFOR 1;
FURY, COL. NICHOLAS,XFOR 111;
FURY, COL. NICHOLAS,XFOR 112;
FURY, COL. NICHOLAS,XFOR 5;
FURY, COL. NICHOLAS,XM 46;
FURY, DAWN,H2 434;
FURY, NICK II,CA2 1;
FURY, NICK L.M.D.,DD 344;
FURY, NICK L.M.D.,DE:A;
FURY, NICK L.M.D.,DE:O;
FURY, NICK L.M.D.,DRSTR3 81;
FURY, NICK L.M.D.,H2 433;
FURY, NICK | MUTANT,MX 1;
FURY, NICK | MUTANT,MX 15;
FURY, NICK | MUTANT,MX 16;
FURY, NICK | MUTANT,MX 18;
FURY, NICK | MUTANT,MX '99;
FU'SE,NW 20;
FU'SE,XF 63;
FUSION/MARKLEY,PPSM2 30;
FUSION/MARKLEY,PPSM2 31;
FUSION/MARKLEY,PPSM2 32;
FUTURIST,FF 215;
FUTURIST,FF 216;
GAARD/JOHNNY STORM E,FF 162;
GAARD/JOHNNY STORM E,FF 163;
GAARD/JOHNNY STORM E,FFOR 11;
GAARD/JOHNNY STORM E,FFOR 12;
GAARK,T 500;
GABRIEL III,DD2 1;
GABRIEL III,DD2 2;
GABRIEL III,DD2 4;
GABRIEL III,DD2 6;
GABRIEL III,DD2 7;
GADFLY/RUTH MACRAE,M/:LG 10;
GADFLY/RUTH MACRAE,M/:LG 11;
GADFLY/RUTH MACRAE,M/:LG 12;
GADRIEL,PUN4 1;
GADRIEL,PUN4 2;
GADRIEL,PUN4 3;
GADRIEL,PUN4 4;
GAEA,A 187;
GAEA,DEF2 1;
GAEA,DRSTR2 7;
GAEA,DRSTR2 8;
GAEA,GSA 4;
GAEA,Q 24;
GAEA,Q 25;
GAEA,SS 2/5;
GAEA,T 10;
GAEA,T 14;
GAEA,T 300;
GAEA,T 301;
GAFF/SIDNEY E. LEVIN,CA 248;
GAFF/SIDNEY E. LEVIN,H2 188;
GAFF/SIDNEY E. LEVIN,H2 212;
GAFF/SIDNEY E. LEVIN,H2 213;
GAFF/SIDNEY E. LEVIN,H2 214;
GAFF/SIDNEY E. LEVIN,H2 215;
GAFF/SIDNEY E. LEVIN,H2 216;
GAFF/SIDNEY E. LEVIN,H2 219;
GAFF/SIDNEY E. LEVIN,KPAOS 1;
GAFF/SIDNEY E. LEVIN,M/GN 18;
GAFF/SIDNEY E. LEVIN,NFAOS 14;
GAFF/SIDNEY E. LEVIN,NFV.S 1;
GAFF/SIDNEY E. LEVIN,NFV.S 2;
GAFF/SIDNEY E. LEVIN,NFV.S 6;
GAFF/SIDNEY E. LEVIN,Q 1;
GAFF/SIDNEY E. LEVIN,ST 159;
GAFF/SIDNEY E. LEVIN,ST 162;
GAFF/SIDNEY E. LEVIN,ST 163;
GAFF/SIDNEY E. LEVIN,ST 167;
GAIA,GENX 37;
GAIA,GENX 38;
GAIA,GENX 39;
GAIA,GENX 42;
GAIA,GENX 43;
GAIA,GENX 44;
GAIA,GENX 45;
GAIA,GENX 46;
GAIA,GENX 47;
GAIA,GENX 48;
GAIA,GENX 49;
GAIA,GENX 50;
GAIA,GENX 51;
GAIA,XM 50;
GALACTUS/GALAN,AF 100;
GALACTUS/GALAN,AF 99;
GALACTUS/GALAN,ASM 431;
GALACTUS/GALAN,DAMCON3 3;
GALACTUS/GALAN,DAMCON3 4;
GALACTUS/GALAN,DAZZ 10;
GALACTUS/GALAN,DAZZ 11;
GALACTUS/GALAN,DD 37;
GALACTUS/GALAN,DRSTR3 42;
GALACTUS/GALAN,DRSTR3 43;
GALACTUS/GALAN,DRSTR3 44;
GALACTUS/GALAN,DRSTR3 45;
GALACTUS/GALAN,EPICI 1;
GALACTUS/GALAN,FF 121;
GALACTUS/GALAN,FF 122;
GALACTUS/GALAN,FF 123;
GALACTUS/GALAN,FF 172;
GALACTUS/GALAN,FF 173;
GALACTUS/GALAN,FF 174;
GALACTUS/GALAN,FF 175;
GALACTUS/GALAN,FF 210;
GALACTUS/GALAN,FF 211;
GALACTUS/GALAN,FF 212;
GALACTUS/GALAN,FF 213;
GALACTUS/GALAN,FF 243;
GALACTUS/GALAN,FF 244;
GALACTUS/GALAN,FF 256;
GALACTUS/GALAN,FF 257;
GALACTUS/GALAN,FF 262;
GALACTUS/GALAN,FF 369;
GALACTUS/GALAN,FF 370;
GALACTUS/GALAN,FF3 8;
GALACTUS/GALAN,FF 414;
GALACTUS/GALAN,FF 48;
GALACTUS/GALAN,FF 49;
GALACTUS/GALAN,FF 50;
GALACTUS/GALAN,FF 74;
GALACTUS/GALAN,FF 75;
GALACTUS/GALAN,FF 76;
GALACTUS/GALAN,FF 77;
GALACTUS/GALAN,GAL 1;
GALACTUS/GALAN,GAL 2;
GALACTUS/GALAN,GAL 3;
GALACTUS/GALAN,GAL 4;
GALACTUS/GALAN,GAL 5;
GALACTUS/GALAN,GAL 6;
GALACTUS/GALAN,IG 2;
GALACTUS/GALAN,IG 3;
GALACTUS/GALAN,IG 4;
GALACTUS/GALAN,IG 5;
GALACTUS/GALAN,IG 6;
GALACTUS/GALAN,IW;
GALACTUS/GALAN,IW 1;
GALACTUS/GALAN,IW 2;
GALACTUS/GALAN,IW 3;
GALACTUS/GALAN,IW 4;
GALACTUS/GALAN,IW 5;
GALACTUS/GALAN,IW 6;
GALACTUS/GALAN,M/CP 93/2;
GALACTUS/GALAN,M/CP 93/4;
GALACTUS/GALAN,M/SHSW 1;
GALACTUS/GALAN,M/SHSW 10;
GALACTUS/GALAN,M/SHSW 11;
GALACTUS/GALAN,M/SHSW 12;
GALACTUS/GALAN,M/SHSW 2;
GALACTUS/GALAN,M/SHSW 3;
GALACTUS/GALAN,M/SHSW 4;
GALACTUS/GALAN,M/SHSW 5;
GALACTUS/GALAN,M/SHSW 6;
GALACTUS/GALAN,M/SHSW 7;
GALACTUS/GALAN,M/SHSW 8;
GALACTUS/GALAN,M/SHSW 9;
GALACTUS/GALAN,PP 56;
GALACTUS/GALAN,Q 24;
GALACTUS/GALAN,Q 25;
GALACTUS/GALAN,ROM 26;
GALACTUS/GALAN,ROM 27;
GALACTUS/GALAN,S&L 3/4;
GALACTUS/GALAN,SS 1;
GALACTUS/GALAN,SS 1/2;
GALACTUS/GALAN,SS3 -1;
GALACTUS/GALAN,SS3 1;
GALACTUS/GALAN,SS3 10;
GALACTUS/GALAN,SS3 102;
GALACTUS/GALAN,SS3 105;
GALACTUS/GALAN,SS3 106;
GALACTUS/GALAN,SS3 107;
GALACTUS/GALAN,SS3 108;
GALACTUS/GALAN,SS3 109;
GALACTUS/GALAN,SS3 129;
GALACTUS/GALAN,SS3 130;
GALACTUS/GALAN,SS3 131;
GALACTUS/GALAN,SS3 144;
GALACTUS/GALAN,SS3 15;
GALACTUS/GALAN,SS3 17;
GALACTUS/GALAN,SS3 18;
GALACTUS/GALAN,SS3 19;
GALACTUS/GALAN,SS3 20;
GALACTUS/GALAN,SS3 48;
GALACTUS/GALAN,SS3 51;
GALACTUS/GALAN,SS3 67;
GALACTUS/GALAN,SS3 68;
GALACTUS/GALAN,SS3 69;
GALACTUS/GALAN,SS3 70;
GALACTUS/GALAN,SS3 71;
GALACTUS/GALAN,SS3 72;
GALACTUS/GALAN,SS3 73;
GALACTUS/GALAN,SS3 75;
GALACTUS/GALAN,SS3 9;
GALACTUS/GALAN,SS 7;
GALACTUS/GALAN,SS: JUDGMENT DAY;
GALACTUS/GALAN,SVC 1;
GALACTUS/GALAN,T 134;
GALACTUS/GALAN,T 160;
GALACTUS/GALAN,T 161;
GALACTUS/GALAN,T 162;
GALACTUS/GALAN,T 167;
GALACTUS/GALAN,T 168;
GALACTUS/GALAN,T 169;
GALACTUS/GALAN,T 225;
GALACTUS/GALAN,T 226;
GALACTUS/GALAN,T 227;
GALACTUS/GALAN,T 228;
GALACTUS/GALAN,T 306;
GALACTUS/GALAN,UX 370;
GALACTUS/GALAN,W2 137;
GALACTUS/GALAN,W2 138;
GALACTUS/GALAN,WIW 1;
GALACTUS/GALAN,WIW 9;
GALACTUS/GALAN,WM2;
GALACTUS/GALAN,WM2 14;
GALACTUS/GALAN,X 89;
GALACTUS/GALAN,X 90;
GALACTUS/GALAN,XCAL 24;
GALACTUS/GALAN,XCAL 25;
GALADRIEL,UX 383;
GALANNAN, BILL,SM:FA 1;
GALANNAN, BILL,SM:FA 2;
GALEN,A 351;
GALEN KOR, ADMIRAL [,A3 7;
GALEN KOR, ADMIRAL [,A 379;
GALEN KOR, ADMIRAL [,IM3 7;
GALEN KOR, ADMIRAL [,QS 10;
GALE, SHERIFF,LSHOT2 1;
GALLAGHER, BOB,IM3 15;
GALTUS,DS:WDS;
GALVIN, TOMMY,WOSM 82;
GAMBIT DOPPELGANGER,IW 3;
GAMBIT DOPPELGANGER,IW 4;
GAMBIT DOPPELGANGER,NOM2 7;
GAMBIT | MUTANT X-VE,MX '00;
GAMBIT | MUTANT X-VE,MX '01;
GAMBIT | MUTANT X-VE,MX 16;
GAMBIT | MUTANT X-VE,MX 19;
GAMBIT | MUTANT X-VE,MX 21;
GAMBIT | MUTANT X-VE,MX 22;
GAMBIT | MUTANT X-VE,MX 23;
GAMBIT | MUTANT X-VE,MX 25;
GAMBIT | MUTANT X-VE,MX 26;
GAMBIT | MUTANT X-VE,MX 27;
GAMBIT | MUTANT X-VE,MX 28;
GAMBIT | MUTANT X-VE,MX 30;
GAMBIT | MUTANT X-VE,MX 31;
GAMBIT/REMY LEBEAU,A3 10;
GAMBIT/REMY LEBEAU,A 401;
GAMBIT/REMY LEBEAU,BSHP 4;
GAMBIT/REMY LEBEAU,C2 16;
GAMBIT/REMY LEBEAU,C2 20;
GAMBIT/REMY LEBEAU,C2 87;
GAMBIT/REMY LEBEAU,DD 330;
GAMBIT/REMY LEBEAU,FF 367;
GAMBIT/REMY LEBEAU,GAM '00;
GAMBIT/REMY LEBEAU,GAM2 2;
GAMBIT/REMY LEBEAU,GAM3 1;
GAMBIT/REMY LEBEAU,GAM3 11;
GAMBIT/REMY LEBEAU,GAM3 12;
GAMBIT/REMY LEBEAU,GAM3 13;
GAMBIT/REMY LEBEAU,GAM3 14;
GAMBIT/REMY LEBEAU,GAM3 17;
GAMBIT/REMY LEBEAU,GAM3 19;
GAMBIT/REMY LEBEAU,GAM3 2;
GAMBIT/REMY LEBEAU,GAM3 20;
GAMBIT/REMY LEBEAU,GAM3 21;
GAMBIT/REMY LEBEAU,GAM3 22;
GAMBIT/REMY LEBEAU,GAM3 23;
GAMBIT/REMY LEBEAU,GAM3 24;
GAMBIT/REMY LEBEAU,GAM3 25;
GAMBIT/REMY LEBEAU,GR3 26;
GAMBIT/REMY LEBEAU,GR3 27;
GAMBIT/REMY LEBEAU,H2 445;
GAMBIT/REMY LEBEAU,IW 1;
GAMBIT/REMY LEBEAU,IW 2;
GAMBIT/REMY LEBEAU,IW 3;
GAMBIT/REMY LEBEAU,IW 4;
GAMBIT/REMY LEBEAU,IW 6;
GAMBIT/REMY LEBEAU,MAXSEC 3;
GAMBIT/REMY LEBEAU,M/CP 89/4;
GAMBIT/REMY LEBEAU,MK3 41;
GAMBIT/REMY LEBEAU,MK3 43;
GAMBIT/REMY LEBEAU,NM 95;
GAMBIT/REMY LEBEAU,NM 96;
GAMBIT/REMY LEBEAU,NM 97;
GAMBIT/REMY LEBEAU,O:MU;
GAMBIT/REMY LEBEAU,O:X;
GAMBIT/REMY LEBEAU,R 1;
GAMBIT/REMY LEBEAU,R 2;
GAMBIT/REMY LEBEAU,R 3;
GAMBIT/REMY LEBEAU,R 4;
GAMBIT/REMY LEBEAU,SMTU 5;
GAMBIT/REMY LEBEAU,UX 14;
GAMBIT/REMY LEBEAU,UX 266;
GAMBIT/REMY LEBEAU,UX 267;
GAMBIT/REMY LEBEAU,UX 270;
GAMBIT/REMY LEBEAU,UX 272;
GAMBIT/REMY LEBEAU,UX 273;
GAMBIT/REMY LEBEAU,UX 274;
GAMBIT/REMY LEBEAU,UX 275;
GAMBIT/REMY LEBEAU,UX 276;
GAMBIT/REMY LEBEAU,UX 277;
GAMBIT/REMY LEBEAU,UX 278;
GAMBIT/REMY LEBEAU,UX 279;
GAMBIT/REMY LEBEAU,UX 280;
GAMBIT/REMY LEBEAU,UX 294;
GAMBIT/REMY LEBEAU,UX 295;
GAMBIT/REMY LEBEAU,UX 318;
GAMBIT/REMY LEBEAU,UX 321;
GAMBIT/REMY LEBEAU,UX 323;
GAMBIT/REMY LEBEAU,UX 324;
GAMBIT/REMY LEBEAU,UX 325;
GAMBIT/REMY LEBEAU,UX 326;
GAMBIT/REMY LEBEAU,UX 330;
GAMBIT/REMY LEBEAU,UX 331;
GAMBIT/REMY LEBEAU,UX 333;
GAMBIT/REMY LEBEAU,UX 334;
GAMBIT/REMY LEBEAU,UX 335;
GAMBIT/REMY LEBEAU,UX 336;
GAMBIT/REMY LEBEAU,UX 337;
GAMBIT/REMY LEBEAU,UX 338;
GAMBIT/REMY LEBEAU,UX 340;
GAMBIT/REMY LEBEAU,UX 341;
GAMBIT/REMY LEBEAU,UX 342;
GAMBIT/REMY LEBEAU,UX 343;
GAMBIT/REMY LEBEAU,UX 344;
GAMBIT/REMY LEBEAU,UX 345;
GAMBIT/REMY LEBEAU,UX 346;
GAMBIT/REMY LEBEAU,UX 347;
GAMBIT/REMY LEBEAU,UX 348;
GAMBIT/REMY LEBEAU,UX 349;
GAMBIT/REMY LEBEAU,UX 350;
GAMBIT/REMY LEBEAU,UX 361;
GAMBIT/REMY LEBEAU,UX 362;
GAMBIT/REMY LEBEAU,UX 365;
GAMBIT/REMY LEBEAU,UX 366;
GAMBIT/REMY LEBEAU,UX 367;
GAMBIT/REMY LEBEAU,UX 368;
GAMBIT/REMY LEBEAU,UX 369;
GAMBIT/REMY LEBEAU,UX 370;
GAMBIT/REMY LEBEAU,UX 371;
GAMBIT/REMY LEBEAU,UX 372;
GAMBIT/REMY LEBEAU,UX 375;
GAMBIT/REMY LEBEAU,UX 376;
GAMBIT/REMY LEBEAU,UX 377;
GAMBIT/REMY LEBEAU,UX 378;
GAMBIT/REMY LEBEAU,UX 379;
GAMBIT/REMY LEBEAU,UX 380;
GAMBIT/REMY LEBEAU,UX 381;
GAMBIT/REMY LEBEAU,UX 382;
GAMBIT/REMY LEBEAU,UX 383;
GAMBIT/REMY LEBEAU,UX 384;
GAMBIT/REMY LEBEAU,UX 385;
GAMBIT/REMY LEBEAU,UX 386;
GAMBIT/REMY LEBEAU,UX 387;
GAMBIT/REMY LEBEAU,UX 388;
GAMBIT/REMY LEBEAU,UX 389;
GAMBIT/REMY LEBEAU,UX 390;
GAMBIT/REMY LEBEAU,W2 145;
GAMBIT/REMY LEBEAU,W2 53;
GAMBIT/REMY LEBEAU,W2 55;
GAMBIT/REMY LEBEAU,W2 56;
GAMBIT/REMY LEBEAU,W2 57;
GAMBIT/REMY LEBEAU,W2 60;
GAMBIT/REMY LEBEAU,W2 87;
GAMBIT/REMY LEBEAU,W2 89;
GAMBIT/REMY LEBEAU,W/G 1;
GAMBIT/REMY LEBEAU,W/G 2;
GAMBIT/REMY LEBEAU,W/G 3;
GAMBIT/REMY LEBEAU,W/G 4;
GAMBIT/REMY LEBEAU,WM2 13;
GAMBIT/REMY LEBEAU,X 1;
GAMBIT/REMY LEBEAU,X 10;
GAMBIT/REMY LEBEAU,X 104;
GAMBIT/REMY LEBEAU,X 108;
GAMBIT/REMY LEBEAU,X 109;
GAMBIT/REMY LEBEAU,X 11;
GAMBIT/REMY LEBEAU,X 12;
GAMBIT/REMY LEBEAU,X 13;
GAMBIT/REMY LEBEAU,X 14;
GAMBIT/REMY LEBEAU,X 15;
GAMBIT/REMY LEBEAU,X 2;
GAMBIT/REMY LEBEAU,X 3;
GAMBIT/REMY LEBEAU,X 33;
GAMBIT/REMY LEBEAU,X 34;
GAMBIT/REMY LEBEAU,X 38;
GAMBIT/REMY LEBEAU,X 4;
GAMBIT/REMY LEBEAU,X 40;
GAMBIT/REMY LEBEAU,X 41;
GAMBIT/REMY LEBEAU,X 45;
GAMBIT/REMY LEBEAU,X 46;
GAMBIT/REMY LEBEAU,X 47;
GAMBIT/REMY LEBEAU,X 48;
GAMBIT/REMY LEBEAU,X 5;
GAMBIT/REMY LEBEAU,X 50;
GAMBIT/REMY LEBEAU,X 51;
GAMBIT/REMY LEBEAU,X 54;
GAMBIT/REMY LEBEAU,X 55;
GAMBIT/REMY LEBEAU,X 58;
GAMBIT/REMY LEBEAU,X 6;
GAMBIT/REMY LEBEAU,X 7;
GAMBIT/REMY LEBEAU,X 8;
GAMBIT/REMY LEBEAU,X 81;
GAMBIT/REMY LEBEAU,X 82;
GAMBIT/REMY LEBEAU,X 83;
GAMBIT/REMY LEBEAU,X 84;
GAMBIT/REMY LEBEAU,X 85;
GAMBIT/REMY LEBEAU,X 86;
GAMBIT/REMY LEBEAU,X 87;
GAMBIT/REMY LEBEAU,X 88;
GAMBIT/REMY LEBEAU,X 89;
GAMBIT/REMY LEBEAU,X 9;
GAMBIT/REMY LEBEAU,X 90;
GAMBIT/REMY LEBEAU,X 91;
GAMBIT/REMY LEBEAU,X 92;
GAMBIT/REMY LEBEAU,X 95;
GAMBIT/REMY LEBEAU,X 96;
GAMBIT/REMY LEBEAU,X '97;
GAMBIT/REMY LEBEAU,X 97;
GAMBIT/REMY LEBEAU,X 98;
GAMBIT/REMY LEBEAU,X '99;
GAMBIT/REMY LEBEAU,XCAL 57;
GAMBIT/REMY LEBEAU,XCAL 58;
GAMBIT/REMY LEBEAU,XF 60;
GAMBIT/REMY LEBEAU,XF 61;
GAMBIT/REMY LEBEAU,XF 62;
GAMBIT/REMY LEBEAU,XF 69;
GAMBIT/REMY LEBEAU,XF 70;
GAMBIT/REMY LEBEAU,XF 84;
GAMBIT/REMY LEBEAU,XF 85;
GAMBIT/REMY LEBEAU,XFOR 16;
GAMBIT/REMY LEBEAU,XFOR 17;
GAMBIT/REMY LEBEAU,XFOR 51;
GAMBIT/REMY LEBEAU,XMF 1;
GAMBIT/REMY LEBEAU,X:MW 1;
GAMBIT/REMY LEBEAU,X:PRIME;
GAMBIT/REMY LEBEAU,XU 18;
GAMBIT/REMY LEBEAU,XU 22;
GAMBIT/REMY LEBEAU,XU 23;
GAMBIT/REMY LEBEAU,XU 25;
GAMBIT/REMY LEBEAU,XU 28;
GAMBIT/REMY LEBEAU,XU 30/2;
GAMBIT/REMY LEBEAU,XU 7;
GAMBLE, GRACIE,X&CD 1;
GAMBLE, GRACIE,X&CD 2;
GAMBONNO, ERNESTO,A 22;
GAMBONNO, ERNESTO,A 60;
GAMBONNO, ERNESTO,ASM 16;
GAMBONNO, ERNESTO,ASM 22;
GAMBONNO, ERNESTO,ASM '98;
GAMBONNO, ERNESTO,DD 118;
GAMBONNO, ERNESTO,GENX 32;
GAMBONNO, ERNESTO,GR2 72;
GAMBONNO, ERNESTO,GR2 73;
GAMBONNO, ERNESTO,H2 217;
GAMBONNO, ERNESTO,H2 292;
GAMBONNO, ERNESTO,H2 470;
GAMBONNO, ERNESTO,H2 471;
GAMBONNO, ERNESTO,HTD 27;
GAMBONNO, ERNESTO,M/TIO 76;
GAMBONNO, ERNESTO,PM 24;
GAMBONNO, ERNESTO,PP 59;
GAMBONNO, ERNESTO,S-H2 1;
GAMBONNO, ERNESTO,SMTU 5/2;
GAMBONNO, ERNESTO,SVTU 8;
GAMBONNO, ERNESTO,T 145;
GAMBONNO, ERNESTO,T 146;
GAMBONNO, ERNESTO,T 147;
GAMBONNO, ERNESTO,T 173;
GAMBONNO, ERNESTO,TB 2;
GAMBONNO, LUIGI,A 22;
GAMBONNO, LUIGI,A 60;
GAMBONNO, LUIGI,ASM 16;
GAMBONNO, LUIGI,ASM 22;
GAMBONNO, LUIGI,ASM '98;
GAMBONNO, LUIGI,DD 118;
GAMBONNO, LUIGI,GENX 32;
GAMBONNO, LUIGI,GR2 72;
GAMBONNO, LUIGI,GR2 73;
GAMBONNO, LUIGI,H2 217;
GAMBONNO, LUIGI,H2 292;
GAMBONNO, LUIGI,H2 470;
GAMBONNO, LUIGI,H2 471;
GAMBONNO, LUIGI,HTD 27;
GAMBONNO, LUIGI,M/TIO 76;
GAMBONNO, LUIGI,PM 24;
GAMBONNO, LUIGI,PP 59;
GAMBONNO, LUIGI,S-H2 1;
GAMBONNO, LUIGI,SMTU 5/2;
GAMBONNO, LUIGI,SVTU 8;
GAMBONNO, LUIGI,T 145;
GAMBONNO, LUIGI,T 146;
GAMBONNO, LUIGI,T 147;
GAMBONNO, LUIGI,T 173;
GAMBONNO, LUIGI,TB 2;
GAMECOCK/,CA 183;
GAMECOCK/,CA 371;
GAMELIN, JOHN T J.T.,ASM 235;
GAMELIN, JOHN T J.T.,IM:IA 1;
GAMELIN, JOHN T J.T.,M/TU 87;
GAMESMASTER/JEREMY,UX 283;
GAMESMASTER/JEREMY,X '97;
GAMESMASTER/JEREMY,XFOR 46;
GAMESMASTER/JEREMY,XFOR 47;
GAMMA-BURN/,WM2 3;
GAMMENON [CELESTIAL],E 18;
GAMMENON [CELESTIAL],E 4;
GAMMENON [CELESTIAL],E 6;
GAMMENON [CELESTIAL],E 7;
GAMMENON [CELESTIAL],FF 23;
GAMMENON [CELESTIAL],H2 243;
GAMMENON [CELESTIAL],Q 25;
GAMMENON [CELESTIAL],SWII 5;
GAMMENON [CELESTIAL],T 283;
GAMMENON [CELESTIAL],T 284;
GAMMENON [CELESTIAL],T 300;
GAMMENON [CELESTIAL],T 7;
GAMMENON [CELESTIAL],WI 23/2;
GAMMENON [CELESTIAL],XF 43;
GAMMENON [CELESTIAL],XF 44;
GAMMENON [CELESTIAL],XF 45;
GAMMENON [CELESTIAL],XF 46;
GAMMENON [CELESTIAL],XF 48;
GAMMENON [CELESTIAL],XF 49;
GAMMENON [CELESTIAL],XF 50;
GAMORA,A 7;
GAMORA,AF 111;
GAMORA,CPU 1;
GAMORA,DRSTR3 36;
GAMORA,FF 369;
GAMORA,FF 370;
GAMORA,IG 1;
GAMORA,IG 6;
GAMORA,IW 1;
GAMORA,IW 2;
GAMORA,IW 3;
GAMORA,IW 4;
GAMORA,IW 5;
GAMORA,IW 6;
GAMORA,M/CP 108/4;
GAMORA,M/CP 111/4;
GAMORA,M/CP 112/4;
GAMORA,M/TIO 2;
GAMORA,Q 38;
GAMORA,SS3 46;
GAMORA,SS3 47;
GAMORA,SS3 48;
GAMORA,SS3 94;
GAMORA,SS/RUNE/2;
GAMORA,ST 180;
GAMORA,ST 181;
GAMORA,WIW 2;
GAMORA,WIW 4;
GAMORA,WIW 5;
GAMORA,WIW 6;
GAMORA,WIW 7;
GAMORA,WIW 8;
GAMORA,WIW 9;
GAMORA,WLOCK 10;
GAMORA,WLOCK 11;
GAMORA,WLOCK 15;
GAMORA,WLOCK2 1;
GAMORA,WLOCK2 2;
GAMORA,WLOCK2 3;
GAMORA,WLOCK2 4;
GAMORA,WLOCK 9;
GAMORA,WM2 14;
GANCE, TABITHA TABBY,GENX 60;
GANCE, TABITHA TABBY,GENX 62;
GANGER, CARMEN,SS3 132;
GANGER, DR. ALEXEI,SS3 132;
GANGER, DR. ALEXEI,SS3 133;
GANGER, DR. ALEXEI,SS3 134;
GANGER, DR. ALEXEI,SS3 135;
GANGER, DR. ALEXEI,SS3 136;
GANGER, DR. ALEXEI,SS3 138;
GANNON, RICH,ASMU 7;
GANNON, RICH,ASMU 8;
GANNON, SGT. FRANK,M/TU2 7;
GANTRY,UTSM 4;
GANYMEDE,CP 5;
GANYMEDE,CPU 3;
G'ANYM,INH3 2;
G'ANYM,INH3 3;
G'ANYM,INH3 4;
GAPON, DZHOKHAR,BP3 13;
GAPON, DZHOKHAR,BP3 14;
GAPON, DZHOKHAR,BP3 9;
GARABALDI,UX '95;
GARABED/BASHUR,TB 51;
GARCIA, REV.,CA 139;
GARCIA, REV.,CA 140;
GARCIA, REV.,CA 142;
GARCIA, REV.,CA 143;
GARDENER/ORD ZYONYZ,H2 247;
GARDENER/ORD ZYONYZ,H2 248;
GARDENER/ORD ZYONYZ,M/TU 55;
GARDENER/ORD ZYONYZ,SS3 10;
GARDENER/ORD ZYONYZ,SS3 17;
GARDENER/ORD ZYONYZ,SS3 18;
GARDENER/ORD ZYONYZ,SS3 19;
GARDENER/ORD ZYONYZ,SS3 4;
GARDENER/ORD ZYONYZ,SS3 7;
GARDENER/ORD ZYONYZ,SS3 8;
GARDENER/ORD ZYONYZ,SS3 9;
GARDENER/ORD ZYONYZ,SWII 6;
GARDENER/ORD ZYONYZ,TQ 1;
GARFIELD, MURRAY,Q 19;
GARGOUILLE/,HFH 16;
GARGOUILLE/,HFH '98;
GARGOUILLE/,QS 11;
GARGOUILLE/,QS 9;
GARGOYLE/IGOR DRENKO,H 1;
GARGOYLE II/ISAAC CH,A 11;
GARGOYLE II/ISAAC CH,CA 268;
GARGOYLE II/ISAAC CH,COC 1;
GARGOYLE II/ISAAC CH,DEF 100;
GARGOYLE II/ISAAC CH,DEF 101;
GARGOYLE II/ISAAC CH,DEF 102;
GARGOYLE II/ISAAC CH,DEF 103;
GARGOYLE II/ISAAC CH,DEF 104;
GARGOYLE II/ISAAC CH,DEF 106;
GARGOYLE II/ISAAC CH,DEF 107;
GARGOYLE II/ISAAC CH,DEF 109;
GARGOYLE II/ISAAC CH,DEF 112;
GARGOYLE II/ISAAC CH,DEF 113;
GARGOYLE II/ISAAC CH,DEF 114;
GARGOYLE II/ISAAC CH,DEF 115;
GARGOYLE II/ISAAC CH,DEF 116;
GARGOYLE II/ISAAC CH,DEF 117;
GARGOYLE II/ISAAC CH,DEF 118;
GARGOYLE II/ISAAC CH,DEF 120;
GARGOYLE II/ISAAC CH,DEF 121;
GARGOYLE II/ISAAC CH,DEF 122;
GARGOYLE II/ISAAC CH,DEF 123;
GARGOYLE II/ISAAC CH,DEF 124;
GARGOYLE II/ISAAC CH,DEF 125;
GARGOYLE II/ISAAC CH,DEF 126;
GARGOYLE II/ISAAC CH,DEF 127;
GARGOYLE II/ISAAC CH,DEF 128;
GARGOYLE II/ISAAC CH,DEF 129;
GARGOYLE II/ISAAC CH,DEF 130;
GARGOYLE II/ISAAC CH,DEF 131;
GARGOYLE II/ISAAC CH,DEF 132;
GARGOYLE II/ISAAC CH,DEF 133;
GARGOYLE II/ISAAC CH,DEF 134;
GARGOYLE II/ISAAC CH,DEF 135;
GARGOYLE II/ISAAC CH,DEF 136;
GARGOYLE II/ISAAC CH,DEF 137;
GARGOYLE II/ISAAC CH,DEF 138;
GARGOYLE II/ISAAC CH,DEF 139;
GARGOYLE II/ISAAC CH,DEF 140;
GARGOYLE II/ISAAC CH,DEF 141;
GARGOYLE II/ISAAC CH,DEF 142;
GARGOYLE II/ISAAC CH,DEF 143;
GARGOYLE II/ISAAC CH,DEF 144;
GARGOYLE II/ISAAC CH,DEF 145;
GARGOYLE II/ISAAC CH,DEF 146;
GARGOYLE II/ISAAC CH,DEF 147;
GARGOYLE II/ISAAC CH,DEF 148;
GARGOYLE II/ISAAC CH,DEF 149;
GARGOYLE II/ISAAC CH,DEF 150;
GARGOYLE II/ISAAC CH,DEF 151;
GARGOYLE II/ISAAC CH,DEF 152;
GARGOYLE II/ISAAC CH,DEF 94;
GARGOYLE II/ISAAC CH,DEF 95;
GARGOYLE II/ISAAC CH,DEF 96;
GARGOYLE II/ISAAC CH,DEF 97;
GARGOYLE II/ISAAC CH,DEF 98;
GARGOYLE II/ISAAC CH,DEF 99;
GARGOYLE II/ISAAC CH,GARG 1;
GARGOYLE II/ISAAC CH,GARG 2;
GARGOYLE II/ISAAC CH,GARG 3;
GARGOYLE II/ISAAC CH,GARG 4;
GARGOYLE II/ISAAC CH,H2 277;
GARGOYLE II/ISAAC CH,H2 279;
GARGOYLE II/ISAAC CH,H:PL 2;
GARGOYLE II/ISAAC CH,H:PL 3;
GARGOYLE II/ISAAC CH,H:PL 7;
GARGOYLE II/ISAAC CH,H:PL 8;
GARGOYLE II/ISAAC CH,H:PL 9;
GARGOYLE II/ISAAC CH,M/FAN 20;
GARGOYLE II/ISAAC CH,M/GN 1;
GARGOYLE II/ISAAC CH,M/TU 111;
GARGOYLE II/ISAAC CH,M/TU 119;
GARGOYLE II/ISAAC CH,Q 19;
GARGOYLE II/ISAAC CH,Q 20;
GARGOYLE II/ISAAC CH,ROM 65;
GARGOYLE II/ISAAC CH,ROM 66;
GARGOYLE II/ISAAC CH,SOLOA 16/2;
GARGOYLE II/ISAAC CH,SOLOA 20/2;
GARGOYLE II/ISAAC CH,SS3 139;
GARGOYLE II/ISAAC CH,SS 6;
GARGOYLE II/ISAAC CH,ST:DC 1/3;
GARGOYLE II/ISAAC CH,SUB-M2 3;
GARGOYLE II/ISAAC CH,TB '00;
GARGOYLE | MUTANT X-,MX '01;
GARM,T 438/2;
GARNOK REBBAHN,SS 3/3;
GAROKK,AT 2;
GAROKK,AT 3;
GAROKK,AT 4;
GAROKK,AT 5;
GAROKK,KZ4 20;
GAROKK,KZ '97;
GAROKK,UX 115;
GAROKK,UX 116;
GAROKK,UX 12;
GAROKK,UX 149;
GAROTTE/,PWZ 10;
GAROTTE/,PWZ 8;
GAROTTE/,PWZ 9;
GARRETT, JOHN,DD 330;
GARRETT, JOHN,DD 342;
GARRISON, DR.,PPTSS 253;
GARTHAN SAAL,NO2 18;
GARTHAN SAAL,NW 60;
GARTHAN SAAL,NW 74;
GARTH, DONNA,ASMU 20;
GARTH, DONNA,BLADE;
GARTH, DONNA,ST5 1/3;
GARTH, DONNA,TOTZ 1;
GARTH, DONNA,TOTZ 1/2;
GARTH, DONNA,TOTZ 1/6;
GARTH, DONNA,TOTZ 2;
GARTH, DONNA,TOTZ 2/6;
GARTH, DONNA,TOTZ 3;
GARTH, DONNA,TOTZ 4;
GARTH, DONNA,TOTZ 9;
GARTH,S-H2 34;
GARTH,S-H2 35;
GARTH,S-H2 37;
GAR-TOOM,T 439/2;
GAR-TOOM,T 440/2;
GARVIN, GEARS,IM 11;
GARVIN, GEARS,M/GN 27;
GARVIN, GEARS,MM 16;
GARVIN, GEARS,MM 17;
GARVIN, GEARS,MM 18;
GARVIN, GEARS,MM 19;
GARVIN, GEARS,M/TIO 93;
GARVIN, GEARS,M/TU 99;
GARVIN, GEARS,TB 29;
GATECRASHER,FF3 6;
GATECRASHER,FF3 7;
GATECRASHER,FF3 8;
GATECRASHER,XCAL 125;
GATECRASHER,XCAL 42;
GATECRASHER,XCAL 51;
GATECRASHER,XCALSE;
GATES, JUNIOR,A3 13;
GATEWAY,BEAST 1;
GATEWAY,BEAST 3;
GATEWAY,FF 24;
GATEWAY,GENX 1;
GATEWAY,GENX 2;
GATEWAY,GENX 25;
GATEWAY,GENX 5;
GATEWAY,GENX 6;
GATEWAY,GENX 7;
GATEWAY,M/CP 16/3;
GATEWAY,M/SH3 8;
GATEWAY,UX 12;
GATEWAY,UX 13;
GATEWAY,UX 13/2;
GATEWAY,UX 229;
GATEWAY,UX 230;
GATEWAY,UX 231;
GATEWAY,UX 232;
GATEWAY,UX 233;
GATEWAY,UX 234;
GATEWAY,UX 235;
GATEWAY,UX 236;
GATEWAY,UX 240;
GATEWAY,UX 244;
GATEWAY,UX 245;
GATEWAY,UX 247;
GATEWAY,UX 248;
GATEWAY,UX 249;
GATEWAY,UX 250;
GATEWAY,UX 251;
GATEWAY,UX 252;
GATEWAY,UX 269;
GATEWAY,UX 281;
GATEWAY,W2 104;
GATEWAY,W2 125;
GATEWAY,W2 141;
GATEWAY,W2 35;
GATEWAY,W2 36;
GATEWAY,W2 52;
GATEWAY,X 49;
GATEWAY,X 50;
GATOR, LORD,HFH 15;
GATOR, LORD,HFH 16;
GATOR, LORD,HFH 17;
GATOR, LORD,HFH '98;
GATOR, LORD,QS 1;
GATOR, LORD,QS 10;
GATOR, LORD,QS 11;
GATOR, LORD,QS 12;
GATOR, LORD,QS 2;
GATOR, LORD,QS 3;
GATOR, LORD,QS 4;
GATOR, LORD,QS 5;
GATOR, LORD,QS 6;
GATOR, LORD,QS 7;
GATOR, LORD,QS 8;
GATOR, LORD,QS 9;
GATOR, LORD,XCAL 113;
GATTLING/,SSWP 2;
GATTLING/,SSWP 3;
GATZ, WILLIAM BILLY,DD 368;
GAULTHING, ANDERSON,JUSTICE 1;
GAULTHING, ANDERSON,JUSTICE 2;
GAUNT II,C2 83;
GAUNT II,C2 84;
GAUNT II,C2 85;
GAUNT II,C2 86;
GAUNTLET,C2 17;
GAUNTLET,C2 18;
GAUNTLET,C2 19;
GAUNTLET,UX 296;
GAUNTLET,W2 100;
GAUNTLET,W2 95;
GAUNTLET,W2 96;
GAUNTLET,W2 99;
GAUNTLET,X 14;
GAUNTLET,X 15;
GAUNTLET,X 16;
GAUNTLET,X '95;
GAUNTLET,XF 65;
GAUNTLET,XF 66;
GAUNTLET,XF 67;
GAUNTLET,XF 68;
GAUNTLET,XFOR 17;
GAUNTLET,X:SC 1;
GAUNTLET,X:SC 3;
GAUNT/MENDEL STROMM,ASM 37;
GAUNT/MENDEL STROMM,ASM 411;
GAUNT/MENDEL STROMM,ASM 412;
GAUNT/MENDEL STROMM,ASM 416;
GAUNT/MENDEL STROMM,ASM 417;
GAUNT/MENDEL STROMM,ASM 418;
GAUNT/MENDEL STROMM,ASMU 17;
GAUNT/MENDEL STROMM,PPSM2 27;
GAUNT/MENDEL STROMM,PPSM2 28;
GAUNT/MENDEL STROMM,PPTSS 233;
GAUNT/MENDEL STROMM,PPTSS 234;
GAUNT/MENDEL STROMM,PPTSS 240;
GAUNT/MENDEL STROMM,SENSM 11;
GAUNT/MENDEL STROMM,SENSM 5;
GAUNT/MENDEL STROMM,S-M 69;
GAUNT/MENDEL STROMM,SM:RGG 1;
GAUNT, OFFICER KIM,T 497;
GAUNT, OFFICER KIM,T 498;
GAUNT, OFFICER KIM,T 500;
GAUNT, OFFICER KIM,T 501;
GAZA,A 105;
GAZA,M/FAN 1;
GAZA,M/FAN 2;
GAZA,M/FAN 3;
GAZA,M/FAN 4;
GAZA,UX 12;
GAZA,UX 249;
GAZA,UX 274;
GAZA,UX 62;
GAZA,UX 63;
GAZA,W2 69;
GAZA,XU 6;
GAZELLE,A '00;
GAZELLE,FF 14;
GAZELLE,FF 186;
GAZELLE,FF 223;
GAZELLE,V&and;SW2 3
GAZELLE,V&and;SW2 5
GEATAR,SS3 67;
GEATAR,SS3 69;
GEATAR,SS3 70;
GEATAR,SS3 71;
GEATAR,SS3 72;
GEATAR,SS3 73;
GEATAR,SS3 74;
GEDDINGS, JUDITH GHO,DD 301;
GEE/ALEX POWER,FF 23;
GEE/ALEX POWER,FF 337;
GEE/ALEX POWER,GG 2;
GEE/ALEX POWER,MC:A;
GEE/ALEX POWER,M/FAN 55;
GEE/ALEX POWER,M/SH3 6/2;
GEE/ALEX POWER,NW2 1;
GEE/ALEX POWER,NW 48;
GEE/ALEX POWER,NW 49;
GEE/ALEX POWER,NW 50;
GEE/ALEX POWER,NW 51;
GEE/ALEX POWER,NW 55;
GEE/ALEX POWER,NW 56;
GEE/ALEX POWER,NW 57;
GEE/ALEX POWER,NW 59;
GEE/ALEX POWER,NW 60;
GEE/ALEX POWER,NW 61;
GEE/ALEX POWER,NW 62;
GEE/ALEX POWER,NW 63;
GEE/ALEX POWER,NW 64;
GEE/ALEX POWER,NW 65;
GEE/ALEX POWER,NW 67;
GEE/ALEX POWER,NW 68;
GEE/ALEX POWER,NW 69;
GEE/ALEX POWER,NW 70;
GEE/ALEX POWER,NW 71;
GEE/ALEX POWER,NW 73;
GEE/ALEX POWER,NW 74;
GEE/ALEX POWER,NW 75;
GEE/ALEX POWER,PP 1;
GEE/ALEX POWER,PP 10;
GEE/ALEX POWER,PP 11;
GEE/ALEX POWER,PP 12;
GEE/ALEX POWER,PP 13;
GEE/ALEX POWER,PP 14;
GEE/ALEX POWER,PP 15;
GEE/ALEX POWER,PP 16;
GEE/ALEX POWER,PP 17;
GEE/ALEX POWER,PP 18;
GEE/ALEX POWER,PP 19;
GEE/ALEX POWER,PP 2;
GEE/ALEX POWER,PP 20;
GEE/ALEX POWER,PP 21;
GEE/ALEX POWER,PP 22;
GEE/ALEX POWER,PP 23;
GEE/ALEX POWER,PP 24;
GEE/ALEX POWER,PP 25;
GEE/ALEX POWER,PP 26;
GEE/ALEX POWER,PP 27;
GEE/ALEX POWER,PP 28;
GEE/ALEX POWER,PP 29;
GEE/ALEX POWER,PP 3;
GEE/ALEX POWER,PP 30;
GEE/ALEX POWER,PP 31;
GEE/ALEX POWER,PP 32;
GEE/ALEX POWER,PP 33;
GEE/ALEX POWER,PP 34;
GEE/ALEX POWER,PP 35;
GEE/ALEX POWER,PP 36;
GEE/ALEX POWER,PP 37;
GEE/ALEX POWER,PP 38;
GEE/ALEX POWER,PP 39;
GEE/ALEX POWER,PP 4;
GEE/ALEX POWER,PP 40;
GEE/ALEX POWER,PP 41;
GEE/ALEX POWER,PP 42;
GEE/ALEX POWER,PP 43;
GEE/ALEX POWER,PP 44;
GEE/ALEX POWER,PP 45;
GEE/ALEX POWER,PP 46;
GEE/ALEX POWER,PP 47;
GEE/ALEX POWER,PP 48;
GEE/ALEX POWER,PP 49;
GEE/ALEX POWER,PP 5;
GEE/ALEX POWER,PP 50;
GEE/ALEX POWER,PP 51;
GEE/ALEX POWER,PP 52;
GEE/ALEX POWER,PP 53;
GEE/ALEX POWER,PP 54;
GEE/ALEX POWER,PP 55;
GEE/ALEX POWER,PP 56;
GEE/ALEX POWER,PP 57;
GEE/ALEX POWER,PP 58;
GEE/ALEX POWER,PP 59;
GEE/ALEX POWER,PP 6;
GEE/ALEX POWER,PP 60;
GEE/ALEX POWER,PP 61;
GEE/ALEX POWER,PP 62;
GEE/ALEX POWER,PP 7;
GEE/ALEX POWER,PP 8;
GEE/ALEX POWER,PP 9;
GEE/ALEX POWER,PPCDGN;
GEE/ALEX POWER,PP:PP 1;
GEE/ALEX POWER,PP:PP 2;
GEE/ALEX POWER,PP:PP 3;
GEE/ALEX POWER,PP:PP 4;
GEE/ALEX POWER,PPTSS 227;
GEE/ALEX POWER,PPTSS 228;
GEE/ALEX POWER,ST2 12;
GEE/ALEX POWER,ST2 13;
GEE/ALEX POWER,ST2 14;
GEE/ALEX POWER,SWII 6;
GEE/ALEX POWER,T 357;
GEE/ALEX POWER,T 363;
GEE/ALEX POWER,UX 195;
GEE/ALEX POWER,WOSM 129;
GEE/ALEX POWER,WOSS 3;
GEE/ALEX POWER,WOSS 4;
GEE/ALEX POWER,XCAL 29;
GEE/ALEX POWER,XF 2;
GEE/ALEX POWER,XF 25;
GEESEY, KARL,W/P 1;
GEIGER/DELILAH DEEDE,DS 1;
GEIGER/DELILAH DEEDE,DS 2;
GEIGER/DELILAH DEEDE,DS 3;
GEIGER/DELILAH DEEDE,DS 4;
GEIRRODUR,JIM 504;
GEIRRODUR,JIM 505;
GEIRRODUR,JIM 512;
GEIRRODUR,T2 14;
GEIST,W2 23;
GELLER, URI,DD 133;
GEMINI/JOSHUA LINK,A 120;
GEMINI/JOSHUA LINK,A 121;
GEMINI/JOSHUA LINK,A 122;
GEMINI/JOSHUA LINK,A 72;
GEMINI/JOSHUA LINK,AT 17;
GEMINI/JOSHUA LINK,AT 18;
GEMINI/JOSHUA LINK,AT 19;
GEMINI/JOSHUA LINK,AT 20;
GEMINI/JOSHUA LINK,AT 8/2;
GEMINI/JOSHUA LINK,DEF 50;
GEMINI/JOSHUA LINK,DEF 65;
GEMINI/JOSHUA LINK,GR2 7;
GEMINI/JOSHUA LINK,IM 184;
GEMINI/JOSHUA LINK,S-H 12;
GEMINI/JOSHUA LINK,WCA2 26;
GENECIDE,NW2 2;
GENECIDE,NW 63;
GENECIDE,NW 64;
GENERAL ADMISSION,NW 58;
GENERAL ADMISSION,NW 62;
GENERAL ADMISSION,NW 65;
GENERAL OBSIDIAN,NW 54;
GENERAL OBSIDIAN,NW 55;
GENERAL OBSIDIAN,NW 56;
GENERAL OBSIDIAN,NW 62;
GENERAL OBSIDIAN,NW 65;
GENERAL OBSIDIAN,NW 74;
GENESIS/TYLER DAYSPR,C2 18;
GENESIS/TYLER DAYSPR,C2 19;
GENESIS/TYLER DAYSPR,W2 100;
GENESIS/TYLER DAYSPR,W2 95;
GENESIS/TYLER DAYSPR,W2 96;
GENESIS/TYLER DAYSPR,W2 99;
GENESIS/TYLER DAYSPR,X '95;
GENESIS/TYLER DAYSPR,XFOR 1;
GENII/JASON KIMBALL,M/CP 101/2;
GENII/JASON KIMBALL,M/CP 102/2;
GENII/JASON KIMBALL,M/CP 104/2;
GENII/JASON KIMBALL,M/CP 105/2;
GENII/JASON KIMBALL,M/CP 107/2;
GENII/JASON KIMBALL,M/CP 108/2;
GENII/JASON KIMBALL,M/CP 109/2;
GENII/JASON KIMBALL,PPTSS 8;
GENII/JASON KIMBALL,PPTSS 8/2;
GENII/JASON KIMBALL,T 202;
GENII/JASON KIMBALL,T 203;
GENII/JASON KIMBALL,T 291;
GENII/JASON KIMBALL,T 300;
GENTRY,AF2 14;
GENTRY,AF2 15;
GENTRY,AF2 16;
GENTRY,AF2 17;
GENTRY,AF2 18;
GENTRY,AF2 19;
GENTRY,AF2 20;
GENUARDI, MR.,CA3 13;
GENUARDI, MR.,CA3 9;
GEORGE, DAVID LLOYD,INV 8;
GERARD, TERENCE,ASMU 22;
GERASI, DON MARIO,PUN3 1;
GERASI, DON MARIO,PUN3 2;
GERASI, DON MARIO,PUN3 3;
GERASI, DON MARIO,SM/P:FP 1;
GERASI, DON MARIO,SM/P:FP 2;
GERASI, JOEY,PUN3 2;
GERASI, JOEY,PUN3 3;
GERASI, JOEY,SM/P:FP 1;
GERASI, JOEY,SM/P:FP 2;
GERASI, LESLIE,PUN3 2;
GERASI, LESLIE,PUN3 3;
GERASI, MARY ROSE,OE 5;
GERASI, MARY ROSE,PUN3 2;
GERHARDT, JOSEPH HEI,H:PL 10;
GERHARDT, JOSEPH HEI,H:PL 7;
GERHARDT, JOSEPH HEI,H:PL 8;
GERHARDT, JOSEPH HEI,H:PL 9;
GERVASE, LADY ALYSSA,IM:IA FB;
GESTALT,H2 385;
GHAUR [DEVIANT],A 18;
GHAUR [DEVIANT],ASM 23;
GHAUR [DEVIANT],AWC 4;
GHAUR [DEVIANT],AWC 52;
GHAUR [DEVIANT],BP3 26;
GHAUR [DEVIANT],BP3 27;
GHAUR [DEVIANT],BP3 28;
GHAUR [DEVIANT],BP3 29;
GHAUR [DEVIANT],E2 10;
GHAUR [DEVIANT],E2 11;
GHAUR [DEVIANT],E2 12;
GHAUR [DEVIANT],E2 2;
GHAUR [DEVIANT],E2 5;
GHAUR [DEVIANT],E2 7;
GHAUR [DEVIANT],E2 8;
GHAUR [DEVIANT],E2 9;
GHAUR [DEVIANT],FF 22;
GHAUR [DEVIANT],HFH 5;
GHAUR [DEVIANT],HFH 6;
GHAUR [DEVIANT],HFH 7;
GHAUR [DEVIANT],IM 10;
GHAUR [DEVIANT],NEW ETERNALS;
GHAUR [DEVIANT],NM 5;
GHAUR [DEVIANT],PPTSS 9;
GHAUR [DEVIANT],SS 2;
GHAUR [DEVIANT],T 14;
GHAUR [DEVIANT],UX 13;
GHAUR [DEVIANT],WOSM 5;
GHAUR [DEVIANT],XF 4;
GHOST,ASM2 16;
GHOST,ASM 25;
GHOST GIRL II/LILLI,AF2 14;
GHOST GIRL II/LILLI,AF2 16;
GHOST GIRL II/LILLI,AF2 17;
GHOST GIRL II/LILLI,AF2 18;
GHOST GIRL II/LILLI,AF2 19;
GHOST GIRL II/LILLI,AF2 2;
GHOST GIRL II/LILLI,AF2 20;
GHOST GIRL II/LILLI,AF2 4;
GHOST GIRL II/LILLI,AF2 5;
GHOST GIRL II/LILLI,AF2 8;
GHOST GIRL II/LILLI,AF2 9;
GHOST GIRL/,INV 14;
GHOST GIRL/,INV 15;
GHOST,IM 219;
GHOST,IM 220;
GHOST,IM 221;
GHOST,IM 238;
GHOST,IM 239;
GHOST,IM 240;
GHOST,IM3 44;
GHOST,PPTSS 11;
GHOST RIDER III/DAN,C&D3 17;
GHOST RIDER III/DAN,C&D3 18;
GHOST RIDER III/DAN,DAMCON3 4;
GHOST RIDER III/DAN,DD 295;
GHOST RIDER III/DAN,DD 372;
GHOST RIDER III/DAN,DE:O;
GHOST RIDER III/DAN,DHAWK 22;
GHOST RIDER III/DAN,DHOLD 1;
GHOST RIDER III/DAN,DLOK2 10;
GHOST RIDER III/DAN,DLOK2 9;
GHOST RIDER III/DAN,DRSTR3 28;
GHOST RIDER III/DAN,DRSTR3 50;
GHOST RIDER III/DAN,FF 347;
GHOST RIDER III/DAN,FF 348;
GHOST RIDER III/DAN,FF 349;
GHOST RIDER III/DAN,GR3 -1;
GHOST RIDER III/DAN,GR3 1;
GHOST RIDER III/DAN,GR3 10;
GHOST RIDER III/DAN,GR3 11;
GHOST RIDER III/DAN,GR3 12;
GHOST RIDER III/DAN,GR3 13;
GHOST RIDER III/DAN,GR3 14;
GHOST RIDER III/DAN,GR3 15;
GHOST RIDER III/DAN,GR3 16;
GHOST RIDER III/DAN,GR3 17;
GHOST RIDER III/DAN,GR3 18;
GHOST RIDER III/DAN,GR3 19;
GHOST RIDER III/DAN,GR3 2;
GHOST RIDER III/DAN,GR3 20;
GHOST RIDER III/DAN,GR3 21;
GHOST RIDER III/DAN,GR3 22;
GHOST RIDER III/DAN,GR3 23;
GHOST RIDER III/DAN,GR3 24;
GHOST RIDER III/DAN,GR3 25;
GHOST RIDER III/DAN,GR3 26;
GHOST RIDER III/DAN,GR3 27;
GHOST RIDER III/DAN,GR3 28;
GHOST RIDER III/DAN,GR3 29;
GHOST RIDER III/DAN,GR3 3;
GHOST RIDER III/DAN,GR3 30;
GHOST RIDER III/DAN,GR3 31;
GHOST RIDER III/DAN,GR3 32;
GHOST RIDER III/DAN,GR3 4;
GHOST RIDER III/DAN,GR3 5;
GHOST RIDER III/DAN,GR3 6;
GHOST RIDER III/DAN,GR3 7;
GHOST RIDER III/DAN,GR3 8;
GHOST RIDER III/DAN,GR3 85;
GHOST RIDER III/DAN,GR3 9;
GHOST RIDER III/DAN,HOD;
GHOST RIDER III/DAN,MARVELS 4;
GHOST RIDER III/DAN,M/CP 100/2;
GHOST RIDER III/DAN,M/CP 100/3;
GHOST RIDER III/DAN,M/CP 100/4;
GHOST RIDER III/DAN,M/CP 101/3;
GHOST RIDER III/DAN,M/CP 102/3;
GHOST RIDER III/DAN,M/CP 103/3;
GHOST RIDER III/DAN,M/CP 104/3;
GHOST RIDER III/DAN,M/CP 105/3;
GHOST RIDER III/DAN,M/CP 106/3;
GHOST RIDER III/DAN,M/CP 107/3;
GHOST RIDER III/DAN,M/CP 108/3;
GHOST RIDER III/DAN,M/CP 109/3;
GHOST RIDER III/DAN,M/CP 110/3;
GHOST RIDER III/DAN,M/CP 111/3;
GHOST RIDER III/DAN,M/CP 112/3;
GHOST RIDER III/DAN,M/CP 113/3;
GHOST RIDER III/DAN,M/CP 114/3;
GHOST RIDER III/DAN,M/CP 115/3;
GHOST RIDER III/DAN,M/CP 116/3;
GHOST RIDER III/DAN,M/CP 117/3;
GHOST RIDER III/DAN,M/CP 118/3;
GHOST RIDER III/DAN,M/CP 64;
GHOST RIDER III/DAN,M/CP 65;
GHOST RIDER III/DAN,M/CP 66;
GHOST RIDER III/DAN,M/CP 67;
GHOST RIDER III/DAN,M/CP 68;
GHOST RIDER III/DAN,M/CP 69;
GHOST RIDER III/DAN,M/CP 70;
GHOST RIDER III/DAN,M/CP 71;
GHOST RIDER III/DAN,M/CP 90/3;
GHOST RIDER III/DAN,M/CP 91/3;
GHOST RIDER III/DAN,M/CP 92/3;
GHOST RIDER III/DAN,M/CP 93/3;
GHOST RIDER III/DAN,M/CP 94/3;
GHOST RIDER III/DAN,M/CP 95/3;
GHOST RIDER III/DAN,M/CP 96/3;
GHOST RIDER III/DAN,M/CP 97/3;
GHOST RIDER III/DAN,M/CP 98/3;
GHOST RIDER III/DAN,M/CP 99/3;
GHOST RIDER III/DAN,M/FAN2 3;
GHOST RIDER III/DAN,MK3 25;
GHOST RIDER III/DAN,MORBIUS 1;
GHOST RIDER III/DAN,NS 1;
GHOST RIDER III/DAN,OE 4;
GHOST RIDER III/DAN,PWJ 29;
GHOST RIDER III/DAN,PWJ 30;
GHOST RIDER III/DAN,Q 22;
GHOST RIDER III/DAN,Q 23;
GHOST RIDER III/DAN,Q 24;
GHOST RIDER III/DAN,SLEEP 11;
GHOST RIDER III/DAN,S-M 18;
GHOST RIDER III/DAN,S-M 22;
GHOST RIDER III/DAN,S-M 23;
GHOST RIDER III/DAN,S-M 6;
GHOST RIDER III/DAN,S-M 7;
GHOST RIDER III/DAN,S-M 93;
GHOST RIDER III/DAN,SOV 1;
GHOST RIDER III/DAN,SOV 2;
GHOST RIDER III/DAN,SOV 3;
GHOST RIDER III/DAN,SOV 4;
GHOST RIDER III/DAN,SOV 5;
GHOST RIDER III/DAN,SOV 6;
GHOST RIDER III/DAN,T 429;
GHOST RIDER III/DAN,T 430;
GHOST RIDER III/DAN,W2 89;
GHOST RIDER III/DAN,WOSM 95;
GHOST RIDER III/DAN,WOSM 96;
GHOST RIDER III/DAN,X 8;
GHOST RIDER III/DAN,X 9;
GHOST RIDER II/JOHNN,A 118;
GHOST RIDER II/JOHNN,A 151;
GHOST RIDER II/JOHNN,A 214;
GHOST RIDER II/JOHNN,CHAMP 1;
GHOST RIDER II/JOHNN,CHAMP 10;
GHOST RIDER II/JOHNN,CHAMP 11;
GHOST RIDER II/JOHNN,CHAMP 12;
GHOST RIDER II/JOHNN,CHAMP 13;
GHOST RIDER II/JOHNN,CHAMP 14;
GHOST RIDER II/JOHNN,CHAMP 15;
GHOST RIDER II/JOHNN,CHAMP 16;
GHOST RIDER II/JOHNN,CHAMP 17;
GHOST RIDER II/JOHNN,CHAMP 2;
GHOST RIDER II/JOHNN,CHAMP 3;
GHOST RIDER II/JOHNN,CHAMP 4;
GHOST RIDER II/JOHNN,CHAMP 7;
GHOST RIDER II/JOHNN,CHAMP 8;
GHOST RIDER II/JOHNN,CHAMP 9;
GHOST RIDER II/JOHNN,DD 138;
GHOST RIDER II/JOHNN,DEF 145;
GHOST RIDER II/JOHNN,DEF 146;
GHOST RIDER II/JOHNN,DEF 96;
GHOST RIDER II/JOHNN,DHOLD 1;
GHOST RIDER II/JOHNN,GR2 1;
GHOST RIDER II/JOHNN,GR2 11;
GHOST RIDER II/JOHNN,GR2 12;
GHOST RIDER II/JOHNN,GR2 13;
GHOST RIDER II/JOHNN,GR2 14;
GHOST RIDER II/JOHNN,GR2 15;
GHOST RIDER II/JOHNN,GR2 16;
GHOST RIDER II/JOHNN,GR2 17;
GHOST RIDER II/JOHNN,GR2 18;
GHOST RIDER II/JOHNN,GR2 19;
GHOST RIDER II/JOHNN,GR2 2;
GHOST RIDER II/JOHNN,GR2 20;
GHOST RIDER II/JOHNN,GR2 21;
GHOST RIDER II/JOHNN,GR2 22;
GHOST RIDER II/JOHNN,GR2 23;
GHOST RIDER II/JOHNN,GR2 24;
GHOST RIDER II/JOHNN,GR2 25;
GHOST RIDER II/JOHNN,GR2 26;
GHOST RIDER II/JOHNN,GR2 27;
GHOST RIDER II/JOHNN,GR2 28;
GHOST RIDER II/JOHNN,GR2 29;
GHOST RIDER II/JOHNN,GR2 3;
GHOST RIDER II/JOHNN,GR2 30;
GHOST RIDER II/JOHNN,GR2 31;
GHOST RIDER II/JOHNN,GR2 32;
GHOST RIDER II/JOHNN,GR2 33;
GHOST RIDER II/JOHNN,GR2 34;
GHOST RIDER II/JOHNN,GR2 35;
GHOST RIDER II/JOHNN,GR2 36;
GHOST RIDER II/JOHNN,GR2 37;
GHOST RIDER II/JOHNN,GR2 38;
GHOST RIDER II/JOHNN,GR2 39;
GHOST RIDER II/JOHNN,GR2 4;
GHOST RIDER II/JOHNN,GR2 40;
GHOST RIDER II/JOHNN,GR2 41;
GHOST RIDER II/JOHNN,GR2 42;
GHOST RIDER II/JOHNN,GR2 43;
GHOST RIDER II/JOHNN,GR2 44;
GHOST RIDER II/JOHNN,GR2 45;
GHOST RIDER II/JOHNN,GR2 46;
GHOST RIDER II/JOHNN,GR2 47;
GHOST RIDER II/JOHNN,GR2 48;
GHOST RIDER II/JOHNN,GR2 49;
GHOST RIDER II/JOHNN,GR2 5;
GHOST RIDER II/JOHNN,GR2 50;
GHOST RIDER II/JOHNN,GR2 51;
GHOST RIDER II/JOHNN,GR2 51/2;
GHOST RIDER II/JOHNN,GR2 52;
GHOST RIDER II/JOHNN,GR2 53;
GHOST RIDER II/JOHNN,GR2 54;
GHOST RIDER II/JOHNN,GR2 55;
GHOST RIDER II/JOHNN,GR2 56;
GHOST RIDER II/JOHNN,GR2 57;
GHOST RIDER II/JOHNN,GR2 58;
GHOST RIDER II/JOHNN,GR2 59;
GHOST RIDER II/JOHNN,GR2 6;
GHOST RIDER II/JOHNN,GR2 60;
GHOST RIDER II/JOHNN,GR2 61;
GHOST RIDER II/JOHNN,GR2 62;
GHOST RIDER II/JOHNN,GR2 63;
GHOST RIDER II/JOHNN,GR2 64;
GHOST RIDER II/JOHNN,GR2 65;
GHOST RIDER II/JOHNN,GR2 66;
GHOST RIDER II/JOHNN,GR2 67;
GHOST RIDER II/JOHNN,GR2 68;
GHOST RIDER II/JOHNN,GR2 69;
GHOST RIDER II/JOHNN,GR2 7;
GHOST RIDER II/JOHNN,GR2 70;
GHOST RIDER II/JOHNN,GR2 71;
GHOST RIDER II/JOHNN,GR2 72;
GHOST RIDER II/JOHNN,GR2 73;
GHOST RIDER II/JOHNN,GR2 74;
GHOST RIDER II/JOHNN,GR2 75;
GHOST RIDER II/JOHNN,GR2 76;
GHOST RIDER II/JOHNN,GR2 77;
GHOST RIDER II/JOHNN,GR2 78;
GHOST RIDER II/JOHNN,GR2 79;
GHOST RIDER II/JOHNN,GR2 8;
GHOST RIDER II/JOHNN,GR2 80;
GHOST RIDER II/JOHNN,GR2 81;
GHOST RIDER II/JOHNN,GR2 9;
GHOST RIDER II/JOHNN,GR3 -1;
GHOST RIDER II/JOHNN,GR3 10;
GHOST RIDER II/JOHNN,GR3 11;
GHOST RIDER II/JOHNN,GR3 12;
GHOST RIDER II/JOHNN,GR3 13;
GHOST RIDER II/JOHNN,GR3 14;
GHOST RIDER II/JOHNN,GR3 15;
GHOST RIDER II/JOHNN,GR3 16;
GHOST RIDER II/JOHNN,GR3 17;
GHOST RIDER II/JOHNN,GR3 18;
GHOST RIDER II/JOHNN,GR3 22;
GHOST RIDER II/JOHNN,GR3 24;
GHOST RIDER II/JOHNN,GR3 25;
GHOST RIDER II/JOHNN,GR3 27;
GHOST RIDER II/JOHNN,GR3 28;
GHOST RIDER II/JOHNN,GR3 29;
GHOST RIDER II/JOHNN,GR3 31;
GHOST RIDER II/JOHNN,GR3 32;
GHOST RIDER II/JOHNN,GR3 85;
GHOST RIDER II/JOHNN,GR4 2;
GHOST RIDER II/JOHNN,HFLY 2;
GHOST RIDER II/JOHNN,IM 4;
GHOST RIDER II/JOHNN,M/GN 1;
GHOST RIDER II/JOHNN,MORBIUS 1;
GHOST RIDER II/JOHNN,M/PRM 28;
GHOST RIDER II/JOHNN,M/SH3 11;
GHOST RIDER II/JOHNN,M/SPT 10;
GHOST RIDER II/JOHNN,M/SPT 11;
GHOST RIDER II/JOHNN,M/SPT 12;
GHOST RIDER II/JOHNN,M/SPT 5;
GHOST RIDER II/JOHNN,M/SPT 6;
GHOST RIDER II/JOHNN,M/SPT 7;
GHOST RIDER II/JOHNN,M/SPT 8;
GHOST RIDER II/JOHNN,M/SPT 9;
GHOST RIDER II/JOHNN,M/TE 13;
GHOST RIDER II/JOHNN,M/TIO 8;
GHOST RIDER II/JOHNN,M/TIO 80;
GHOST RIDER II/JOHNN,M/TU 15;
GHOST RIDER II/JOHNN,M/TU 58;
GHOST RIDER II/JOHNN,M/TU 91;
GHOST RIDER II/JOHNN,NS 1;
GHOST RIDER II/JOHNN,PPTSS 17;
GHOST RIDER II/JOHNN,PPTSS 18;
GHOST RIDER II/JOHNN,SOV 1;
GHOST RIDER II/JOHNN,SOV 2;
GHOST RIDER II/JOHNN,SOV 3;
GHOST RIDER II/JOHNN,SOV 4;
GHOST RIDER II/JOHNN,SOV 5;
GHOST RIDER II/JOHNN,SOV 6;
GHOST RIDER II/JOHNN,SS3 14;
GHOST RIDER II/JOHNN,SS 6;
GHOST RIDER II/JOHNN,SVTU 14;
GHOST RIDER II/JOHNN,TA 11;
GHOST RIDER II/JOHNN,WOSM 95;
GHOST RIDER II/JOHNN,WOSM 96;
GHOST RIDER II/JOHNN,XFOR '98;
GIBBON/MARTIN BLANK,ASM 110;
GIBBON/MARTIN BLANK,ASM 111;
GIBBON/MARTIN BLANK,ASM 112;
GIBBON/MARTIN BLANK,PPTSS 245;
GIBBON/MARTIN BLANK,PPTSS 246;
GIBBON/MARTIN BLANK,PPTSS 252;
GIBBON/MARTIN BLANK,PPTSS 253;
GIBBON/MARTIN BLANK,PPTSS 256;
GIBBON/MARTIN BLANK,PPTSS 59;
GIBBON/MARTIN BLANK,PPTSS 60;
GIDEON, CLAIRE,FF 135;
GIDEON, CLAIRE,FF 34;
GIDEON,GAM3 14;
GIDEON, GREGORY HUNG,FF 134;
GIDEON, GREGORY HUNG,FF 135;
GIDEON, GREGORY HUNG,FF 136;
GIDEON, GREGORY HUNG,FF 34;
GIDEON,NM 7;
GIDEON,NM 98;
GIDEON,NM 99;
GIDEON,NT 3;
GIDEON,NW 1;
GIDEON,NW 19;
GIDEON,S-M 16;
GIDEON,UX 15;
GIDEON,XF 6;
GIDEON,XFOR 1;
GIDEON,XFOR 10;
GIDEON,XFOR 12;
GIDEON,XFOR 13;
GIDEON,XFOR 15;
GIDEON,XFOR 3;
GIDEON,XFOR 36;
GIDEON,XFOR 37;
GIDEON,XFOR 5;
GIDEON,XFOR 52;
GIDEON,XFOR 53;
GIGANTO,FF 4;
GIGANTO,N 56;
GIGANTUS,FF 349;
GIGANTUS,JIM 63;
GIGANTUS,M/U 7;
GILBERTI, ROSE,C2 '98;
GILBERTI, ROSE,MM '98;
GILBERT, PROFESSOR G,FF 35;
GILBERT, PROFESSOR G,SUB-M 15;
GILBERT, ROXANNE,IM 59;
GILBERT, ROXANNE,IM 60;
GILBERT, ROXANNE,IM 63;
GILBERT, ROXANNE,IM 64;
GILBERT, ROXANNE,IM 65;
GILBERT, ROXANNE,IM 66;
GILBERT, ROXANNE,IM 67;
GILBERT, ROXANNE,IM 68;
GILBERT, ROXANNE,IM 69;
GILBERT, ROXANNE,IM 70;
GILBERT, ROXANNE,IM 71;
GILBERT, ROXANNE,IM 73;
GILBERT, ROXANNE,IM 74;
GILBERT, ROXANNE,IM 75;
GILBERT, ROXANNE,IM 82;
GILBERT, ROXANNE,IM 85;
GILBERT, ROXANNE,IM 88;
GILBERT, ROXANNE,IM 89;
GIL,GENX 31;
GILLISPIE, ANDREW AN,TB 24;
GILMORE, BERT,ASM 438;
GIN GENIE/BECKAH,XFOR 116;
GIRABOOR,T2 28;
GIURESCU, RADU,D:LD 1;
GLABOO,AR 1;
GLABOO,AR 2;
GLABOO,FF 398;
GLABOO,FF 399;
GLABOO,FFOR 8;
GLABOO,FFU 11;
GLADIATOR II,CX 14;
GLADIATOR II,DDINO2 1;
GLADIATOR II,FF 249;
GLADIATOR II,FF 250;
GLADIATOR II,FF 261;
GLADIATOR II,FF 262;
GLADIATOR II,GAL 5;
GLADIATOR II,GAL 6;
GLADIATOR II,GUARD 1;
GLADIATOR II,GUARD 2;
GLADIATOR II,GUARD 3;
GLADIATOR II,H '97;
GLADIATOR II,INH3 3;
GLADIATOR II,INH3 4;
GLADIATOR II,MAXSEC 3;
GLADIATOR II,MAXSEC:DP;
GLADIATOR II,M/CP 49/4;
GLADIATOR II,ROM 4;
GLADIATOR II,T 445;
GLADIATOR II,UX 107;
GLADIATOR II,UX 109;
GLADIATOR II,UX 136;
GLADIATOR II,UX 137;
GLADIATOR II,UX 155;
GLADIATOR II,UX 157;
GLADIATOR II,UX 167;
GLADIATOR II,UX 275;
GLADIATOR II,UX 276;
GLADIATOR II,UX 277;
GLADIATOR II,UX 320;
GLADIATOR II,UX 341;
GLADIATOR II,UX 387;
GLADIATOR II,XSOS 2;
GLADIATOR/MELVIN POT,ASM 287;
GLADIATOR/MELVIN POT,DD 1;
GLADIATOR/MELVIN POT,DD 113;
GLADIATOR/MELVIN POT,DD 114;
GLADIATOR/MELVIN POT,DD 140;
GLADIATOR/MELVIN POT,DD 154;
GLADIATOR/MELVIN POT,DD 166;
GLADIATOR/MELVIN POT,DD 173;
GLADIATOR/MELVIN POT,DD 174;
GLADIATOR/MELVIN POT,DD 175;
GLADIATOR/MELVIN POT,DD 18;
GLADIATOR/MELVIN POT,DD 186;
GLADIATOR/MELVIN POT,DD 19;
GLADIATOR/MELVIN POT,DD 22;
GLADIATOR/MELVIN POT,DD 226;
GLADIATOR/MELVIN POT,DD 23;
GLADIATOR/MELVIN POT,DD 230;
GLADIATOR/MELVIN POT,DD 231;
GLADIATOR/MELVIN POT,DD2 8;
GLADIATOR/MELVIN POT,DD 366;
GLADIATOR/MELVIN POT,DD 367;
GLADIATOR/MELVIN POT,DD 63;
GLADIATOR/MELVIN POT,DD 85;
GLADIATOR/MELVIN POT,DD/SM 1;
GLADIATOR/MELVIN POT,DD/SM 2;
GLADIATOR/MELVIN POT,GR2 21;
GLADIATOR/MELVIN POT,IM 7;
GLADIATOR/MELVIN POT,IM 8;
GLADIATOR/MELVIN POT,M/CP 98/4;
GLADIATOR/MELVIN POT,PPTSS 77;
GLADIATRIX,CA 352;
GLAMOUR GIRL/GLORIA,IM '99;
GLAZER, FAST FREDDY,GG 2;
GLEASON, KAREN,C2 80;
GLEEG,MGK2 2;
GLENN, HEATHER,DD 126;
GLENN, HEATHER,DD 127;
GLENN, HEATHER,DD 128;
GLENN, HEATHER,DD 129;
GLENN, HEATHER,DD 130;
GLENN, HEATHER,DD 131;
GLENN, HEATHER,DD 132;
GLENN, HEATHER,DD 134;
GLENN, HEATHER,DD 135;
GLENN, HEATHER,DD 136;
GLENN, HEATHER,DD 137;
GLENN, HEATHER,DD 138;
GLENN, HEATHER,DD 141;
GLENN, HEATHER,DD 142;
GLENN, HEATHER,DD 143;
GLENN, HEATHER,DD 144;
GLENN, HEATHER,DD 145;
GLENN, HEATHER,DD 146;
GLENN, HEATHER,DD 147;
GLENN, HEATHER,DD 148;
GLENN, HEATHER,DD 149;
GLENN, HEATHER,DD 150;
GLENN, HEATHER,DD 151;
GLENN, HEATHER,DD 154;
GLENN, HEATHER,DD 157;
GLENN, HEATHER,DD 158;
GLENN, HEATHER,DD 160;
GLENN, HEATHER,DD 163;
GLENN, HEATHER,DD 165;
GLENN, HEATHER,DD 166;
GLENN, HEATHER,DD 167;
GLENN, HEATHER,DD 169;
GLENN, HEATHER,DD 171;
GLENN, HEATHER,DD 174;
GLENN, HEATHER,DD 175;
GLENN, HEATHER,DD 176;
GLENN, HEATHER,DD 177;
GLENN, HEATHER,DD 182;
GLENN, HEATHER,DD 183;
GLENN, HEATHER,DD 184;
GLENN, HEATHER,DD 185;
GLENN, HEATHER,DD 186;
GLENN, HEATHER,DD 189;
GLENN, HEATHER,DD 195;
GLENN, HEATHER,DD 220;
GLENN, HEATHER,DD 4;
GLENN, HEATHER,GR2 20;
GLENN, HEATHER,IF 11;
GLENN, HEATHER,IM 171;
GLENN, HEATHER,M/FAN 1/2;
GLENN, HEATHER,PM&IF 77;
GLITCH/CHARLES J. AM,M/SH3 12/3;
GLITTER/,Q 31;
GLOB/DR. SUMNER BECK,H2 125;
GLOB/DR. SUMNER BECK,H2 129;
GLOB/DR. SUMNER BECK,H2 389;
GLOM,AWC 82;
GLOM,Q 33;
GLORIAN/THOMAS GIDEO,FF 134;
GLORIAN/THOMAS GIDEO,FF 135;
GLORIAN/THOMAS GIDEO,FF 136;
GLORIAN/THOMAS GIDEO,FF 137;
GLORIAN/THOMAS GIDEO,FF 34;
GLORIAN/THOMAS GIDEO,H2 190;
GLORIAN/THOMAS GIDEO,H2 191;
GLORIAN/THOMAS GIDEO,H2 267;
GLORIAN/THOMAS GIDEO,H2 353;
GLORIAN/THOMAS GIDEO,H2 354;
GLORIAN/THOMAS GIDEO,H2 355;
GLORIAN/THOMAS GIDEO,H2 356;
GLORIAN/THOMAS GIDEO,H2 357;
GLORIAN/THOMAS GIDEO,H2 358;
GLORIAN/THOMAS GIDEO,H2 359;
GLORIOLE,ROM 1/2;
GLOUCESTER,TB 32;
GLUB,ASTONX2 1;
GLUB,ASTONX2 2;
GLUB,ASTONX2 3;
GLUB,UX 372;
GLUB,X 92;
GNUCCI, MA,PUN5 10;
GNUCCI, MA,PUN5 11;
GNUCCI, MA,PUN5 12;
GNUCCI, MA,PUN5 4;
GNUCCI, MA,PUN5 5;
GNUCCI, MA,PUN5 8;
GNUCCI, MA,PUN5 9;
GOBLYN,AF 109/2;
GOBLYN,AF 110;
GOBLYN,AF 111;
GOBLYN,AF 112;
GOBLYN,AF 114;
GOBLYN,AF 53;
GOBLYN,AF 54;
GOBLYN,AF 55;
GOBLYN,AF 56;
GOBLYN,AF 57;
GOBLYN,AF 58;
GOBLYN,AF 59;
GOBLYN,AF 60;
GOBLYN,AF 61;
GOBLYN,AF 62;
GOBLYN,AF 64;
GOBLYN,AF 65;
GOBLYN,AF 66;
GOBLYN,AF 67;
GOBLYN,AF 68;
GOBLYN,AF 69;
GOBLYN,AF 70;
GOBLYN,AF 71;
GOBLYN,AF 81;
GOBLYN,AF 82;
GOBLYN,AF 85;
GOBLYN,AF 86;
GOBLYN,AF 87;
GO-DEVIL/GO ISHIMORI,FFOR 16;
GO-DEVIL/GO ISHIMORI,FFOR 5;
GO-DEVIL/GO ISHIMORI,FFOR 6;
GODSTALKER,CM4 4;
GODSTALKER,CM4 5;
GODWULF,AT 36;
GOG,ASM 103;
GOG,ASM 104;
GOG,ASM 111;
GOG,AT 17;
GOG,AT 18;
GOG,AT 19;
GOG II,H2 257;
GOG III,LSHOT 5;
GOG III,X 1;
GOG III,X 46;
GOG III,X 47;
GOGO TAMAGO/,AF2 17;
GOGO TAMAGO/,S&BH6 1;
GOGO TAMAGO/,S&BH6 2;
GOGO TAMAGO/,S&BH6 3;
GOG,S-M 22;
GOG,S-M 23;
GOLDBUG,H2 238;
GOLDBUG,H2 239;
GOLDBUG,H2 240;
GOLDBUG,H2 241;
GOLDBUG,H2 242;
GOLDBUG,H2 243;
GOLDBUG,PM 41;
GOLDBUG,PM 42;
GOLDBUG,PPTSS 62;
GOLDBUG,SOLOA 17/2;
GOLDDIGGER,CA 389;
GOLDDIGGER,CA 390;
GOLDDIGGER,CA 391;
GOLDDIGGER,CA 394;
GOLDDIGGER,CA 395;
GOLDDIGGER,CA 395/2;
GOLDDIGGER,CA 429;
GOLDDIGGER,CA 430;
GOLDEN ARCHER II/WYA,A 141;
GOLDEN ARCHER II/WYA,A 142;
GOLDEN ARCHER II/WYA,A 144;
GOLDEN ARCHER II/WYA,A 147;
GOLDEN ARCHER II/WYA,A 148;
GOLDEN ARCHER II/WYA,A 149;
GOLDEN ARCHER II/WYA,A 85;
GOLDEN ARCHER II/WYA,DEF 112;
GOLDEN ARCHER II/WYA,DEF 113;
GOLDEN ARCHER II/WYA,DEF 114;
GOLDEN ARCHER II/WYA,SQS 1;
GOLDEN ARCHER II/WYA,SQS 10;
GOLDEN ARCHER II/WYA,SQS 11;
GOLDEN ARCHER II/WYA,SQS 12;
GOLDEN ARCHER II/WYA,SQS 2;
GOLDEN ARCHER II/WYA,SQS 3;
GOLDEN ARCHER II/WYA,SQS 4;
GOLDEN ARCHER II/WYA,SQS 5;
GOLDEN ARCHER II/WYA,SQS 6;
GOLDEN ARCHER II/WYA,T 280;
GOLDEN-BLADE,IM3 18;
GOLDEN-BLADE,IM3 23;
GOLDEN-BLADE,IM3 24;
GOLDEN-BLADE,IM3 25;
GOLDEN-BLADE,MSM 13;
GOLDEN GIRL/GWENNY L,INV 26;
GOLDEN GIRL/GWENNY L,INV 27;
GOLDEN GIRL/GWENNY L,INV 28;
GOLDEN GIRL/GWENNY L,INV 38;
GOLDEN GIRL/GWENNY L,INV 39;
GOLDFARB, AARON,H2 450;
GOLDFIRE/AMEIKO SABU,CV 1;
GOLDFIRE/AMEIKO SABU,CV 2;
GOLDFIRE/AMEIKO SABU,CV 3;
GOLDFIRE/AMEIKO SABU,TB 40;
GOLDFIRE/AMEIKO SABU,TB 41;
GOLDFIRE/AMEIKO SABU,TB 49;
GOLDIELOCKS/,CAGE 5;
GOLD,TB 8;
GOLEM II,H2 134;
GOLEM III,M/TIO 11;
GOLEM III,ST 174;
GOLEM III,ST 176;
GOLEM III,ST 177;
GOLEM/JACOB GOLDSTEI,INV 12;
GOLEM/JACOB GOLDSTEI,INV 13;
GOMURR,CD 2;
GOMURR,CD 3;
GOMURR,CD 4;
GOMURR,UX 329;
GOMURR,UX 330;
GONZALEZ, RAYMOND,P:P;
GOOM,M/VS 1/3;
GOONER, MELVIN,S-M 10;
GOONER, MELVIN,S-M 11;
GOONER, MELVIN,S-M 12;
GOONER, MELVIN,S-M 8;
GOONER, MELVIN,S-M 9;
GORGEOUS GEORGE,XF 105;
GORGEOUS GEORGE,XF 75;
GORGILLA,DEF2 1;
GORGILLA,M/U 4;
GORGILLA,M/U 5;
GORGILLA,M/U 6;
GORGILLA,M/U 7;
GORGILLA,TTA 12 | WWT 21;
GORGILLA,TTA 18 | M/U 5;
GORGON [INHUMAN],A 118;
GORGON [INHUMAN],A 12;
GORGON [INHUMAN],A 127;
GORGON [INHUMAN],A 188;
GORGON [INHUMAN],A 334;
GORGON [INHUMAN],AA2 1;
GORGON [INHUMAN],AA2 10;
GORGON [INHUMAN],AA2 2;
GORGON [INHUMAN],AA2 3;
GORGON [INHUMAN],AA2 4;
GORGON [INHUMAN],AA2 5;
GORGON [INHUMAN],AA2 6;
GORGON [INHUMAN],AA2 7;
GORGON [INHUMAN],AA2 8;
GORGON [INHUMAN],AA2 9;
GORGON [INHUMAN],AR 1;
GORGON [INHUMAN],AR 2;
GORGON [INHUMAN],CM 53;
GORGON [INHUMAN],COC 1;
GORGON [INHUMAN],DAZZ 32;
GORGON [INHUMAN],DD 272;
GORGON [INHUMAN],DD 273;
GORGON [INHUMAN],DD 274;
GORGON [INHUMAN],DD 275;
GORGON [INHUMAN],DD 276;
GORGON [INHUMAN],DD 278;
GORGON [INHUMAN],DD 279;
GORGON [INHUMAN],DD 280;
GORGON [INHUMAN],DD 281;
GORGON [INHUMAN],DD 282;
GORGON [INHUMAN],DD 283;
GORGON [INHUMAN],FF 12;
GORGON [INHUMAN],FF 130;
GORGON [INHUMAN],FF 131;
GORGON [INHUMAN],FF 132;
GORGON [INHUMAN],FF 150;
GORGON [INHUMAN],FF 158;
GORGON [INHUMAN],FF 159;
GORGON [INHUMAN],FF 18;
GORGON [INHUMAN],FF 21;
GORGON [INHUMAN],FF2 10;
GORGON [INHUMAN],FF 21/2;
GORGON [INHUMAN],FF2 12;
GORGON [INHUMAN],FF 240;
GORGON [INHUMAN],FF 248;
GORGON [INHUMAN],FF2 8;
GORGON [INHUMAN],FF2 9;
GORGON [INHUMAN],FF 306;
GORGON [INHUMAN],FF 391;
GORGON [INHUMAN],FF 401;
GORGON [INHUMAN],FF 402;
GORGON [INHUMAN],FF 410;
GORGON [INHUMAN],FF 411;
GORGON [INHUMAN],FF 412;
GORGON [INHUMAN],FF 413;
GORGON [INHUMAN],FF 416;
GORGON [INHUMAN],FF 44;
GORGON [INHUMAN],FF 45;
GORGON [INHUMAN],FF 46;
GORGON [INHUMAN],FF 47;
GORGON [INHUMAN],FF 48;
GORGON [INHUMAN],FF 5;
GORGON [INHUMAN],FF 50;
GORGON [INHUMAN],FF 52;
GORGON [INHUMAN],FF 54;
GORGON [INHUMAN],FF 56;
GORGON [INHUMAN],FF 57;
GORGON [INHUMAN],FF 59;
GORGON [INHUMAN],FF 60;
GORGON [INHUMAN],FF 61;
GORGON [INHUMAN],FF 62;
GORGON [INHUMAN],FF 82;
GORGON [INHUMAN],FF 83;
GORGON [INHUMAN],FF 99;
GORGON [INHUMAN],FFU 11;
GORGON [INHUMAN],H 1;
GORGON [INHUMAN],H2 175;
GORGON [INHUMAN],H2 279;
GORGON [INHUMAN],HR:R 4;
GORGON [INHUMAN],IG 2;
GORGON [INHUMAN],I:GR;
GORGON [INHUMAN],INH 1;
GORGON [INHUMAN],INH 10;
GORGON [INHUMAN],INH 11;
GORGON [INHUMAN],INH 12;
GORGON [INHUMAN],INH 2;
GORGON [INHUMAN],INH2 1;
GORGON [INHUMAN],INH2 10;
GORGON [INHUMAN],INH2 11;
GORGON [INHUMAN],INH2 12;
GORGON [INHUMAN],INH2 2;
GORGON [INHUMAN],INH2 3;
GORGON [INHUMAN],INH2 4;
GORGON [INHUMAN],INH2 5;
GORGON [INHUMAN],INH2 6;
GORGON [INHUMAN],INH2 7;
GORGON [INHUMAN],INH2 8;
GORGON [INHUMAN],INH2 9;
GORGON [INHUMAN],INH 3;
GORGON [INHUMAN],INH3 1;
GORGON [INHUMAN],INH3 2;
GORGON [INHUMAN],INH3 3;
GORGON [INHUMAN],INH3 4;
GORGON [INHUMAN],INH 4;
GORGON [INHUMAN],INH 5;
GORGON [INHUMAN],INH 6;
GORGON [INHUMAN],INH 7;
GORGON [INHUMAN],INH 8;
GORGON [INHUMAN],INHUMANS GRAPHIC NOV;
GORGON [INHUMAN],I:US 1;
GORGON [INHUMAN],KZ4 10;
GORGON [INHUMAN],M/FAN 14/2;
GORGON [INHUMAN],M/GN 1;
GORGON [INHUMAN],M/TIO 71;
GORGON [INHUMAN],M/TIO 72;
GORGON [INHUMAN],M/TU 11;
GORGON [INHUMAN],NW 6;
GORGON [INHUMAN],PPTSS 11;
GORGON [INHUMAN],QS 13;
GORGON [INHUMAN],QS 4;
GORGON [INHUMAN],QS 5;
GORGON [INHUMAN],QS 6;
GORGON [INHUMAN],SS 18;
GORGON [INHUMAN],SS3 60;
GORGON [INHUMAN],SUB-M 2;
GORGON [INHUMAN],T 149/2;
GORGON [INHUMAN],T 400;
GORGON [INHUMAN],TG 3;
GORGON [INHUMAN],V&SW2 10;
GORGON [INHUMAN],V&SW 4;
GORGON [INHUMAN],WI? 30/2;
GORGON [INHUMAN],XF 2;
GORGON [INHUMAN],XF 67;
GORGON [INHUMAN],XF 68;
GORGON [INHUMAN],X:HY 16;
GORGON | MUTANT X-VE,MX 32;
GORILLA-MAN,AVF 4;
GORILLA-MAN,AVF 5;
GORILLA-MAN,MEN'S ADVENTURE 26;
GORILLA-MAN,WI? 9;
GORNKAI,FF3 42;
GORNKAI,FF3 43;
GORNKAI,FF3 44;
GORN,M/CP 101/3;
GORN,M/CP 102/3;
GORN,M/CP 104/3;
GORN,M/CP 105/3;
GOROTH,UX 387;
GORR,FF 171;
GORR,FF 172;
GORR,FF 173;
GORR,FF 174;
GORR,FF 175;
GOSAMYR,C&D3 4;
GOSAMYR,NM 66;
GOSAMYR,NM 67;
GOSAMYR,NM 68;
GOSAMYR,NM 69;
GOSAMYR,NM 70;
GOSAMYR,NM 71;
GOSAMYR,NM 72;
GOSAMYR,NM 73;
GOSAMYR,NM 74;
GOSAMYR,PP 44;
GOSAMYR,XTERM 4;
GOTH,UX 385;
GOTH,X 104;
GOTTFRIED, WILLIS,PPTSS 259;
GOULDING, DR.,DFSM 3;
GOYER, SAUL,C2 60;
GOYER, SAUL,C2 61;
GOYER, SAUL,C2 64;
GRACE,ASTONX2 1;
GRACE,ASTONX2 2;
GRACE,ASTONX2 3;
GRACE,UX 372;
GRACE,X 92;
GRANDE DAME,GENX 8;
GRANDE DAME,GENX 9;
GRANDMASTER/EN DWI G,A 16;
GRANDMASTER/EN DWI G,A 69;
GRANDMASTER/EN DWI G,A 70;
GRANDMASTER/EN DWI G,A 71;
GRANDMASTER/EN DWI G,ASM 222;
GRANDMASTER/EN DWI G,CM4 5;
GRANDMASTER/EN DWI G,CM4 6;
GRANDMASTER/EN DWI G,CM5 14;
GRANDMASTER/EN DWI G,COC 1;
GRANDMASTER/EN DWI G,COC 3;
GRANDMASTER/EN DWI G,GSDEF 3;
GRANDMASTER/EN DWI G,INV 1;
GRANDMASTER/EN DWI G,Q 58;
GRANDMASTER/EN DWI G,SS3 10;
GRANDMASTER/EN DWI G,SS3 17;
GRANDMASTER/EN DWI G,SS3 18;
GRANDMASTER/EN DWI G,SS3 19;
GRANDMASTER/EN DWI G,SS3 4;
GRANDMASTER/EN DWI G,SS3 7;
GRANDMASTER/EN DWI G,SS3 9;
GRANDMASTER/EN DWI G,TQ 2;
GRANDMASTER/EN DWI G,WCA 2;
GRAND OVERSEER,SS3 113;
GRAND OVERSEER,SS3 114;
GRAND OVERSEER,SS3 116;
GRAND OVERSEER,SS3 117;
GRANITOR,AT 22;
GRANITOR,AT 23;
GRANT, DONALD,A '00;
GRANT, GATOR,M/SH3 7/4;
GRANT, GATOR,TG 29;
GRANT, GLORIA GLORY,ASM '01;
GRANT, GLORIA GLORY,ASM 140;
GRANT, GLORIA GLORY,ASM 142;
GRANT, GLORIA GLORY,ASM 15;
GRANT, GLORIA GLORY,ASM 158;
GRANT, GLORIA GLORY,ASM 163;
GRANT, GLORIA GLORY,ASM 164;
GRANT, GLORIA GLORY,ASM 166;
GRANT, GLORIA GLORY,ASM 172;
GRANT, GLORIA GLORY,ASM 174;
GRANT, GLORIA GLORY,ASM 175;
GRANT, GLORIA GLORY,ASM 178;
GRANT, GLORIA GLORY,ASM 18;
GRANT, GLORIA GLORY,ASM 182;
GRANT, GLORIA GLORY,ASM 189;
GRANT, GLORIA GLORY,ASM 193;
GRANT, GLORIA GLORY,ASM 194;
GRANT, GLORIA GLORY,ASM 196;
GRANT, GLORIA GLORY,ASM 202;
GRANT, GLORIA GLORY,ASM 204;
GRANT, GLORIA GLORY,ASM 206;
GRANT, GLORIA GLORY,ASM2 17;
GRANT, GLORIA GLORY,ASM2 18;
GRANT, GLORIA GLORY,ASM2 20;
GRANT, GLORIA GLORY,ASM2 21;
GRANT, GLORIA GLORY,ASM2 22;
GRANT, GLORIA GLORY,ASM2 23;
GRANT, GLORIA GLORY,ASM2 24;
GRANT, GLORIA GLORY,ASM2 25;
GRANT, GLORIA GLORY,ASM2 27;
GRANT, GLORIA GLORY,ASM 228;
GRANT, GLORIA GLORY,ASM2 28;
GRANT, GLORIA GLORY,ASM 229;
GRANT, GLORIA GLORY,ASM 230;
GRANT, GLORIA GLORY,ASM2 9;
GRANT, GLORIA GLORY,ASM 298;
GRANT, GLORIA GLORY,ASM 309;
GRANT, GLORIA GLORY,ASM 316;
GRANT, GLORIA GLORY,ASM 326;
GRANT, GLORIA GLORY,ASM 416;
GRANT, GLORIA GLORY,ASM 418;
GRANT, GLORIA GLORY,ASM 432;
GRANT, GLORIA GLORY,ASM 434;
GRANT, GLORIA GLORY,ASMU 16;
GRANT, GLORIA GLORY,DB 1;
GRANT, GLORIA GLORY,DB 2;
GRANT, GLORIA GLORY,DB 3;
GRANT, GLORIA GLORY,LSHOT 3;
GRANT, GLORIA GLORY,M/FAN 1;
GRANT, GLORIA GLORY,M/TU 107;
GRANT, GLORIA GLORY,M/TU 108;
GRANT, GLORIA GLORY,M/TU 30;
GRANT, GLORIA GLORY,M/TU 4;
GRANT, GLORIA GLORY,M/TU 56;
GRANT, GLORIA GLORY,M/TU 79;
GRANT, GLORIA GLORY,M/TU 91;
GRANT, GLORIA GLORY,PPSM2 11;
GRANT, GLORIA GLORY,PPSM2 14;
GRANT, GLORIA GLORY,PPSM2 19;
GRANT, GLORIA GLORY,PPSM2 2;
GRANT, GLORIA GLORY,PPSM2 22;
GRANT, GLORIA GLORY,PPSM2 23;
GRANT, GLORIA GLORY,PPSM2 28;
GRANT, GLORIA GLORY,PPSM2 30;
GRANT, GLORIA GLORY,PPTSS 1;
GRANT, GLORIA GLORY,PPTSS 120;
GRANT, GLORIA GLORY,PPTSS 146;
GRANT, GLORIA GLORY,PPTSS 149;
GRANT, GLORIA GLORY,PPTSS 150;
GRANT, GLORIA GLORY,PPTSS 151;
GRANT, GLORIA GLORY,PPTSS 152;
GRANT, GLORIA GLORY,PPTSS 154;
GRANT, GLORIA GLORY,PPTSS 156;
GRANT, GLORIA GLORY,PPTSS 157;
GRANT, GLORIA GLORY,PPTSS 168;
GRANT, GLORIA GLORY,PPTSS 173;
GRANT, GLORIA GLORY,PPTSS 174;
GRANT, GLORIA GLORY,PPTSS 19;
GRANT, GLORIA GLORY,PPTSS 2;
GRANT, GLORIA GLORY,PPTSS 21;
GRANT, GLORIA GLORY,PPTSS 216;
GRANT, GLORIA GLORY,PPTSS 226;
GRANT, GLORIA GLORY,PPTSS 237;
GRANT, GLORIA GLORY,PPTSS 24;
GRANT, GLORIA GLORY,PPTSS 3;
GRANT, GLORIA GLORY,PPTSS 32;
GRANT, GLORIA GLORY,PPTSS 67;
GRANT, GLORIA GLORY,PPTSS 7;
GRANT, GLORIA GLORY,PPTSS 8;
GRANT, GLORIA GLORY,PPTSS 80;
GRANT, GLORIA GLORY,PPTSS 83;
GRANT, GLORIA GLORY,PWJ 15;
GRANT, GLORIA GLORY,SENSM 11;
GRANT, GLORIA GLORY,SENSM 26;
GRANT, GLORIA GLORY,S-M 69;
GRANT, GLORIA GLORY,S-M 75;
GRANT, GLORIA GLORY,S-M 98;
GRANT, GLORIA GLORY,WOSM 38;
GRANT, GLORIA GLORY,WOSM 47;
GRANT, GLORIA GLORY,WOSM 48;
GRANT, GLORIA GLORY,WOSM 5;
GRANT, GLORIA GLORY,WOSM 50;
GRANT, GLORIA GLORY,WOSM 51;
GRANT, GLORIA GLORY,WOSM 54;
GRANT, GLORIA GLORY,WOSM 55;
GRANT, GLORIA GLORY,WOSM 57;
GRANT, GLORIA GLORY,WOSM 59;
GRANT, GLORIA GLORY,WOSM 60;
GRANT, GLORIA GLORY,WOSM 77;
GRANT, GLORIA GLORY,WOSM 78;
GRANT, MARY MEEKS,A '00;
GRANT, PHILLIP,FW 8;
GRANT, PHILLIP,IM 306;
GRANT, PHILLIP,IM 307;
GRANT, PHILLIP,IM 308;
GRANT, SILAS,A 105;
GRANT, SILAS II,FFOR 16;
GRANT, SILAS,T 197;
GRANT, SILAS,T 198;
GRANT, SILAS,T 199;
GRANT, SILAS,T 202;
GRANT, SILAS,T 203;
GRANT, SILAS,T 204;
GRANT, SILAS,T 211;
GRANT, SILAS,T 212;
GRANT, SILAS,T 213;
GRANT, SILAS,T 214;
GRANT, SILAS,T 215;
GRANT, SILAS,T 216;
GRANT, SILAS,T 217;
GRANT, SILAS,T 218;
GRANT, SILAS,T 219;
GRANT, SILAS,T 220;
GRANT, SILAS,T 221;
GRAPPLER,CA 319;
GRAPPLER,S-H 18;
GRASP,ASM 355;
GRASP,ASM 358;
GRASP,FF 342;
GRASP,IM 214;
GRASSWIND, Z'OOFREY,CM4 1;
GRASSWIND, Z'OOFREY,CM4 4;
GRASSWIND, Z'OOFREY,CM4 5;
GRASSWIND, Z'OOFREY,CM4 6;
G'RATH,AA2 35;
GRAVEMOSS,XCAL 83;
GRAVEMOSS,XCAL 84;
GRAVEMOSS,XCAL 85;
GRAVITON/FRANK HALL,A 158;
GRAVITON/FRANK HALL,A 159;
GRAVITON/FRANK HALL,ASM 326;
GRAVITON/FRANK HALL,ASM 329;
GRAVITON/FRANK HALL,AUP 2;
GRAVITON/FRANK HALL,FF 322;
GRAVITON/FRANK HALL,M/TIO 4;
GRAVITON/FRANK HALL,T 324;
GRAVITON/FRANK HALL,TB 17;
GRAVITON/FRANK HALL,TB 27;
GRAVITON/FRANK HALL,TB 28;
GRAVITON/FRANK HALL,TB 29;
GRAVITON/FRANK HALL,TB 30;
GRAVITON/FRANK HALL,TB 51;
GRAVITON/FRANK HALL,TB 53;
GRAVITON/FRANK HALL,TB 54;
GRAVITON/FRANK HALL,TB:LS;
GRAVITON/FRANK HALL,WCA 2;
GRAVITON/FRANK HALL,WCA2 12;
GRAVITON/FRANK HALL,WCA2 13;
GRAVITON/FRANK HALL,WCA 3;
GRAVITON/FRANK HALL,WCA 4;
GRAVITON/FRANK HALL,WOSM 64;
GRAVITON/FRANK HALL,WOSM 65;
GRAY, CHARLES,IM 20;
GRAY, CHARLES,IM3 16;
GRAY, CHARLES,IM '99;
GRAY, SGT.,FF3 4;
GRAZIA, VINCENT VINN,DD 366;
GRAZIA, VINCENT VINN,DD 367;
GREASE,DRSTR3 82;
GREASY,GENX 40;
GREASY,GENX 42;
GREASY,GENX 43;
GREASY,GENX 44;
GREEN, ARNIE,DRSTR2 66;
GREEN, ARNIE,DRSTR2 77;
GREEN GOBLIN III/BAR,ASM 167;
GREEN GOBLIN III/BAR,ASM 169;
GREEN GOBLIN III/BAR,ASM 174;
GREEN GOBLIN III/BAR,ASM 175;
GREEN GOBLIN III/BAR,ASM 176;
GREEN GOBLIN III/BAR,ASM 177;
GREEN GOBLIN III/BAR,ASM 178;
GREEN GOBLIN III/BAR,ASM 179;
GREEN GOBLIN III/BAR,ASM 180;
GREEN GOBLIN IV/PHIL,ASM 413;
GREEN GOBLIN IV/PHIL,ASM 415;
GREEN GOBLIN IV/PHIL,ASM 422;
GREEN GOBLIN IV/PHIL,ASM 425;
GREEN GOBLIN IV/PHIL,ASM 433;
GREEN GOBLIN IV/PHIL,ASS 2;
GREEN GOBLIN IV/PHIL,GG 1;
GREEN GOBLIN IV/PHIL,GG 2;
GREEN GOBLIN IV/PHIL,GG 3;
GREEN GOBLIN IV/PHIL,GG 4;
GREEN GOBLIN IV/PHIL,PPTSS 225;
GREEN GOBLIN IV/PHIL,PPTSS 235;
GREEN GOBLIN IV/PHIL,SM:FA 1;
GREEN GOBLIN IV/PHIL,WOSM 125;
GREEN GOBLIN | MUTAN,MX 12;
GREEN GOBLIN | MUTAN,MX 5;
GREEN GOBLIN/NORMAN,A 16;
GREEN GOBLIN/NORMAN,ASM '00;
GREEN GOBLIN/NORMAN,ASM 105;
GREEN GOBLIN/NORMAN,ASM 117;
GREEN GOBLIN/NORMAN,ASM 119;
GREEN GOBLIN/NORMAN,ASM 121;
GREEN GOBLIN/NORMAN,ASM 122;
GREEN GOBLIN/NORMAN,ASM 123;
GREEN GOBLIN/NORMAN,ASM 14;
GREEN GOBLIN/NORMAN,ASM 17;
GREEN GOBLIN/NORMAN,ASM 18;
GREEN GOBLIN/NORMAN,ASM2 25;
GREEN GOBLIN/NORMAN,ASM 23;
GREEN GOBLIN/NORMAN,ASM 25;
GREEN GOBLIN/NORMAN,ASM 26;
GREEN GOBLIN/NORMAN,ASM 27;
GREEN GOBLIN/NORMAN,ASM 37;
GREEN GOBLIN/NORMAN,ASM 38;
GREEN GOBLIN/NORMAN,ASM 39;
GREEN GOBLIN/NORMAN,ASM 40;
GREEN GOBLIN/NORMAN,ASM 418;
GREEN GOBLIN/NORMAN,ASM 429;
GREEN GOBLIN/NORMAN,ASM 430;
GREEN GOBLIN/NORMAN,ASM 432;
GREEN GOBLIN/NORMAN,ASM 434;
GREEN GOBLIN/NORMAN,ASM 440;
GREEN GOBLIN/NORMAN,ASM 441;
GREEN GOBLIN/NORMAN,ASM 47;
GREEN GOBLIN/NORMAN,ASM 61;
GREEN GOBLIN/NORMAN,ASM 62;
GREEN GOBLIN/NORMAN,ASM 63;
GREEN GOBLIN/NORMAN,ASM 66;
GREEN GOBLIN/NORMAN,ASM '96;
GREEN GOBLIN/NORMAN,ASM 96;
GREEN GOBLIN/NORMAN,ASM '97;
GREEN GOBLIN/NORMAN,ASM 97;
GREEN GOBLIN/NORMAN,ASM 98;
GREEN GOBLIN/NORMAN,ASMU 17;
GREEN GOBLIN/NORMAN,FF 405;
GREEN GOBLIN/NORMAN,IM3 1;
GREEN GOBLIN/NORMAN,IM3 37;
GREEN GOBLIN/NORMAN,PPSM2 25;
GREEN GOBLIN/NORMAN,PPTSS 14;
GREEN GOBLIN/NORMAN,PPTSS 240;
GREEN GOBLIN/NORMAN,PPTSS 248;
GREEN GOBLIN/NORMAN,PPTSS 249;
GREEN GOBLIN/NORMAN,PPTSS 250;
GREEN GOBLIN/NORMAN,PPTSS 251;
GREEN GOBLIN/NORMAN,PPTSS 252;
GREEN GOBLIN/NORMAN,PPTSS 253;
GREEN GOBLIN/NORMAN,PPTSS 254;
GREEN GOBLIN/NORMAN,PPTSS 255;
GREEN GOBLIN/NORMAN,PPTSS 256;
GREEN GOBLIN/NORMAN,PPTSS 257;
GREEN GOBLIN/NORMAN,PPTSS 258;
GREEN GOBLIN/NORMAN,PPTSS 259;
GREEN GOBLIN/NORMAN,PPTSS 260;
GREEN GOBLIN/NORMAN,PPTSS 261;
GREEN GOBLIN/NORMAN,PPTSS 262;
GREEN GOBLIN/NORMAN,PPTSS 263;
GREEN GOBLIN/NORMAN,SENSM 11;
GREEN GOBLIN/NORMAN,SENSM 25;
GREEN GOBLIN/NORMAN,SENSM 27;
GREEN GOBLIN/NORMAN,SENSM 28;
GREEN GOBLIN/NORMAN,SENSM 32;
GREEN GOBLIN/NORMAN,SENSM 33;
GREEN GOBLIN/NORMAN,S-H2 53;
GREEN GOBLIN/NORMAN,S-M -1;
GREEN GOBLIN/NORMAN,S-M 75;
GREEN GOBLIN/NORMAN,S-M 88;
GREEN GOBLIN/NORMAN,S-M 89;
GREEN GOBLIN/NORMAN,S-M 92;
GREEN GOBLIN/NORMAN,S-M 95;
GREEN GOBLIN/NORMAN,S-M 96;
GREEN GOBLIN/NORMAN,S-M 97;
GREEN GOBLIN/NORMAN,S-M 98;
GREEN GOBLIN/NORMAN,SMMM;
GREEN GOBLIN/NORMAN,SM:RGG 1;
GREEN GOBLIN/NORMAN,SM:RGG 2;
GREEN GOBLIN/NORMAN,SM:RGG 3;
GREEN GOBLIN/NORMAN,SPECSM 2;
GREEN GOBLIN/NORMAN,UTSM 1;
GREEN GOBLIN/NORMAN,UTSM 18;
GREEN GOBLIN/NORMAN,UTSM 2;
GREEN GOBLIN/NORMAN,UTSM 20;
GREEN GOBLIN/NORMAN,UTSM 22;
GREEN GOBLIN/NORMAN,UTSM 25;
GREEN GOBLIN/NORMAN,UTSM 4;
GREEN GOBLIN/NORMAN,UTSM 8;
GREEN GOBLIN/NORMAN,UTSM '97;
GREEN GOBLIN/NORMAN,X 73;
GREEN GOBLIN V/,ASM2 18;
GREEN GOBLIN V/,ASM 432;
GREEN GOBLIN V/,PPTSS 18;
GREEN GOBLIN V/,PPTSS 255;
GREEN GOBLIN V/,PPTSS 259;
GREEN GOBLIN V/,PPTSS 260;
GREEN GOBLIN V/,PPTSS 261;
GREEN GOBLIN V/,SENSM 25;
GREEN GOBLIN V/,S-M 88;
GREEN GOBLIN V/,S-M 89;
GREEN, JAMES,CA:SL2 6/3;
GREEN, JAMES,CA:SL2 7;
GREEN, LILA,DRSTR3 77;
GREEN, LILA,DRSTR3 78;
GREENSONG,T 364;
GREENSONG,T 365;
GREENSONG,T 502;
GREENSONG,UX 10;
GREER, DAVID,AT:WMB 2;
GREER, GABRIELLE,ASMSS 1/3;
GREER, GABRIELLE,PPTSSSS 1/3;
GREER, GABRIELLE,S-M 54;
GREER, GABRIELLE,WOSM 118;
GREER, GABRIELLE,WOSMSS 1/3;
GREGOR,KZ4 1;
GREGOR,KZ4 18;
GREGOR,KZ4 19;
GREGOR,KZ4 20;
GREGOR,KZ4 3;
GREGOR,KZ4 7;
GREGOR,S-M 50;
GREGOR,S-M 54;
GREGOR,S-M 55;
GREGOR,WOSM 121;
GREGORY, TODD,HMAG 11;
GREICO, LINDA,ASM 439;
GREMLIN/,H2 163;
GREMLIN/,H2 187;
GREMLIN/,H2 188;
GREMLIN/,IM 13/2;
GREMLIN/,IM 229;
GREMLIN/,IM 315;
GREMLIN/,IM 316;
GREMLIN/,IM 317;
GREMLIN/,ROM 44;
GREMLIN/,ROM 45;
GREMLIN/,ROM 46;
GREMLIN/,ROM 65;
GREMLIN/,XV.A 1;
GREMLIN/,XV.A 2;
GREMLIN/,XV.A 3;
GRENDEL'S MOTHER,CM5 20;
GRENDEL'S MOTHER,CM5 21;
GRESIG,SS3 121;
GREY, DR. JOHN,BIZADV 27;
GREY, DR. JOHN,KZ3 31;
GREY, DR. JOHN,KZ3 32;
GREY, DR. JOHN,UX -1;
GREY, DR. JOHN,UX 104;
GREY, DR. JOHN,UX 105;
GREY, DR. JOHN,UX 106;
GREY, DR. JOHN,UX 108;
GREY, DR. JOHN,UX 109;
GREY, DR. JOHN,UX 136;
GREY, DR. JOHN,UX 138;
GREY, DR. JOHN,UX 146;
GREY, DR. JOHN,UX 199;
GREY, DR. JOHN,UX 201;
GREY, DR. JOHN,UX 240;
GREY, DR. JOHN,UX 241;
GREY, DR. JOHN,UX 242;
GREY, DR. JOHN,UX 243;
GREY, DR. JOHN,UX 322;
GREY, DR. JOHN,UX 380;
GREY, DR. JOHN,UX 5;
GREY, DR. JOHN,UX 7;
GREY, DR. JOHN,X 51;
GREY, DR. JOHN,XF 27;
GREY, DR. JOHN,XF 37;
GREY, DR. JOHN,XF 38;
GREY, DR. JOHN,XF 40;
GREY, DR. JOHN,XM 30;
GREY, ELAINE,BIZADV 27;
GREY, ELAINE,UX 104;
GREY, ELAINE,UX 105;
GREY, ELAINE,UX 106;
GREY, ELAINE,UX 108;
GREY, ELAINE,UX 109;
GREY, ELAINE,UX 136;
GREY, ELAINE,UX 138;
GREY, ELAINE,UX 146;
GREY, ELAINE,UX 199;
GREY, ELAINE,UX 201;
GREY, ELAINE,UX 240;
GREY, ELAINE,UX 241;
GREY, ELAINE,UX 242;
GREY, ELAINE,UX 243;
GREY, ELAINE,UX 380;
GREY, ELAINE,UX 5;
GREY, ELAINE,X 51;
GREY, ELAINE,XF 27;
GREY, ELAINE,XF 37;
GREY, ELAINE,XF 38;
GREY, ELAINE,XF 40;
GREY, ELAINE,XM 30;
GREY GARGOYLE/PAUL P,A 190;
GREY GARGOYLE/PAUL P,A 191;
GREY GARGOYLE/PAUL P,A 271;
GREY GARGOYLE/PAUL P,ASM 219;
GREY GARGOYLE/PAUL P,CA 139;
GREY GARGOYLE/PAUL P,CA 140;
GREY GARGOYLE/PAUL P,CA 141;
GREY GARGOYLE/PAUL P,CA 142;
GREY GARGOYLE/PAUL P,DPOOL3 39;
GREY GARGOYLE/PAUL P,FF 3;
GREY GARGOYLE/PAUL P,FF3 38;
GREY GARGOYLE/PAUL P,FF3 39;
GREY GARGOYLE/PAUL P,FFOR 6;
GREY GARGOYLE/PAUL P,H2 363;
GREY GARGOYLE/PAUL P,H2 364;
GREY GARGOYLE/PAUL P,IM 235;
GREY GARGOYLE/PAUL P,IM 236;
GREY GARGOYLE/PAUL P,JIM 107;
GREY GARGOYLE/PAUL P,JIM 113;
GREY GARGOYLE/PAUL P,M/FAN 22;
GREY GARGOYLE/PAUL P,M/TU 13;
GREY GARGOYLE/PAUL P,S-H2 27;
GREY GARGOYLE/PAUL P,T 258;
GREY GARGOYLE/PAUL P,T 259;
GREY GARGOYLE/PAUL P,T 440;
GREY GARGOYLE/PAUL P,TOS 95;
GREY GARGOYLE/PAUL P,TOS 96;
GREY, JEAN | MUTANT,MX '01;
GREY, JEAN | MUTANT,MX 17;
GREY, JEAN | MUTANT,MX 18;
GREY, JEAN | MUTANT,MX 20;
GREY, JEAN | MUTANT,MX 21;
GREY, JEAN | MUTANT,MX 23;
GREY, JEAN | MUTANT,MX 27;
GREY, JEAN | MUTANT,MX 28;
GREY, JEAN | MUTANT,MX 29;
GREY, JEAN | MUTANT,MX 30;
GREY, JEAN | MUTANT,MX 31;
GREY KING/ADDISON FA,UX 360;
GREY KING/ADDISON FA,X 80;
GREYSTONE/BRIAN YOUN,XF 140;
GREYSTONE/BRIAN YOUN,XF 141;
GREYSTONE/BRIAN YOUN,XF 143;
GREYSTONE/BRIAN YOUN,XF 144;
GREYSTONE/BRIAN YOUN,XF 145;
GREYSTONE/BRIAN YOUN,XF 146;
GREYSTONE/BRIAN YOUN,XF 149;
GRID,M/SH3 5;
GRIEFSAVOR,DRSTR3 48;
GRIFFIN III,PP 8;
GRIFFIN II/JOHNNY HO,AA2 15;
GRIFFIN II/JOHNNY HO,ASPOT 26;
GRIFFIN II/JOHNNY HO,CA 340;
GRIFFIN II/JOHNNY HO,CHAMP 10;
GRIFFIN II/JOHNNY HO,CHAMP 7;
GRIFFIN II/JOHNNY HO,CHAMP 8;
GRIFFIN II/JOHNNY HO,CHAMP 9;
GRIFFIN II/JOHNNY HO,M/TU 38;
GRIFFIN II/JOHNNY HO,M/TU 78;
GRIFFIN II/JOHNNY HO,N 13;
GRIFFIN II/JOHNNY HO,N 14;
GRIFFIN II/JOHNNY HO,N 15;
GRIFFIN II/JOHNNY HO,N 17;
GRIFFIN II/JOHNNY HO,N 2;
GRIFFIN II/JOHNNY HO,N 3;
GRIFFIN II/JOHNNY HO,WCA2 10;
GRIFFIN,ST 150/2;
GRIFFITH, D.W.,ASMU 13;
GRIFFITH, D.W.,CAGE 6;
GRIFFITH, D.W.,FF 133;
GRIFFITH, D.W.,HFH 8;
GRIFFITH, D.W.,LCHFH 10;
GRIFFITH, D.W.,LCHFH 2;
GRIFFITH, D.W.,LCHFH 3;
GRIFFITH, D.W.,LCHFH 4;
GRIFFITH, D.W.,LCHFH 5;
GRIFFITH, D.W.,LCHFH 8;
GRIFFITH, D.W.,PM 23;
GRIFFITH, D.W.,PM 26;
GRIFFITH, D.W.,PM 28;
GRIFFITH, D.W.,PM 30;
GRIFFITH, D.W.,PM 33;
GRIFFITH, D.W.,PM 35;
GRIFFITH, D.W.,PM 37;
GRIFFITH, D.W.,PM 38;
GRIFFITH, D.W.,PM 41;
GRIFFITH, D.W.,PM&andIF 100;
GRIFFITH, D.W.,PM&andIF 102;
GRIFFITH, D.W.,PM&andIF 105;
GRIFFITH, D.W.,PM&andIF 108;
GRIFFITH, D.W.,PM&andIF 111;
GRIFFITH, D.W.,PM&andIF 56;
GRIFFITH, D.W.,PM&andIF 58;
GRIFFITH, D.W.,PM&andIF 59;
GRIFFITH, D.W.,PM&andIF 60;
GRIFFITH, D.W.,PM&andIF 63;
GRIFFITH, D.W.,PM&andIF 66;
GRIFFITH, D.W.,PM&andIF 67;
GRIFFITH, D.W.,PM&andIF 71;
GRIFFITH, D.W.,PM&andIF 73;
GRIFFITH, D.W.,PM&andIF 76/2;
GRIFFITH, D.W.,PM&andIF 79;
GRIFFITH, D.W.,PM&andIF 83;
GRIFFITH, D.W.,PM&andIF 84;
GRIFFITH, D.W.,PM&andIF 88;
GRIFFITH, D.W.,PM&andIF 89;
GRIFFITH, D.W.,PM&andIF 90;
GRIFFITH, D.W.,PM&andIF 93;
GRIFFITH, D.W.,PM&andIF 94;
GRIFFITH, D.W.,PM&andIF 95;
GRIFFITH, D.W.,PM&andIF 96;
GRIFFITH, D.W.,PM&andIF 97;
GRIFFITH, D.W.,PM&andIF 98;
GRIFFITH, D.W.,TS 13;
GRIM HUNTER/KRAVINOF,S-M 47;
GRIM HUNTER/KRAVINOF,S-M 48;
GRIM HUNTER/KRAVINOF,S-M 49;
GRIM HUNTER/KRAVINOF,S-M 50;
GRIM HUNTER/KRAVINOF,S-M 53;
GRIM HUNTER/KRAVINOF,S-M 54;
GRIM HUNTER/KRAVINOF,S-M 55;
GRIM HUNTER/KRAVINOF,WOSM 120;
GRIM HUNTER/KRAVINOF,WOSM 121;
GRIMM, BEN | EARTH-A,FF 118/2;
GRIMM, BEN | EARTH-A,FF 160;
GRIMM, BEN | EARTH-A,FF 161;
GRIMM, BEN | EARTH-A,FF 162;
GRIMM, BEN | MUTANT,MX 10;
GRIMM, BEN | MUTANT,MX 12;
GRIMM, BEN | MUTANT,MX 2;
GRIMM, BEN | MUTANT,MX 8;
GRIMM, BEN | MUTANT,MX 9;
GRIMM, BEN | TIMESLI,A:T;
GRIMM, JAKE,FF 239;
GRIMM, JAKE,FF 257;
GRIMM, JAKE,TG 1;
GRIMM, PETUNIA PENNY,FF 239;
GRIMM, SUE STORM EAR,FF 118/2;
GRIMM, SUE STORM EAR,FF 160;
GRIMM, SUE STORM EAR,FF 161;
GRIM REAPER/ERIC WIL,A 102;
GRIM REAPER/ERIC WIL,A 106;
GRIM REAPER/ERIC WIL,A 107;
GRIM REAPER/ERIC WIL,A 108;
GRIM REAPER/ERIC WIL,A 160;
GRIM REAPER/ERIC WIL,A3 10;
GRIM REAPER/ERIC WIL,A3 11;
GRIM REAPER/ERIC WIL,A3 20;
GRIM REAPER/ERIC WIL,A3 21;
GRIM REAPER/ERIC WIL,A3 22;
GRIM REAPER/ERIC WIL,A3 31;
GRIM REAPER/ERIC WIL,A3 32;
GRIM REAPER/ERIC WIL,A3 33;
GRIM REAPER/ERIC WIL,A 352;
GRIM REAPER/ERIC WIL,A 353;
GRIM REAPER/ERIC WIL,A 354;
GRIM REAPER/ERIC WIL,A 52;
GRIM REAPER/ERIC WIL,A 78;
GRIM REAPER/ERIC WIL,A 79;
GRIM REAPER/ERIC WIL,AWC 65;
GRIM REAPER/ERIC WIL,AWC 66/2;
GRIM REAPER/ERIC WIL,AWC 67;
GRIM REAPER/ERIC WIL,AWC 68;
GRIM REAPER/ERIC WIL,V&andSW2 1;
GRIM REAPER/ERIC WIL,V&andSW2 12;
GRIM REAPER/ERIC WIL,V&andSW2 2;
GRIM REAPER/ERIC WIL,V&andSW 3;
GRIM REAPER/ERIC WIL,WCA2 2;
GRIM REAPER/ERIC WIL,WM 1;
GRIM REAPER/ERIC WIL,WOSM 46;
GRIPPO, BILLY,DD 362;
GRIS-GRIS,GAM3 15;
GRIS-GRIS,GAM3 17;
GRIS-GRIS,GAM3 19;
GRIS-GRIS,GAM3 21;
GRIS-GRIS,GAM3 22;
GRIS-GRIS,R 1;
GRIS-GRIS,R 2;
GRIS-GRIS,R 3;
GRIZZLY II/THEODORE,C 1;
GRIZZLY II/THEODORE,C 2;
GRIZZLY II/THEODORE,C2 23;
GRIZZLY II/THEODORE,C2 24;
GRIZZLY II/THEODORE,XFOR 12;
GRIZZLY II/THEODORE,XFOR 13;
GRIZZLY II/THEODORE,XFOR 14;
GRIZZLY II/THEODORE,XFOR 8;
GRIZZLY/MAXWELL MARK,ASM 140;
GRIZZLY/MAXWELL MARK,PPTSS 244;
GRIZZLY/MAXWELL MARK,PPTSS 245;
GRIZZLY/MAXWELL MARK,PPTSS 246;
GRIZZLY/MAXWELL MARK,PPTSS 252;
GRIZZLY/MAXWELL MARK,PPTSS 253;
GRIZZLY/MAXWELL MARK,PPTSS 256;
GRIZZLY/MAXWELL MARK,WOSM 58;
GROK,AA2 21;
GROK,AA2 22;
GROK,AA2 23;
GROK,AA2 24;
GROK,AA2 25;
GROK,AA2 26;
GROK,AA2 27;
GROK,AA2 28;
GROK,AA2 29;
GROK,AA2 31;
GROK,AA2 32;
GROK,AA2 33;
GROK,AA2 34;
GRON,A 316;
GRONK,A 250;
GRONK,FFU 10;
GRONK,M/TIO 71;
GRONK,M/TIO 72;
GRONK,Q 22;
GRONK,Q 25;
GROSS, CLIFFORD,PPTSS 223/2;
GROSS, CLIFFORD,S-M 57/2;
GROSS, IRA,PPTSS 185;
GROTESK,A 20;
GROTESK,AWC 6;
GROTESK,H 17/2;
GROTESK,MSM 6;
GROTESK,MSM 8;
GROTESK,T 481;
GROTESK,UX 41;
GROTESK,UX 42;
GROTTU,M/U 4;
GROTTU,ST 73;
GROUNDHOG/SEAN BENAR,AF SPECIAL;
GROVEL,UX 346;
GROVEL,UX 347;
GROVEL,UX 348;
GROVEL,UX 349;
GROVEL,UX 350;
GROVES, GEN. MCALLIS,CA3 26;
GROVES, GEN. MCALLIS,CA3 27;
GROWING MAN,A 268;
GROWING MAN,A 300;
GROWING MAN,A 69;
GROWING MAN,IM 108;
GROWING MAN,IM 109;
GROWING MAN,T 140;
GROWING MAN,T 17/4;
GROWING MAN,TB 13;
GROWING MAN,TB 5;
GRUENWALD, MARK,S-H2 50;
GRUENWALD, MARK,UX 7;
GRUNCH, ALESTAIRE FI,DPOOL3 26;
GRUNCH, ALESTAIRE FI,DPOOL3 27;
GRUNCH, ALESTAIRE FI,DPOOL3 28;
GRUNCH, ALESTAIRE FI,DPOOL3 29;
GRUNCH, ALESTAIRE FI,DPOOL3 30;
GRUX,SS3 115;
GRYPHON/COMMANDER EK,XFOR 69;
GRYPHON/COMMANDER EK,XFOR 70;
GRYPHON/COMMANDER EK,XFOR 82;
GUARDIAN III,M/SH3 2/4;
GUARDIAN IV,ASM 399;
GUARDIAN IV,WOSM 122;
GUARDIAN/JAMES MACDO,AF 1;
GUARDIAN/JAMES MACDO,AF 10;
GUARDIAN/JAMES MACDO,AF 100;
GUARDIAN/JAMES MACDO,AF 10/2;
GUARDIAN/JAMES MACDO,AF 11/2;
GUARDIAN/JAMES MACDO,AF 12;
GUARDIAN/JAMES MACDO,AF 13;
GUARDIAN/JAMES MACDO,AF 17;
GUARDIAN/JAMES MACDO,AF 2;
GUARDIAN/JAMES MACDO,AF2 1;
GUARDIAN/JAMES MACDO,AF2 13;
GUARDIAN/JAMES MACDO,AF2 14;
GUARDIAN/JAMES MACDO,AF2 15;
GUARDIAN/JAMES MACDO,AF2 18;
GUARDIAN/JAMES MACDO,AF2 19;
GUARDIAN/JAMES MACDO,AF 2/2;
GUARDIAN/JAMES MACDO,AF2 20;
GUARDIAN/JAMES MACDO,AF 3;
GUARDIAN/JAMES MACDO,AF 3/2;
GUARDIAN/JAMES MACDO,AF 33;
GUARDIAN/JAMES MACDO,AF 34;
GUARDIAN/JAMES MACDO,AF 4;
GUARDIAN/JAMES MACDO,AF 51;
GUARDIAN/JAMES MACDO,AF 52;
GUARDIAN/JAMES MACDO,AF 53;
GUARDIAN/JAMES MACDO,AF 6;
GUARDIAN/JAMES MACDO,AF 8/2;
GUARDIAN/JAMES MACDO,AF 88;
GUARDIAN/JAMES MACDO,AF 89;
GUARDIAN/JAMES MACDO,AF 90;
GUARDIAN/JAMES MACDO,AF 91;
GUARDIAN/JAMES MACDO,AF 92;
GUARDIAN/JAMES MACDO,AF 93;
GUARDIAN/JAMES MACDO,AF 94;
GUARDIAN/JAMES MACDO,AF 95;
GUARDIAN/JAMES MACDO,AF 97;
GUARDIAN/JAMES MACDO,AF 98;
GUARDIAN/JAMES MACDO,AF 99;
GUARDIAN/JAMES MACDO,AF SPECIAL;
GUARDIAN/JAMES MACDO,COC 1;
GUARDIAN/JAMES MACDO,CX 16;
GUARDIAN/JAMES MACDO,CX 27;
GUARDIAN/JAMES MACDO,FF 220;
GUARDIAN/JAMES MACDO,FF2 9/2;
GUARDIAN/JAMES MACDO,GENX 58;
GUARDIAN/JAMES MACDO,H2 277;
GUARDIAN/JAMES MACDO,H2 278;
GUARDIAN/JAMES MACDO,H2 279;
GUARDIAN/JAMES MACDO,H 8;
GUARDIAN/JAMES MACDO,KZ4 -1/2;
GUARDIAN/JAMES MACDO,M/TIO 84;
GUARDIAN/JAMES MACDO,UX 109;
GUARDIAN/JAMES MACDO,UX 120;
GUARDIAN/JAMES MACDO,UX 121;
GUARDIAN/JAMES MACDO,UX 139;
GUARDIAN/JAMES MACDO,UX 140;
GUARDIAN/JAMES MACDO,UX 147;
GUARDIAN/JAMES MACDO,W2 -1;
GUARDIAN/JAMES MACDO,W2 142;
GUARDIAN/JAMES MACDO,W2 143;
GUARDIAN/JAMES MACDO,W2 143/2;
GUARDIAN/JAMES MACDO,W2 144;
GUARDIAN/JAMES MACDO,W2 83;
GUARDIAN/JAMES MACDO,W2 84;
GUARDIAN/JAMES MACDO,W2 91;
GUARDIAN/JAMES MACDO,W2 92;
GUARDIAN/JAMES MACDO,W2 95;
GUARDIAN/JAMES MACDO,W/C;
GUARDIAN/JAMES MACDO,X&AF2 1;
GUARDIAN/JAMES MACDO,X&AF2 2;
GUARDIAN | MUTANT X-,MX 3;
GUARDIAN V/JAMES MAC,AF2 1;
GUARDIAN V/JAMES MAC,AF2 10;
GUARDIAN V/JAMES MAC,AF2 11;
GUARDIAN V/JAMES MAC,AF2 12;
GUARDIAN V/JAMES MAC,AF2 13;
GUARDIAN V/JAMES MAC,AF2 14;
GUARDIAN V/JAMES MAC,AF2 15;
GUARDIAN V/JAMES MAC,AF2 16;
GUARDIAN V/JAMES MAC,AF2 17;
GUARDIAN V/JAMES MAC,AF2 18;
GUARDIAN V/JAMES MAC,AF2 19;
GUARDIAN V/JAMES MAC,AF2 2;
GUARDIAN V/JAMES MAC,AF2 20;
GUARDIAN V/JAMES MAC,AF2 3;
GUARDIAN V/JAMES MAC,AF2 4;
GUARDIAN V/JAMES MAC,AF2 5;
GUARDIAN V/JAMES MAC,AF2 7;
GUARDIAN V/JAMES MAC,AF2 8;
GUARDIAN V/JAMES MAC,AF2 9;
GUARDIAN V/JAMES MAC,UX 355;
GUARDIAN V/JAMES MAC,W2 142;
GUARDIAN V/JAMES MAC,W2 143;
GUARDSMAN/KEVIN O'BR,A 99;
GUARDSMAN/KEVIN O'BR,DD 73;
GUARDSMAN/KEVIN O'BR,IM 31;
GUARDSMAN/KEVIN O'BR,IM 33;
GUARDSMAN/KEVIN O'BR,IM 34;
GUARDSMAN/KEVIN O'BR,IM 35;
GUARDSMAN/KEVIN O'BR,IM 36;
GUARDSMAN/KEVIN O'BR,IM 37;
GUARDSMAN/KEVIN O'BR,IM 38;
GUARDSMAN/KEVIN O'BR,IM 39;
GUARDSMAN/KEVIN O'BR,IM 40;
GUARDSMAN/KEVIN O'BR,IM 43;
GUARDSMAN/KEVIN O'BR,IM 44;
GUARDSMAN/KEVIN O'BR,IM 45;
GUARDSMAN/KEVIN O'BR,IM 46;
GUDRUN [ASGARDIAN],JIM 505;
GUDRUN [ASGARDIAN],JIM 510;
GUDRUN [ASGARDIAN],JIM 512;
GUDRUN [ASGARDIAN],T 17/3;
GUDRUN [ASGARDIAN],T 454;
GUDRUN [ASGARDIAN],T 482/2;
GUILOTINE,DD 7;
GUILOTINE,NF3 27;
GUILOTINE,NF3 28;
GUILOTINE,NF3 29;
GUILOTINE,PUN 4;
GUINNESS,REBEL;
GULADKIN,FF3 9;
GULLIN,A3 1;
GULLO,QS 3;
GUNDERSON, COL. ROLA,ASMU 22;
GUNSHIP/CARY ROUNTRE,WARM 12;
GUNSHIP/CARY ROUNTRE,WARM 13;
GUNTHAR II,A 255;
GUNTHAR II,A 257;
GUNTHAR II,A 258;
GUNTHAR II,A 259;
GUNTHAR II,A 260;
GUNTHAR II,A 311;
GUNTHAR II,A 314;
GUNTHAR II,A 316;
GUNTHAR II,A 317;
GUNTHAR II,A 318;
GUNTHAR II,AWC 48;
GUNTHAR,T 157;
GUNTLY, DAVID,H2 386;
GUTHRIE, JOELLE,UX '95;
GUTHRIE, JOSH,GENX 24;
GUTHRIE, JOSH,UX '95;
GUTHRIE, JOSH,XFOR 36;
GUTHRIE, LUCINDA,GENX 23;
GUTHRIE, LUCINDA,GENX 24;
GUTHRIE, LUCINDA,XFOR 83;
GUTHRIE, LUKE,XFOR 96;
GUTHRIE, TYLER,XFOR 96;
GYPSY MOTH,A 240;
GYPSY MOTH,AWC 76;
GYPSY MOTH,AWC 77;
GYPSY MOTH,AWC 78;
GYPSY MOTH,CA 330;
GYPSY MOTH,CA 331;
GYPSY MOTH,CA 389;
GYPSY MOTH,CA 390;
GYPSY MOTH,CA 391;
GYPSY MOTH,COC 1;
GYPSY MOTH,SOLOA 3/2;
GYPSY MOTH,S-W 10;
GYPSY MOTH,S-W 48;
GYPSY MOTH,S-W 50;
GYPSY MOTH,WCA2 40;
GYRE,FF3 17;
GYRE,FF3 18;
GYRE,X 105;
GYRICH, HENRY PETER,A 15;
GYRICH, HENRY PETER,A 165;
GYRICH, HENRY PETER,A 166;
GYRICH, HENRY PETER,A 168;
GYRICH, HENRY PETER,A 172;
GYRICH, HENRY PETER,A 181;
GYRICH, HENRY PETER,A 182;
GYRICH, HENRY PETER,A 183;
GYRICH, HENRY PETER,A 184;
GYRICH, HENRY PETER,A 186;
GYRICH, HENRY PETER,A 189;
GYRICH, HENRY PETER,A 190;
GYRICH, HENRY PETER,A 191;
GYRICH, HENRY PETER,A 192;
GYRICH, HENRY PETER,A 221;
GYRICH, HENRY PETER,A 231;
GYRICH, HENRY PETER,A 243;
GYRICH, HENRY PETER,A 280;
GYRICH, HENRY PETER,A3 35;
GYRICH, HENRY PETER,A 389;
GYRICH, HENRY PETER,A 9;
GYRICH, HENRY PETER,BP3 30;
GYRICH, HENRY PETER,BP3 34;
GYRICH, HENRY PETER,C2 95;
GYRICH, HENRY PETER,CA 333;
GYRICH, HENRY PETER,CA 347;
GYRICH, HENRY PETER,CA 350;
GYRICH, HENRY PETER,CA 354;
GYRICH, HENRY PETER,DAZZ 26;
GYRICH, HENRY PETER,FF 335;
GYRICH, HENRY PETER,H2 437;
GYRICH, HENRY PETER,H2 438;
GYRICH, HENRY PETER,H2 439;
GYRICH, HENRY PETER,H2 441;
GYRICH, HENRY PETER,H2 447;
GYRICH, HENRY PETER,H2 449;
GYRICH, HENRY PETER,H2 451;
GYRICH, HENRY PETER,H2 452;
GYRICH, HENRY PETER,H2 455;
GYRICH, HENRY PETER,H2 456;
GYRICH, HENRY PETER,H2 458;
GYRICH, HENRY PETER,H2 462;
GYRICH, HENRY PETER,H2 465;
GYRICH, HENRY PETER,IM 319;
GYRICH, HENRY PETER,IM 320;
GYRICH, HENRY PETER,IM 325;
GYRICH, HENRY PETER,M-T2 1;
GYRICH, HENRY PETER,MX 26;
GYRICH, HENRY PETER,NF3 33;
GYRICH, HENRY PETER,NF3 40;
GYRICH, HENRY PETER,NFV.S 2;
GYRICH, HENRY PETER,NM 1;
GYRICH, HENRY PETER,NM 13;
GYRICH, HENRY PETER,NM 2;
GYRICH, HENRY PETER,NOM 1;
GYRICH, HENRY PETER,NOM 2;
GYRICH, HENRY PETER,NOM2 1;
GYRICH, HENRY PETER,NOM2 2;
GYRICH, HENRY PETER,NOM 3;
GYRICH, HENRY PETER,NOM 4;
GYRICH, HENRY PETER,NW 29;
GYRICH, HENRY PETER,NW 30;
GYRICH, HENRY PETER,P:NE;
GYRICH, HENRY PETER,PP 5;
GYRICH, HENRY PETER,ROM 61;
GYRICH, HENRY PETER,ROM 62;
GYRICH, HENRY PETER,ROM 63;
GYRICH, HENRY PETER,ROM 64;
GYRICH, HENRY PETER,ROM 65;
GYRICH, HENRY PETER,ROM 66;
GYRICH, HENRY PETER,SMTU 4;
GYRICH, HENRY PETER,TB 21;
GYRICH, HENRY PETER,TB 26;
GYRICH, HENRY PETER,TB 27;
GYRICH, HENRY PETER,TB 29;
GYRICH, HENRY PETER,TB 36;
GYRICH, HENRY PETER,TB 37;
GYRICH, HENRY PETER,TB 39;
GYRICH, HENRY PETER,TB 40;
GYRICH, HENRY PETER,TB 47;
GYRICH, HENRY PETER,TB 50;
GYRICH, HENRY PETER,UX 142;
GYRICH, HENRY PETER,UX 176;
GYRICH, HENRY PETER,UX 185;
GYRICH, HENRY PETER,UX 186;
GYRICH, HENRY PETER,UX 190;
GYRICH, HENRY PETER,UX 228;
GYRICH, HENRY PETER,UX 344;
GYRICH, HENRY PETER,UX 346;
GYRICH, HENRY PETER,UX 359;
GYRICH, HENRY PETER,V&SW2 1;
GYRICH, HENRY PETER,W2 116;
GYRICH, HENRY PETER,WCA 1;
GYRICH, HENRY PETER,X51 2;
GYRICH, HENRY PETER,X51 6;
GYRICH, HENRY PETER,X 65;
GYRICH, HENRY PETER,X 68;
GYRICH, HENRY PETER,X 69;
GYRICH, HENRY PETER,XF 148;
GYRICH, HENRY PETER,XFOR 5;
HAAG,E:HEROD;
HACK/,H3 18;
HACK/,H3 19;
HACK/,H3 21;
HADDOCK, DR. MYRA,AF2 10;
HADDOCK, DR. MYRA,AF2 12;
HADDOCK, DR. MYRA,AF2 18;
HADDOCK, DR. MYRA,AF2 4;
HADDOCK, DR. MYRA,AF2 5;
HADDOCK, DR. MYRA,AF2 6;
HAFNIUM,A 188;
HAFNIUM,TB 6;
HAFNIUM,TB 8;
HAGER, GENERAL,M/CP 80/2;
HAGER, GENERAL,M/CP 81/2;
HAGGERT, BOB,TB 41;
HAGGERT, BOB,TB 47;
HAG/,GR3 23;
HAG/,GR3 24;
HAG/,SOV 4;
HAG/,SOV 5;
HAG/,SOV 6;
HAG/,WOSM 94;
HAG/,WOSM 95;
HAIRBAG/SUGGS,XF 105;
HAIRBAG/SUGGS,XF 75;
HAIRBAG/SUGGS,XF 77;
HAIRBAG/SUGGS,XF 78;
HALBERG, DONALD,FF 410;
HALDEMAN, CALVIN,CA '99;
HALE, JONAS,ASM 25;
HALE, JONAS,ASM 26;
HALE, JONAS,IM:IA 1;
HALE, JONAS,IM:IA 2;
HALE, JONAS,NW 2;
HALE, JONAS,PPTSS 11;
HALE, JONAS,PPTSS 12;
HALE, JONAS,WOSM 7;
HALE, JONAS,WOSM 8;
HALE, NAN,A '00;
HALE, TOM,A '00;
HALF-FACE,TOS 92;
HALF-FACE,TOS 93;
HALF-FACE,TOS 94;
HALFLIFE,Q 10;
HALFTREE, HORACE,PUN3 2;
HALFTREE, HORACE,PUN3 3;
HALLER, GABRIELLE,M:DS 1;
HALLER, GABRIELLE,M:DS 2;
HALLER, GABRIELLE,MR 1;
HALLER, GABRIELLE,NM 1;
HALLER, GABRIELLE,NM 26;
HALLER, GABRIELLE,NM 27;
HALLER, GABRIELLE,NM 28;
HALLER, GABRIELLE,UX 161;
HALLER, GABRIELLE,UX 200;
HALLER, GABRIELLE,UX 309;
HALLER, GABRIELLE,UX 320;
HALLER, GABRIELLE,X 40;
HALLER, GABRIELLE,X 72;
HALLER, GABRIELLE,X 86;
HALLER, GABRIELLE,X 99;
HALLER, GABRIELLE,XF 108;
HALLER, GABRIELLE,XF 109;
HALLER, GABRIELLE,XV.A 4;
HALL, MORGAN,DB 1;
HALL, MORGAN,DB 3;
HALLOWEEN JACK,XFOR 92;
HAMES,AF2 14;
HAMES,AF2 15;
HAMES,AF2 17;
HAMES,AF2 18;
HAMES,AF2 19;
HAMID, SHEIK,C2 80;
HAMID, SHEIK,C2 81;
HAMID, SHEIK,C2 83;
HAMID, SHEIK,C2 84;
HAMILTON, JEROME,FF 65;
HAMILTON, JEROME,FF 66;
HAMILTON, JEROME,FF 67;
HAMILTON, JEROME,H 6;
HAMILTON, MICKY,CAGE 1;
HAMILTON, MICKY,CAGE 2;
HAMILTON, MICKY,CAGE 4;
HAMILTON, MICKY,CAGE 5;
HAMILTON, MICKY,CAGE 6;
HAMILTON, MICKY,CAGE 7;
HAMILTON, MICKY,CAGE 8;
HAMILTON, PAUL,AA2 2/2;
HAMILTON, PAUL,AA2 3/2;
HAMILTON, PAUL,AA2 4/2;
HAMIR,DRSTR3 84;
HAMIR,DRSTR3 85;
HAMIR,DRSTR3 86;
HAMIR,DRSTR3 87;
HAMIR,DRSTR3 88;
HAMIR,M/GN 23;
HAMIR,ST 130;
HAMIR,ST 132;
HAMIR,ST 133;
HAMIR,ST 134;
HAMIR,ST 136;
HAMIR,ST 137;
HAMIR,ST 138;
HAMIR,ST 141;
HAMMERHAND II/BRON,SK 1;
HAMMERHAND II/BRON,SK 2;
HAMMERHAND II/BRON,SK 3;
HAMMERHAND II/BRON,SK 4;
HAMMERHAND II/BRON,SK 5;
HAMMERHAND,ROM 25;
HAMMERHAND,ROM 26;
HAMMERHAND,ROM 27;
HAMMERHAND,ROM 28;
HAMMERHEAD,ASM 113;
HAMMERHEAD,ASM 114;
HAMMERHEAD,ASM 115;
HAMMERHEAD,ASM 130;
HAMMERHEAD,ASM 131;
HAMMERHEAD,ASM 157;
HAMMERHEAD,ASM 158;
HAMMERHEAD,ASM 159;
HAMMERHEAD,ASM 284;
HAMMERHEAD,ASM 285;
HAMMERHEAD,ASM 288;
HAMMERHEAD,DD 307;
HAMMERHEAD,DD 308;
HAMMERHEAD,DD 309;
HAMMERHEAD,FF 233;
HAMMERHEAD,NOM2 4;
HAMMERHEAD,NOM2 5;
HAMMERHEAD,PM&IF 92;
HAMMERHEAD,PPTSS 153;
HAMMERHEAD,PPTSS 154;
HAMMERHEAD,PPTSS 157;
HAMMERHEAD,PPTSS 161;
HAMMERHEAD,PPTSS 163;
HAMMERHEAD,PPTSS 165;
HAMMERHEAD,PPTSS 166;
HAMMERHEAD,PWJ 47;
HAMMERHEAD,S-M 70;
HAMMERHEAD,S-M 71;
HAMMERHEAD,S-M 73;
HAMMERHEAD,S-M 74;
HAMMERHEAD,S-M 80;
HAMMERHEAD,S-M 95;
HAMMERHEAD,SM:L 1;
HAMMERHEAD,SM:L 2;
HAMMERHEAD,SM:L 3;
HAMMERHEAD,SMMM;
HAMMERHEAD,W2 164;
HAMMERHEAD,WOSM 51;
HAMMERHEAD,WOSM 53;
HAMMERHEAD,WOSM 55;
HAMMERHEAD,WOSM 67;
HAMMERHEAD,WOSM 68;
HAMMER II/,DD 357;
HAMMER III/EISENHOWE,C 1;
HAMMER III/EISENHOWE,C 2;
HAMMER III/EISENHOWE,XFOR 8;
HAMMER IV/,MAV2 1;
HAMMER IV/,MAV2 10;
HAMMER IV/,MAV2 11;
HAMMER IV/,MAV2 12;
HAMMER IV/,MAV2 2;
HAMMER IV/,MAV2 3;
HAMMER, JUSTIN,ASM 26;
HAMMER, JUSTIN,ASM 318;
HAMMER, JUSTIN,ASM 319;
HAMMER, JUSTIN,ASM 344;
HAMMER, JUSTIN,ASM 345;
HAMMER, JUSTIN,ASMU 14;
HAMMER, JUSTIN,DD 307;
HAMMER, JUSTIN,DD 308;
HAMMER, JUSTIN,DD 309;
HAMMER, JUSTIN,DFSM 4;
HAMMER, JUSTIN,H 17/5;
HAMMER, JUSTIN,IM 120;
HAMMER, JUSTIN,IM 122;
HAMMER, JUSTIN,IM 124;
HAMMER, JUSTIN,IM 125;
HAMMER, JUSTIN,IM 126;
HAMMER, JUSTIN,IM 127;
HAMMER, JUSTIN,IM 141;
HAMMER, JUSTIN,IM 217;
HAMMER, JUSTIN,IM 223;
HAMMER, JUSTIN,IM 224;
HAMMER, JUSTIN,IM 239;
HAMMER, JUSTIN,IM 240;
HAMMER, JUSTIN,IM 243;
HAMMER, JUSTIN,IM 281;
HAMMER, JUSTIN,IM 282;
HAMMER, JUSTIN,IM 283;
HAMMER, JUSTIN,IM:BB 1;
HAMMER, JUSTIN,IM:BB 2;
HAMMER, JUSTIN,IM:BB 3;
HAMMER, JUSTIN,IM:BB 4;
HAMMER, JUSTIN,NOM2 4;
HAMMER, JUSTIN,NOM2 5;
HAMMER, JUSTIN,NW 2;
HAMMER, JUSTIN,PPTSS 12;
HAMMER, JUSTIN,PPTSS 14/2;
HAMMER, JUSTIN,TB 26;
HAMMER, JUSTIN,TB 35;
HAMMER, JUSTIN,TB 36;
HAMMER, JUSTIN,TB 37;
HAMMER, JUSTIN,WOSM 8;
HAMMER/LEROY JACKSON,H2 182;
HAMMER/LEROY JACKSON,M/FAN 29;
HAMMER/LEROY JACKSON,M/TU 86;
HAMMER/LEROY JACKSON,S-W 34;
HANCOCK, CALISTA,IM3 42;
HANCOCK, CALISTA,IM3 44;
HANGMAN,BIZADV 31/3;
HANGMAN II/JASON ROL,AWC 76;
HANGMAN II/JASON ROL,AWC 77;
HANGMAN II/JASON ROL,AWC 78;
HANGMAN II/JASON ROL,AWC 79;
HANGMAN II/JASON ROL,TOWER OF SHADOWS 5;
HANGMAN,S-W 4;
HANGMAN,S-W 5;
HANGMAN,S-W 50;
HANGMAN,WBN 11;
HANGMAN,WBN 12;
HANGMAN,WBN 25;
HANGMAN,WBN 26;
HANGMAN,WBN 37;
HANRAHAN, GORDON,IM3 1;
HANRAHY, JIM,TB 15;
HANRANSHA/ASAHI,XFOR '99;
HANSEN, BILLY,DLOK 1;
HANSEN, BILLY,DLOK 2;
HANSEN, BILLY,DLOK2 1;
HANSEN, BILLY,DLOK2 13;
HANSEN, BILLY,DLOK2 14;
HARBINGER,C2 50;
HARBINGER,C2 66;
HARBINGER,C2 67;
HARBINGER,C2 68;
HARDBALL,T 446;
HARD BOILED HENWY,FF3 6;
HARD BOILED HENWY,FF3 7;
HARD BOILED HENWY,XCAL 42;
HARD BOILED HENWY,XCAL 51;
HARDCASE/HAROLD HARR,UX 261;
HARDCASE/HAROLD HARR,UX 262;
HARDCASE/HAROLD HARR,W2 139;
HARDCASE/HAROLD HARR,W2 5;
HARDCORE/,CAGE 1;
HARDCORE/,CAGE 10;
HARDCORE/,CAGE 2;
HARDCORE/,CAGE 3;
HARDCORE/,CAGE 4;
HARDCORE/,CAGE 6;
HARDCORE/,CAGE 7;
HARDCORE/,CAGE 8;
HARDERMAN, QUENTIN,CA 169;
HARDERMAN, QUENTIN,CA 170;
HARDERMAN, QUENTIN,CA 171;
HARDERMAN, QUENTIN,CA 174;
HARDERMAN, QUENTIN,CA 175;
HARDRIVE,C2 17;
HARDRIVE,C2 18;
HARDRIVE,C2 19;
HARDRIVE,W2 93;
HARDRIVE,W2 94;
HARDRIVE,W2 95;
HARDRIVE,W2 96;
HARDRIVE,X 14;
HARDRIVE,X 15;
HARDRIVE,X '95;
HARDRIVE,XF 65;
HARDRIVE,XF 66;
HARDRIVE,XFOR 17;
HARDRIVE,XM 46;
HARDWIRE/,W2 154;
HARDWIRE/,W2 155;
HARDY, LYDIA,ASM 195;
HARDY, LYDIA,PPTSS 78;
HARDY, LYDIA,PPTSS 84;
HARDY, LYDIA,PPTSS 85;
HARDY, MORGAN MACNEI,A 218;
HARDY, MORGAN MACNEI,CA 264;
HARDY, MORGAN MACNEI,S-W 33;
HARDY, STAN,ASM2 1;
HARDY, STAN,ASM2 2;
HARGEN,E 10;
HARGEN,E 7;
HARGEN,E 9;
HARGEN,FF 23;
HARGEN,T 300;
HARGROVE, ELIAS,ASM:FO 1;
HARGROVE, ELIAS,ASM:FO 2;
HARGROVE, ELIAS,ASM:FO 3;
HARKER, QUINCY,GSCH 1;
HARKER, QUINCY,GSTOD 3;
HARKER, QUINCY,TOD 10;
HARKER, QUINCY,TOD 11;
HARKER, QUINCY,TOD 12;
HARKER, QUINCY,TOD 13;
HARKER, QUINCY,TOD 14;
HARKER, QUINCY,TOD 16;
HARKER, QUINCY,TOD 18;
HARKER, QUINCY,TOD 19;
HARKER, QUINCY,TOD 21;
HARKER, QUINCY,TOD 27;
HARKER, QUINCY,TOD 28;
HARKER, QUINCY,TOD 31;
HARKER, QUINCY,TOD 32;
HARKER, QUINCY,TOD 33;
HARKER, QUINCY,TOD 34;
HARKER, QUINCY,TOD 36;
HARKER, QUINCY,TOD 37;
HARKER, QUINCY,TOD 38;
HARKER, QUINCY,TOD 39;
HARKER, QUINCY,TOD 40;
HARKER, QUINCY,TOD 41;
HARKER, QUINCY,TOD 43;
HARKER, QUINCY,TOD 45;
HARKER, QUINCY,TOD 48;
HARKER, QUINCY,TOD 55;
HARKER, QUINCY,TOD 57;
HARKER, QUINCY,TOD 58;
HARKER, QUINCY,TOD 59;
HARKER, QUINCY,TOD 60;
HARKER, QUINCY,TOD 61;
HARKER, QUINCY,TOD 64;
HARKER, QUINCY,TOD 65;
HARKER, QUINCY,TOD 68;
HARKER, QUINCY,TOD 69;
HARKER, QUINCY,TOD 7;
HARKER, QUINCY,TOD 70;
HARKER, QUINCY,TOD 8;
HARKER, QUINCY,VT 9;
HARKNESS, ABIGAIL,X:HC 1;
HARKNESS, AGATHA,A 127;
HARKNESS, AGATHA,A 128;
HARKNESS, AGATHA,A 129;
HARKNESS, AGATHA,A 130;
HARKNESS, AGATHA,A 133;
HARKNESS, AGATHA,A 134;
HARKNESS, AGATHA,A 137;
HARKNESS, AGATHA,A3 10;
HARKNESS, AGATHA,A3 11;
HARKNESS, AGATHA,A 313;
HARKNESS, AGATHA,AF 111;
HARKNESS, AGATHA,ASPOT 38;
HARKNESS, AGATHA,AWC 50;
HARKNESS, AGATHA,AWC 51;
HARKNESS, AGATHA,AWC 52;
HARKNESS, AGATHA,AWC 55;
HARKNESS, AGATHA,AWC 56;
HARKNESS, AGATHA,AWC 61;
HARKNESS, AGATHA,AWC 62;
HARKNESS, AGATHA,AWC 63;
HARKNESS, AGATHA,DRSTR3 46;
HARKNESS, AGATHA,DRSTR3 47;
HARKNESS, AGATHA,FF 103;
HARKNESS, AGATHA,FF 107;
HARKNESS, AGATHA,FF 109;
HARKNESS, AGATHA,FF 110;
HARKNESS, AGATHA,FF 111;
HARKNESS, AGATHA,FF 112;
HARKNESS, AGATHA,FF 113;
HARKNESS, AGATHA,FF 114;
HARKNESS, AGATHA,FF 116;
HARKNESS, AGATHA,FF 117;
HARKNESS, AGATHA,FF 120;
HARKNESS, AGATHA,FF 123;
HARKNESS, AGATHA,FF 127;
HARKNESS, AGATHA,FF 129;
HARKNESS, AGATHA,FF 13;
HARKNESS, AGATHA,FF 14;
HARKNESS, AGATHA,FF 140;
HARKNESS, AGATHA,FF 141;
HARKNESS, AGATHA,FF 150;
HARKNESS, AGATHA,FF 181;
HARKNESS, AGATHA,FF 182;
HARKNESS, AGATHA,FF 185;
HARKNESS, AGATHA,FF 186;
HARKNESS, AGATHA,FF 187;
HARKNESS, AGATHA,FF 188;
HARKNESS, AGATHA,FF 191;
HARKNESS, AGATHA,FF 193;
HARKNESS, AGATHA,FF 194;
HARKNESS, AGATHA,FF 196;
HARKNESS, AGATHA,FF 204;
HARKNESS, AGATHA,FF 222;
HARKNESS, AGATHA,FF 223;
HARKNESS, AGATHA,FF 368;
HARKNESS, AGATHA,FF 371;
HARKNESS, AGATHA,FF 372;
HARKNESS, AGATHA,FF 416;
HARKNESS, AGATHA,FF 94;
HARKNESS, AGATHA,FW 10/2;
HARKNESS, AGATHA,FW 8;
HARKNESS, AGATHA,GSA 2;
HARKNESS, AGATHA,GSA 4;
HARKNESS, AGATHA,IW 3;
HARKNESS, AGATHA,IW 4;
HARKNESS, AGATHA,IW 6;
HARKNESS, AGATHA,MAXSEC 3;
HARKNESS, AGATHA,M/TIO 47;
HARKNESS, AGATHA,M/TIO 66;
HARKNESS, AGATHA,NO2 7;
HARKNESS, AGATHA,Q 38;
HARKNESS, AGATHA,SS3 135;
HARKNESS, AGATHA,SS3 136;
HARKNESS, AGATHA,SS3 137;
HARKNESS, AGATHA,V&SW2 3;
HARKNESS, AGATHA,V&SW2 4;
HARKNESS, AGATHA,V&SW2 5;
HARKNESS, AGATHA,WIW 8;
HARKNESS, AGATHA,WM2 13;
HARKNESS, AGATHA,WM2 14;
HARKNESS, AGATHA,X:HY 9;
HARMONY,UX 395;
HARNESS/ERIKA BENSON,NM 7;
HARNESS/ERIKA BENSON,NW 1;
HARNESS/ERIKA BENSON,UX 15;
HARNESS/ERIKA BENSON,XF 6;
HAROKIN [ASGARDIAN],DEF 67;
HAROKIN [ASGARDIAN],T 129/2;
HAROKIN [ASGARDIAN],T 130/2;
HAROKIN [ASGARDIAN],T 131/2;
HAROKIN [ASGARDIAN],T 132/2;
HAROKIN [ASGARDIAN],T 133/2;
HAROKIN [ASGARDIAN],T 313/2;
HAROKIN [ASGARDIAN],T 350;
HAROKIN [ASGARDIAN],T 351;
HAROKIN [ASGARDIAN],T 352;
HAROKIN [ASGARDIAN],T 358;
HAROKIN [ASGARDIAN],T 360;
HAROKIN [ASGARDIAN],T 361;
HAROKIN [ASGARDIAN],T 362;
HAROKIN [ASGARDIAN],T 365;
HAROKIN [ASGARDIAN],T 366;
HARPOON,C2 '99;
HARPOON,PP 27;
HARPOON,T 373;
HARPOON,T 374;
HARPOON,UX 210;
HARPOON,UX 211;
HARPOON,UX 213;
HARPOON,UX 221;
HARPOON,UX 222;
HARPOON,UX 240;
HARPOON,UX 241;
HARPOON,XF 10;
HARPOON,XF 38;
HARPY II,M/TU2 2;
HARQUIS TEY,SS3 112;
HARQUIS TEY,SS3 113;
HARQUIS TEY,SS3 114;
HARRAS, BOB,UX 341;
HARR, DR.,H2 420;
HARRIER,NT2 18;
HARRIGAN, CHESTER CH,M/SH3 9/3;
HARRIGAN, PATRICIA P,TB 24;
HARRINGTON, PRINCIPA,ASM2 32;
HARRIS, BERNARD,DD 10;
HARRIS, BERNARD,DD 11;
HARRIS, BERNARD,DD 149;
HARRIS, CHRISTINE,DD 293;
HARRIS, CHRISTINE,DD 294;
HARRIS, CHRISTINE,DD 295;
HARRIS, CHRISTINE,DD 296;
HARRIS, EDDIE,MM 11;
HARRIS, EDDIE,MM 13;
HARRIS, EDDIE,MM 14;
HARRIS, EDDIE,MM 15;
HARRIS, EDDIE,MM 16;
HARRIS, EDDIE,MM 17;
HARRIS, EDDIE,MM 18;
HARRIS, EDDIE,MM 19;
HARRIS, EDDIE,M/TIO 92;
HARRIS, EDDIE,M/TU 3;
HARRIS, EDDIE,M/TU 99;
HARRIS, EDDIE,ROM 21;
HARRIS, MONROE,DHAWK 10;
HARRIS, MONROE,DHAWK 11;
HARRIS, MONROE,DHAWK 12;
HARRISON, COL. EDWAR,IM:IA 2;
HARROW, DR. JONAS,ASM 114;
HARROW, DR. JONAS,ASM 126;
HARROW, DR. JONAS,ASM 168;
HARROW, DR. JONAS,ASM 204;
HARROW, DR. JONAS,ASM 206;
HARROW, DR. JONAS,ASM 219;
HARROW, DR. JONAS,PPTSS 235;
HARROW, DR. JONAS,PPTSS 236;
HARVEST/CHI LO,M/CP 101/2;
HARVEST/CHI LO,M/CP 102/2;
HARVEST/CHI LO,M/CP 104/2;
HARVEST/CHI LO,M/CP 105/2;
HARVEST/CHI LO,M/CP 107/2;
HARVEST/CHI LO,M/CP 108/2;
HARVEST/CHI LO,M/CP 109/2;
HARVEST/CHI LO,PPTSS 8;
HARVEST/CHI LO,PPTSS 8/2;
HARVEST/CHI LO,T 203;
HARVEST/CHI LO,T 291;
HARVEST/CHI LO,T 300;
HARVEST II,UX 308;
HARVEST II,UX 317;
HARVEST II,X 37;
HARVEY, SUE,CA3 5;
HASARD, SAMANTHA,X&CD 1;
HASARD, SAMANTHA,X&CD 2;
HASSAN,XM 73;
HASTINGS, PROF. LOUI,DHOLD 1;
HASTINGS, PROF. LOUI,DHOLD 2;
HASTINGS, PROF. LOUI,DHOLD 3;
HASTINGS, PROF. LOUI,GR3 31;
HATCHET-9,XM 53;
HATCHET-9,XM 54;
HATCHET MAN/HACHIMAN,PUN3 3;
HATCHWAY, VERNON,TB 46;
HATCHWAY, VERNON,TB 49;
HATE,IG 3;
HATE,IG 4;
HATE,IG 5;
HATE,IG 6;
HATE-MONGER/ADOLF HI,CA 299;
HATE-MONGER/ADOLF HI,CA3 25;
HATE-MONGER/ADOLF HI,CA3 26;
HATE-MONGER/ADOLF HI,CA3 27;
HATE-MONGER/ADOLF HI,CA 446;
HATE-MONGER/ADOLF HI,FF 21;
HATE-MONGER/ADOLF HI,HTD 14;
HATE-MONGER/ADOLF HI,SVTU 16;
HATE-MONGER/ADOLF HI,SVTU 17;
HATE-MONGER II,NFAOS 10;
HATE-MONGER II,NFAOS 11;
HATE-MONGER II,NFAOS 9;
HATE-MONGER IV,FF 279;
HATE-MONGER IV,FF 280;
HATE-MONGER IV,FF 281;
HATE-MONGER IV,SWII 2;
HATE-MONGER V,A 341;
HATE-MONGER V,A 342;
HATE-MONGER V,JUSTICE 1;
HATE-MONGER V,JUSTICE 2;
HATE,SS3 66;
HATE,WIW 1;
HATORI, DESMOND,XFOR 78;
HAUPTMAN,IM3 6;
HAUPTMANN DEUTSCHLAN,CA 387/2;
HAUPTMANN DEUTSCHLAN,CA 388/2;
HAUPTMANN DEUTSCHLAN,CA 389/2;
HAUPTMANN DEUTSCHLAN,CA 390/2;
HAUPTMANN DEUTSCHLAN,CA 391/2;
HAUPTMANN DEUTSCHLAN,CA 393;
HAUPTMANN DEUTSCHLAN,CA 394;
HAUPTMANN DEUTSCHLAN,CA 442;
HAUPTMANN ENGLAND,XCAL 10;
HAUPTMANN ENGLAND,XCAL 11;
HAUPTMANN ENGLAND,XCAL2 2;
HAUPTMANN ENGLAND,XCAL 44;
HAUPTMANN ENGLAND,XCAL 45;
HAUPTMANN ENGLAND,XCAL 9;
HAUS,XCAL -1;
HAV-AK,CM4 2;
HAVEN/RADHA DASTOOR,XF 117;
HAVERSHAW, ANDREA,ASMU 11;
HAVERSHAW, JASON,ASMU 11;
HAVOK/ALEX SUMMERS,AF 107;
HAVOK/ALEX SUMMERS,AF 61;
HAVOK/ALEX SUMMERS,ASMV.W 1;
HAVOK/ALEX SUMMERS,CA 174;
HAVOK/ALEX SUMMERS,CA 175;
HAVOK/ALEX SUMMERS,COC 1;
HAVOK/ALEX SUMMERS,CX 1;
HAVOK/ALEX SUMMERS,CX 33/2;
HAVOK/ALEX SUMMERS,CX 5;
HAVOK/ALEX SUMMERS,DEF 62;
HAVOK/ALEX SUMMERS,DEF 63;
HAVOK/ALEX SUMMERS,DEF 64;
HAVOK/ALEX SUMMERS,DEF 65;
HAVOK/ALEX SUMMERS,FF 367;
HAVOK/ALEX SUMMERS,FF 368;
HAVOK/ALEX SUMMERS,FF 369;
HAVOK/ALEX SUMMERS,FF 370;
HAVOK/ALEX SUMMERS,FFV.X 1;
HAVOK/ALEX SUMMERS,FFV.X 2;
HAVOK/ALEX SUMMERS,FFV.X 3;
HAVOK/ALEX SUMMERS,FFV.X 4;
HAVOK/ALEX SUMMERS,GSX 1;
HAVOK/ALEX SUMMERS,H2 150;
HAVOK/ALEX SUMMERS,H2 340;
HAVOK/ALEX SUMMERS,H2 390;
HAVOK/ALEX SUMMERS,H2 391;
HAVOK/ALEX SUMMERS,H2 392;
HAVOK/ALEX SUMMERS,H&W:M 1;
HAVOK/ALEX SUMMERS,H&W:M 2;
HAVOK/ALEX SUMMERS,H&W:M 3;
HAVOK/ALEX SUMMERS,H&W:M 4;
HAVOK/ALEX SUMMERS,IW 1;
HAVOK/ALEX SUMMERS,IW 2;
HAVOK/ALEX SUMMERS,IW 3;
HAVOK/ALEX SUMMERS,IW 4;
HAVOK/ALEX SUMMERS,IW 5;
HAVOK/ALEX SUMMERS,IW 6;
HAVOK/ALEX SUMMERS,M/CP 16/3;
HAVOK/ALEX SUMMERS,M/CP 24/4;
HAVOK/ALEX SUMMERS,M/CP 25;
HAVOK/ALEX SUMMERS,M/CP 26;
HAVOK/ALEX SUMMERS,M/CP 27;
HAVOK/ALEX SUMMERS,M/CP 28;
HAVOK/ALEX SUMMERS,M/CP 29;
HAVOK/ALEX SUMMERS,M/CP 30;
HAVOK/ALEX SUMMERS,M/CP 31;
HAVOK/ALEX SUMMERS,M/GN 5;
HAVOK/ALEX SUMMERS,M/SH3 6;
HAVOK/ALEX SUMMERS,M/SH3 7;
HAVOK/ALEX SUMMERS,M/SH3 8;
HAVOK/ALEX SUMMERS,M/TU 69;
HAVOK/ALEX SUMMERS,M/TU 70;
HAVOK/ALEX SUMMERS,MX '01;
HAVOK/ALEX SUMMERS,MX 1;
HAVOK/ALEX SUMMERS,MX 10;
HAVOK/ALEX SUMMERS,MX 11;
HAVOK/ALEX SUMMERS,MX 12;
HAVOK/ALEX SUMMERS,MX 14;
HAVOK/ALEX SUMMERS,MX 15;
HAVOK/ALEX SUMMERS,MX 16;
HAVOK/ALEX SUMMERS,MX 17;
HAVOK/ALEX SUMMERS,MX 18;
HAVOK/ALEX SUMMERS,MX 19;
HAVOK/ALEX SUMMERS,MX 2;
HAVOK/ALEX SUMMERS,MX 20;
HAVOK/ALEX SUMMERS,MX 21;
HAVOK/ALEX SUMMERS,MX 22;
HAVOK/ALEX SUMMERS,MX 23;
HAVOK/ALEX SUMMERS,MX 24;
HAVOK/ALEX SUMMERS,MX 25;
HAVOK/ALEX SUMMERS,MX 26;
HAVOK/ALEX SUMMERS,MX 27;
HAVOK/ALEX SUMMERS,MX 28;
HAVOK/ALEX SUMMERS,MX 29;
HAVOK/ALEX SUMMERS,MX 3;
HAVOK/ALEX SUMMERS,MX 30;
HAVOK/ALEX SUMMERS,MX 31;
HAVOK/ALEX SUMMERS,MX 32;
HAVOK/ALEX SUMMERS,MX 4;
HAVOK/ALEX SUMMERS,MX 5;
HAVOK/ALEX SUMMERS,MX 6;
HAVOK/ALEX SUMMERS,MX 7;
HAVOK/ALEX SUMMERS,MX 8;
HAVOK/ALEX SUMMERS,MX 9;
HAVOK/ALEX SUMMERS,MX '99;
HAVOK/ALEX SUMMERS,NM 95;
HAVOK/ALEX SUMMERS,NM 96;
HAVOK/ALEX SUMMERS,NM 97;
HAVOK/ALEX SUMMERS,NW 27;
HAVOK/ALEX SUMMERS,Q 38;
HAVOK/ALEX SUMMERS,Q 39;
HAVOK/ALEX SUMMERS,SEX 1;
HAVOK/ALEX SUMMERS,UX 104;
HAVOK/ALEX SUMMERS,UX 105;
HAVOK/ALEX SUMMERS,UX 11;
HAVOK/ALEX SUMMERS,UX 114;
HAVOK/ALEX SUMMERS,UX 119;
HAVOK/ALEX SUMMERS,UX 12;
HAVOK/ALEX SUMMERS,UX 122;
HAVOK/ALEX SUMMERS,UX 125;
HAVOK/ALEX SUMMERS,UX 126;
HAVOK/ALEX SUMMERS,UX 127;
HAVOK/ALEX SUMMERS,UX 128;
HAVOK/ALEX SUMMERS,UX 129;
HAVOK/ALEX SUMMERS,UX 13;
HAVOK/ALEX SUMMERS,UX 13/2;
HAVOK/ALEX SUMMERS,UX 144;
HAVOK/ALEX SUMMERS,UX 145;
HAVOK/ALEX SUMMERS,UX 146;
HAVOK/ALEX SUMMERS,UX 156;
HAVOK/ALEX SUMMERS,UX 158;
HAVOK/ALEX SUMMERS,UX 159;
HAVOK/ALEX SUMMERS,UX 163;
HAVOK/ALEX SUMMERS,UX 168;
HAVOK/ALEX SUMMERS,UX 172;
HAVOK/ALEX SUMMERS,UX 173;
HAVOK/ALEX SUMMERS,UX 175;
HAVOK/ALEX SUMMERS,UX 177;
HAVOK/ALEX SUMMERS,UX 218;
HAVOK/ALEX SUMMERS,UX 219;
HAVOK/ALEX SUMMERS,UX 221;
HAVOK/ALEX SUMMERS,UX 222;
HAVOK/ALEX SUMMERS,UX 223;
HAVOK/ALEX SUMMERS,UX 224;
HAVOK/ALEX SUMMERS,UX 225;
HAVOK/ALEX SUMMERS,UX 226;
HAVOK/ALEX SUMMERS,UX 227;
HAVOK/ALEX SUMMERS,UX 229;
HAVOK/ALEX SUMMERS,UX 230;
HAVOK/ALEX SUMMERS,UX 231;
HAVOK/ALEX SUMMERS,UX 232;
HAVOK/ALEX SUMMERS,UX 233;
HAVOK/ALEX SUMMERS,UX 234;
HAVOK/ALEX SUMMERS,UX 235;
HAVOK/ALEX SUMMERS,UX 236;
HAVOK/ALEX SUMMERS,UX 237;
HAVOK/ALEX SUMMERS,UX 238;
HAVOK/ALEX SUMMERS,UX 239;
HAVOK/ALEX SUMMERS,UX 240;
HAVOK/ALEX SUMMERS,UX 241;
HAVOK/ALEX SUMMERS,UX 242;
HAVOK/ALEX SUMMERS,UX 243;
HAVOK/ALEX SUMMERS,UX 245;
HAVOK/ALEX SUMMERS,UX 246;
HAVOK/ALEX SUMMERS,UX 247;
HAVOK/ALEX SUMMERS,UX 248;
HAVOK/ALEX SUMMERS,UX 249;
HAVOK/ALEX SUMMERS,UX 250;
HAVOK/ALEX SUMMERS,UX 251;
HAVOK/ALEX SUMMERS,UX 270;
HAVOK/ALEX SUMMERS,UX 271;
HAVOK/ALEX SUMMERS,UX 272;
HAVOK/ALEX SUMMERS,UX 295;
HAVOK/ALEX SUMMERS,UX 296;
HAVOK/ALEX SUMMERS,UX 339;
HAVOK/ALEX SUMMERS,UX 54;
HAVOK/ALEX SUMMERS,UX 55;
HAVOK/ALEX SUMMERS,UX 56;
HAVOK/ALEX SUMMERS,UX 57;
HAVOK/ALEX SUMMERS,UX 58;
HAVOK/ALEX SUMMERS,UX 59;
HAVOK/ALEX SUMMERS,UX 60;
HAVOK/ALEX SUMMERS,UX 61;
HAVOK/ALEX SUMMERS,UX 62;
HAVOK/ALEX SUMMERS,UX 65;
HAVOK/ALEX SUMMERS,UX 66;
HAVOK/ALEX SUMMERS,UX 94;
HAVOK/ALEX SUMMERS,UX 97;
HAVOK/ALEX SUMMERS,W2 21;
HAVOK/ALEX SUMMERS,WIW 8;
HAVOK/ALEX SUMMERS,WM2 13;
HAVOK/ALEX SUMMERS,WM2 14;
HAVOK/ALEX SUMMERS,WM2 15;
HAVOK/ALEX SUMMERS,X 14;
HAVOK/ALEX SUMMERS,X 15;
HAVOK/ALEX SUMMERS,X 16;
HAVOK/ALEX SUMMERS,X 49;
HAVOK/ALEX SUMMERS,X 54;
HAVOK/ALEX SUMMERS,X 58;
HAVOK/ALEX SUMMERS,X 94/2;
HAVOK/ALEX SUMMERS,XCAL 82;
HAVOK/ALEX SUMMERS,XF -1;
HAVOK/ALEX SUMMERS,XF 104;
HAVOK/ALEX SUMMERS,XF 105;
HAVOK/ALEX SUMMERS,XF 106;
HAVOK/ALEX SUMMERS,XF 107;
HAVOK/ALEX SUMMERS,XF 108;
HAVOK/ALEX SUMMERS,XF 109;
HAVOK/ALEX SUMMERS,XF 110;
HAVOK/ALEX SUMMERS,XF 111;
HAVOK/ALEX SUMMERS,XF 112;
HAVOK/ALEX SUMMERS,XF 113;
HAVOK/ALEX SUMMERS,XF 114;
HAVOK/ALEX SUMMERS,XF 115;
HAVOK/ALEX SUMMERS,XF 116;
HAVOK/ALEX SUMMERS,XF 117;
HAVOK/ALEX SUMMERS,XF 118;
HAVOK/ALEX SUMMERS,XF 124;
HAVOK/ALEX SUMMERS,XF 137;
HAVOK/ALEX SUMMERS,XF 138;
HAVOK/ALEX SUMMERS,XF 139;
HAVOK/ALEX SUMMERS,XF 143;
HAVOK/ALEX SUMMERS,XF 144;
HAVOK/ALEX SUMMERS,XF 145;
HAVOK/ALEX SUMMERS,XF 146;
HAVOK/ALEX SUMMERS,XF 147;
HAVOK/ALEX SUMMERS,XF 148;
HAVOK/ALEX SUMMERS,XF 149;
HAVOK/ALEX SUMMERS,XF 38;
HAVOK/ALEX SUMMERS,XF 39;
HAVOK/ALEX SUMMERS,XF 60;
HAVOK/ALEX SUMMERS,XF 61;
HAVOK/ALEX SUMMERS,XF 62;
HAVOK/ALEX SUMMERS,XF 7;
HAVOK/ALEX SUMMERS,XF 71;
HAVOK/ALEX SUMMERS,XF 72;
HAVOK/ALEX SUMMERS,XF 73;
HAVOK/ALEX SUMMERS,XF 74;
HAVOK/ALEX SUMMERS,XF 75;
HAVOK/ALEX SUMMERS,XF 77;
HAVOK/ALEX SUMMERS,XF 78;
HAVOK/ALEX SUMMERS,XF 79;
HAVOK/ALEX SUMMERS,XF 80;
HAVOK/ALEX SUMMERS,XF 81;
HAVOK/ALEX SUMMERS,XF 82;
HAVOK/ALEX SUMMERS,XF 83;
HAVOK/ALEX SUMMERS,XF 84;
HAVOK/ALEX SUMMERS,XF 85;
HAVOK/ALEX SUMMERS,XF 86;
HAVOK/ALEX SUMMERS,XFOR 16;
HAVOK/ALEX SUMMERS,XFOR 17;
HAVOK/ALEX SUMMERS,XFOR 18;
HAVOK/ALEX SUMMERS,XFOR 38;
HAVOK/ALEX SUMMERS,X:HY 1;
HAVOK/ALEX SUMMERS,X:HY 10;
HAVOK/ALEX SUMMERS,X:HY 12;
HAVOK/ALEX SUMMERS,X:HY 13;
HAVOK/ALEX SUMMERS,X:HY 14;
HAVOK/ALEX SUMMERS,X:HY 15;
HAVOK/ALEX SUMMERS,X:HY 16;
HAVOK/ALEX SUMMERS,X:HY 17;
HAVOK/ALEX SUMMERS,X:HY 18;
HAVOK/ALEX SUMMERS,X:HY 19;
HAVOK/ALEX SUMMERS,X:HY 21;
HAVOK/ALEX SUMMERS,X:HY 22;
HAVOK/ALEX SUMMERS,X:HY 3;
HAVOK/ALEX SUMMERS,X:HY 5;
HAVOK/ALEX SUMMERS,X:HY 6;
HAVOK/ALEX SUMMERS,X:HY 7;
HAVOK/ALEX SUMMERS,X:HY 8;
HAVOK/ALEX SUMMERS,XM 25;
HAVOK/ALEX SUMMERS,XM 28;
HAVOK/ALEX SUMMERS,XM 29;
HAVOK/ALEX SUMMERS,X:PRIME;
HAVOK/ALEX SUMMERS,XU 6;
HAVOK/ALEX SUMMERS,XV.A 1;
HAVOK/ALEX SUMMERS,XV.A 2;
HAVOK/ALEX SUMMERS,XV.A 3;
HAVOK/ALEX SUMMERS,XV.A 4;
HAVOK | MUTANT X-VER,MX 1;
HAVOK | MUTANT X-VER,MX 24;
HAV-ROGG,CM4 4;
HAWK,A '00;
HAWK,A 1;
HAWK,A 10;
HAWK,A 100;
HAWK,A 101;
HAWK,A 102;
HAWK,A 103;
HAWK,A 104;
HAWK,A 105;
HAWK,A 106;
HAWK,A 107;
HAWK,A 108;
HAWK,A 109;
HAWK,A 110;
HAWK,A 111;
HAWK,A 116;
HAWK,A 117;
HAWK,A 118;
HAWK,A 130;
HAWK,A 131;
HAWK,A 132;
HAWK,A 133;
HAWK,A 134;
HAWK,A 135;
HAWK,A 137;
HAWK,A 142;
HAWK,A 143;
HAWK,A 144;
HAWK,A 145;
HAWK,A 146;
HAWK,A 147;
HAWK,A 15;
HAWK,A 157;
HAWK,A 16;
HAWK,A 161;
HAWK,A 162;
HAWK,A 168;
HAWK,A 17;
HAWK,A 170;
HAWK,A 171;
HAWK,A 172;
HAWK,A 173;
HAWK,A 174;
HAWK,A 175;
HAWK,A 176;
HAWK,A 177;
HAWK,A 18;
HAWK,A 181;
HAWK,A 18/2;
HAWK,A 182;
HAWK,A 183;
HAWK,A 184;
HAWK,A 185;
HAWK,A 189;
HAWK,A 19;
HAWK,A 19/4;
HAWK,A 198;
HAWK,A 199;
HAWK,A 2;
HAWK,A 20;
HAWK,A 200;
HAWK,A 201;
HAWK,A 202;
HAWK,A 203;
HAWK,A 204;
HAWK,A 21;
HAWK,A2 1;
HAWK,A2 10;
HAWK,A 211;
HAWK,A2 11;
HAWK,A2 12;
HAWK,A 22;
HAWK,A2 2;
HAWK,A 221;
HAWK,A 222;
HAWK,A 223;
HAWK,A 224;
HAWK,A 225;
HAWK,A 226;
HAWK,A 227;
HAWK,A 228;
HAWK,A 229;
HAWK,A 23;
HAWK,A2 3;
HAWK,A 230;
HAWK,A 231;
HAWK,A 232;
HAWK,A 233;
HAWK,A 234;
HAWK,A 239;
HAWK,A 24;
HAWK,A2 4;
HAWK,A 241;
HAWK,A 242;
HAWK,A 243;
HAWK,A 244;
HAWK,A 245;
HAWK,A 246;
HAWK,A 249;
HAWK,A 25;
HAWK,A 250;
HAWK,A 253;
HAWK,A 254;
HAWK,A 26;
HAWK,A2 6;
HAWK,A 27;
HAWK,A2 7;
HAWK,A 28;
HAWK,A2 8;
HAWK,A 280;
HAWK,A 29;
HAWK,A2 9;
HAWK,A 30;
HAWK,A 302;
HAWK,A 303;
HAWK,A 305;
HAWK,A 309;
HAWK,A 31;
HAWK,A3 1;
HAWK,A3 10;
HAWK,A3 12;
HAWK,A 313;
HAWK,A 32;
HAWK,A3 2;
HAWK,A 329;
HAWK,A 33;
HAWK,A3 3;
HAWK,A 332;
HAWK,A 333;
HAWK,A3 33;
HAWK,A3 34;
HAWK,A 34;
HAWK,A3 4;
HAWK,A 345;
HAWK,A 347;
HAWK,A 35;
HAWK,A3 5;
HAWK,A 36;
HAWK,A3 6;
HAWK,A 37;
HAWK,A3 7;
HAWK,A 38;
HAWK,A3 8;
HAWK,A 381/2;
HAWK,A 382/3;
HAWK,A 39;
HAWK,A3 9;
HAWK,A 393;
HAWK,A 394;
HAWK,A 395;
HAWK,A 396;
HAWK,A 397;
HAWK,A 398;
HAWK,A 399;
HAWK,A 40;
HAWK,A 400;
HAWK,A 401;
HAWK,A 41;
HAWK,A 42;
HAWK,A 43;
HAWK,A 44;
HAWK,A 45;
HAWK,A 46;
HAWK,A 47;
HAWK,A 48;
HAWK,A 49;
HAWK,A 50;
HAWK,A 51;
HAWK,A 52;
HAWK,A 53;
HAWK,A 54;
HAWK,A 55;
HAWK,A 56;
HAWK,A 57;
HAWK,A 58;
HAWK,A 59;
HAWK,A 60;
HAWK,A 61;
HAWK,A 62;
HAWK,A 63;
HAWK,A 64;
HAWK,A 65;
HAWK,A 66;
HAWK,A 67;
HAWK,A 68;
HAWK,A 69;
HAWK,A 70;
HAWK,A 71;
HAWK,A 72;
HAWK,A 73;
HAWK,A 74;
HAWK,A 75;
HAWK,A 76;
HAWK,A 77;
HAWK,A 78;
HAWK,A 79;
HAWK,A 8;
HAWK,A 80;
HAWK,A 81;
HAWK,A 82;
HAWK,A 83;
HAWK,A 84;
HAWK,A 85;
HAWK,A 86;
HAWK,A 87;
HAWK,A 88;
HAWK,A 9;
HAWK,A 90;
HAWK,A 91;
HAWK,A 92;
HAWK,A 93;
HAWK,A 94;
HAWK,A 95;
HAWK,A 96;
HAWK,A 97;
HAWK,A '98;
HAWK,A 98;
HAWK,A 99;
HAWK,AA2 19;
HAWK,AA2 21;
HAWK,AA2 22;
HAWK,AA2 23;
HAWK,AA2 24;
HAWK,AA2 25;
HAWK,AA2 26;
HAWK,AA2 27;
HAWK,AA2 28;
HAWK,AA2 29;
HAWK,AA2 31;
HAWK,AA2 32;
HAWK,AA2 33;
HAWK,AA2 34;
HAWK,AA2 7/2;
HAWK,AA2 8;
HAWK,A:C;
HAWK,AOI;
HAWK,ASM 16;
HAWK,ASM 252;
HAWK,ASM 3;
HAWK,ASPOT 21;
HAWK,ASPOT 22;
HAWK,ASPOT 23;
HAWK,ASPOT 24;
HAWK,ASPOT 25;
HAWK,ASPOT 26/2;
HAWK,ASPOT 27;
HAWK,ASPOT 28;
HAWK,ASPOT 29;
HAWK,ASPOT 30;
HAWK,ASPOT 31;
HAWK,ASPOT 32;
HAWK,ASPOT 33;
HAWK,ASPOT 34;
HAWK,ASPOT 36;
HAWK,AVF 1;
HAWK,AVF 10;
HAWK,AVF 11;
HAWK,AVF 12;
HAWK,AVF 2;
HAWK,AVF 3;
HAWK,AVF 4;
HAWK,AVF 5;
HAWK,AVF 6;
HAWK,AVF 7;
HAWK,AVF 8;
HAWK,AWC 100/2;
HAWK,AWC 48;
HAWK,AWC 49;
HAWK,AWC 5;
HAWK,AWC 5/3;
HAWK,AWC 5/4;
HAWK,AWC 54;
HAWK,AWC 5/5;
HAWK,AWC 55;
HAWK,AWC 6;
HAWK,AWC 60;
HAWK,AWC 61;
HAWK,AWC 62;
HAWK,AWC 63;
HAWK,AWC 65;
HAWK,AWC 66;
HAWK,AWC 67;
HAWK,AWC 68;
HAWK,AWC 69;
HAWK,AWC 7;
HAWK,AWC 70;
HAWK,AWC 71;
HAWK,AWC 72;
HAWK,AWC 7/3;
HAWK,AWC 74;
HAWK,AWC 75;
HAWK,AWC 76;
HAWK,AWC 77;
HAWK,AWC 78;
HAWK,AWC 79;
HAWK,AWC 80;
HAWK,AWC 84;
HAWK,AWC 85;
HAWK,AWC 87;
HAWK,AWC 88;
HAWK,AWC 89;
HAWK,AWC 90;
HAWK,AWC 91;
HAWK,BK2 1;
HAWK,BW:CW;
HAWK,CA 113;
HAWK,CA 114;
HAWK,CA 116;
HAWK,CA 154;
HAWK,CA 179;
HAWK,CA2 12;
HAWK,CA 292;
HAWK,CA 301;
HAWK,CA 308;
HAWK,CA 316;
HAWK,CA 317;
HAWK,CA3 3;
HAWK,CA3 4;
HAWK,CA3 6;
HAWK,CA3 7;
HAWK,CA 383;
HAWK,CA 399;
HAWK,CA 400;
HAWK,CA 401;
HAWK,CAGE 6;
HAWK,CHAMP 11;
HAWK,COC 1;
HAWK,COH 3;
HAWK,DAMCON3 3;
HAWK,DAZZ 1;
HAWK,DAZZ 2;
HAWK,DAZZ 21;
HAWK,DD 99;
HAWK,DEF 10;
HAWK,DEF 107;
HAWK,DEF 11;
HAWK,DEF 7;
HAWK,DEF 8;
HAWK,DEF 8/2;
HAWK,DEF 9;
HAWK,E2 12;
HAWKEYE DOPPELGANGER,IW 2;
HAWKEYE | MUTANT X-V,MX 30;
HAWKEYE | MUTANT X-V,MX 31;
HAWK,FF2 12;
HAWK,FF 22;
HAWK,FF 3;
HAWK,FF3 37;
HAWK,FF 415;
HAWK,FF 416;
HAWK,FW 12/2;
HAWK,FW 17;
HAWK,FW 18;
HAWK,FW 19;
HAWK,FW 8;
HAWK,GR2 27;
HAWK,GSA 2;
HAWK,GSA 3;
HAWK,GSA 4;
HAWK,H2 128;
HAWK,H2 166;
HAWK,H2 278;
HAWK,H2 279;
HAWK,H2 281;
HAWK,H2 282;
HAWK,H2 283;
HAWK,H2 284;
HAWK,H2 320;
HAWK,H2 321;
HAWK,H2 322;
HAWK,H2 323;
HAWK,H2 440;
HAWK,H2 445;
HAWK,HAWK 1;
HAWK,HAWK 2;
HAWK,HAWK2;
HAWK,HAWK 3;
HAWK,HAWK 4;
HAWK,HAWKEYE/CLINT BARTON;
HAWK,HCAT 3;
HAWK,HR:R 3;
HAWK,HR:R 4;
HAWK,IG 1;
HAWK,IG 6;
HAWK,IM 13;
HAWK,IM 18;
HAWK,IM 182;
HAWK,IM 193;
HAWK,IM 194;
HAWK,IM 195;
HAWK,IM 196;
HAWK,IM 200;
HAWK,IM 201;
HAWK,IM 206;
HAWK,IM2 12;
HAWK,IM 214;
HAWK,IM 226;
HAWK,IM 227;
HAWK,IM 229;
HAWK,IM 278;
HAWK,IM 279;
HAWK,IM 284;
HAWK,IM 285;
HAWK,IM 286;
HAWK,IM 317/2;
HAWK,IM 322;
HAWK,IM 323;
HAWK,IM 324;
HAWK,IM 325;
HAWK,IM 39;
HAWK,IM 7;
HAWK,IM 74;
HAWK,IM '99;
HAWK,IM:IA 1;
HAWKINS, DR. EDWIN E,M/CP 113/2;
HAWKINS, DR. EDWIN E,M/CP 114/2;
HAWKINS, DR. EDWIN E,M/CP 115/2;
HAWKINS, DR. EDWIN E,M/CP 116/2;
HAWKINS, DR. EDWIN E,M/CP 117/2;
HAWKINS, DR. EDWIN E,M/CP 118/2;
HAWK,IW 2;
HAWK,IW 3;
HAWK,JA 16;
HAWK,JIM 120;
HAWK,KS;
HAWK,KZ 1/2;
HAWK,MARVELS 2;
HAWK,MARVELS 3;
HAWK,MAXSEC 2;
HAWK,M/CP 161;
HAWK,M/CP 38/2;
HAWK,M/CP 45/2;
HAWK,M/CP 83/3;
HAWK,MEPHV. 4;
HAWK,M/FAN 3/2;
HAWK,M/FAN 39;
HAWK,M/GN 17;
HAWK,M/GN 27;
HAWK,M/H&L;
HAWK,M/H&L '97;
HAWK,M/SH3 9;
HAWK,M/SHSW 1;
HAWK,M/SHSW 10;
HAWK,M/SHSW 11;
HAWK,M/SHSW 12;
HAWK,M/SHSW 2;
HAWK,M/SHSW 3;
HAWK,M/SHSW 4;
HAWK,M/SHSW 5;
HAWK,M/SHSW 6;
HAWK,M/SHSW 7;
HAWK,M/SHSW 8;
HAWK,M/SHSW 9;
HAWK,M/TALES 100/2;
HAWK,M/TIO 7;
HAWK,M/TIO 75;
HAWK,M/TIO 96;
HAWK,M/TU 22;
HAWK,M/TU 92;
HAWK,NFV.S 2;
HAWK,O:MU;
HAWK,PM&IF 125;
HAWK,Q 32;
HAWK,QS 10;
HAWK,ROM 65;
HAWK,ROM 66;
HAWK,SENSM 3;
HAWK,SENTRY 2;
HAWKSHAW,C2 22;
HAWKSHAW,C2 26;
HAWKSHAW,FF3 10;
HAWKSHAW,FF3 12;
HAWKSHAW,UX 235;
HAWKSHAW,UX 236;
HAWKSHAW,UX 264;
HAWKSHAW,XF 60;
HAWK,SMTU 4;
HAWK,SOLOA 1;
HAWK,SOLOA 10;
HAWK,SOLOA 11;
HAWK,SOLOA 1/2;
HAWK,SOLOA 12;
HAWK,SOLOA 13;
HAWK,SOLOA 14;
HAWK,SOLOA 15;
HAWK,SOLOA 16;
HAWK,SOLOA 17;
HAWK,SOLOA 18;
HAWK,SOLOA 19;
HAWK,SOLOA 2;
HAWK,SOLOA 20;
HAWK,SOLOA 3;
HAWK,SOLOA 4;
HAWK,SOLOA 5;
HAWK,SOLOA 6;
HAWK,SOLOA 7;
HAWK,SOLOA 8;
HAWK,SOLOA 9;
HAWK,SS '98;
HAWK,SSWP 4;
HAWK,ST 156;
HAWK,SUB-M 35;
HAWK,SWII 5;
HAWK,SWII 9;
HAWK,T2 1;
HAWK,T2 2;
HAWK,T 233;
HAWK,T 381;
HAWK,TB '00;
HAWK,TB 10;
HAWK,TB 11;
HAWK,TB 12;
HAWK,TB 20;
HAWK,TB 21;
HAWK,TB 22;
HAWK,TB 23;
HAWK,TB 24;
HAWK,TB 25;
HAWK,TB 26;
HAWK,TB 27;
HAWK,TB 28;
HAWK,TB 29;
HAWK,TB 30;
HAWK,TB 31;
HAWK,TB 32;
HAWK,TB 33;
HAWK,TB 34;
HAWK,TB 35;
HAWK,TB 36;
HAWK,TB 37;
HAWK,TB 38;
HAWK,TB 39;
HAWK,TB 40;
HAWK,TB 41;
HAWK,TB 42;
HAWK,TB 43;
HAWK,TB 44;
HAWK,TB 45;
HAWK,TB 46;
HAWK,TB 47;
HAWK,TB 48;
HAWK,TB 49;
HAWK,TB 50;
HAWK,TB 52;
HAWK,TB 53;
HAWK,TB 54;
HAWK,TB 9;
HAWK,TB:LS;
HAWK,TOS 57;
HAWK,TOS 60;
HAWK,TOS 64;
HAWK,TOS 72/2;
HAWK,TOS 84/2;
HAWK,TOS 91/2;
HAWK,TOS 92/2;
HAWK,UX 336;
HAWK,UX 45;
HAWK,V&SW2 1;
HAWK,V&SW2 2;
HAWK,V&SW 3;
HAWK,WARM 15/2;
HAWK,WARM 18;
HAWK,WARM 19;
HAWK,WARM 20;
HAWK,WARM 21;
HAWK,WARM 7;
HAWK,WCA 1;
HAWK,WCA 2;
HAWK,WCA2 1;
HAWK,WCA2 10;
HAWK,WCA2 11;
HAWK,WCA2 12;
HAWK,WCA2 13;
HAWK,WCA2 14;
HAWK,WCA2 15;
HAWK,WCA2 16;
HAWK,WCA2 17;
HAWK,WCA2 18;
HAWK,WCA2 19;
HAWK,WCA2 2;
HAWK,WCA2 20;
HAWK,WCA2 21;
HAWK,WCA2 22;
HAWK,WCA2 23;
HAWK,WCA2 24;
HAWK,WCA2 25;
HAWK,WCA2 26;
HAWK,WCA2 27;
HAWK,WCA2 28;
HAWK,WCA2 29;
HAWK,WCA2 3;
HAWK,WCA2 30;
HAWK,WCA2 31;
HAWK,WCA2 32;
HAWK,WCA2 33;
HAWK,WCA2 34;
HAWK,WCA2 35;
HAWK,WCA2 36;
HAWK,WCA2 37;
HAWK,WCA2 38;
HAWK,WCA2 39;
HAWK,WCA2 4;
HAWK,WCA2 40;
HAWK,WCA2 42;
HAWK,WCA2 43;
HAWK,WCA2 44;
HAWK,WCA2 45;
HAWK,WCA2 46;
HAWK,WCA2 5;
HAWK,WCA2 6;
HAWK,WCA2 7;
HAWK,WCA2 8;
HAWK,WCA2 9;
HAWK,WCA 3;
HAWK,WCA 4;
HAWK,WM2 13;
HAWK,WM2 16;
HAWK,WM2 17;
HAWK,WM2 18;
HAWK,WM2 2;
HAWK,WM2 9;
HAWK,X 55;
HAWLEY, PAMELA,SGTF 13;
HAYDEN,DPOOL3 38;
HAYDEN,DPOOL3 39;
HAYDEN,DPOOL3 40;
HAYWIRE/,A3 5;
HAYWIRE/,A3 6;
HAYWIRE/,A '98;
HAYWIRE/,Q 13;
HAYWIRE/,Q 14;
HAYWIRE/,SQS 10;
HAYWIRE/,SQS 11;
HAYWIRE/,SQS 12;
HAZARD/CARTER RYKING,X 12;
HAZARD/CARTER RYKING,X 13;
HEADCASE,ASTONX2 1;
HEADCASE,ASTONX2 2;
HEADCASE,ASTONX2 3;
HEADCASE,UX 372;
HEADCASE,X 92;
HEADGEAR/,H2 437;
HEADGEAR/,H2 438;
HEADGEAR/,H2 440;
HEADHUNTER/,N 2;
HEADHUNTER/,N 3;
HEADHUNTER/,N 7;
HEADHUNTER/,N 8;
HEADHUNTER/,N 9;
HEADLOK,AF 102;
HEADLOK,AF 104;
HEADLOK,AF 93;
HEADLOK,AF 94;
HEADMISTRESS/,H2 437;
HEADMISTRESS/,H2 438;
HEADMISTRESS/,H2 439;
HEALER,NM 20;
HEALER,UX 178;
HEALER,UX 179;
HEALER,UX 212;
HEALER,UX 291;
HEATER DELIGHT,ASPOT 21/2;
HEATER DELIGHT,M/CP 22/4;
HEATER DELIGHT,M/CP 65/4;
HEATER DELIGHT,WLOCK 11;
HEAT-RAY/,Q 41;
HECATE,MSM 11;
HECATE,MSM 12;
HECK, DON,SUB-M 19;
HECTOR II,H 18/3;
HECTOR II,H2 379;
HECTOR II,H2 381;
HECTOR II,H2 382;
HECTOR II,H2 388;
HECTOR II,H2 390;
HECTOR II,H2 391;
HECTOR II,H2 392;
HECTOR II,H2 393;
HECTOR II,H2 394;
HECTOR II,H2 395;
HECTOR II,H2 396;
HECTOR II,H2 397;
HECTOR II,H2 420;
HECTOR II,H2 421;
HECTOR II,H2 422;
HECTOR II,H2 423;
HECTOR II,H2 424;
HECTOR II,H2 425;
HECTOR II,H2 448;
HECTOR II,H '97;
HECTOR II,XF 76;
HECTOR,T 8;
HEDERMAN, LOTTIE,JIM 517;
HEDERMAN, LOTTIE,JIM 518;
HEDERMAN, LOTTIE,JIM 519;
HEDRON,MGK2 3;
HEIMDALL [ASGARDIAN],A 177;
HEIMDALL [ASGARDIAN],BIZADV 32;
HEIMDALL [ASGARDIAN],DAZZ 16;
HEIMDALL [ASGARDIAN],DEF 66;
HEIMDALL [ASGARDIAN],IMSVS 2/3;
HEIMDALL [ASGARDIAN],JIM -1;
HEIMDALL [ASGARDIAN],JIM 101;
HEIMDALL [ASGARDIAN],JIM 101/2;
HEIMDALL [ASGARDIAN],JIM 104;
HEIMDALL [ASGARDIAN],JIM 104/2;
HEIMDALL [ASGARDIAN],JIM 108;
HEIMDALL [ASGARDIAN],JIM 110;
HEIMDALL [ASGARDIAN],JIM 125;
HEIMDALL [ASGARDIAN],JIM 508;
HEIMDALL [ASGARDIAN],JIM 509;
HEIMDALL [ASGARDIAN],JIM 510;
HEIMDALL [ASGARDIAN],JIM 511;
HEIMDALL [ASGARDIAN],JIM 512;
HEIMDALL [ASGARDIAN],JIM 513;
HEIMDALL [ASGARDIAN],JIM 85;
HEIMDALL [ASGARDIAN],JIM 92;
HEIMDALL [ASGARDIAN],JIM 94;
HEIMDALL [ASGARDIAN],JIM 95;
HEIMDALL [ASGARDIAN],M/GN 30;
HEIMDALL [ASGARDIAN],M/GN 33;
HEIMDALL [ASGARDIAN],SS3 111;
HEIMDALL [ASGARDIAN],SS 4;
HEIMDALL [ASGARDIAN],T 10;
HEIMDALL [ASGARDIAN],T 127;
HEIMDALL [ASGARDIAN],T 127/2;
HEIMDALL [ASGARDIAN],T 136;
HEIMDALL [ASGARDIAN],T 143;
HEIMDALL [ASGARDIAN],T 156;
HEIMDALL [ASGARDIAN],T 158;
HEIMDALL [ASGARDIAN],T 159;
HEIMDALL [ASGARDIAN],T 162;
HEIMDALL [ASGARDIAN],T 167;
HEIMDALL [ASGARDIAN],T 181;
HEIMDALL [ASGARDIAN],T 185;
HEIMDALL [ASGARDIAN],T 186;
HEIMDALL [ASGARDIAN],T 188;
HEIMDALL [ASGARDIAN],T 189;
HEIMDALL [ASGARDIAN],T 19;
HEIMDALL [ASGARDIAN],T 193;
HEIMDALL [ASGARDIAN],T 2;
HEIMDALL [ASGARDIAN],T 200;
HEIMDALL [ASGARDIAN],T 201;
HEIMDALL [ASGARDIAN],T 202;
HEIMDALL [ASGARDIAN],T 203;
HEIMDALL [ASGARDIAN],T 204;
HEIMDALL [ASGARDIAN],T 212;
HEIMDALL [ASGARDIAN],T2 13;
HEIMDALL [ASGARDIAN],T 214;
HEIMDALL [ASGARDIAN],T2 14;
HEIMDALL [ASGARDIAN],T 215;
HEIMDALL [ASGARDIAN],T 216;
HEIMDALL [ASGARDIAN],T2 16;
HEIMDALL [ASGARDIAN],T 217;
HEIMDALL [ASGARDIAN],T2 20;
HEIMDALL [ASGARDIAN],T2 21;
HEIMDALL [ASGARDIAN],T2 26;
HEIMDALL [ASGARDIAN],T 227;
HEIMDALL [ASGARDIAN],T2 30;
HEIMDALL [ASGARDIAN],T2 35;
HEIMDALL [ASGARDIAN],T2 37;
HEIMDALL [ASGARDIAN],T 240;
HEIMDALL [ASGARDIAN],T 248;
HEIMDALL [ASGARDIAN],T 267;
HEIMDALL [ASGARDIAN],T 273;
HEIMDALL [ASGARDIAN],T 274;
HEIMDALL [ASGARDIAN],T 277;
HEIMDALL [ASGARDIAN],T 289;
HEIMDALL [ASGARDIAN],T 300;
HEIMDALL [ASGARDIAN],T 301;
HEIMDALL [ASGARDIAN],T 302;
HEIMDALL [ASGARDIAN],T 313;
HEIMDALL [ASGARDIAN],T 321;
HEIMDALL [ASGARDIAN],T 322;
HEIMDALL [ASGARDIAN],T 324/2;
HEIMDALL [ASGARDIAN],T 326/2;
HEIMDALL [ASGARDIAN],T 327;
HEIMDALL [ASGARDIAN],T 328;
HEIMDALL [ASGARDIAN],T 331;
HEIMDALL [ASGARDIAN],T 336/2;
HEIMDALL [ASGARDIAN],T 337;
HEIMDALL [ASGARDIAN],T 338;
HEIMDALL [ASGARDIAN],T 340;
HEIMDALL [ASGARDIAN],T 343;
HEIMDALL [ASGARDIAN],T 344;
HEIMDALL [ASGARDIAN],T 347;
HEIMDALL [ASGARDIAN],T 349;
HEIMDALL [ASGARDIAN],T 350;
HEIMDALL [ASGARDIAN],T 351;
HEIMDALL [ASGARDIAN],T 354;
HEIMDALL [ASGARDIAN],T 357;
HEIMDALL [ASGARDIAN],T 358;
HEIMDALL [ASGARDIAN],T 359;
HEIMDALL [ASGARDIAN],T 360;
HEIMDALL [ASGARDIAN],T 364;
HEIMDALL [ASGARDIAN],T 365;
HEIMDALL [ASGARDIAN],T 366;
HEIMDALL [ASGARDIAN],T 367;
HEIMDALL [ASGARDIAN],T 368;
HEIMDALL [ASGARDIAN],T 373;
HEIMDALL [ASGARDIAN],T 375;
HEIMDALL [ASGARDIAN],T 376;
HEIMDALL [ASGARDIAN],T 377;
HEIMDALL [ASGARDIAN],T 378;
HEIMDALL [ASGARDIAN],T 379;
HEIMDALL [ASGARDIAN],T 387;
HEIMDALL [ASGARDIAN],T 393;
HEIMDALL [ASGARDIAN],T 396;
HEIMDALL [ASGARDIAN],T 398;
HEIMDALL [ASGARDIAN],T 400;
HEIMDALL [ASGARDIAN],T 402;
HEIMDALL [ASGARDIAN],T 417;
HEIMDALL [ASGARDIAN],T 417/2;
HEIMDALL [ASGARDIAN],T 418/2;
HEIMDALL [ASGARDIAN],T 420/2;
HEIMDALL [ASGARDIAN],T 421/2;
HEIMDALL [ASGARDIAN],T 422/2;
HEIMDALL [ASGARDIAN],T 423/2;
HEIMDALL [ASGARDIAN],T 424/2;
HEIMDALL [ASGARDIAN],T 425;
HEIMDALL [ASGARDIAN],T 426;
HEIMDALL [ASGARDIAN],T 432;
HEIMDALL [ASGARDIAN],T 434;
HEIMDALL [ASGARDIAN],T 435;
HEIMDALL [ASGARDIAN],T 437/2;
HEIMDALL [ASGARDIAN],T 447;
HEIMDALL [ASGARDIAN],T 447/2;
HEIMDALL [ASGARDIAN],T 449;
HEIMDALL [ASGARDIAN],T 450;
HEIMDALL [ASGARDIAN],T 451/2;
HEIMDALL [ASGARDIAN],T 452/2;
HEIMDALL [ASGARDIAN],T 453/2;
HEIMDALL [ASGARDIAN],T 454;
HEIMDALL [ASGARDIAN],T 454/2;
HEIMDALL [ASGARDIAN],T 456/2;
HEIMDALL [ASGARDIAN],T 478;
HEIMDALL [ASGARDIAN],T 484;
HEIMDALL [ASGARDIAN],T 486;
HEIMDALL [ASGARDIAN],TS 18/2;
HEIMDALL [ASGARDIAN],TS 23;
HEIMDALL [ASGARDIAN],TTA 101;
HELA [ASGARDIAN],DEF 66;
HELA [ASGARDIAN],DEF 68;
HELA [ASGARDIAN],DF 3.6;
HELA [ASGARDIAN],DF 4.8;
HELA [ASGARDIAN],DRSTR3 35;
HELA [ASGARDIAN],FF3 21;
HELA [ASGARDIAN],H2 279;
HELA [ASGARDIAN],H2 423;
HELA [ASGARDIAN],HCAT 2;
HELA [ASGARDIAN],HCAT 3;
HELA [ASGARDIAN],JIM 102/2;
HELA [ASGARDIAN],MEPHV. 4;
HELA [ASGARDIAN],NM 77;
HELA [ASGARDIAN],NM 78;
HELA [ASGARDIAN],NM 79;
HELA [ASGARDIAN],NM 80;
HELA [ASGARDIAN],NM 82;
HELA [ASGARDIAN],NM 83;
HELA [ASGARDIAN],NM 84;
HELA [ASGARDIAN],NM 85;
HELA [ASGARDIAN],NMSE 1;
HELA [ASGARDIAN],T 10;
HELA [ASGARDIAN],T 133/2;
HELA [ASGARDIAN],T 150;
HELA [ASGARDIAN],T 154;
HELA [ASGARDIAN],T 186;
HELA [ASGARDIAN],T 187;
HELA [ASGARDIAN],T 188;
HELA [ASGARDIAN],T 189;
HELA [ASGARDIAN],T 190;
HELA [ASGARDIAN],T 196;
HELA [ASGARDIAN],T 197;
HELA [ASGARDIAN],T 199;
HELA [ASGARDIAN],T 201;
HELA [ASGARDIAN],T2 1;
HELA [ASGARDIAN],T2 2;
HELA [ASGARDIAN],T2 29;
HELA [ASGARDIAN],T2 30;
HELA [ASGARDIAN],T2 32;
HELA [ASGARDIAN],T2 35;
HELA [ASGARDIAN],T 251;
HELA [ASGARDIAN],T 274;
HELA [ASGARDIAN],T 277;
HELA [ASGARDIAN],T 278;
HELA [ASGARDIAN],T 313/2;
HELA [ASGARDIAN],T 314/2;
HELA [ASGARDIAN],T 324/2;
HELA [ASGARDIAN],T 328;
HELA [ASGARDIAN],T 331;
HELA [ASGARDIAN],T 354;
HELA [ASGARDIAN],T 361;
HELA [ASGARDIAN],T 362;
HELA [ASGARDIAN],T 366;
HELA [ASGARDIAN],T 372;
HELA [ASGARDIAN],T 373;
HELA [ASGARDIAN],T 374;
HELA [ASGARDIAN],T 375;
HELA [ASGARDIAN],T 382;
HELA [ASGARDIAN],T 402;
HELA [ASGARDIAN],T 438/2;
HELA [ASGARDIAN],T 439/2;
HELA [ASGARDIAN],T 441/2;
HELA [ASGARDIAN],T 476;
HELA [ASGARDIAN],T 477;
HELA [ASGARDIAN],T 486;
HELA [ASGARDIAN],T 488;
HELA [ASGARDIAN],T 489;
HELA [ASGARDIAN],T 502;
HELA [ASGARDIAN],TS 15;
HELA [ASGARDIAN],UX 9;
HELA [ASGARDIAN],XFOR '97;
HELA [ASGARDIAN],XFOR 98;
HELIO,A 250;
HELIO,FFU 10;
HELIO,M/TIO 71;
HELIO,M/TIO 72;
HELIO,Q 21;
HELIO,Q 23;
HELIO,Q 25;
HELIUM,TB 7;
HELIX II,FF3 17;
HELIX II,FF3 18;
HELIX II,X 105;
HELIX/RAFAEL CARAGO,MC:A;
HELIX/RAFAEL CARAGO,NW 62;
HELIX/RAFAEL CARAGO,NW 63;
HELIX/RAFAEL CARAGO,NW 64;
HELIX/RAFAEL CARAGO,NW 65;
HELIX/RAFAEL CARAGO,NW 68;
HELIX/RAFAEL CARAGO,NW 69;
HELIX/RAFAEL CARAGO,NW 71;
HELIX/RAFAEL CARAGO,NW 72;
HELIX/RAFAEL CARAGO,NW 73;
HELIX/RAFAEL CARAGO,PPTSS 227;
HELKOOKY,CM4 2;
HELLCAT/PATSY WALKER,A '00;
HELLCAT/PATSY WALKER,A 139;
HELLCAT/PATSY WALKER,A 140;
HELLCAT/PATSY WALKER,A 141;
HELLCAT/PATSY WALKER,A 142;
HELLCAT/PATSY WALKER,A 143;
HELLCAT/PATSY WALKER,A 144;
HELLCAT/PATSY WALKER,A 147;
HELLCAT/PATSY WALKER,A 148;
HELLCAT/PATSY WALKER,A 149;
HELLCAT/PATSY WALKER,A 150;
HELLCAT/PATSY WALKER,A 151;
HELLCAT/PATSY WALKER,A 19/3;
HELLCAT/PATSY WALKER,A 305;
HELLCAT/PATSY WALKER,A3 10;
HELLCAT/PATSY WALKER,A3 11;
HELLCAT/PATSY WALKER,A 313;
HELLCAT/PATSY WALKER,AA2 13;
HELLCAT/PATSY WALKER,AA2 14;
HELLCAT/PATSY WALKER,AA2 15;
HELLCAT/PATSY WALKER,ASPOT 27/2;
HELLCAT/PATSY WALKER,CA 268;
HELLCAT/PATSY WALKER,COC 1;
HELLCAT/PATSY WALKER,DEF 100;
HELLCAT/PATSY WALKER,DEF 101;
HELLCAT/PATSY WALKER,DEF 103;
HELLCAT/PATSY WALKER,DEF 104;
HELLCAT/PATSY WALKER,DEF 106;
HELLCAT/PATSY WALKER,DEF 107;
HELLCAT/PATSY WALKER,DEF 108;
HELLCAT/PATSY WALKER,DEF 109;
HELLCAT/PATSY WALKER,DEF 111;
HELLCAT/PATSY WALKER,DEF 116;
HELLCAT/PATSY WALKER,DEF 117;
HELLCAT/PATSY WALKER,DEF 118;
HELLCAT/PATSY WALKER,DEF 119;
HELLCAT/PATSY WALKER,DEF 120;
HELLCAT/PATSY WALKER,DEF 121;
HELLCAT/PATSY WALKER,DEF 122;
HELLCAT/PATSY WALKER,DEF 125;
HELLCAT/PATSY WALKER,DEF 148;
HELLCAT/PATSY WALKER,DEF2 1;
HELLCAT/PATSY WALKER,DEF2 2;
HELLCAT/PATSY WALKER,DEF2 3;
HELLCAT/PATSY WALKER,DEF2 4;
HELLCAT/PATSY WALKER,DEF2 5;
HELLCAT/PATSY WALKER,DEF2 6;
HELLCAT/PATSY WALKER,DEF2 7;
HELLCAT/PATSY WALKER,DEF 44;
HELLCAT/PATSY WALKER,DEF 45;
HELLCAT/PATSY WALKER,DEF 46;
HELLCAT/PATSY WALKER,DEF 47;
HELLCAT/PATSY WALKER,DEF 48;
HELLCAT/PATSY WALKER,DEF 49;
HELLCAT/PATSY WALKER,DEF 50;
HELLCAT/PATSY WALKER,DEF 51;
HELLCAT/PATSY WALKER,DEF 52;
HELLCAT/PATSY WALKER,DEF 53;
HELLCAT/PATSY WALKER,DEF 54;
HELLCAT/PATSY WALKER,DEF 55;
HELLCAT/PATSY WALKER,DEF 56;
HELLCAT/PATSY WALKER,DEF 57;
HELLCAT/PATSY WALKER,DEF 59;
HELLCAT/PATSY WALKER,DEF 60;
HELLCAT/PATSY WALKER,DEF 61;
HELLCAT/PATSY WALKER,DEF 62;
HELLCAT/PATSY WALKER,DEF 63;
HELLCAT/PATSY WALKER,DEF 64;
HELLCAT/PATSY WALKER,DEF 65;
HELLCAT/PATSY WALKER,DEF 66;
HELLCAT/PATSY WALKER,DEF 67;
HELLCAT/PATSY WALKER,DEF 68;
HELLCAT/PATSY WALKER,DEF 69;
HELLCAT/PATSY WALKER,DEF 70;
HELLCAT/PATSY WALKER,DEF 71;
HELLCAT/PATSY WALKER,DEF 72;
HELLCAT/PATSY WALKER,DEF 73;
HELLCAT/PATSY WALKER,DEF 74;
HELLCAT/PATSY WALKER,DEF 75;
HELLCAT/PATSY WALKER,DEF 76;
HELLCAT/PATSY WALKER,DEF 77;
HELLCAT/PATSY WALKER,DEF 78;
HELLCAT/PATSY WALKER,DEF 79;
HELLCAT/PATSY WALKER,DEF 80;
HELLCAT/PATSY WALKER,DEF 81;
HELLCAT/PATSY WALKER,DEF 83;
HELLCAT/PATSY WALKER,DEF 84;
HELLCAT/PATSY WALKER,DEF 85;
HELLCAT/PATSY WALKER,DEF 86;
HELLCAT/PATSY WALKER,DEF 87;
HELLCAT/PATSY WALKER,DEF 88;
HELLCAT/PATSY WALKER,DEF 89;
HELLCAT/PATSY WALKER,DEF 90;
HELLCAT/PATSY WALKER,DEF 91;
HELLCAT/PATSY WALKER,DEF 92;
HELLCAT/PATSY WALKER,DEF 93;
HELLCAT/PATSY WALKER,DEF 94;
HELLCAT/PATSY WALKER,DEF 95;
HELLCAT/PATSY WALKER,DEF 96;
HELLCAT/PATSY WALKER,DEF 97;
HELLCAT/PATSY WALKER,DEF 98;
HELLCAT/PATSY WALKER,DEF 99;
HELLCAT/PATSY WALKER,FF 3;
HELLCAT/PATSY WALKER,H2 277;
HELLCAT/PATSY WALKER,H2 278;
HELLCAT/PATSY WALKER,H2 279;
HELLCAT/PATSY WALKER,HCAT 1;
HELLCAT/PATSY WALKER,HCAT 2;
HELLCAT/PATSY WALKER,HCAT 3;
HELLCAT/PATSY WALKER,H:PL 2;
HELLCAT/PATSY WALKER,H:PL 3;
HELLCAT/PATSY WALKER,H:PL 7;
HELLCAT/PATSY WALKER,H:PL 9;
HELLCAT/PATSY WALKER,MARVELS 2;
HELLCAT/PATSY WALKER,M/CP 36/3;
HELLCAT/PATSY WALKER,M/FAN 20;
HELLCAT/PATSY WALKER,M/FAN 59/2;
HELLCAT/PATSY WALKER,M/GN 1;
HELLCAT/PATSY WALKER,M/SH3 1/3;
HELLCAT/PATSY WALKER,S-H 13;
HELLCAT/PATSY WALKER,S-H 14;
HELLCAT/PATSY WALKER,SOLOA 9/2;
HELLCAT/PATSY WALKER,TB '00;
HELLCAT/PATSY WALKER,WCA2 14;
HELLCAT/PATSY WALKER,WCA2 15;
HELLCAT/PATSY WALKER,WCA2 16;
HELLEN,A 164;
HELLEN,UX 94;
HELLER, DR. JOSEPH,KZ '97;
HELLER, ERIC,M/CP 68/2;
HELLER, ERIC,M/CP 69/2;
HELLER, ERIC,M/CP 71/2;
HELLER, ERIC,M/CP 72/2;
HELLER, ERIC,M/CP 73/2;
HELL-EYES,AIF 28;
HELL-EYES,AIF 29;
HELL-EYES,DEF2 7;
HELLFIRE/MIKAL DRAGO,TER 1;
HELLFIRE/MIKAL DRAGO,TER 2;
HELLFIRE/MIKAL DRAGO,TER 4;
HELLRAZOR,CA 319;
HELLRAZOR,M/TU 87;
HELLSCOUT/KENNETH TE,FF3 41;
HELLSCOUT/KENNETH TE,FF3 42;
HELLSCOUT/KENNETH TE,FF3 43;
HELLSCOUT/KENNETH TE,FF3 44;
HELLSPAWN,DD 344;
HELLSPAWN,DD 345;
HELLSTORM/DAIMON HEL,C&D2 8;
HELLSTORM/DAIMON HEL,COC 1;
HELLSTORM/DAIMON HEL,DEF 100;
HELLSTORM/DAIMON HEL,DEF 101;
HELLSTORM/DAIMON HEL,DEF 104;
HELLSTORM/DAIMON HEL,DEF 105;
HELLSTORM/DAIMON HEL,DEF 106;
HELLSTORM/DAIMON HEL,DEF 107;
HELLSTORM/DAIMON HEL,DEF 108;
HELLSTORM/DAIMON HEL,DEF 109;
HELLSTORM/DAIMON HEL,DEF 112;
HELLSTORM/DAIMON HEL,DEF 113;
HELLSTORM/DAIMON HEL,DEF 114;
HELLSTORM/DAIMON HEL,DEF 115;
HELLSTORM/DAIMON HEL,DEF 116;
HELLSTORM/DAIMON HEL,DEF 118;
HELLSTORM/DAIMON HEL,DEF 120;
HELLSTORM/DAIMON HEL,DEF 121;
HELLSTORM/DAIMON HEL,DEF 122;
HELLSTORM/DAIMON HEL,DEF 125;
HELLSTORM/DAIMON HEL,DEF 148;
HELLSTORM/DAIMON HEL,DEF 24;
HELLSTORM/DAIMON HEL,DEF 25;
HELLSTORM/DAIMON HEL,DEF 32;
HELLSTORM/DAIMON HEL,DEF 62;
HELLSTORM/DAIMON HEL,DEF 63;
HELLSTORM/DAIMON HEL,DEF 64;
HELLSTORM/DAIMON HEL,DEF 92;
HELLSTORM/DAIMON HEL,DEF 93;
HELLSTORM/DAIMON HEL,DEF 94;
HELLSTORM/DAIMON HEL,DEF 95;
HELLSTORM/DAIMON HEL,DEF 96;
HELLSTORM/DAIMON HEL,DEF 97;
HELLSTORM/DAIMON HEL,DEF 98;
HELLSTORM/DAIMON HEL,DEF 99;
HELLSTORM/DAIMON HEL,DRUID;
HELLSTORM/DAIMON HEL,FF '99;
HELLSTORM/DAIMON HEL,GR2 1;
HELLSTORM/DAIMON HEL,GR2 17;
HELLSTORM/DAIMON HEL,GR2 18;
HELLSTORM/DAIMON HEL,GR2 19;
HELLSTORM/DAIMON HEL,GR2 2;
HELLSTORM/DAIMON HEL,GR2 3;
HELLSTORM/DAIMON HEL,GSDEF 2;
HELLSTORM/DAIMON HEL,H2 277;
HELLSTORM/DAIMON HEL,HCAT 2;
HELLSTORM/DAIMON HEL,HCAT 3;
HELLSTORM/DAIMON HEL,H:PL 1;
HELLSTORM/DAIMON HEL,H:PL 10;
HELLSTORM/DAIMON HEL,H:PL 2;
HELLSTORM/DAIMON HEL,H:PL 3;
HELLSTORM/DAIMON HEL,H:PL 4;
HELLSTORM/DAIMON HEL,H:PL 5;
HELLSTORM/DAIMON HEL,H:PL 6;
HELLSTORM/DAIMON HEL,H:PL 7;
HELLSTORM/DAIMON HEL,H:PL 8;
HELLSTORM/DAIMON HEL,H:PL 9;
HELLSTORM/DAIMON HEL,HTD 13;
HELLSTORM/DAIMON HEL,HTD 14;
HELLSTORM/DAIMON HEL,M/FAN 20;
HELLSTORM/DAIMON HEL,M/FAN 59/2;
HELLSTORM/DAIMON HEL,M/SPT 12;
HELLSTORM/DAIMON HEL,M/SPT 13;
HELLSTORM/DAIMON HEL,M/SPT 14;
HELLSTORM/DAIMON HEL,M/SPT 15;
HELLSTORM/DAIMON HEL,M/SPT 16;
HELLSTORM/DAIMON HEL,M/SPT 17;
HELLSTORM/DAIMON HEL,M/SPT 18;
HELLSTORM/DAIMON HEL,M/SPT 19;
HELLSTORM/DAIMON HEL,M/SPT 20;
HELLSTORM/DAIMON HEL,M/SPT 21;
HELLSTORM/DAIMON HEL,M/SPT 22;
HELLSTORM/DAIMON HEL,M/SPT 23;
HELLSTORM/DAIMON HEL,M/SPT 24;
HELLSTORM/DAIMON HEL,M/TIO 14;
HELLSTORM/DAIMON HEL,M/TU 126;
HELLSTORM/DAIMON HEL,M/TU 32;
HELLSTORM/DAIMON HEL,PUN4 1;
HELLSTORM/DAIMON HEL,PUN4 2;
HELLSTORM/DAIMON HEL,SOS 1;
HELLSTORM/DAIMON HEL,SOS 2;
HELLSTORM/DAIMON HEL,SOS 3;
HELLSTORM/DAIMON HEL,SOS 4;
HELLSTORM/DAIMON HEL,SOS 5;
HELLSTORM/DAIMON HEL,SOS 6;
HELLSTORM/DAIMON HEL,SOS 7;
HELLSTORM/DAIMON HEL,SOS 8;
HELLSTORM/DAIMON HEL,TB '00;
HELLSTORM/DAIMON HEL,TOD 53;
HELLSTORM/DAIMON HEL,WCA2 14;
HELLSTORM/DAIMON HEL,WCA2 15;
HELLSTORM/DAIMON HEL,WCA2 16;
HELLSTORM/DAIMON HEL,WCA2 41;
HELLSTORM DOPPELGANG,DEF 118;
HELLSTORM DOPPELGANG,H:PL 1;
HELLSTROM, VICTORIA,H:PL 2;
HELLSTROM, VICTORIA,M/SPT 12;
HEMINGWAY,GENX 5;
HEMINGWAY,GENX 50;
HEMINGWAY,GENX 6;
HEMINGWAY,UX 325;
HEMINGWAY,XM 50;
HENCKEL, MARIA,BP3 33;
HENCKEL, MARIA,M/TIO 40;
HENDERSHOOT, COLONEL,UX 147;
HENDERSHOOT, COLONEL,UX 23;
HENDERSON, CAROL,NW 60;
HENRY, JOHN,CA 383;
HENSHAW, CURTIS,ASMU 22;
HEPHAESTUS,A 281;
HEPHAESTUS,A 283;
HEPHAESTUS,A 284;
HEPHAESTUS,RED RAVEN 1/3;
HERA/AUGUSTINE JONES,A 173;
HERA/AUGUSTINE JONES,A 284;
HERA/AUGUSTINE JONES,A 285;
HERA/AUGUSTINE JONES,A 349;
HERA/AUGUSTINE JONES,A 357;
HERA/AUGUSTINE JONES,A 381;
HERA/AUGUSTINE JONES,A 382;
HERA/AUGUSTINE JONES,A 384;
HERA/AUGUSTINE JONES,T 129;
HERA/AUGUSTINE JONES,T 301;
HERA/AUGUSTINE JONES,T 8;
HERCULES DOPPELGANGE,IW 1;
HERCULES DOPPELGANGE,IW 5;
HERCULES DOPPELGANGE,IW 6;
HERCULES DOPPELGANGE,WM2 15;
HERCULES [GREEK GOD],A 1;
HERCULES [GREEK GOD],A 100;
HERCULES [GREEK GOD],A 137;
HERCULES [GREEK GOD],A 14;
HERCULES [GREEK GOD],A 15;
HERCULES [GREEK GOD],A 151;
HERCULES [GREEK GOD],A 163;
HERCULES [GREEK GOD],A 17;
HERCULES [GREEK GOD],A 173;
HERCULES [GREEK GOD],A 174;
HERCULES [GREEK GOD],A 175;
HERCULES [GREEK GOD],A 176;
HERCULES [GREEK GOD],A 177;
HERCULES [GREEK GOD],A 181;
HERCULES [GREEK GOD],A 19;
HERCULES [GREEK GOD],A 19/3;
HERCULES [GREEK GOD],A 20;
HERCULES [GREEK GOD],A 21;
HERCULES [GREEK GOD],A 211;
HERCULES [GREEK GOD],A 21/3;
HERCULES [GREEK GOD],A 23;
HERCULES [GREEK GOD],A 249;
HERCULES [GREEK GOD],A 250;
HERCULES [GREEK GOD],A 251;
HERCULES [GREEK GOD],A 252;
HERCULES [GREEK GOD],A 253;
HERCULES [GREEK GOD],A 254;
HERCULES [GREEK GOD],A 255;
HERCULES [GREEK GOD],A 256;
HERCULES [GREEK GOD],A 257;
HERCULES [GREEK GOD],A 258;
HERCULES [GREEK GOD],A 259;
HERCULES [GREEK GOD],A 260;
HERCULES [GREEK GOD],A 261;
HERCULES [GREEK GOD],A 262;
HERCULES [GREEK GOD],A 263;
HERCULES [GREEK GOD],A 264;
HERCULES [GREEK GOD],A 265;
HERCULES [GREEK GOD],A 266;
HERCULES [GREEK GOD],A 267;
HERCULES [GREEK GOD],A 268;
HERCULES [GREEK GOD],A 269;
HERCULES [GREEK GOD],A 270;
HERCULES [GREEK GOD],A 271;
HERCULES [GREEK GOD],A 272;
HERCULES [GREEK GOD],A 273;
HERCULES [GREEK GOD],A 274;
HERCULES [GREEK GOD],A 275;
HERCULES [GREEK GOD],A 276;
HERCULES [GREEK GOD],A 278;
HERCULES [GREEK GOD],A 279;
HERCULES [GREEK GOD],A 281;
HERCULES [GREEK GOD],A 283;
HERCULES [GREEK GOD],A 284;
HERCULES [GREEK GOD],A 285;
HERCULES [GREEK GOD],A3 1;
HERCULES [GREEK GOD],A3 2;
HERCULES [GREEK GOD],A3 25;
HERCULES [GREEK GOD],A 329;
HERCULES [GREEK GOD],A3 3;
HERCULES [GREEK GOD],A 330;
HERCULES [GREEK GOD],A 332;
HERCULES [GREEK GOD],A 333;
HERCULES [GREEK GOD],A 334;
HERCULES [GREEK GOD],A 335;
HERCULES [GREEK GOD],A 336;
HERCULES [GREEK GOD],A 337;
HERCULES [GREEK GOD],A 338;
HERCULES [GREEK GOD],A 339;
HERCULES [GREEK GOD],A3 4;
HERCULES [GREEK GOD],A 340;
HERCULES [GREEK GOD],A 343;
HERCULES [GREEK GOD],A 344;
HERCULES [GREEK GOD],A 345;
HERCULES [GREEK GOD],A 346;
HERCULES [GREEK GOD],A 347;
HERCULES [GREEK GOD],A 348;
HERCULES [GREEK GOD],A 349;
HERCULES [GREEK GOD],A 350;
HERCULES [GREEK GOD],A 350/2;
HERCULES [GREEK GOD],A 351;
HERCULES [GREEK GOD],A 352;
HERCULES [GREEK GOD],A 353;
HERCULES [GREEK GOD],A 354;
HERCULES [GREEK GOD],A 355;
HERCULES [GREEK GOD],A 356;
HERCULES [GREEK GOD],A 357;
HERCULES [GREEK GOD],A 374;
HERCULES [GREEK GOD],A 375;
HERCULES [GREEK GOD],A 378;
HERCULES [GREEK GOD],A 379;
HERCULES [GREEK GOD],A 38;
HERCULES [GREEK GOD],A 380;
HERCULES [GREEK GOD],A 381;
HERCULES [GREEK GOD],A 382;
HERCULES [GREEK GOD],A 384;
HERCULES [GREEK GOD],A 385;
HERCULES [GREEK GOD],A 386;
HERCULES [GREEK GOD],A 387;
HERCULES [GREEK GOD],A 388;
HERCULES [GREEK GOD],A 389;
HERCULES [GREEK GOD],A 39;
HERCULES [GREEK GOD],A 390;
HERCULES [GREEK GOD],A 391;
HERCULES [GREEK GOD],A 393;
HERCULES [GREEK GOD],A 394;
HERCULES [GREEK GOD],A 395;
HERCULES [GREEK GOD],A 398;
HERCULES [GREEK GOD],A 399;
HERCULES [GREEK GOD],A 40;
HERCULES [GREEK GOD],A 41;
HERCULES [GREEK GOD],A 42;
HERCULES [GREEK GOD],A 43;
HERCULES [GREEK GOD],A 44;
HERCULES [GREEK GOD],A 45;
HERCULES [GREEK GOD],A 46;
HERCULES [GREEK GOD],A 47;
HERCULES [GREEK GOD],A 48;
HERCULES [GREEK GOD],A 49;
HERCULES [GREEK GOD],A 50;
HERCULES [GREEK GOD],A 98;
HERCULES [GREEK GOD],A '99;
HERCULES [GREEK GOD],A 99;
HERCULES [GREEK GOD],A:C;
HERCULES [GREEK GOD],AF 100;
HERCULES [GREEK GOD],AF 101;
HERCULES [GREEK GOD],AF 110;
HERCULES [GREEK GOD],AF 36;
HERCULES [GREEK GOD],AF 98;
HERCULES [GREEK GOD],AF 99;
HERCULES [GREEK GOD],AOI;
HERCULES [GREEK GOD],ASM 270;
HERCULES [GREEK GOD],A:T;
HERCULES [GREEK GOD],AUP 1;
HERCULES [GREEK GOD],AUP 2;
HERCULES [GREEK GOD],AUP 4;
HERCULES [GREEK GOD],AVF 12;
HERCULES [GREEK GOD],AVF 2;
HERCULES [GREEK GOD],AWC 5;
HERCULES [GREEK GOD],AWC 6;
HERCULES [GREEK GOD],CA 228;
HERCULES [GREEK GOD],CA 229;
HERCULES [GREEK GOD],CA 301;
HERCULES [GREEK GOD],CA 314;
HERCULES [GREEK GOD],CA 318;
HERCULES [GREEK GOD],CA 323;
HERCULES [GREEK GOD],CA3 3;
HERCULES [GREEK GOD],CA 395;
HERCULES [GREEK GOD],CA 399;
HERCULES [GREEK GOD],CA 400;
HERCULES [GREEK GOD],CA 401;
HERCULES [GREEK GOD],CA 434;
HERCULES [GREEK GOD],CA 440;
HERCULES [GREEK GOD],CA 441;
HERCULES [GREEK GOD],CA 443;
HERCULES [GREEK GOD],CA 444;
HERCULES [GREEK GOD],CHAMP 1;
HERCULES [GREEK GOD],CHAMP 10;
HERCULES [GREEK GOD],CHAMP 11;
HERCULES [GREEK GOD],CHAMP 12;
HERCULES [GREEK GOD],CHAMP 13;
HERCULES [GREEK GOD],CHAMP 14;
HERCULES [GREEK GOD],CHAMP 15;
HERCULES [GREEK GOD],CHAMP 16;
HERCULES [GREEK GOD],CHAMP 17;
HERCULES [GREEK GOD],CHAMP 2;
HERCULES [GREEK GOD],CHAMP 3;
HERCULES [GREEK GOD],CHAMP 4;
HERCULES [GREEK GOD],CHAMP 5;
HERCULES [GREEK GOD],CHAMP 6;
HERCULES [GREEK GOD],CHAMP 7;
HERCULES [GREEK GOD],CHAMP 8;
HERCULES [GREEK GOD],CHAMP 9;
HERCULES [GREEK GOD],COC 1;
HERCULES [GREEK GOD],DD 155;
HERCULES [GREEK GOD],DD 156;
HERCULES [GREEK GOD],DD 157;
HERCULES [GREEK GOD],DEF 62;
HERCULES [GREEK GOD],DEF 63;
HERCULES [GREEK GOD],DEF 64;
HERCULES [GREEK GOD],DEF 65;
HERCULES [GREEK GOD],E2 8;
HERCULES [GREEK GOD],FF 19;
HERCULES [GREEK GOD],FF 25;
HERCULES [GREEK GOD],FF 286;
HERCULES [GREEK GOD],FF3 21;
HERCULES [GREEK GOD],FF 333;
HERCULES [GREEK GOD],FF 367;
HERCULES [GREEK GOD],FF 368;
HERCULES [GREEK GOD],FF 369;
HERCULES [GREEK GOD],FF 370;
HERCULES [GREEK GOD],FFU 11;
HERCULES [GREEK GOD],FW 10/2;
HERCULES [GREEK GOD],FW 13;
HERCULES [GREEK GOD],FW 14;
HERCULES [GREEK GOD],GR2 23;
HERCULES [GREEK GOD],GUARD 1;
HERCULES [GREEK GOD],GZIL 3;
HERCULES [GREEK GOD],H2 316;
HERCULES [GREEK GOD],H2 320;
HERCULES [GREEK GOD],H2 321;
HERCULES [GREEK GOD],H2 322;
HERCULES [GREEK GOD],H2 323;
HERCULES [GREEK GOD],H2 434;
HERCULES [GREEK GOD],H2 440;
HERCULES [GREEK GOD],HFH 1;
HERCULES [GREEK GOD],HFH 12;
HERCULES [GREEK GOD],HFH 13;
HERCULES [GREEK GOD],HFH 2;
HERCULES [GREEK GOD],HFH 3;
HERCULES [GREEK GOD],HR:R 2;
HERCULES [GREEK GOD],IM 278;
HERCULES [GREEK GOD],IM 279;
HERCULES [GREEK GOD],IM 321;
HERCULES [GREEK GOD],IM 323;
HERCULES [GREEK GOD],IM 324;
HERCULES [GREEK GOD],IM 325;
HERCULES [GREEK GOD],IM 4;
HERCULES [GREEK GOD],IW 1;
HERCULES [GREEK GOD],IW 2;
HERCULES [GREEK GOD],IW 3;
HERCULES [GREEK GOD],IW 4;
HERCULES [GREEK GOD],IW 5;
HERCULES [GREEK GOD],IW 6;
HERCULES [GREEK GOD],JIM 1;
HERCULES [GREEK GOD],JIM 124;
HERCULES [GREEK GOD],JIM 125;
HERCULES [GREEK GOD],KS;
HERCULES [GREEK GOD],KZ 1/2;
HERCULES [GREEK GOD],MAXSEC 3;
HERCULES [GREEK GOD],M/CP 12/3;
HERCULES [GREEK GOD],M/GN 1;
HERCULES [GREEK GOD],MK3 41;
HERCULES [GREEK GOD],M/PRM 26;
HERCULES [GREEK GOD],M/PV 10/2;
HERCULES [GREEK GOD],M/SH3 1/2;
HERCULES [GREEK GOD],M/SH3 9;
HERCULES [GREEK GOD],M/TE 13;
HERCULES [GREEK GOD],M/TE 24;
HERCULES [GREEK GOD],M/TE 26;
HERCULES [GREEK GOD],M/TIO 44;
HERCULES [GREEK GOD],M/TU2 2;
HERCULES [GREEK GOD],M/TU2 3;
HERCULES [GREEK GOD],M/TU 28;
HERCULES [GREEK GOD],N 58;
HERCULES [GREEK GOD],NM 40;
HERCULES [GREEK GOD],NM 81;
HERCULES [GREEK GOD],NW2 10;
HERCULES [GREEK GOD],NW 26;
HERCULES [GREEK GOD],NW 27;
HERCULES [GREEK GOD],NW 72;
HERCULES [GREEK GOD],PM&IF 125;
HERCULES [GREEK GOD],PP 28;
HERCULES [GREEK GOD],PPTSS 17;
HERCULES [GREEK GOD],PPTSS 18;
HERCULES [GREEK GOD],Q 28;
HERCULES [GREEK GOD],Q 29;
HERCULES [GREEK GOD],Q 38;
HERCULES [GREEK GOD],Q 39;
HERCULES [GREEK GOD],Q 40;
HERCULES [GREEK GOD],Q 41;
HERCULES [GREEK GOD],Q 42;
HERCULES [GREEK GOD],QS 7;
HERCULES [GREEK GOD],ROM 65;
HERCULES [GREEK GOD],SENSM 3;
HERCULES [GREEK GOD],S-H2 25;
HERCULES [GREEK GOD],SOLOA 11/2;
HERCULES [GREEK GOD],SS3 14;
HERCULES [GREEK GOD],SS 4;
HERCULES [GREEK GOD],SUB-M 29;
HERCULES [GREEK GOD],SVTU 14;
HERCULES [GREEK GOD],SWII 5;
HERCULES [GREEK GOD],SWII 8;
HERCULES [GREEK GOD],SWII 9;
HERCULES [GREEK GOD],T '01;
HERCULES [GREEK GOD],T 126;
HERCULES [GREEK GOD],T 128;
HERCULES [GREEK GOD],T 129;
HERCULES [GREEK GOD],T 130;
HERCULES [GREEK GOD],T 131;
HERCULES [GREEK GOD],T15;
HERCULES [GREEK GOD],T 17;
HERCULES [GREEK GOD],T 17/2;
HERCULES [GREEK GOD],T2 12;
HERCULES [GREEK GOD],T2 13;
HERCULES [GREEK GOD],T 221;
HERCULES [GREEK GOD],T 222;
HERCULES [GREEK GOD],T 223;
HERCULES [GREEK GOD],T 224;
HERCULES [GREEK GOD],T 225;
HERCULES [GREEK GOD],T 226;
HERCULES [GREEK GOD],T 227;
HERCULES [GREEK GOD],T 228;
HERCULES [GREEK GOD],T 229;
HERCULES [GREEK GOD],T 230;
HERCULES [GREEK GOD],T 231;
HERCULES [GREEK GOD],T 232;
HERCULES [GREEK GOD],T 234;
HERCULES [GREEK GOD],T 235;
HERCULES [GREEK GOD],T 236;
HERCULES [GREEK GOD],T2 36;
HERCULES [GREEK GOD],T 237;
HERCULES [GREEK GOD],T 238;
HERCULES [GREEK GOD],T 239;
HERCULES [GREEK GOD],T2 39;
HERCULES [GREEK GOD],T2 6;
HERCULES [GREEK GOD],T2 7;
HERCULES [GREEK GOD],T 289;
HERCULES [GREEK GOD],T 291;
HERCULES [GREEK GOD],T 292;
HERCULES [GREEK GOD],T 353;
HERCULES [GREEK GOD],T 356;
HERCULES [GREEK GOD],T 406;
HERCULES [GREEK GOD],T 407;
HERCULES [GREEK GOD],T 408;
HERCULES [GREEK GOD],T 409;
HERCULES [GREEK GOD],T 410;
HERCULES [GREEK GOD],T 411;
HERCULES [GREEK GOD],T 412;
HERCULES [GREEK GOD],T 413;
HERCULES [GREEK GOD],T 414;
HERCULES [GREEK GOD],T 416;
HERCULES [GREEK GOD],T 417;
HERCULES [GREEK GOD],T 418;
HERCULES [GREEK GOD],T 419;
HERCULES [GREEK GOD],T 420;
HERCULES [GREEK GOD],T 421;
HERCULES [GREEK GOD],T 422;
HERCULES [GREEK GOD],T 423;
HERCULES [GREEK GOD],T 424;
HERCULES [GREEK GOD],T 425;
HERCULES [GREEK GOD],T 426;
HERCULES [GREEK GOD],T 436;
HERCULES [GREEK GOD],T 437;
HERCULES [GREEK GOD],T 444;
HERCULES [GREEK GOD],T 5;
HERCULES [GREEK GOD],TB 22;
HERCULES [GREEK GOD],TOS 92/2;
HERCULES [GREEK GOD],TS 10;
HERCULES [GREEK GOD],TS 19;
HERCULES [GREEK GOD],TS 23;
HERCULES [GREEK GOD],TS 24;
HERCULES [GREEK GOD],TTA 79/2;
HERCULES [GREEK GOD],W2 144;
HERCULES [GREEK GOD],WCA 1;
HERCULES [GREEK GOD],WIW 8;
HERCULES [GREEK GOD],WM2 13;
HERCULES [GREEK GOD],WM2 14;
HERCULES [GREEK GOD],WM2 15;
HERCULES [GREEK GOD],WM2 9;
HERCULES [GREEK GOD],WOSM 75;
HERCULES [GREEK GOD],X 59;
HERCULES [GREEK GOD],XFOR '98;
HERMES [GREEK GOD],A 279;
HERMES [GREEK GOD],A 281;
HERMES [GREEK GOD],A 284;
HERMES [GREEK GOD],A 285;
HERMES [GREEK GOD],S-H2 36;
HERMES [GREEK GOD],T 129;
HERMES [GREEK GOD],T2 7;
HERMES [GREEK GOD],T 291;
HERMES [GREEK GOD],T 292;
HERMES [GREEK GOD],T 301;
HERMES [GREEK GOD],T 465;
HERMOD [ASGARDIAN],JIM 504;
HERMOD [ASGARDIAN],JIM 505;
HERMOD [ASGARDIAN],JIM 508;
HERMOD [ASGARDIAN],JIM 509;
HERMOD [ASGARDIAN],JIM 510;
HERMOD [ASGARDIAN],JIM 511;
HERMOD [ASGARDIAN],JIM 512;
HERMOD [ASGARDIAN],JIM 513;
HERMOD [ASGARDIAN],M/SH3 9/2;
HERMOD [ASGARDIAN],T 275;
HERMOD [ASGARDIAN],T 276;
HERMOD [ASGARDIAN],T 301;
HERMOD [ASGARDIAN],T 302;
HERMOD [ASGARDIAN],T 306/2;
HERMOD [ASGARDIAN],T 351;
HERMOD [ASGARDIAN],T 454;
HESCAMAR/MARNOT [ASG,T '00;
HESCAMAR/MARNOT [ASG,T2 10;
HESCAMAR/MARNOT [ASG,T2 12;
HESCAMAR/MARNOT [ASG,T2 13;
HESCAMAR/MARNOT [ASG,T2 14;
HESCAMAR/MARNOT [ASG,T2 2;
HESCAMAR/MARNOT [ASG,T2 3;
HESCAMAR/MARNOT [ASG,T2 36;
HESCAMAR/MARNOT [ASG,T2 37;
HESCAMAR/MARNOT [ASG,T2 6;
HESCAMAR/MARNOT [ASG,T2 9;
HESSLER, WOLFGANG,HFH 10;
HESSLER, WOLFGANG,HFH 11;
HETH'SA,GAM3 23;
HEX/DOMINIC DESTINE,X&CD 1;
HEX/DOMINIC DESTINE,X&CD 2;
HEYWERTH, GENERAL,AWC 69;
HEYWERTH, GENERAL,CA 380/2;
HEYWERTH, GENERAL,CA 382/2;
HEYWERTH, GENERAL,NOM 1;
HEYWERTH, GENERAL,NOM 2;
HEYWERTH, GENERAL,NOM 3;
HEYWERTH, GENERAL,NOM 4;
HEYWERTH, GENERAL,P:NE;
HEYWERTH, GENERAL,TB 21;
HEYWERTH, GENERAL,TB 26;
HIBBERT, ELLEN,SENSM 21;
HIBBERT, ELLEN,SENSM 22;
HIBBERT, ELLEN,SENSM 24;
HIBBERT, ELLEN,SENSM 31;
HIBBERT, HOPE,SENSM 18;
HIBBERT, HOPE,SENSM 21;
HIBBERT, HOPE,SENSM 22;
HIBBERT, HOPE,SENSM 24;
HIBBERT, HOPE,SENSM 26;
HIBBERT, HOPE,SENSM 28;
HIBBERT, HOPE,SENSM 29;
HIBBERT, HOPE,SENSM 30;
HIBBERT, HOPE,SENSM 31;
HIDALGO, DETECTIVE J,XFOR 37;
HIDALGO, DETECTIVE J,XFOR 40;
HIDALGO, DETECTIVE J,XFOR 41;
HIGGINS, JANE,W2 132;
HIGGINS, LINDA,W2 132;
HIGGINS, RICHIE,W2 132;
HIGGINS, SAMUEL,AF 87;
HIGGINS, SAMUEL,AF 89;
HIGGINS, SAMUEL,AF 90;
HIGGINS, SAMUEL,TB 34;
HIGGINS, SAMUEL,TB 36;
HIGGINS, SAMUEL,TB 39;
HIGH EVOLUTIONARY/HE,A 17;
HIGH EVOLUTIONARY/HE,A 17/2;
HIGH EVOLUTIONARY/HE,A 186;
HIGH EVOLUTIONARY/HE,A 187;
HIGH EVOLUTIONARY/HE,A 380;
HIGH EVOLUTIONARY/HE,A 381;
HIGH EVOLUTIONARY/HE,A 382;
HIGH EVOLUTIONARY/HE,ALF 1/5;
HIGH EVOLUTIONARY/HE,ALF 1/6;
HIGH EVOLUTIONARY/HE,ASM 22;
HIGH EVOLUTIONARY/HE,ASM 22/3;
HIGH EVOLUTIONARY/HE,FF 172;
HIGH EVOLUTIONARY/HE,FF 173;
HIGH EVOLUTIONARY/HE,FF 174;
HIGH EVOLUTIONARY/HE,FF 175;
HIGH EVOLUTIONARY/HE,FF 21;
HIGH EVOLUTIONARY/HE,FF 21/3;
HIGH EVOLUTIONARY/HE,FFU 9;
HIGH EVOLUTIONARY/HE,GSA 1;
HIGH EVOLUTIONARY/HE,H2 158;
HIGH EVOLUTIONARY/HE,H2 266;
HIGH EVOLUTIONARY/HE,HFH 15;
HIGH EVOLUTIONARY/HE,HFH 16;
HIGH EVOLUTIONARY/HE,HFH 17;
HIGH EVOLUTIONARY/HE,HFH '98;
HIGH EVOLUTIONARY/HE,KZ4 12;
HIGH EVOLUTIONARY/HE,KZ4 13;
HIGH EVOLUTIONARY/HE,KZ4 14;
HIGH EVOLUTIONARY/HE,M/PRM 1;
HIGH EVOLUTIONARY/HE,M/TIO 62;
HIGH EVOLUTIONARY/HE,M/TIO 63;
HIGH EVOLUTIONARY/HE,NM 4;
HIGH EVOLUTIONARY/HE,NM 4/3;
HIGH EVOLUTIONARY/HE,PPTSS 8;
HIGH EVOLUTIONARY/HE,PPTSS 8/3;
HIGH EVOLUTIONARY/HE,PUN 1/3;
HIGH EVOLUTIONARY/HE,QS 1;
HIGH EVOLUTIONARY/HE,QS 10;
HIGH EVOLUTIONARY/HE,QS 11;
HIGH EVOLUTIONARY/HE,QS 12;
HIGH EVOLUTIONARY/HE,QS 7;
HIGH EVOLUTIONARY/HE,QS 8;
HIGH EVOLUTIONARY/HE,QS 9;
HIGH EVOLUTIONARY/HE,SM:DMH;
HIGH EVOLUTIONARY/HE,SS 1;
HIGH EVOLUTIONARY/HE,SS 1/4;
HIGH EVOLUTIONARY/HE,SSU 1;
HIGH EVOLUTIONARY/HE,T 134;
HIGH EVOLUTIONARY/HE,T 135;
HIGH EVOLUTIONARY/HE,T 19;
HIGH EVOLUTIONARY/HE,T 407;
HIGH EVOLUTIONARY/HE,T 408;
HIGH EVOLUTIONARY/HE,T 417;
HIGH EVOLUTIONARY/HE,T 419;
HIGH EVOLUTIONARY/HE,T 420;
HIGH EVOLUTIONARY/HE,T 422;
HIGH EVOLUTIONARY/HE,T 423;
HIGH EVOLUTIONARY/HE,T 424;
HIGH EVOLUTIONARY/HE,T 425;
HIGH EVOLUTIONARY/HE,T 449/2;
HIGH EVOLUTIONARY/HE,T 450/2;
HIGH EVOLUTIONARY/HE,T 473;
HIGH EVOLUTIONARY/HE,T 475;
HIGH EVOLUTIONARY/HE,T 476;
HIGH EVOLUTIONARY/HE,T 477;
HIGH EVOLUTIONARY/HE,T 478;
HIGH EVOLUTIONARY/HE,T 480;
HIGH EVOLUTIONARY/HE,T 481;
HIGH EVOLUTIONARY/HE,T 482;
HIGH EVOLUTIONARY/HE,T 483;
HIGH EVOLUTIONARY/HE,T 484;
HIGH EVOLUTIONARY/HE,T 486;
HIGH EVOLUTIONARY/HE,T 487;
HIGH EVOLUTIONARY/HE,T 488;
HIGH EVOLUTIONARY/HE,T 489;
HIGH EVOLUTIONARY/HE,TTA 94/2;
HIGH EVOLUTIONARY/HE,TTA 95/2;
HIGH EVOLUTIONARY/HE,TTA 96/2;
HIGH EVOLUTIONARY/HE,UX 12;
HIGH EVOLUTIONARY/HE,UX 12/3;
HIGH EVOLUTIONARY/HE,UX 379;
HIGH EVOLUTIONARY/HE,UX 380;
HIGH EVOLUTIONARY/HE,UX '99;
HIGH EVOLUTIONARY/HE,WCA 3;
HIGH EVOLUTIONARY/HE,WCA 3/2;
HIGH EVOLUTIONARY/HE,WCA 3/3;
HIGH EVOLUTIONARY/HE,WIW 3;
HIGH EVOLUTIONARY/HE,WIW 4;
HIGH EVOLUTIONARY/HE,WLOCK 1;
HIGH EVOLUTIONARY/HE,WLOCK 5;
HIGH EVOLUTIONARY/HE,WLOCK 8;
HIGH EVOLUTIONARY/HE,WOSM 4;
HIGH EVOLUTIONARY/HE,WOSM 4/3;
HIGH EVOLUTIONARY/HE,X 99;
HIGH EVOLUTIONARY/HE,XCAL 113;
HIGH EVOLUTIONARY/HE,XF 3;
HIGH EVOLUTIONARY/HE,XF 3/3;
HIGHNOTE/RAOUL HERNA,M/CP 101/2;
HIGHNOTE/RAOUL HERNA,M/CP 102/2;
HIGHNOTE/RAOUL HERNA,M/CP 103/2;
HIGHNOTE/RAOUL HERNA,M/CP 105/2;
HIGHNOTE/RAOUL HERNA,M/CP 107/2;
HIGHNOTE/RAOUL HERNA,M/CP 108/2;
HIGHNOTE/RAOUL HERNA,M/CP 109/2;
HIGHNOTE/RAOUL HERNA,PPTSS 8;
HIGHNOTE/RAOUL HERNA,T 300;
HIGH OVERLORD,AA2 23;
HIGH OVERLORD,AA2 24;
HIGH OVERLORD,AA2 27;
HIGH OVERLORD,AA2 30;
HIGH OVERLORD,AA2 32;
HIGH OVERLORD,AA2 36;
HIGH OVERLORD,M/GN 7;
HIJACKER,CA 319;
HIJACKER,M/TIO 24;
HIJACKER,M/TIO 96;
HILARY,A 102;
HILARY,UX 99;
HILDEBRANT, DR.,NHAWK 1;
HILDEGARDE [ASGARDIA,A 105;
HILDEGARDE [ASGARDIA,T 195;
HILDEGARDE [ASGARDIA,T 196;
HILDEGARDE [ASGARDIA,T 197;
HILDEGARDE [ASGARDIA,T 198;
HILDEGARDE [ASGARDIA,T 199;
HILDEGARDE [ASGARDIA,T 201;
HILDEGARDE [ASGARDIA,T 202;
HILDEGARDE [ASGARDIA,T 203;
HILDEGARDE [ASGARDIA,T 204;
HILDEGARDE [ASGARDIA,T 205;
HILDEGARDE [ASGARDIA,T 206;
HILDEGARDE [ASGARDIA,T 207;
HILDEGARDE [ASGARDIA,T 208;
HILDEGARDE [ASGARDIA,T 209;
HILDEGARDE [ASGARDIA,T 210;
HILDEGARDE [ASGARDIA,T 212;
HILDEGARDE [ASGARDIA,T 213;
HILDEGARDE [ASGARDIA,T 214;
HILDEGARDE [ASGARDIA,T 215;
HILDEGARDE [ASGARDIA,T 216;
HILDEGARDE [ASGARDIA,T 217;
HILDEGARDE [ASGARDIA,T 219;
HILDEGARDE [ASGARDIA,T 220;
HILDEGARDE [ASGARDIA,T 221;
HILDEGARDE [ASGARDIA,T 222;
HILDEGARDE [ASGARDIA,T 223;
HILDEGARDE [ASGARDIA,T 225;
HILDEGARDE [ASGARDIA,T 227;
HILDEGARDE [ASGARDIA,T 230;
HILDEGARDE [ASGARDIA,T 231;
HILDEGARDE [ASGARDIA,T 232;
HILDEGARDE [ASGARDIA,T 246;
HILDEGARDE [ASGARDIA,T 248;
HILDEGARDE [ASGARDIA,T 250;
HILDEGARDE [ASGARDIA,T 311/2;
HILDEGARDE [ASGARDIA,T 312/2;
HILDEGARDE [ASGARDIA,T 313/2;
HILDEGARDE [ASGARDIA,T 9;
HILDY [ASGARDIAN],JIM 512;
HILDY [ASGARDIAN],NM 82;
HILDY [ASGARDIAN],NM 83;
HILDY [ASGARDIAN],NM 84;
HILDY [ASGARDIAN],NM 85;
HILDY [ASGARDIAN],NM 86;
HILDY [ASGARDIAN],T 350;
HILDY [ASGARDIAN],T 351;
HILDY [ASGARDIAN],T 352;
HILDY [ASGARDIAN],T 353;
HILDY [ASGARDIAN],T 354;
HILDY [ASGARDIAN],T 355;
HILDY [ASGARDIAN],T 357;
HILDY [ASGARDIAN],T 359;
HILDY [ASGARDIAN],T 361;
HILDY [ASGARDIAN],T 363;
HILDY [ASGARDIAN],T 364;
HILDY [ASGARDIAN],T 366;
HILDY [ASGARDIAN],T 367;
HILDY [ASGARDIAN],T 374;
HILDY [ASGARDIAN],T 375;
HILDY [ASGARDIAN],T 376;
HILDY [ASGARDIAN],T 378;
HILDY [ASGARDIAN],T 379;
HILDY [ASGARDIAN],T 381;
HILDY [ASGARDIAN],T 382;
HILDY [ASGARDIAN],T 397;
HILDY [ASGARDIAN],T 400/2;
HILL, GEORGE,M/CP 68/4;
HILLIARD, JACOB,PPTSS 257;
HINDSIGHT LAD/CARLTO,NO2 7;
HINDSIGHT LAD/CARLTO,NT2 16;
HINDSIGHT LAD/CARLTO,NW 48;
HINDSIGHT LAD/CARLTO,NW 49;
HINDSIGHT LAD/CARLTO,NW 50;
HINDSIGHT LAD/CARLTO,NW 51;
HINDSIGHT LAD/CARLTO,NW 52;
HINDSIGHT LAD/CARLTO,NW 55;
HINDSIGHT LAD/CARLTO,NW 57;
HINDSIGHT LAD/CARLTO,NW 59;
HINDSIGHT LAD/CARLTO,NW 60;
HINDSIGHT LAD/CARLTO,NW 61;
HINDSIGHT LAD/CARLTO,NW 62;
HINDSIGHT LAD/CARLTO,NW 63;
HINDSIGHT LAD/CARLTO,NW 64;
HINDSIGHT LAD/CARLTO,NW 65;
HINDSIGHT LAD/CARLTO,NW 68;
HINDSIGHT LAD/CARLTO,NW 69;
HINDSIGHT LAD/CARLTO,NW 71;
HINDSIGHT LAD/CARLTO,NW 72;
HINDSIGHT LAD/CARLTO,NW 73;
HINDSIGHT LAD/CARLTO,NW 74;
HINDSIGHT LAD/CARLTO,NW 75;
HINDSIGHT LAD/CARLTO,PPTSS 227;
HINDSIGHT LAD/CARLTO,WOSM 129;
HINDS, PATRICK,DD 372;
HINKLEY, ADMIRAL,AWC 71;
HINKLEY,H2 446;
HIPPOLYTA [GREEK GOD,CHAMP 1;
HIPPOLYTA [GREEK GOD,CHAMP 2;
HIPPOLYTA [GREEK GOD,CHAMP 3;
HIPPOLYTA [GREEK GOD,FF3 21;
HIPPOLYTA [GREEK GOD,T 128;
HIROMITSU,IFW 1;
HIROMITSU,IFW 2;
HIROMITSU,NW2 10;
HIROMITSU,NW2 5;
HIRO,UX 289;
HIRO,UX 290;
HIRO,XF 63;
HIRO,XF 64;
HITCHUCK, KELLY,JUSTICE 1;
HITCHUCK, KELLY,JUSTICE 2;
HITCHUCK, KELLY,JUSTICE 3;
HITCHUCK, KELLY,JUSTICE 4;
HITCHUCK, KELLY,XFOR 43;
HITLER, ADOLF,CAPTAIN AMERICA COMI;
HITLER, ADOLF,INV 1;
HITLER, ADOLF,INV 16;
HITLER, ADOLF,INV 17;
HITLER, ADOLF,INV 18;
HITLER, ADOLF,INV 19;
HITLER, ADOLF,INV 20;
HITLER, ADOLF,INV 21;
HITLER, ADOLF,INV 32;
HITLER, ADOLF,INV 33;
HITLER, ADOLF,INV 36;
HITMAN/LT. BURT KENY,ASM 174;
HITMAN/LT. BURT KENY,ASM 175;
HITMAN/LT. BURT KENY,PPTSS 4;
HITMAN/LT. BURT KENY,PPTSS 5;
HOARD, JOSH,CA3 33;
HOARD, JOSH,CA3 34;
HOARFEN,H2 422;
HOARFEN,H2 423;
HOARFROST/,TB 31;
HOARFROST/,TB 32;
HOBBS, DET.,DD 7;
HOBBS, HARRIS,JIM 114;
HOBBS, HARRIS,JIM 115;
HOBBS, HARRIS,JIM 120;
HOBBS, HARRIS,JIM 121;
HOBBS, HARRIS,JIM 122;
HOBBS, HARRIS,JIM 123;
HOBBS, HARRIS,T 273;
HOBBS, HARRIS,T 274;
HOBBS, HARRIS,T 275;
HOBBS, HARRIS,T 276;
HOBBS, HARRIS,T 277;
HOBBS, HARRIS,T 278;
HOBBS, HARRIS,T 394;
HOBGOBLIN,A 345;
HOBGOBLIN,AWC 81;
HOBGOBLIN III/LEFTY,ASM 244;
HOBGOBLIN III/LEFTY,ASM 245;
HOBGOBLIN II/RODERIC,ASM 238;
HOBGOBLIN II/RODERIC,ASM 239;
HOBGOBLIN II/RODERIC,ASM 244;
HOBGOBLIN II/RODERIC,ASM 245;
HOBGOBLIN II/RODERIC,ASM 249;
HOBGOBLIN II/RODERIC,ASM 250;
HOBGOBLIN II/RODERIC,ASM 251;
HOBGOBLIN II/RODERIC,ASM 255;
HOBGOBLIN II/RODERIC,ASM 257;
HOBGOBLIN II/RODERIC,ASM 258;
HOBGOBLIN II/RODERIC,ASM 259;
HOBGOBLIN II/RODERIC,ASM 260;
HOBGOBLIN II/RODERIC,ASM 261;
HOBGOBLIN II/RODERIC,ASM 271;
HOBGOBLIN II/RODERIC,ASM 275;
HOBGOBLIN II/RODERIC,ASM 276;
HOBGOBLIN II/RODERIC,ASM 280;
HOBGOBLIN II/RODERIC,ASM 281;
HOBGOBLIN II/RODERIC,ASM 283;
HOBGOBLIN II/RODERIC,ASM 284;
HOBGOBLIN II/RODERIC,ASM 287;
HOBGOBLIN II/RODERIC,ASMU 14;
HOBGOBLIN II/RODERIC,PPTSS 116;
HOBGOBLIN II/RODERIC,PPTSS 259;
HOBGOBLIN II/RODERIC,PPTSS 260;
HOBGOBLIN II/RODERIC,PPTSS 261;
HOBGOBLIN II/RODERIC,PPTSS 43;
HOBGOBLIN II/RODERIC,PPTSS 48;
HOBGOBLIN II/RODERIC,PPTSS 57;
HOBGOBLIN II/RODERIC,PPTSS 85;
HOBGOBLIN II/RODERIC,S-H2 30;
HOBGOBLIN II/RODERIC,WOSM 29;
HOBGOBLIN,INH3 3;
HOBGOBLIN,INH3 4;
HOBGOBLIN,UX 107;
HOBGOBLIN V/JASON PH,ASM 254;
HOBGOBLIN V/JASON PH,ASM 279;
HOBGOBLIN V/JASON PH,ASM 280;
HOBGOBLIN V/JASON PH,ASM 281;
HOBGOBLIN V/JASON PH,ASM 284;
HOBGOBLIN V/JASON PH,ASM 285;
HOBGOBLIN V/JASON PH,ASM 286;
HOBGOBLIN V/JASON PH,ASM 288;
HOBGOBLIN V/JASON PH,ASM 289;
HOBGOBLIN V/JASON PH,ASM 311;
HOBGOBLIN V/JASON PH,ASM 312;
HOBGOBLIN V/JASON PH,ASM 335;
HOBGOBLIN V/JASON PH,ASM 337;
HOBGOBLIN V/JASON PH,ASM 338;
HOBGOBLIN V/JASON PH,ASM 339;
HOBGOBLIN V/JASON PH,ASM:FO 1;
HOBGOBLIN V/JASON PH,ASM:FO 2;
HOBGOBLIN V/JASON PH,ASMU 12;
HOBGOBLIN V/JASON PH,ASMU 9;
HOBGOBLIN V/JASON PH,DHAWK 1;
HOBGOBLIN V/JASON PH,DHAWK 2;
HOBGOBLIN V/JASON PH,DHAWK 3;
HOBGOBLIN V/JASON PH,DRSTR3 11;
HOBGOBLIN V/JASON PH,GG 4;
HOBGOBLIN V/JASON PH,GR3 16;
HOBGOBLIN V/JASON PH,GR3 17;
HOBGOBLIN V/JASON PH,M/CP 112/2;
HOBGOBLIN V/JASON PH,MK3 31;
HOBGOBLIN V/JASON PH,MK3 32;
HOBGOBLIN V/JASON PH,MK3 33;
HOBGOBLIN V/JASON PH,MM 19;
HOBGOBLIN V/JASON PH,PPTSS 110;
HOBGOBLIN V/JASON PH,PPTSS 146;
HOBGOBLIN V/JASON PH,PPTSS 147;
HOBGOBLIN V/JASON PH,PPTSS 161;
HOBGOBLIN V/JASON PH,PPTSS 162;
HOBGOBLIN V/JASON PH,PPTSS 163;
HOBGOBLIN V/JASON PH,PPTSS 234;
HOBGOBLIN V/JASON PH,PPTSS 56;
HOBGOBLIN V/JASON PH,S-M 18;
HOBGOBLIN V/JASON PH,S-M 19;
HOBGOBLIN V/JASON PH,S-M 20;
HOBGOBLIN V/JASON PH,S-M 21;
HOBGOBLIN V/JASON PH,S-M 22;
HOBGOBLIN V/JASON PH,S-M 23;
HOBGOBLIN V/JASON PH,S-M 24;
HOBGOBLIN V/JASON PH,S-M 47;
HOBGOBLIN V/JASON PH,S-M 48;
HOBGOBLIN V/JASON PH,S-M 49;
HOBGOBLIN V/JASON PH,S-M 6;
HOBGOBLIN V/JASON PH,S-M 68;
HOBGOBLIN V/JASON PH,S-M 69;
HOBGOBLIN V/JASON PH,S-M 7;
HOBGOBLIN V/JASON PH,SOV 5;
HOBGOBLIN V/JASON PH,SOV 6;
HOBGOBLIN V/JASON PH,WOSM 29;
HOBGOBLIN V/JASON PH,WOSM 38;
HOBGOBLIN V/JASON PH,WOSM 47;
HOBGOBLIN V/JASON PH,WOSM 48;
HOBGOBLIN V/JASON PH,WOSM 84;
HOBGOBLIN V/JASON PH,WOSM 85;
HOBGOBLIN V/JASON PH,WOSM 86;
HOBGOBLIN V/JASON PH,WOSM 87;
HOBGOBLIN V/JASON PH,WOSM 88;
HOBGOBLIN V/JASON PH,WOSM 89;
HOBGOBLIN V/JASON PH,WOSM 93;
HOBGOBLIN V/JASON PH,WOSM 94;
HOBGOBLIN V/JASON PH,WOSM 95;
HOBGOBLIN V/JASON PH,WOSM 96;
HOBGOBLIN,XSOS 2;
HOCHBERG, ROGER,ASM 223;
HOCHBERG, ROGER,ASM 231;
HOCHBERG, ROGER,ASM 232;
HOCHBERG, ROGER,ASM 234;
HOCHBERG, ROGER,ASM 243;
HOCHBERG, ROGER,M/TU 117;
HOCHBERG, ROGER,M/TU 124;
HOCHBERG, ROGER,M/TU 128;
HOCHBERG, ROGER,M/TU 131;
HOCHBERG, ROGER,PPTSS 177;
HODER [ASGARDIAN],M/SH3 5;
HODER [ASGARDIAN],T 274;
HODER [ASGARDIAN],T 275;
HODER [ASGARDIAN],T 278;
HODER [ASGARDIAN],T 301;
HODGE, CAMERON,ASM 282;
HODGE, CAMERON,IM 8;
HODGE, CAMERON,NM 51;
HODGE, CAMERON,NM 60;
HODGE, CAMERON,NM 95;
HODGE, CAMERON,NM 96;
HODGE, CAMERON,NM 97;
HODGE, CAMERON,UX 271;
HODGE, CAMERON,UX 272;
HODGE, CAMERON,XF 1;
HODGE, CAMERON,XF 10;
HODGE, CAMERON,XF 11;
HODGE, CAMERON,XF 12;
HODGE, CAMERON,XF 13;
HODGE, CAMERON,XF 16;
HODGE, CAMERON,XF 17;
HODGE, CAMERON,XF 18;
HODGE, CAMERON,XF 19;
HODGE, CAMERON,XF 2;
HODGE, CAMERON,XF 21;
HODGE, CAMERON,XF 22;
HODGE, CAMERON,XF 23;
HODGE, CAMERON,XF 3;
HODGE, CAMERON,XF 33;
HODGE, CAMERON,XF 34;
HODGE, CAMERON,XF 4;
HODGE, CAMERON,XF 47;
HODGE, CAMERON,XF 5;
HODGE, CAMERON,XF 57;
HODGE, CAMERON,XF 59;
HODGE, CAMERON,XF 60;
HODGE, CAMERON,XF 61;
HODGE, CAMERON,XF 62;
HODGE, CAMERON,XF 7;
HODGE, CAMERON,XF 8;
HODGE, CAMERON,XF 9;
HOFFMAN, ALICE,PWJ 31;
HOFFMAN, ALICE,PWJ 32;
HOFFMAN, ALICE,PWJ 33;
HOFFMAN,BHOOD 1;
HOFFMAN,BHOOD 2;
HOGAN, HAROLD J. HAP,A 16;
HOGAN, HAROLD J. HAP,A3 28;
HOGAN, HAROLD J. HAP,A 9;
HOGAN, HAROLD J. HAP,AOI;
HOGAN, HAROLD J. HAP,FW 10/2;
HOGAN, HAROLD J. HAP,FW 8;
HOGAN, HAROLD J. HAP,IM 112;
HOGAN, HAROLD J. HAP,IM 19;
HOGAN, HAROLD J. HAP,IM 199;
HOGAN, HAROLD J. HAP,IM 200;
HOGAN, HAROLD J. HAP,IM 201;
HOGAN, HAROLD J. HAP,IM 21;
HOGAN, HAROLD J. HAP,IM 210;
HOGAN, HAROLD J. HAP,IM 26;
HOGAN, HAROLD J. HAP,IM 284;
HOGAN, HAROLD J. HAP,IM 3;
HOGAN, HAROLD J. HAP,IM3 11;
HOGAN, HAROLD J. HAP,IM3 12;
HOGAN, HAROLD J. HAP,IM 313;
HOGAN, HAROLD J. HAP,IM3 13;
HOGAN, HAROLD J. HAP,IM3 14;
HOGAN, HAROLD J. HAP,IM 315;
HOGAN, HAROLD J. HAP,IM3 15;
HOGAN, HAROLD J. HAP,IM3 16;
HOGAN, HAROLD J. HAP,IM3 17;
HOGAN, HAROLD J. HAP,IM 318;
HOGAN, HAROLD J. HAP,IM 319;
HOGAN, HAROLD J. HAP,IM3 2;
HOGAN, HAROLD J. HAP,IM3 20;
HOGAN, HAROLD J. HAP,IM3 23;
HOGAN, HAROLD J. HAP,IM3 24;
HOGAN, HAROLD J. HAP,IM3 25;
HOGAN, HAROLD J. HAP,IM 327;
HOGAN, HAROLD J. HAP,IM3 28;
HOGAN, HAROLD J. HAP,IM3 29;
HOGAN, HAROLD J. HAP,IM3 3;
HOGAN, HAROLD J. HAP,IM3 37;
HOGAN, HAROLD J. HAP,IM3 38;
HOGAN, HAROLD J. HAP,IM3 39;
HOGAN, HAROLD J. HAP,IM3 4;
HOGAN, HAROLD J. HAP,IM3 41;
HOGAN, HAROLD J. HAP,IM3 42;
HOGAN, HAROLD J. HAP,IM3 5;
HOGAN, HAROLD J. HAP,IM3 6;
HOGAN, HAROLD J. HAP,IM 37;
HOGAN, HAROLD J. HAP,IM3 8;
HOGAN, HAROLD J. HAP,IM3 9;
HOGAN, HAROLD J. HAP,IM 4;
HOGAN, HAROLD J. HAP,IM 59;
HOGAN, HAROLD J. HAP,IM 61;
HOGAN, HAROLD J. HAP,IM 63;
HOGAN, HAROLD J. HAP,IM 64;
HOGAN, HAROLD J. HAP,IM 65;
HOGAN, HAROLD J. HAP,IM 66;
HOGAN, HAROLD J. HAP,IM 67;
HOGAN, HAROLD J. HAP,IM 69;
HOGAN, HAROLD J. HAP,IM 70;
HOGAN, HAROLD J. HAP,IM 71;
HOGAN, HAROLD J. HAP,IM 73;
HOGAN, HAROLD J. HAP,IM 82;
HOGAN, HAROLD J. HAP,IM 83;
HOGAN, HAROLD J. HAP,IM 84;
HOGAN, HAROLD J. HAP,IM 85;
HOGAN, HAROLD J. HAP,IM 86;
HOGAN, HAROLD J. HAP,IM 87;
HOGAN, HAROLD J. HAP,IM 88;
HOGAN, HAROLD J. HAP,IM '98;
HOGAN, HAROLD J. HAP,IM:BB 1;
HOGAN, HAROLD J. HAP,IM:BB 3;
HOGAN, HAROLD J. HAP,IM:BB 4;
HOGAN, HAROLD J. HAP,IM:IA 2;
HOGAN, HAROLD J. HAP,M/CP 58/4;
HOGAN, HAROLD J. HAP,M/H&L '97;
HOGAN, HAROLD J. HAP,S&L 1/3;
HOGAN, HAROLD J. HAP,TOS 45;
HOGAN, HAROLD J. HAP,TOS 46;
HOGAN, HAROLD J. HAP,TOS 47;
HOGAN, HAROLD J. HAP,TOS 48;
HOGAN, HAROLD J. HAP,TOS 49;
HOGAN, HAROLD J. HAP,TOS 50;
HOGAN, HAROLD J. HAP,TOS 51;
HOGAN, HAROLD J. HAP,TOS 52;
HOGAN, HAROLD J. HAP,TOS 53;
HOGAN, HAROLD J. HAP,TOS 54;
HOGAN, HAROLD J. HAP,TOS 55;
HOGAN, HAROLD J. HAP,TOS 56;
HOGAN, HAROLD J. HAP,TOS 57;
HOGAN, HAROLD J. HAP,TOS 58;
HOGAN, HAROLD J. HAP,TOS 59;
HOGAN, HAROLD J. HAP,TOS 60;
HOGAN, HAROLD J. HAP,TOS 61;
HOGAN, HAROLD J. HAP,TOS 63;
HOGAN, HAROLD J. HAP,TOS 64;
HOGAN, HAROLD J. HAP,TOS 65;
HOGAN, HAROLD J. HAP,TOS 66;
HOGAN, HAROLD J. HAP,TOS 67;
HOGAN, HAROLD J. HAP,TOS 68;
HOGAN, HAROLD J. HAP,TOS 69;
HOGAN, HAROLD J. HAP,TOS 70;
HOGAN, HAROLD J. HAP,TOS 71;
HOGAN, HAROLD J. HAP,TOS 73;
HOGAN, HAROLD J. HAP,TOS 74;
HOGAN, HAROLD J. HAP,TOS 75;
HOGAN, HAROLD J. HAP,TOS 76;
HOGAN, HAROLD J. HAP,TOS 82;
HOGAN, HAROLD J. HAP,TOS 83;
HOGAN, HAROLD J. HAP,TOS 84;
HOGAN, HAROLD J. HAP,TOS 85;
HOGAN, HAROLD J. HAP,TOS 86;
HOGAN, HAROLD J. HAP,TOS 87;
HOGAN, HAROLD J. HAP,TOS 88;
HOGAN, HAROLD J. HAP,TOS 89;
HOGAN, HAROLD J. HAP,TOS 91;
HOGAN, HAROLD J. HAP,UTSM '97;
HOGAN, HAROLD J. HAP,WLOCK3 2;
HOGAN, VIRGINIA PEPP,A 9;
HOGAN, VIRGINIA PEPP,A '99;
HOGAN, VIRGINIA PEPP,AOI;
HOGAN, VIRGINIA PEPP,FF3 15;
HOGAN, VIRGINIA PEPP,FW 8;
HOGAN, VIRGINIA PEPP,IM 112;
HOGAN, VIRGINIA PEPP,IM 19;
HOGAN, VIRGINIA PEPP,IM 199;
HOGAN, VIRGINIA PEPP,IM 200;
HOGAN, VIRGINIA PEPP,IM 201;
HOGAN, VIRGINIA PEPP,IM 210;
HOGAN, VIRGINIA PEPP,IM 26;
HOGAN, VIRGINIA PEPP,IM 284;
HOGAN, VIRGINIA PEPP,IM 3;
HOGAN, VIRGINIA PEPP,IM3 1;
HOGAN, VIRGINIA PEPP,IM3 11;
HOGAN, VIRGINIA PEPP,IM3 12;
HOGAN, VIRGINIA PEPP,IM3 15;
HOGAN, VIRGINIA PEPP,IM3 16;
HOGAN, VIRGINIA PEPP,IM3 17;
HOGAN, VIRGINIA PEPP,IM3 18;
HOGAN, VIRGINIA PEPP,IM 319;
HOGAN, VIRGINIA PEPP,IM3 19;
HOGAN, VIRGINIA PEPP,IM3 2;
HOGAN, VIRGINIA PEPP,IM3 20;
HOGAN, VIRGINIA PEPP,IM3 22;
HOGAN, VIRGINIA PEPP,IM3 23;
HOGAN, VIRGINIA PEPP,IM3 24;
HOGAN, VIRGINIA PEPP,IM3 25;
HOGAN, VIRGINIA PEPP,IM3 26;
HOGAN, VIRGINIA PEPP,IM 327;
HOGAN, VIRGINIA PEPP,IM3 28;
HOGAN, VIRGINIA PEPP,IM3 29;
HOGAN, VIRGINIA PEPP,IM3 3;
HOGAN, VIRGINIA PEPP,IM3 36;
HOGAN, VIRGINIA PEPP,IM3 37;
HOGAN, VIRGINIA PEPP,IM3 38;
HOGAN, VIRGINIA PEPP,IM3 39;
HOGAN, VIRGINIA PEPP,IM3 4;
HOGAN, VIRGINIA PEPP,IM3 41;
HOGAN, VIRGINIA PEPP,IM3 42;
HOGAN, VIRGINIA PEPP,IM3 5;
HOGAN, VIRGINIA PEPP,IM3 6;
HOGAN, VIRGINIA PEPP,IM 37;
HOGAN, VIRGINIA PEPP,IM3 7;
HOGAN, VIRGINIA PEPP,IM3 8;
HOGAN, VIRGINIA PEPP,IM3 9;
HOGAN, VIRGINIA PEPP,IM 4;
HOGAN, VIRGINIA PEPP,IM 49;
HOGAN, VIRGINIA PEPP,IM 57;
HOGAN, VIRGINIA PEPP,IM 58;
HOGAN, VIRGINIA PEPP,IM 59;
HOGAN, VIRGINIA PEPP,IM 60;
HOGAN, VIRGINIA PEPP,IM 61;
HOGAN, VIRGINIA PEPP,IM 62;
HOGAN, VIRGINIA PEPP,IM 63;
HOGAN, VIRGINIA PEPP,IM 64;
HOGAN, VIRGINIA PEPP,IM 65;
HOGAN, VIRGINIA PEPP,IM 66;
HOGAN, VIRGINIA PEPP,IM 67;
HOGAN, VIRGINIA PEPP,IM 69;
HOGAN, VIRGINIA PEPP,IM 70;
HOGAN, VIRGINIA PEPP,IM 71;
HOGAN, VIRGINIA PEPP,IM 73;
HOGAN, VIRGINIA PEPP,IM 74;
HOGAN, VIRGINIA PEPP,IM 82;
HOGAN, VIRGINIA PEPP,IM 83;
HOGAN, VIRGINIA PEPP,IM 84;
HOGAN, VIRGINIA PEPP,IM 85;
HOGAN, VIRGINIA PEPP,IM 86;
HOGAN, VIRGINIA PEPP,IM 87;
HOGAN, VIRGINIA PEPP,IM 88;
HOGAN, VIRGINIA PEPP,IM '98;
HOGAN, VIRGINIA PEPP,IM '99;
HOGAN, VIRGINIA PEPP,IM:BB 1;
HOGAN, VIRGINIA PEPP,IM:BB 2;
HOGAN, VIRGINIA PEPP,IM:IA 1;
HOGAN, VIRGINIA PEPP,IM:IA 2;
HOGAN, VIRGINIA PEPP,M/CP 58/4;
HOGAN, VIRGINIA PEPP,S&L 1/3;
HOGAN, VIRGINIA PEPP,SMTU 4;
HOGAN, VIRGINIA PEPP,TOS 45;
HOGAN, VIRGINIA PEPP,TOS 46;
HOGAN, VIRGINIA PEPP,TOS 47;
HOGAN, VIRGINIA PEPP,TOS 48;
HOGAN, VIRGINIA PEPP,TOS 49;
HOGAN, VIRGINIA PEPP,TOS 50;
HOGAN, VIRGINIA PEPP,TOS 51;
HOGAN, VIRGINIA PEPP,TOS 52;
HOGAN, VIRGINIA PEPP,TOS 53;
HOGAN, VIRGINIA PEPP,TOS 54;
HOGAN, VIRGINIA PEPP,TOS 55;
HOGAN, VIRGINIA PEPP,TOS 56;
HOGAN, VIRGINIA PEPP,TOS 57;
HOGAN, VIRGINIA PEPP,TOS 58;
HOGAN, VIRGINIA PEPP,TOS 59;
HOGAN, VIRGINIA PEPP,TOS 60;
HOGAN, VIRGINIA PEPP,TOS 61;
HOGAN, VIRGINIA PEPP,TOS 63;
HOGAN, VIRGINIA PEPP,TOS 64;
HOGAN, VIRGINIA PEPP,TOS 65;
HOGAN, VIRGINIA PEPP,TOS 66;
HOGAN, VIRGINIA PEPP,TOS 67;
HOGAN, VIRGINIA PEPP,TOS 68;
HOGAN, VIRGINIA PEPP,TOS 69;
HOGAN, VIRGINIA PEPP,TOS 70;
HOGAN, VIRGINIA PEPP,TOS 71;
HOGAN, VIRGINIA PEPP,TOS 72;
HOGAN, VIRGINIA PEPP,TOS 73;
HOGAN, VIRGINIA PEPP,TOS 74;
HOGAN, VIRGINIA PEPP,TOS 75;
HOGAN, VIRGINIA PEPP,TOS 76;
HOGAN, VIRGINIA PEPP,TOS 80;
HOGAN, VIRGINIA PEPP,TOS 82;
HOGAN, VIRGINIA PEPP,TOS 83;
HOGAN, VIRGINIA PEPP,TOS 84;
HOGAN, VIRGINIA PEPP,TOS 87;
HOGAN, VIRGINIA PEPP,TOS 89;
HOGAN, VIRGINIA PEPP,TOS 91;
HOGARTH, JERYN,A 190;
HOGARTH, JERYN,A 191;
HOGARTH, JERYN,CAGE 1;
HOGARTH, JERYN,CAGE 10;
HOGARTH, JERYN,CAGE 5;
HOGARTH, JERYN,CAGE 9;
HOGARTH, JERYN,DD 178;
HOGARTH, JERYN,FF3 23;
HOGARTH, JERYN,FF3 35;
HOGARTH, JERYN,HFH 8;
HOGARTH, JERYN,IF 14;
HOGARTH, JERYN,PM&IF 100;
HOGARTH, JERYN,PM&IF 102;
HOGARTH, JERYN,PM&IF 105;
HOGARTH, JERYN,PM&IF 106;
HOGARTH, JERYN,PM&IF 108;
HOGARTH, JERYN,PM&IF 110;
HOGARTH, JERYN,PM&IF 111;
HOGARTH, JERYN,PM&IF 114;
HOGARTH, JERYN,PM&IF 125;
HOGARTH, JERYN,PM&IF 50;
HOGARTH, JERYN,PM&IF 54;
HOGARTH, JERYN,PM&IF 55;
HOGARTH, JERYN,PM&IF 56;
HOGARTH, JERYN,PM&IF 58;
HOGARTH, JERYN,PM&IF 63;
HOGARTH, JERYN,PM&IF 65;
HOGARTH, JERYN,PM&IF 76;
HOGARTH, JERYN,PM&IF 81;
HOGARTH, JERYN,PM&IF 82;
HOGARTH, JERYN,PM&IF 90;
HOGARTH, JERYN,PM&IF 98;
HOGGOTH,DRSTR3 43;
HOGGOTH,DRSTR3 48;
HOGGOTH,DRSTR3 49;
HOGUN [ASGARDIAN],A 105;
HOGUN [ASGARDIAN],A 249;
HOGUN [ASGARDIAN],A 310;
HOGUN [ASGARDIAN],BIZADV 32;
HOGUN [ASGARDIAN],BLDR 4;
HOGUN [ASGARDIAN],DAZZ 16;
HOGUN [ASGARDIAN],H2 102;
HOGUN [ASGARDIAN],H2 279;
HOGUN [ASGARDIAN],H2 422;
HOGUN [ASGARDIAN],H2 423;
HOGUN [ASGARDIAN],IG 2;
HOGUN [ASGARDIAN],IMSVS 2/3;
HOGUN [ASGARDIAN],JIM -1;
HOGUN [ASGARDIAN],JIM 119/2;
HOGUN [ASGARDIAN],JIM 122/2;
HOGUN [ASGARDIAN],JIM 124/2;
HOGUN [ASGARDIAN],JIM 125/2;
HOGUN [ASGARDIAN],JIM 508;
HOGUN [ASGARDIAN],JIM 509;
HOGUN [ASGARDIAN],JIM 510;
HOGUN [ASGARDIAN],JIM 511;
HOGUN [ASGARDIAN],JIM 512;
HOGUN [ASGARDIAN],JIM 513;
HOGUN [ASGARDIAN],M/CP 66/4;
HOGUN [ASGARDIAN],M/:LG 5;
HOGUN [ASGARDIAN],M/SH3 5;
HOGUN [ASGARDIAN],M/SH3 9/2;
HOGUN [ASGARDIAN],M/SPT 30;
HOGUN [ASGARDIAN],NM 84;
HOGUN [ASGARDIAN],NM 85;
HOGUN [ASGARDIAN],NM 86;
HOGUN [ASGARDIAN],NM 87;
HOGUN [ASGARDIAN],NMSE 1;
HOGUN [ASGARDIAN],PP 15;
HOGUN [ASGARDIAN],SS3 111;
HOGUN [ASGARDIAN],SS 4;
HOGUN [ASGARDIAN],T 10;
HOGUN [ASGARDIAN],T 126/2;
HOGUN [ASGARDIAN],T 128/2;
HOGUN [ASGARDIAN],T 129/2;
HOGUN [ASGARDIAN],T 130/2;
HOGUN [ASGARDIAN],T 131/2;
HOGUN [ASGARDIAN],T 132/2;
HOGUN [ASGARDIAN],T 133/2;
HOGUN [ASGARDIAN],T 134/2;
HOGUN [ASGARDIAN],T 135/2;
HOGUN [ASGARDIAN],T 136/2;
HOGUN [ASGARDIAN],T 137/2;
HOGUN [ASGARDIAN],T 138/2;
HOGUN [ASGARDIAN],T 139/2;
HOGUN [ASGARDIAN],T 140/2;
HOGUN [ASGARDIAN],T 141/2;
HOGUN [ASGARDIAN],T 142/2;
HOGUN [ASGARDIAN],T 143/2;
HOGUN [ASGARDIAN],T 144/2;
HOGUN [ASGARDIAN],T 145/2;
HOGUN [ASGARDIAN],T 15/3;
HOGUN [ASGARDIAN],T 155;
HOGUN [ASGARDIAN],T 156;
HOGUN [ASGARDIAN],T 157;
HOGUN [ASGARDIAN],T 158;
HOGUN [ASGARDIAN],T 159;
HOGUN [ASGARDIAN],T 162;
HOGUN [ASGARDIAN],T 168;
HOGUN [ASGARDIAN],T 169;
HOGUN [ASGARDIAN],T 170;
HOGUN [ASGARDIAN],T 17/3;
HOGUN [ASGARDIAN],T 175;
HOGUN [ASGARDIAN],T 176;
HOGUN [ASGARDIAN],T 177;
HOGUN [ASGARDIAN],T 180;
HOGUN [ASGARDIAN],T 181;
HOGUN [ASGARDIAN],T 184;
HOGUN [ASGARDIAN],T 185;
HOGUN [ASGARDIAN],T 186;
HOGUN [ASGARDIAN],T 187;
HOGUN [ASGARDIAN],T 188;
HOGUN [ASGARDIAN],T 189;
HOGUN [ASGARDIAN],T 191;
HOGUN [ASGARDIAN],T 192;
HOGUN [ASGARDIAN],T 194;
HOGUN [ASGARDIAN],T 195;
HOGUN [ASGARDIAN],T 196;
HOGUN [ASGARDIAN],T 197;
HOGUN [ASGARDIAN],T 198;
HOGUN [ASGARDIAN],T 199;
HOGUN [ASGARDIAN],T 2;
HOGUN [ASGARDIAN],T 200;
HOGUN [ASGARDIAN],T 201;
HOGUN [ASGARDIAN],T 202;
HOGUN [ASGARDIAN],T 203;
HOGUN [ASGARDIAN],T 204;
HOGUN [ASGARDIAN],T 205;
HOGUN [ASGARDIAN],T 206;
HOGUN [ASGARDIAN],T 208;
HOGUN [ASGARDIAN],T 211;
HOGUN [ASGARDIAN],T 212;
HOGUN [ASGARDIAN],T2 12;
HOGUN [ASGARDIAN],T 213;
HOGUN [ASGARDIAN],T2 13;
HOGUN [ASGARDIAN],T 214;
HOGUN [ASGARDIAN],T2 14;
HOGUN [ASGARDIAN],T 215;
HOGUN [ASGARDIAN],T2 15;
HOGUN [ASGARDIAN],T 216;
HOGUN [ASGARDIAN],T2 16;
HOGUN [ASGARDIAN],T 217;
HOGUN [ASGARDIAN],T 218;
HOGUN [ASGARDIAN],T2 18;
HOGUN [ASGARDIAN],T2 21;
HOGUN [ASGARDIAN],T2 28;
HOGUN [ASGARDIAN],T2 29;
HOGUN [ASGARDIAN],T2 30;
HOGUN [ASGARDIAN],T2 31;
HOGUN [ASGARDIAN],T2 32;
HOGUN [ASGARDIAN],T2 35;
HOGUN [ASGARDIAN],T2 36;
HOGUN [ASGARDIAN],T2 39;
HOGUN [ASGARDIAN],T 240;
HOGUN [ASGARDIAN],T 242;
HOGUN [ASGARDIAN],T 243;
HOGUN [ASGARDIAN],T 244;
HOGUN [ASGARDIAN],T 245;
HOGUN [ASGARDIAN],T 246;
HOGUN [ASGARDIAN],T 247;
HOGUN [ASGARDIAN],T 248;
HOGUN [ASGARDIAN],T 249;
HOGUN [ASGARDIAN],T 250;
HOGUN [ASGARDIAN],T 251;
HOGUN [ASGARDIAN],T 255;
HOGUN [ASGARDIAN],T 256;
HOGUN [ASGARDIAN],T 257;
HOGUN [ASGARDIAN],T 258;
HOGUN [ASGARDIAN],T 259;
HOGUN [ASGARDIAN],T 260;
HOGUN [ASGARDIAN],T 261;
HOGUN [ASGARDIAN],T 262;
HOGUN [ASGARDIAN],T 263;
HOGUN [ASGARDIAN],T 264;
HOGUN [ASGARDIAN],T 265;
HOGUN [ASGARDIAN],T 266;
HOGUN [ASGARDIAN],T 267;
HOGUN [ASGARDIAN],T 269;
HOGUN [ASGARDIAN],T 273;
HOGUN [ASGARDIAN],T 274;
HOGUN [ASGARDIAN],T 275;
HOGUN [ASGARDIAN],T 276;
HOGUN [ASGARDIAN],T 277;
HOGUN [ASGARDIAN],T 278;
HOGUN [ASGARDIAN],T 286;
HOGUN [ASGARDIAN],T 287;
HOGUN [ASGARDIAN],T 288;
HOGUN [ASGARDIAN],T 291;
HOGUN [ASGARDIAN],T 301;
HOGUN [ASGARDIAN],T 302;
HOGUN [ASGARDIAN],T 313;
HOGUN [ASGARDIAN],T 323;
HOGUN [ASGARDIAN],T 325/2;
HOGUN [ASGARDIAN],T 326/2;
HOGUN [ASGARDIAN],T 327;
HOGUN [ASGARDIAN],T 328;
HOGUN [ASGARDIAN],T 331;
HOGUN [ASGARDIAN],T 340;
HOGUN [ASGARDIAN],T 347;
HOGUN [ASGARDIAN],T 348;
HOGUN [ASGARDIAN],T 349;
HOGUN [ASGARDIAN],T 350;
HOGUN [ASGARDIAN],T 351;
HOGUN [ASGARDIAN],T 352;
HOGUN [ASGARDIAN],T 354;
HOGUN [ASGARDIAN],T 355;
HOGUN [ASGARDIAN],T 357;
HOGUN [ASGARDIAN],T 358;
HOGUN [ASGARDIAN],T 359;
HOGUN [ASGARDIAN],T 360;
HOGUN [ASGARDIAN],T 361;
HOGUN [ASGARDIAN],T 364;
HOGUN [ASGARDIAN],T 365;
HOGUN [ASGARDIAN],T 366;
HOGUN [ASGARDIAN],T 367;
HOGUN [ASGARDIAN],T 368;
HOGUN [ASGARDIAN],T 371;
HOGUN [ASGARDIAN],T 372;
HOGUN [ASGARDIAN],T 375;
HOGUN [ASGARDIAN],T 376;
HOGUN [ASGARDIAN],T 377;
HOGUN [ASGARDIAN],T 378;
HOGUN [ASGARDIAN],T 386;
HOGUN [ASGARDIAN],T 390;
HOGUN [ASGARDIAN],T 391;
HOGUN [ASGARDIAN],T 392;
HOGUN [ASGARDIAN],T 393;
HOGUN [ASGARDIAN],T 394;
HOGUN [ASGARDIAN],T 395;
HOGUN [ASGARDIAN],T 396;
HOGUN [ASGARDIAN],T 397;
HOGUN [ASGARDIAN],T 398;
HOGUN [ASGARDIAN],T 399;
HOGUN [ASGARDIAN],T 400;
HOGUN [ASGARDIAN],T 400/2;
HOGUN [ASGARDIAN],T 404;
HOGUN [ASGARDIAN],T 417/2;
HOGUN [ASGARDIAN],T 420/2;
HOGUN [ASGARDIAN],T 421/2;
HOGUN [ASGARDIAN],T 422/2;
HOGUN [ASGARDIAN],T 423/2;
HOGUN [ASGARDIAN],T 424/2;
HOGUN [ASGARDIAN],T 425;
HOGUN [ASGARDIAN],T 426;
HOGUN [ASGARDIAN],T 432;
HOGUN [ASGARDIAN],T 434;
HOGUN [ASGARDIAN],T 437/2;
HOGUN [ASGARDIAN],T 447;
HOGUN [ASGARDIAN],T 447/2;
HOGUN [ASGARDIAN],T 450;
HOGUN [ASGARDIAN],T 451;
HOGUN [ASGARDIAN],T 453;
HOGUN [ASGARDIAN],T 453/2;
HOGUN [ASGARDIAN],T 454;
HOGUN [ASGARDIAN],T 454/2;
HOGUN [ASGARDIAN],T 455;
HOGUN [ASGARDIAN],T 456;
HOGUN [ASGARDIAN],T 477;
HOGUN [ASGARDIAN],T 478;
HOGUN [ASGARDIAN],T 479;
HOGUN [ASGARDIAN],T 482;
HOGUN [ASGARDIAN],T 482/2;
HOGUN [ASGARDIAN],T 487;
HOGUN [ASGARDIAN],T 488;
HOGUN [ASGARDIAN],T 489;
HOGUN [ASGARDIAN],T 490;
HOGUN [ASGARDIAN],T 9;
HOGUN [ASGARDIAN],TS 18/2;
HOGUN [ASGARDIAN],TTA 101;
HOGUN | MUTANT X-VER,MX '01;
HOLDEN, DR. SAMUEL,E 11;
HOLDEN, DR. SAMUEL,E 12;
HOLDEN, DR. SAMUEL,E 14;
HOLDEN, DR. SAMUEL,E 15;
HOLDEN, DR. SAMUEL,E 16;
HOLDEN, DR. SAMUEL,E 18;
HOLDEN, DR. SAMUEL,E2 1;
HOLDEN, DR. SAMUEL,E2 10;
HOLDEN, DR. SAMUEL,E2 3;
HOLDEN, DR. SAMUEL,E2 4;
HOLDEN, DR. SAMUEL,E2 5;
HOLDEN, DR. SAMUEL,E2 6;
HOLDEN, DR. SAMUEL,E2 8;
HOLDEN, DR. SAMUEL,E 6;
HOLDEN, DR. SAMUEL,E 8;
HOLDSWORTH, PARKER,V:F 1;
HOLDSWORTH, PARKER,V:F 2;
HOLIDAY, JORDAN,XFOR 80;
HOLIDAY, JORDAN,XFOR 96;
HO, LI MUAN,NW 8;
HO, LI MUAN,NW 9;
HOLKAR, DR. SHYAM,ASMU 12;
HOLLISTER, SHERIFF,XFOR 77;
HOLLYWOOD,NW 68;
HOLOCAUST,A 402;
HOLOCAUST,C2 31;
HOLOCAUST,X 42;
HOLOCAUST,X 43;
HOLOCAUST,XFOR 48;
HOLOCAUST,XFOR 49;
HOLOCAUST,XFOR 50;
HOLOCAUST,XM 15;
HOLOCAUST,XM 16;
HOLOCAUST,XM 17;
HOLOCAUST,XM 44;
HOLOCAUST,X:PRIME;
HOLY/FATHER HECTOR R,PUN5 10;
HOLY/FATHER HECTOR R,PUN5 11;
HOLY/FATHER HECTOR R,PUN5 12;
HOLY/FATHER HECTOR R,PUN5 3;
HOLY/FATHER HECTOR R,PUN5 4;
HOLY/FATHER HECTOR R,PUN5 5;
HOLY/FATHER HECTOR R,PUN5 9;
HONDA, DR.,RH2 2;
HONEY LEMON/,AF2 17;
HONEY LEMON/,S&BH6 1;
HONEY LEMON/,S&BH6 2;
HONEY LEMON/,S&BH6 3;
HONIKAWA, SHO,PUN3 2;
HONIKAWA, SHO,PUN3 3;
HOOPSNAKE/,TB 31;
HOOPSNAKE/,TB 32;
HOO,XU 17;
HOPE,WLOCK3 1;
HOPE,WLOCK3 2;
HOPE,WLOCK3 3;
HOPE,WLOCK3 4;
HOPE,WLOCK3 5;
HOPKINS, STEVE,ASM 205;
HOPKINS, STEVE,ASM 218;
HOPKINS, STEVE,ASM 232;
HOPKINS, STEVE,M/TU 108;
HOPKINS, STEVE,M/TU 124;
HOPKINS, STEVE,M/TU 134;
HOPKINS, STEVE,M/TU 147;
HOPKINS, STEVE,M/TU 148;
HOPKINS, STEVE,PPTSS 3/?;
HOPKINS, STEVE,PPTSS 36;
HOPKINS, STEVE,PPTSS 37;
HOPKINS, STEVE,PPTSS 38;
HOPKINS, STEVE,PPTSS 39;
HOPKINS, STEVE,PPTSS 42;
HOPKINS, STEVE,PPTSS 43;
HOPKINS, STEVE,PPTSS 46;
HOPKINS, STEVE,PPTSS 54;
HOPKINS, STEVE,PPTSS 55;
HOPKINS, STEVE,PPTSS 56;
HOPKINS, STEVE,PPTSS 58;
HOPKINS, STEVE,PPTSS 62;
HOPKINS, STEVE,PPTSS 68;
HOPKINS, STEVE,PPTSS 69;
HOPKINS, STEVE,PPTSS 76;
HOPKINS, STEVE,PPTSS 78;
HORTON, DOUGIE,SENSM 30;
HORTON, PROFESSOR PH,A 135;
HORTON, PROFESSOR PH,AWC 47;
HORTON, PROFESSOR PH,AWC 48;
HORTON, PROFESSOR PH,FF 238;
HORTON, PROFESSOR PH,INV 22;
HORTON, PROFESSOR PH,MARVEL COMICS 1;
HORTON, PROFESSOR PH,M/U 1;
HORTON, PROFESSOR PH,WCA2 43;
HORTON, PROFESSOR PH,WCA2 44;
HORUS [EGYPTIAN GOD],T 10;
HORUS [EGYPTIAN GOD],T 239;
HORUS [EGYPTIAN GOD],T 240;
HORUS [EGYPTIAN GOD],T 241;
HORUS [EGYPTIAN GOD],T 398;
HORUS [EGYPTIAN GOD],T 399;
HORUS [EGYPTIAN GOD],T 400;
HOSEK, BULL,W2 '97;
HOTAMITANIO,DRSTR3 25;
HO TI,M/CP 55/4;
HOTSHOT/LOUIS,A 397;
HOTSHOT/LOUIS,H2 345;
HOTSHOT/LOUIS,H2 366;
HOTSHOT/LOUIS,H2 397;
HOTSHOT/LOUIS,H2 398;
HOTSHOT/LOUIS,H2 399;
HOTSHOT/LOUIS,H2 400;
HOTSHOT/LOUIS,H2 438;
HOTSHOT/LOUIS,H2 439;
HOTSHOT/LOUIS,H2 440;
HOTSHOT/LOUIS,H2 441;
HOTSHOT/LOUIS,H2 442;
HOTSHOT/LOUIS,H2 464;
HOUND,XF 122;
HOUND,X:PRIME;
HOUSE OF SHADOWS,DRSTR 2/3;
HOUSE OF SHADOWS,ROM 5;
HOUSE OF SHADOWS,ST 120/2;
HOUSTON, LT. COMMAND,CA3 2;
HOUSTON, STELLA,AWC 76;
HOUSTON, STELLA,AWC 78;
HOUSTON, STELLA,AWC 79;
HOUSTON, STELLA,TOWER OF SHADOWS 5;
HOWARD, PROFESSOR MA,ASM 421/2;
HOWARD, PROFESSOR MA,ASM 422;
HOWARD, PROFESSOR MA,ASM 425;
HOWARD, PROFESSOR MA,ASM 429;
HOWARD, PROFESSOR MA,S-M 92;
HOWARD THE DUCK,AIF 19;
HOWARD THE DUCK,BIZADV 34/2;
HOWARD THE DUCK,DAYD 1;
HOWARD THE DUCK,DAYD 2;
HOWARD THE DUCK,DAYD 3;
HOWARD THE DUCK,GENX 23;
HOWARD THE DUCK,GENX 25;
HOWARD THE DUCK,GSM-T 4/2;
HOWARD THE DUCK,GSM-T 5/2;
HOWARD THE DUCK,HTD 1;
HOWARD THE DUCK,HTD 10;
HOWARD THE DUCK,HTD 11;
HOWARD THE DUCK,HTD 12;
HOWARD THE DUCK,HTD 13;
HOWARD THE DUCK,HTD 14;
HOWARD THE DUCK,HTD 15;
HOWARD THE DUCK,HTD 17;
HOWARD THE DUCK,HTD 18;
HOWARD THE DUCK,HTD 19;
HOWARD THE DUCK,HTD 2;
HOWARD THE DUCK,HTD 20;
HOWARD THE DUCK,HTD 21;
HOWARD THE DUCK,HTD 22;
HOWARD THE DUCK,HTD 23;
HOWARD THE DUCK,HTD 24;
HOWARD THE DUCK,HTD 25;
HOWARD THE DUCK,HTD 26;
HOWARD THE DUCK,HTD 27;
HOWARD THE DUCK,HTD 28;
HOWARD THE DUCK,HTD 29;
HOWARD THE DUCK,HTD 3;
HOWARD THE DUCK,HTD 30;
HOWARD THE DUCK,HTD 31;
HOWARD THE DUCK,HTD 32;
HOWARD THE DUCK,HTD 33;
HOWARD THE DUCK,HTD 4;
HOWARD THE DUCK,HTD 5;
HOWARD THE DUCK,HTD 6;
HOWARD THE DUCK,HTD 7;
HOWARD THE DUCK,HTD 8;
HOWARD THE DUCK,HTD 9;
HOWARD THE DUCK,HTD MAG 1;
HOWARD THE DUCK,HTD MAG 1/2;
HOWARD THE DUCK,HTD MAG 1/3;
HOWARD THE DUCK,HTD MAG 2;
HOWARD THE DUCK,HTD MAG 2/2;
HOWARD THE DUCK,HTD MAG 3;
HOWARD THE DUCK,HTD MAG 5;
HOWARD THE DUCK,HTD MAG 5/2;
HOWARD THE DUCK,HTD MAG 6;
HOWARD THE DUCK,HTD MAG 6/2;
HOWARD THE DUCK,HTD MAG 6/3;
HOWARD THE DUCK,HTD MAG 6/4;
HOWARD THE DUCK,HTD MAG 7;
HOWARD THE DUCK,HTD MAG 7/2;
HOWARD THE DUCK,HTD MAG 7/3;
HOWARD THE DUCK,HTD MAG 8;
HOWARD THE DUCK,HTD MAG 8/2;
HOWARD THE DUCK,HTD MAG 9;
HOWARD THE DUCK,HTD MAG 9/2;
HOWARD THE DUCK,HTD MAG 9/3;
HOWARD THE DUCK,M-T 1;
HOWARD THE DUCK,M-T3 5;
HOWARD THE DUCK,M-T3 6;
HOWARD THE DUCK,M/TE 12;
HOWARD THE DUCK,M/TU 96;
HOWARD THE DUCK,S-H2 14;
HOWARD THE DUCK,S-H2 15;
HOWARD THE DUCK,S-H2 16;
HOWARD THE DUCK,S-H2 17;
HOWARD THE DUCK,SMTU 5/2;
HOWLER II/ZED,FF3 33;
HOWLER II/ZED,FF3 34;
HOWLER/LUKE GARROW,M/:LG 4;
HOWLER/LUKE GARROW,M/:LG 6;
HO YINSEN,IM '00;
HO YINSEN,IM3 31;
HO YINSEN,IM3 32;
HO YINSEN,TOS 39;
HOYT, TONY,DD 297;
HRILL,SS3 119;
HRILL,SS3 120;
HRILL,SS3 121;
HRIMHARI,NM 80;
HRIMHARI,NM 82;
HRIMHARI,NM 83;
HRIMHARI,NM 84;
HRIMHARI,NM 85;
HRIMHARI,NM 86;
HRIMHARI,NM 87;
HRIMHARI,NMSE;
HRIMHARI,UX 9;
HSU, CHEN,IM 260;
HSU, CHEN,IM 261;
HSU, CHEN,IM 263;
HSU, CHEN,IM 265;
HSU, CHEN,IM 267;
HSU, CHEN,IM 268;
HSU, CHEN,IM 269;
HSU, CHEN,IM 270;
HSU, CHEN,IM 271;
HSU, CHEN,IM 272;
HSU, CHEN,IM 273;
HSU, CHEN,IM 274;
HSU, CHEN,IM 275;
HUDDLESTON, PROF.,SLEEP 4;
HU, DR.,DLOK 1;
HU, DR.,DLOK 2;
HU, DR.,DLOK2 17;
HUDSON, HEATHER,A 272;
HUDSON, HEATHER,A 320;
HUDSON, HEATHER,A 321;
HUDSON, HEATHER,A 322;
HUDSON, HEATHER,A 323;
HUDSON, HEATHER,A 324;
HUDSON, HEATHER,AF 1;
HUDSON, HEATHER,AF 100;
HUDSON, HEATHER,AF 101;
HUDSON, HEATHER,AF 102;
HUDSON, HEATHER,AF 103;
HUDSON, HEATHER,AF 104;
HUDSON, HEATHER,AF 105;
HUDSON, HEATHER,AF 106;
HUDSON, HEATHER,AF 107;
HUDSON, HEATHER,AF 108;
HUDSON, HEATHER,AF 109;
HUDSON, HEATHER,AF 109/2;
HUDSON, HEATHER,AF 11;
HUDSON, HEATHER,AF 110;
HUDSON, HEATHER,AF 111;
HUDSON, HEATHER,AF 112;
HUDSON, HEATHER,AF 113;
HUDSON, HEATHER,AF 114;
HUDSON, HEATHER,AF 115;
HUDSON, HEATHER,AF 12;
HUDSON, HEATHER,AF 13;
HUDSON, HEATHER,AF 14;
HUDSON, HEATHER,AF 16;
HUDSON, HEATHER,AF 17;
HUDSON, HEATHER,AF 18;
HUDSON, HEATHER,AF 19;
HUDSON, HEATHER,AF 2;
HUDSON, HEATHER,AF 20;
HUDSON, HEATHER,AF2 1;
HUDSON, HEATHER,AF2 10;
HUDSON, HEATHER,AF2 11;
HUDSON, HEATHER,AF2 12;
HUDSON, HEATHER,AF2 13;
HUDSON, HEATHER,AF2 14;
HUDSON, HEATHER,AF2 15;
HUDSON, HEATHER,AF2 16;
HUDSON, HEATHER,AF2 17;
HUDSON, HEATHER,AF2 18;
HUDSON, HEATHER,AF2 19;
HUDSON, HEATHER,AF 2/2;
HUDSON, HEATHER,AF 22;
HUDSON, HEATHER,AF2 2;
HUDSON, HEATHER,AF2 20;
HUDSON, HEATHER,AF2 3;
HUDSON, HEATHER,AF 24;
HUDSON, HEATHER,AF2 4;
HUDSON, HEATHER,AF 25;
HUDSON, HEATHER,AF2 5;
HUDSON, HEATHER,AF 26;
HUDSON, HEATHER,AF2 6;
HUDSON, HEATHER,AF 27;
HUDSON, HEATHER,AF2 7;
HUDSON, HEATHER,AF 28;
HUDSON, HEATHER,AF2 8;
HUDSON, HEATHER,AF 29;
HUDSON, HEATHER,AF2 9;
HUDSON, HEATHER,AF 30;
HUDSON, HEATHER,AF 31;
HUDSON, HEATHER,AF 3/2;
HUDSON, HEATHER,AF 32;
HUDSON, HEATHER,AF 33;
HUDSON, HEATHER,AF 34;
HUDSON, HEATHER,AF 35;
HUDSON, HEATHER,AF 36;
HUDSON, HEATHER,AF 37;
HUDSON, HEATHER,AF 38;
HUDSON, HEATHER,AF 39;
HUDSON, HEATHER,AF 40;
HUDSON, HEATHER,AF 41;
HUDSON, HEATHER,AF 42;
HUDSON, HEATHER,AF 43;
HUDSON, HEATHER,AF 44;
HUDSON, HEATHER,AF 45;
HUDSON, HEATHER,AF 46;
HUDSON, HEATHER,AF 47;
HUDSON, HEATHER,AF 48;
HUDSON, HEATHER,AF 49;
HUDSON, HEATHER,AF 50;
HUDSON, HEATHER,AF 51;
HUDSON, HEATHER,AF 52;
HUDSON, HEATHER,AF 53;
HUDSON, HEATHER,AF 54;
HUDSON, HEATHER,AF 55;
HUDSON, HEATHER,AF 56;
HUDSON, HEATHER,AF 57;
HUDSON, HEATHER,AF 58;
HUDSON, HEATHER,AF 59;
HUDSON, HEATHER,AF 60;
HUDSON, HEATHER,AF 61;
HUDSON, HEATHER,AF 62;
HUDSON, HEATHER,AF 63;
HUDSON, HEATHER,AF 64;
HUDSON, HEATHER,AF 65;
HUDSON, HEATHER,AF 66;
HUDSON, HEATHER,AF 67;
HUDSON, HEATHER,AF 68;
HUDSON, HEATHER,AF 69;
HUDSON, HEATHER,AF 70;
HUDSON, HEATHER,AF 71;
HUDSON, HEATHER,AF 72;
HUDSON, HEATHER,AF 73;
HUDSON, HEATHER,AF 74;
HUDSON, HEATHER,AF 75;
HUDSON, HEATHER,AF 76;
HUDSON, HEATHER,AF 77;
HUDSON, HEATHER,AF 78;
HUDSON, HEATHER,AF 79;
HUDSON, HEATHER,AF 80;
HUDSON, HEATHER,AF 81;
HUDSON, HEATHER,AF 8/2;
HUDSON, HEATHER,AF 82;
HUDSON, HEATHER,AF 83;
HUDSON, HEATHER,AF 84;
HUDSON, HEATHER,AF 85;
HUDSON, HEATHER,AF 86;
HUDSON, HEATHER,AF 87;
HUDSON, HEATHER,AF 88;
HUDSON, HEATHER,AF 89;
HUDSON, HEATHER,AF 90;
HUDSON, HEATHER,AF 91;
HUDSON, HEATHER,AF 92;
HUDSON, HEATHER,AF 93;
HUDSON, HEATHER,AF 94;
HUDSON, HEATHER,AF 95;
HUDSON, HEATHER,AF 96;
HUDSON, HEATHER,AF 97;
HUDSON, HEATHER,AF 98;
HUDSON, HEATHER,AF 99;
HUDSON, HEATHER,CX 16;
HUDSON, HEATHER,CX 26;
HUDSON, HEATHER,FF 368;
HUDSON, HEATHER,FF 369;
HUDSON, HEATHER,FF 370;
HUDSON, HEATHER,H2 313;
HUDSON, HEATHER,IW 1;
HUDSON, HEATHER,IW 2;
HUDSON, HEATHER,IW 3;
HUDSON, HEATHER,IW 4;
HUDSON, HEATHER,IW 5;
HUDSON, HEATHER,IW 6;
HUDSON, HEATHER,MAV2 3;
HUDSON, HEATHER,M/CP 51;
HUDSON, HEATHER,M/CP 52;
HUDSON, HEATHER,M/FAN 28;
HUDSON, HEATHER,MK3 41;
HUDSON, HEATHER,M/TU 7;
HUDSON, HEATHER,Q 38;
HUDSON, HEATHER,SWII 4;
HUDSON, HEATHER,UX 139;
HUDSON, HEATHER,UX 140;
HUDSON, HEATHER,UX 147;
HUDSON, HEATHER,UX 355;
HUDSON, HEATHER,W2 -1;
HUDSON, HEATHER,W2 142;
HUDSON, HEATHER,W2 143;
HUDSON, HEATHER,W2 144;
HUDSON, HEATHER,W2 83;
HUDSON, HEATHER,W2 84;
HUDSON, HEATHER,W2 92;
HUDSON, HEATHER,W2 95;
HUDSON, HEATHER,WIW 8;
HUDSON, HEATHER,WM2 14;
HUDSON, HEATHER,X&AF 1;
HUDSON, HEATHER,X&AF 2;
HUDSON, HEATHER,X&AF2 1;
HUDSON, HEATHER,X&AF2 2;
HUDSON, JAMES | MUTA,MX 29;
HUDSON, JAMES | MUTA,MX 30;
HUDSON, JAMES | MUTA,MX 31;
HUGIN,A 310;
HUGIN,T 19;
HUGIN,T 381;
HUGO, CAPTAIN EDVARD,M/:LG 8;
HULK DOPPELGANGER II,FF 369;
HULK DOPPELGANGER II,FF 370;
HULK DOPPELGANGER II,IW 5;
HULK DOPPELGANGER II,IW 6;
HULK DOPPELGANGER II,WM2 15;
HULK DOPPELGANGER,IW 1;
HULK/DR. ROBERT BRUC,A 1;
HULK/DR. ROBERT BRUC,A 100;
HULK/DR. ROBERT BRUC,A 116;
HULK/DR. ROBERT BRUC,A 118;
HULK/DR. ROBERT BRUC,A 13;
HULK/DR. ROBERT BRUC,A 1.5;
HULK/DR. ROBERT BRUC,A 17;
HULK/DR. ROBERT BRUC,A 18;
HULK/DR. ROBERT BRUC,A 2;
HULK/DR. ROBERT BRUC,A 267;
HULK/DR. ROBERT BRUC,A 280;
HULK/DR. ROBERT BRUC,A 3;
HULK/DR. ROBERT BRUC,A3 1;
HULK/DR. ROBERT BRUC,A3 10;
HULK/DR. ROBERT BRUC,A 332;
HULK/DR. ROBERT BRUC,A3 39;
HULK/DR. ROBERT BRUC,A 5;
HULK/DR. ROBERT BRUC,A 51;
HULK/DR. ROBERT BRUC,A 88;
HULK/DR. ROBERT BRUC,AAF 16;
HULK/DR. ROBERT BRUC,AF 110;
HULK/DR. ROBERT BRUC,AF 111;
HULK/DR. ROBERT BRUC,AF 28;
HULK/DR. ROBERT BRUC,AF 29;
HULK/DR. ROBERT BRUC,ASM 119;
HULK/DR. ROBERT BRUC,ASM 120;
HULK/DR. ROBERT BRUC,ASM 14;
HULK/DR. ROBERT BRUC,ASM 3;
HULK/DR. ROBERT BRUC,ASM 328;
HULK/DR. ROBERT BRUC,BP3 15;
HULK/DR. ROBERT BRUC,BP3 17;
HULK/DR. ROBERT BRUC,C2 34;
HULK/DR. ROBERT BRUC,CA 110;
HULK/DR. ROBERT BRUC,CA 230;
HULK/DR. ROBERT BRUC,CA 257;
HULK/DR. ROBERT BRUC,CAGE 10;
HULK/DR. ROBERT BRUC,CAGE 9;
HULK/DR. ROBERT BRUC,CHAMP 16;
HULK/DR. ROBERT BRUC,CM 20;
HULK/DR. ROBERT BRUC,CM 21;
HULK/DR. ROBERT BRUC,CM5 2;
HULK/DR. ROBERT BRUC,CM5 3;
HULK/DR. ROBERT BRUC,COC 1;
HULK/DR. ROBERT BRUC,COC 3;
HULK/DR. ROBERT BRUC,COMET 3;
HULK/DR. ROBERT BRUC,DAMCON3 1;
HULK/DR. ROBERT BRUC,DAMCON3 2;
HULK/DR. ROBERT BRUC,DAMCON3 4;
HULK/DR. ROBERT BRUC,DAZZ 6;
HULK/DR. ROBERT BRUC,DAZZ 7;
HULK/DR. ROBERT BRUC,DD 163;
HULK/DR. ROBERT BRUC,DEF 1;
HULK/DR. ROBERT BRUC,DEF 10;
HULK/DR. ROBERT BRUC,DEF 100;
HULK/DR. ROBERT BRUC,DEF 101;
HULK/DR. ROBERT BRUC,DEF 107;
HULK/DR. ROBERT BRUC,DEF 108;
HULK/DR. ROBERT BRUC,DEF 109;
HULK/DR. ROBERT BRUC,DEF 11;
HULK/DR. ROBERT BRUC,DEF 111;
HULK/DR. ROBERT BRUC,DEF 112;
HULK/DR. ROBERT BRUC,DEF 113;
HULK/DR. ROBERT BRUC,DEF 114;
HULK/DR. ROBERT BRUC,DEF 115;
HULK/DR. ROBERT BRUC,DEF 119;
HULK/DR. ROBERT BRUC,DEF 12;
HULK/DR. ROBERT BRUC,DEF 122;
HULK/DR. ROBERT BRUC,DEF 123;
HULK/DR. ROBERT BRUC,DEF 124;
HULK/DR. ROBERT BRUC,DEF 125;
HULK/DR. ROBERT BRUC,DEF 13;
HULK/DR. ROBERT BRUC,DEF 14;
HULK/DR. ROBERT BRUC,DEF 15;
HULK/DR. ROBERT BRUC,DEF 16;
HULK/DR. ROBERT BRUC,DEF 17;
HULK/DR. ROBERT BRUC,DEF 18;
HULK/DR. ROBERT BRUC,DEF 19;
HULK/DR. ROBERT BRUC,DEF 2;
HULK/DR. ROBERT BRUC,DEF 21;
HULK/DR. ROBERT BRUC,DEF2 1;
HULK/DR. ROBERT BRUC,DEF 22;
HULK/DR. ROBERT BRUC,DEF2 2;
HULK/DR. ROBERT BRUC,DEF 23;
HULK/DR. ROBERT BRUC,DEF2 3;
HULK/DR. ROBERT BRUC,DEF 24;
HULK/DR. ROBERT BRUC,DEF2 4;
HULK/DR. ROBERT BRUC,DEF 25;
HULK/DR. ROBERT BRUC,DEF2 5;
HULK/DR. ROBERT BRUC,DEF 26;
HULK/DR. ROBERT BRUC,DEF2 6;
HULK/DR. ROBERT BRUC,DEF 27;
HULK/DR. ROBERT BRUC,DEF2 7;
HULK/DR. ROBERT BRUC,DEF 28;
HULK/DR. ROBERT BRUC,DEF 29;
HULK/DR. ROBERT BRUC,DEF 3;
HULK/DR. ROBERT BRUC,DEF 30;
HULK/DR. ROBERT BRUC,DEF 31;
HULK/DR. ROBERT BRUC,DEF 32;
HULK/DR. ROBERT BRUC,DEF 33;
HULK/DR. ROBERT BRUC,DEF 34;
HULK/DR. ROBERT BRUC,DEF 35;
HULK/DR. ROBERT BRUC,DEF 36;
HULK/DR. ROBERT BRUC,DEF 37;
HULK/DR. ROBERT BRUC,DEF 4;
HULK/DR. ROBERT BRUC,DEF 40;
HULK/DR. ROBERT BRUC,DEF 41;
HULK/DR. ROBERT BRUC,DEF 42;
HULK/DR. ROBERT BRUC,DEF 43;
HULK/DR. ROBERT BRUC,DEF 44;
HULK/DR. ROBERT BRUC,DEF 45;
HULK/DR. ROBERT BRUC,DEF 46;
HULK/DR. ROBERT BRUC,DEF 47;
HULK/DR. ROBERT BRUC,DEF 48;
HULK/DR. ROBERT BRUC,DEF 49;
HULK/DR. ROBERT BRUC,DEF 5;
HULK/DR. ROBERT BRUC,DEF 50;
HULK/DR. ROBERT BRUC,DEF 51;
HULK/DR. ROBERT BRUC,DEF 52;
HULK/DR. ROBERT BRUC,DEF 53;
HULK/DR. ROBERT BRUC,DEF 54;
HULK/DR. ROBERT BRUC,DEF 55;
HULK/DR. ROBERT BRUC,DEF 56;
HULK/DR. ROBERT BRUC,DEF 57;
HULK/DR. ROBERT BRUC,DEF 58;
HULK/DR. ROBERT BRUC,DEF 59;
HULK/DR. ROBERT BRUC,DEF 60;
HULK/DR. ROBERT BRUC,DEF 61;
HULK/DR. ROBERT BRUC,DEF 62;
HULK/DR. ROBERT BRUC,DEF 63;
HULK/DR. ROBERT BRUC,DEF 67;
HULK/DR. ROBERT BRUC,DEF 68;
HULK/DR. ROBERT BRUC,DEF 69;
HULK/DR. ROBERT BRUC,DEF 7;
HULK/DR. ROBERT BRUC,DEF 70;
HULK/DR. ROBERT BRUC,DEF 71;
HULK/DR. ROBERT BRUC,DEF 72;
HULK/DR. ROBERT BRUC,DEF 73;
HULK/DR. ROBERT BRUC,DEF 74;
HULK/DR. ROBERT BRUC,DEF 75;
HULK/DR. ROBERT BRUC,DEF 76;
HULK/DR. ROBERT BRUC,DEF 77;
HULK/DR. ROBERT BRUC,DEF 78;
HULK/DR. ROBERT BRUC,DEF 79;
HULK/DR. ROBERT BRUC,DEF 8;
HULK/DR. ROBERT BRUC,DEF 80;
HULK/DR. ROBERT BRUC,DEF 81;
HULK/DR. ROBERT BRUC,DEF 8/2;
HULK/DR. ROBERT BRUC,DEF 82;
HULK/DR. ROBERT BRUC,DEF 83;
HULK/DR. ROBERT BRUC,DEF 84;
HULK/DR. ROBERT BRUC,DEF 85;
HULK/DR. ROBERT BRUC,DEF 86;
HULK/DR. ROBERT BRUC,DEF 87;
HULK/DR. ROBERT BRUC,DEF 88;
HULK/DR. ROBERT BRUC,DEF 89;
HULK/DR. ROBERT BRUC,DEF 90;
HULK/DR. ROBERT BRUC,DEF 91;
HULK/DR. ROBERT BRUC,DEF 92;
HULK/DR. ROBERT BRUC,DEF 93;
HULK/DR. ROBERT BRUC,DEF 98;
HULK/DR. ROBERT BRUC,DEF 99;
HULK/DR. ROBERT BRUC,DRSTR 2;
HULK/DR. ROBERT BRUC,DRSTR3 35;
HULK/DR. ROBERT BRUC,DRSTR3 50;
HULK/DR. ROBERT BRUC,DRSTR3 70;
HULK/DR. ROBERT BRUC,DRSTR3 71;
HULK/DR. ROBERT BRUC,DS 1;
HULK/DR. ROBERT BRUC,FF 111;
HULK/DR. ROBERT BRUC,FF 112;
HULK/DR. ROBERT BRUC,FF 113;
HULK/DR. ROBERT BRUC,FF 12;
HULK/DR. ROBERT BRUC,FF 133;
HULK/DR. ROBERT BRUC,FF 166;
HULK/DR. ROBERT BRUC,FF 167;
HULK/DR. ROBERT BRUC,FF 25;
HULK/DR. ROBERT BRUC,FF 26;
HULK/DR. ROBERT BRUC,FF 266;
HULK/DR. ROBERT BRUC,FF 267;
HULK/DR. ROBERT BRUC,FF 268;
HULK/DR. ROBERT BRUC,FF 320;
HULK/DR. ROBERT BRUC,FF 347;
HULK/DR. ROBERT BRUC,FF 348;
HULK/DR. ROBERT BRUC,FF 349;
HULK/DR. ROBERT BRUC,FF 367;
HULK/DR. ROBERT BRUC,FF 368;
HULK/DR. ROBERT BRUC,FF 369;
HULK/DR. ROBERT BRUC,FF 370;
HULK/DR. ROBERT BRUC,GAL 2;
HULK/DR. ROBERT BRUC,GR2 11;
HULK/DR. ROBERT BRUC,GSDEF 1;
HULK/DR. ROBERT BRUC,GSDEF 2;
HULK/DR. ROBERT BRUC,GSDEF 3;
HULK/DR. ROBERT BRUC,GSDEF 4;
HULK/DR. ROBERT BRUC,GSDEF 5;
HULK/DR. ROBERT BRUC,GSSS 1;
HULK/DR. ROBERT BRUC,H' 00;
HULK/DR. ROBERT BRUC,H 1;
HULK/DR. ROBERT BRUC,H 10;
HULK/DR. ROBERT BRUC,H 11;
HULK/DR. ROBERT BRUC,H 12;
HULK/DR. ROBERT BRUC,H 13;
HULK/DR. ROBERT BRUC,H 14;
HULK/DR. ROBERT BRUC,H 15;
HULK/DR. ROBERT BRUC,H 16;
HULK/DR. ROBERT BRUC,H 17;
HULK/DR. ROBERT BRUC,H 17/2;
HULK/DR. ROBERT BRUC,H 18;
HULK/DR. ROBERT BRUC,H 18/2;
HULK/DR. ROBERT BRUC,H 18/4;
HULK/DR. ROBERT BRUC,H 2;
HULK/DR. ROBERT BRUC,H 20/3;
HULK/DR. ROBERT BRUC,H2 -1;
HULK/DR. ROBERT BRUC,H2 102;
HULK/DR. ROBERT BRUC,H2 103;
HULK/DR. ROBERT BRUC,H2 104;
HULK/DR. ROBERT BRUC,H2 105;
HULK/DR. ROBERT BRUC,H2 106;
HULK/DR. ROBERT BRUC,H2 107;
HULK/DR. ROBERT BRUC,H2 108;
HULK/DR. ROBERT BRUC,H2 109;
HULK/DR. ROBERT BRUC,H2 110;
HULK/DR. ROBERT BRUC,H2 111;
HULK/DR. ROBERT BRUC,H2 112;
HULK/DR. ROBERT BRUC,H2 113;
HULK/DR. ROBERT BRUC,H2 114;
HULK/DR. ROBERT BRUC,H2 115;
HULK/DR. ROBERT BRUC,H2 116;
HULK/DR. ROBERT BRUC,H2 117;
HULK/DR. ROBERT BRUC,H2 118;
HULK/DR. ROBERT BRUC,H2 119;
HULK/DR. ROBERT BRUC,H2 120;
HULK/DR. ROBERT BRUC,H2 121;
HULK/DR. ROBERT BRUC,H2 122;
HULK/DR. ROBERT BRUC,H2 123;
HULK/DR. ROBERT BRUC,H2 124;
HULK/DR. ROBERT BRUC,H2 125;
HULK/DR. ROBERT BRUC,H2 126;
HULK/DR. ROBERT BRUC,H2 127;
HULK/DR. ROBERT BRUC,H2 128;
HULK/DR. ROBERT BRUC,H2 129;
HULK/DR. ROBERT BRUC,H2 130;
HULK/DR. ROBERT BRUC,H2 131;
HULK/DR. ROBERT BRUC,H2 132;
HULK/DR. ROBERT BRUC,H2 133;
HULK/DR. ROBERT BRUC,H2 134;
HULK/DR. ROBERT BRUC,H2 135;
HULK/DR. ROBERT BRUC,H2 136;
HULK/DR. ROBERT BRUC,H2 137;
HULK/DR. ROBERT BRUC,H2 138;
HULK/DR. ROBERT BRUC,H2 139;
HULK/DR. ROBERT BRUC,H2 140;
HULK/DR. ROBERT BRUC,H2 141;
HULK/DR. ROBERT BRUC,H2 142;
HULK/DR. ROBERT BRUC,H2 143;
HULK/DR. ROBERT BRUC,H2 144;
HULK/DR. ROBERT BRUC,H2 145;
HULK/DR. ROBERT BRUC,H2 146;
HULK/DR. ROBERT BRUC,H2 147;
HULK/DR. ROBERT BRUC,H2 147/2;
HULK/DR. ROBERT BRUC,H2 148;
HULK/DR. ROBERT BRUC,H2 149;
HULK/DR. ROBERT BRUC,H2 150;
HULK/DR. ROBERT BRUC,H2 151;
HULK/DR. ROBERT BRUC,H2 152;
HULK/DR. ROBERT BRUC,H2 153;
HULK/DR. ROBERT BRUC,H2 154;
HULK/DR. ROBERT BRUC,H2 155;
HULK/DR. ROBERT BRUC,H2 156;
HULK/DR. ROBERT BRUC,H2 157;
HULK/DR. ROBERT BRUC,H2 158;
HULK/DR. ROBERT BRUC,H2 159;
HULK/DR. ROBERT BRUC,H2 160;
HULK/DR. ROBERT BRUC,H2 161;
HULK/DR. ROBERT BRUC,H2 162;
HULK/DR. ROBERT BRUC,H2 163;
HULK/DR. ROBERT BRUC,H2 164;
HULK/DR. ROBERT BRUC,H2 165;
HULK/DR. ROBERT BRUC,H2 166;
HULK/DR. ROBERT BRUC,H2 167;
HULK/DR. ROBERT BRUC,H2 168;
HULK/DR. ROBERT BRUC,H2 169;
HULK/DR. ROBERT BRUC,H2 170;
HULK/DR. ROBERT BRUC,H2 171;
HULK/DR. ROBERT BRUC,H2 172;
HULK/DR. ROBERT BRUC,H2 173;
HULK/DR. ROBERT BRUC,H2 174;
HULK/DR. ROBERT BRUC,H2 175;
HULK/DR. ROBERT BRUC,H2 176;
HULK/DR. ROBERT BRUC,H2 177;
HULK/DR. ROBERT BRUC,H2 178;
HULK/DR. ROBERT BRUC,H2 179;
HULK/DR. ROBERT BRUC,H2 180;
HULK/DR. ROBERT BRUC,H2 181;
HULK/DR. ROBERT BRUC,H2 182;
HULK/DR. ROBERT BRUC,H2 183;
HULK/DR. ROBERT BRUC,H2 184;
HULK/DR. ROBERT BRUC,H2 185;
HULK/DR. ROBERT BRUC,H2 186;
HULK/DR. ROBERT BRUC,H2 187;
HULK/DR. ROBERT BRUC,H2 188;
HULK/DR. ROBERT BRUC,H2 189;
HULK/DR. ROBERT BRUC,H2 190;
HULK/DR. ROBERT BRUC,H2 191;
HULK/DR. ROBERT BRUC,H2 192;
HULK/DR. ROBERT BRUC,H2 193;
HULK/DR. ROBERT BRUC,H2 194;
HULK/DR. ROBERT BRUC,H2 195;
HULK/DR. ROBERT BRUC,H2 196;
HULK/DR. ROBERT BRUC,H2 197;
HULK/DR. ROBERT BRUC,H2 198;
HULK/DR. ROBERT BRUC,H2 199;
HULK/DR. ROBERT BRUC,H2 200;
HULK/DR. ROBERT BRUC,H2 201;
HULK/DR. ROBERT BRUC,H2 202;
HULK/DR. ROBERT BRUC,H2 203;
HULK/DR. ROBERT BRUC,H2 204;
HULK/DR. ROBERT BRUC,H2 205;
HULK/DR. ROBERT BRUC,H2 206;
HULK/DR. ROBERT BRUC,H2 207;
HULK/DR. ROBERT BRUC,H2 208;
HULK/DR. ROBERT BRUC,H2 209;
HULK/DR. ROBERT BRUC,H2 210;
HULK/DR. ROBERT BRUC,H2 211;
HULK/DR. ROBERT BRUC,H2 212;
HULK/DR. ROBERT BRUC,H2 213;
HULK/DR. ROBERT BRUC,H2 214;
HULK/DR. ROBERT BRUC,H2 215;
HULK/DR. ROBERT BRUC,H2 216;
HULK/DR. ROBERT BRUC,H2 217;
HULK/DR. ROBERT BRUC,H2 218;
HULK/DR. ROBERT BRUC,H2 219;
HULK/DR. ROBERT BRUC,H2 220;
HULK/DR. ROBERT BRUC,H2 221;
HULK/DR. ROBERT BRUC,H2 222;
HULK/DR. ROBERT BRUC,H2 223;
HULK/DR. ROBERT BRUC,H2 224;
HULK/DR. ROBERT BRUC,H2 225;
HULK/DR. ROBERT BRUC,H2 226;
HULK/DR. ROBERT BRUC,H2 227;
HULK/DR. ROBERT BRUC,H2 228;
HULK/DR. ROBERT BRUC,H2 229;
HULK/DR. ROBERT BRUC,H2 230;
HULK/DR. ROBERT BRUC,H2 231;
HULK/DR. ROBERT BRUC,H2 232;
HULK/DR. ROBERT BRUC,H2 233;
HULK/DR. ROBERT BRUC,H2 234;
HULK/DR. ROBERT BRUC,H2 235;
HULK/DR. ROBERT BRUC,H2 236;
HULK/DR. ROBERT BRUC,H2 237;
HULK/DR. ROBERT BRUC,H2 238;
HULK/DR. ROBERT BRUC,H2 239;
HULK/DR. ROBERT BRUC,H2 240;
HULK/DR. ROBERT BRUC,H2 241;
HULK/DR. ROBERT BRUC,H2 242;
HULK/DR. ROBERT BRUC,H2 243;
HULK/DR. ROBERT BRUC,H2 244;
HULK/DR. ROBERT BRUC,H2 245;
HULK/DR. ROBERT BRUC,H2 246;
HULK/DR. ROBERT BRUC,H2 247;
HULK/DR. ROBERT BRUC,H2 248;
HULK/DR. ROBERT BRUC,H2 249;
HULK/DR. ROBERT BRUC,H2 250;
HULK/DR. ROBERT BRUC,H2 251;
HULK/DR. ROBERT BRUC,H2 252;
HULK/DR. ROBERT BRUC,H2 253;
HULK/DR. ROBERT BRUC,H2 254;
HULK/DR. ROBERT BRUC,H2 255;
HULK/DR. ROBERT BRUC,H2 256;
HULK/DR. ROBERT BRUC,H2 257;
HULK/DR. ROBERT BRUC,H2 258;
HULK/DR. ROBERT BRUC,H2 259;
HULK/DR. ROBERT BRUC,H2 260;
HULK/DR. ROBERT BRUC,H2 261;
HULK/DR. ROBERT BRUC,H2 262;
HULK/DR. ROBERT BRUC,H2 262/2;
HULK/DR. ROBERT BRUC,H2 263;
HULK/DR. ROBERT BRUC,H2 264;
HULK/DR. ROBERT BRUC,H2 265;
HULK/DR. ROBERT BRUC,H2 266;
HULK/DR. ROBERT BRUC,H2 267;
HULK/DR. ROBERT BRUC,H2 268;
HULK/DR. ROBERT BRUC,H2 269;
HULK/DR. ROBERT BRUC,H2 270;
HULK/DR. ROBERT BRUC,H2 271;
HULK/DR. ROBERT BRUC,H2 272;
HULK/DR. ROBERT BRUC,H2 273;
HULK/DR. ROBERT BRUC,H2 274;
HULK/DR. ROBERT BRUC,H2 275;
HULK/DR. ROBERT BRUC,H2 276;
HULK/DR. ROBERT BRUC,H2 277;
HULK/DR. ROBERT BRUC,H2 278;
HULK/DR. ROBERT BRUC,H2 279;
HULK/DR. ROBERT BRUC,H2 280;
HULK/DR. ROBERT BRUC,H2 281;
HULK/DR. ROBERT BRUC,H2 282;
HULK/DR. ROBERT BRUC,H2 283;
HULK/DR. ROBERT BRUC,H2 284;
HULK/DR. ROBERT BRUC,H2 285;
HULK/DR. ROBERT BRUC,H2 286;
HULK/DR. ROBERT BRUC,H2 287;
HULK/DR. ROBERT BRUC,H2 288;
HULK/DR. ROBERT BRUC,H2 289;
HULK/DR. ROBERT BRUC,H2 290;
HULK/DR. ROBERT BRUC,H2 291;
HULK/DR. ROBERT BRUC,H2 292;
HULK/DR. ROBERT BRUC,H2 293;
HULK/DR. ROBERT BRUC,H2 294;
HULK/DR. ROBERT BRUC,H2 295;
HULK/DR. ROBERT BRUC,H2 296;
HULK/DR. ROBERT BRUC,H2 297;
HULK/DR. ROBERT BRUC,H2 298;
HULK/DR. ROBERT BRUC,H2 299;
HULK/DR. ROBERT BRUC,H2 300;
HULK/DR. ROBERT BRUC,H2 301;
HULK/DR. ROBERT BRUC,H2 302;
HULK/DR. ROBERT BRUC,H2 303;
HULK/DR. ROBERT BRUC,H2 304;
HULK/DR. ROBERT BRUC,H2 305;
HULK/DR. ROBERT BRUC,H2 306;
HULK/DR. ROBERT BRUC,H2 307;
HULK/DR. ROBERT BRUC,H2 308;
HULK/DR. ROBERT BRUC,H2 309;
HULK/DR. ROBERT BRUC,H2 312;
HULK/DR. ROBERT BRUC,H2 313;
HULK/DR. ROBERT BRUC,H2 314;
HULK/DR. ROBERT BRUC,H2 315;
HULK/DR. ROBERT BRUC,H2 316;
HULK/DR. ROBERT BRUC,H2 317;
HULK/DR. ROBERT BRUC,H2 318;
HULK/DR. ROBERT BRUC,H2 319;
HULK/DR. ROBERT BRUC,H2 320;
HULK/DR. ROBERT BRUC,H2 321;
HULK/DR. ROBERT BRUC,H2 322;
HULK/DR. ROBERT BRUC,H2 323;
HULK/DR. ROBERT BRUC,H2 324;
HULK/DR. ROBERT BRUC,H2 325;
HULK/DR. ROBERT BRUC,H2 326;
HULK/DR. ROBERT BRUC,H2 327;
HULK/DR. ROBERT BRUC,H2 328;
HULK/DR. ROBERT BRUC,H2 329;
HULK/DR. ROBERT BRUC,H2 330;
HULK/DR. ROBERT BRUC,H2 331;
HULK/DR. ROBERT BRUC,H2 332;
HULK/DR. ROBERT BRUC,H2 333;
HULK/DR. ROBERT BRUC,H2 334;
HULK/DR. ROBERT BRUC,H2 335;
HULK/DR. ROBERT BRUC,H2 336;
HULK/DR. ROBERT BRUC,H2 337;
HULK/DR. ROBERT BRUC,H2 338;
HULK/DR. ROBERT BRUC,H2 339;
HULK/DR. ROBERT BRUC,H2 340;
HULK/DR. ROBERT BRUC,H2 341;
HULK/DR. ROBERT BRUC,H2 342;
HULK/DR. ROBERT BRUC,H2 343;
HULK/DR. ROBERT BRUC,H2 344;
HULK/DR. ROBERT BRUC,H2 345;
HULK/DR. ROBERT BRUC,H2 347;
HULK/DR. ROBERT BRUC,H2 348;
HULK/DR. ROBERT BRUC,H2 349;
HULK/DR. ROBERT BRUC,H2 350;
HULK/DR. ROBERT BRUC,H2 351;
HULK/DR. ROBERT BRUC,H2 352;
HULK/DR. ROBERT BRUC,H2 353;
HULK/DR. ROBERT BRUC,H2 354;
HULK/DR. ROBERT BRUC,H2 355;
HULK/DR. ROBERT BRUC,H2 356;
HULK/DR. ROBERT BRUC,H2 357;
HULK/DR. ROBERT BRUC,H2 358;
HULK/DR. ROBERT BRUC,H2 359;
HULK/DR. ROBERT BRUC,H2 360;
HULK/DR. ROBERT BRUC,H2 361;
HULK/DR. ROBERT BRUC,H2 362;
HULK/DR. ROBERT BRUC,H2 363;
HULK/DR. ROBERT BRUC,H2 364;
HULK/DR. ROBERT BRUC,H2 365;
HULK/DR. ROBERT BRUC,H2 366;
HULK/DR. ROBERT BRUC,H2 367;
HULK/DR. ROBERT BRUC,H2 368;
HULK/DR. ROBERT BRUC,H2 369;
HULK/DR. ROBERT BRUC,H2 370;
HULK/DR. ROBERT BRUC,H2 371;
HULK/DR. ROBERT BRUC,H2 372;
HULK/DR. ROBERT BRUC,H2 373;
HULK/DR. ROBERT BRUC,H2 374;
HULK/DR. ROBERT BRUC,H2 375;
HULK/DR. ROBERT BRUC,H2 376;
HULK/DR. ROBERT BRUC,H2 377;
HULK/DR. ROBERT BRUC,H2 378;
HULK/DR. ROBERT BRUC,H2 379;
HULK/DR. ROBERT BRUC,H2 381;
HULK/DR. ROBERT BRUC,H2 382;
HULK/DR. ROBERT BRUC,H2 383;
HULK/DR. ROBERT BRUC,H2 384;
HULK/DR. ROBERT BRUC,H2 385;
HULK/DR. ROBERT BRUC,H2 386;
HULK/DR. ROBERT BRUC,H2 387;
HULK/DR. ROBERT BRUC,H2 388;
HULK/DR. ROBERT BRUC,H2 389;
HULK/DR. ROBERT BRUC,H2 390;
HULK/DR. ROBERT BRUC,H2 391;
HULK/DR. ROBERT BRUC,H2 392;
HULK/DR. ROBERT BRUC,H2 393;
HULK/DR. ROBERT BRUC,H2 393/2;
HULK/DR. ROBERT BRUC,H2 394;
HULK/DR. ROBERT BRUC,H2 395;
HULK/DR. ROBERT BRUC,H2 396;
HULK/DR. ROBERT BRUC,H2 397;
HULK/DR. ROBERT BRUC,H2 398;
HULK/DR. ROBERT BRUC,H2 399;
HULK/DR. ROBERT BRUC,H2 400;
HULK/DR. ROBERT BRUC,H2 418;
HULK/DR. ROBERT BRUC,H2 419;
HULK/DR. ROBERT BRUC,H2 420;
HULK/DR. ROBERT BRUC,H2 421;
HULK/DR. ROBERT BRUC,H2 422;
HULK/DR. ROBERT BRUC,H2 423;
HULK/DR. ROBERT BRUC,H2 424;
HULK/DR. ROBERT BRUC,H2 425;
HULK/DR. ROBERT BRUC,H2 426;
HULK/DR. ROBERT BRUC,H2 427;
HULK/DR. ROBERT BRUC,H2 428;
HULK/DR. ROBERT BRUC,H2 429;
HULK/DR. ROBERT BRUC,H2 430;
HULK/DR. ROBERT BRUC,H2 431;
HULK/DR. ROBERT BRUC,H2 432;
HULK/DR. ROBERT BRUC,H2 433;
HULK/DR. ROBERT BRUC,H2 434;
HULK/DR. ROBERT BRUC,H2 435;
HULK/DR. ROBERT BRUC,H2 436;
HULK/DR. ROBERT BRUC,H2 437;
HULK/DR. ROBERT BRUC,H2 438;
HULK/DR. ROBERT BRUC,H2 439;
HULK/DR. ROBERT BRUC,H2 440;
HULK/DR. ROBERT BRUC,H2 444;
HULK/DR. ROBERT BRUC,H2 445;
HULK/DR. ROBERT BRUC,H2 446;
HULK/DR. ROBERT BRUC,H2 447;
HULK/DR. ROBERT BRUC,H2 448;
HULK/DR. ROBERT BRUC,H2 449;
HULK/DR. ROBERT BRUC,H2 450;
HULK/DR. ROBERT BRUC,H2 450/2;
HULK/DR. ROBERT BRUC,H2 451;
HULK/DR. ROBERT BRUC,H2 452;
HULK/DR. ROBERT BRUC,H2 453;
HULK/DR. ROBERT BRUC,H2 454;
HULK/DR. ROBERT BRUC,H2 455;
HULK/DR. ROBERT BRUC,H2 456;
HULK/DR. ROBERT BRUC,H2 457;
HULK/DR. ROBERT BRUC,H2 458;
HULK/DR. ROBERT BRUC,H2 459;
HULK/DR. ROBERT BRUC,H2 460;
HULK/DR. ROBERT BRUC,H2 461;
HULK/DR. ROBERT BRUC,H2 462;
HULK/DR. ROBERT BRUC,H2 463;
HULK/DR. ROBERT BRUC,H2 464;
HULK/DR. ROBERT BRUC,H2 465;
HULK/DR. ROBERT BRUC,H2 466;
HULK/DR. ROBERT BRUC,H2 467;
HULK/DR. ROBERT BRUC,H2 468;
HULK/DR. ROBERT BRUC,H2 469;
HULK/DR. ROBERT BRUC,H2 470;
HULK/DR. ROBERT BRUC,H2 471;
HULK/DR. ROBERT BRUC,H2 472;
HULK/DR. ROBERT BRUC,H2 473;
HULK/DR. ROBERT BRUC,H2 474;
HULK/DR. ROBERT BRUC,H 3;
HULK/DR. ROBERT BRUC,H3 1;
HULK/DR. ROBERT BRUC,H3 10;
HULK/DR. ROBERT BRUC,H3 11;
HULK/DR. ROBERT BRUC,H3 1/2;
HULK/DR. ROBERT BRUC,H3 12;
HULK/DR. ROBERT BRUC,H3 13;
HULK/DR. ROBERT BRUC,H3 14;
HULK/DR. ROBERT BRUC,H3 15;
HULK/DR. ROBERT BRUC,H3 16;
HULK/DR. ROBERT BRUC,H3 17;
HULK/DR. ROBERT BRUC,H3 18;
HULK/DR. ROBERT BRUC,H3 19;
HULK/DR. ROBERT BRUC,H3 2;
HULK/DR. ROBERT BRUC,H3 20;
HULK/DR. ROBERT BRUC,H3 21;
HULK/DR. ROBERT BRUC,H3 22;
HULK/DR. ROBERT BRUC,H3 23;
HULK/DR. ROBERT BRUC,H3 24;
HULK/DR. ROBERT BRUC,H3 25;
HULK/DR. ROBERT BRUC,H3 26;
HULK/DR. ROBERT BRUC,H3 28;
HULK/DR. ROBERT BRUC,H3 29;
HULK/DR. ROBERT BRUC,H3 3;
HULK/DR. ROBERT BRUC,H3 30;
HULK/DR. ROBERT BRUC,H3 310;
HULK/DR. ROBERT BRUC,H3 311;
HULK/DR. ROBERT BRUC,H3 4;
HULK/DR. ROBERT BRUC,H3 5;
HULK/DR. ROBERT BRUC,H3 6;
HULK/DR. ROBERT BRUC,H3 7;
HULK/DR. ROBERT BRUC,H3 8;
HULK/DR. ROBERT BRUC,H3 9;
HULK/DR. ROBERT BRUC,H 4;
HULK/DR. ROBERT BRUC,H 4/2;
HULK/DR. ROBERT BRUC,H 5;
HULK/DR. ROBERT BRUC,H 5/2;
HULK/DR. ROBERT BRUC,H 6;
HULK/DR. ROBERT BRUC,H 7;
HULK/DR. ROBERT BRUC,H 8;
HULK/DR. ROBERT BRUC,H 9;
HULK/DR. ROBERT BRUC,H '97;
HULK/DR. ROBERT BRUC,H '97/2;
HULK/DR. ROBERT BRUC,H '98;
HULK/DR. ROBERT BRUC,HFH 1;
HULK/DR. ROBERT BRUC,HMAG 10;
HULK/DR. ROBERT BRUC,HMAG 11;
HULK/DR. ROBERT BRUC,HMAG 12;
HULK/DR. ROBERT BRUC,HMAG 13;
HULK/DR. ROBERT BRUC,HMAG 14;
HULK/DR. ROBERT BRUC,HMAG 15;
HULK/DR. ROBERT BRUC,HMAG 15/2;
HULK/DR. ROBERT BRUC,HMAG 15/3;
HULK/DR. ROBERT BRUC,HMAG 16;
HULK/DR. ROBERT BRUC,HMAG 17;
HULK/DR. ROBERT BRUC,HMAG 18;
HULK/DR. ROBERT BRUC,HMAG 19;
HULK/DR. ROBERT BRUC,HMAG 19/2;
HULK/DR. ROBERT BRUC,HMAG 20;
HULK/DR. ROBERT BRUC,HMAG 21;
HULK/DR. ROBERT BRUC,HMAG 22;
HULK/DR. ROBERT BRUC,HMAG 23;
HULK/DR. ROBERT BRUC,HMAG 23/2;
HULK/DR. ROBERT BRUC,HMAG 24;
HULK/DR. ROBERT BRUC,HMAG 25;
HULK/DR. ROBERT BRUC,HMAG 25/2;
HULK/DR. ROBERT BRUC,HMAG 26;
HULK/DR. ROBERT BRUC,HMAG 26/2;
HULK/DR. ROBERT BRUC,HMAG 26/3;
HULK/DR. ROBERT BRUC,HMAG 27;
HULK/DR. ROBERT BRUC,HMAG 27/2;
HULK/DR. ROBERT BRUC,HR:R 1;
HULK/DR. ROBERT BRUC,HR:R 2;
HULK/DR. ROBERT BRUC,HR:R 3;
HULK/DR. ROBERT BRUC,HR:R 4;
HULK/DR. ROBERT BRUC,HS 1;
HULK/DR. ROBERT BRUC,HS 2;
HULK/DR. ROBERT BRUC,IG 1;
HULK/DR. ROBERT BRUC,IG 3;
HULK/DR. ROBERT BRUC,IG 4;
HULK/DR. ROBERT BRUC,IG 5;
HULK/DR. ROBERT BRUC,IG 6;
HULK/DR. ROBERT BRUC,IM 131;
HULK/DR. ROBERT BRUC,IM 132;
HULK/DR. ROBERT BRUC,IM 133;
HULK/DR. ROBERT BRUC,IM 247;
HULK/DR. ROBERT BRUC,IM 304;
HULK/DR. ROBERT BRUC,IM 305;
HULK/DR. ROBERT BRUC,INH 12;
HULK/DR. ROBERT BRUC,IW 2;
HULK/DR. ROBERT BRUC,IW 3;
HULK/DR. ROBERT BRUC,IW 4;
HULK/DR. ROBERT BRUC,IW 5;
HULK/DR. ROBERT BRUC,IW 6;
HULK/DR. ROBERT BRUC,JIM 112;
HULK/DR. ROBERT BRUC,MAXSEC 3;
HULK/DR. ROBERT BRUC,M/CP 26/4;
HULK/DR. ROBERT BRUC,M/CP 38/3;
HULK/DR. ROBERT BRUC,M/CP 45/3;
HULK/DR. ROBERT BRUC,M/CP 52/4;
HULK/DR. ROBERT BRUC,M/CP 54;
HULK/DR. ROBERT BRUC,M/CP 55;
HULK/DR. ROBERT BRUC,M/CP 56;
HULK/DR. ROBERT BRUC,M/CP 57;
HULK/DR. ROBERT BRUC,M/CP 58;
HULK/DR. ROBERT BRUC,M/CP 59;
HULK/DR. ROBERT BRUC,M/CP 59/1;
HULK/DR. ROBERT BRUC,M/CP 60;
HULK/DR. ROBERT BRUC,M/CP 61;
HULK/DR. ROBERT BRUC,M/CP 6/4;
HULK/DR. ROBERT BRUC,M/CP 78/4;
HULK/DR. ROBERT BRUC,M/CP 95/4;
HULK/DR. ROBERT BRUC,M/FAN 17/2;
HULK/DR. ROBERT BRUC,M/FAN 20;
HULK/DR. ROBERT BRUC,M/FAN 21;
HULK/DR. ROBERT BRUC,M/FAN 29;
HULK/DR. ROBERT BRUC,M/FAN 47;
HULK/DR. ROBERT BRUC,M/FAN 7;
HULK/DR. ROBERT BRUC,M/FEA 1;
HULK/DR. ROBERT BRUC,M/FEA 11;
HULK/DR. ROBERT BRUC,M/FEA 2;
HULK/DR. ROBERT BRUC,M/FEA 3;
HULK/DR. ROBERT BRUC,M/GN 1;
HULK/DR. ROBERT BRUC,M/GN 18;
HULK/DR. ROBERT BRUC,M/GN 27;
HULK/DR. ROBERT BRUC,M/GN 29;
HULK/DR. ROBERT BRUC,MK3 41;
HULK/DR. ROBERT BRUC,M/:LG 12;
HULK/DR. ROBERT BRUC,M/SH3 3/3;
HULK/DR. ROBERT BRUC,M/SHSW 1;
HULK/DR. ROBERT BRUC,M/SHSW 10;
HULK/DR. ROBERT BRUC,M/SHSW 11;
HULK/DR. ROBERT BRUC,M/SHSW 12;
HULK/DR. ROBERT BRUC,M/SHSW 2;
HULK/DR. ROBERT BRUC,M/SHSW 3;
HULK/DR. ROBERT BRUC,M/SHSW 4;
HULK/DR. ROBERT BRUC,M/SHSW 5;
HULK/DR. ROBERT BRUC,M/SHSW 6;
HULK/DR. ROBERT BRUC,M/SHSW 7;
HULK/DR. ROBERT BRUC,M/SHSW 8;
HULK/DR. ROBERT BRUC,M/SHSW 9;
HULK/DR. ROBERT BRUC,M/TE 12;
HULK/DR. ROBERT BRUC,M/TE 25;
HULK/DR. ROBERT BRUC,M/TIO 46;
HULK/DR. ROBERT BRUC,M/TIO 5;
HULK/DR. ROBERT BRUC,M/TIO 7;
HULK/DR. ROBERT BRUC,M/TIO 96;
HULK/DR. ROBERT BRUC,M/TU 104;
HULK/DR. ROBERT BRUC,M/TU 105;
HULK/DR. ROBERT BRUC,M/TU 111;
HULK/DR. ROBERT BRUC,M/TU 126/2;
HULK/DR. ROBERT BRUC,M/TU 18;
HULK/DR. ROBERT BRUC,M/TU 2;
HULK/DR. ROBERT BRUC,M/TU 27;
HULK/DR. ROBERT BRUC,M/TU 3;
HULK/DR. ROBERT BRUC,M/TU 51;
HULK/DR. ROBERT BRUC,M/TU 53;
HULK/DR. ROBERT BRUC,M/TU 54;
HULK/DR. ROBERT BRUC,M/TU 55;
HULK/DR. ROBERT BRUC,M/TU 97;
HULK/DR. ROBERT BRUC,N 1/3;
HULK/DR. ROBERT BRUC,N 2;
HULK/DR. ROBERT BRUC,NT2 15;
HULK/DR. ROBERT BRUC,OE 3;
HULK/DR. ROBERT BRUC,O:MU;
HULK/DR. ROBERT BRUC,OU 2;
HULK/DR. ROBERT BRUC,PM&IF 65;
HULK/DR. ROBERT BRUC,PPSM2 14;
HULK/DR. ROBERT BRUC,Q 28;
HULK/DR. ROBERT BRUC,Q 38;
HULK/DR. ROBERT BRUC,Q 39;
HULK/DR. ROBERT BRUC,QP 1;
HULK/DR. ROBERT BRUC,RH2 1;
HULK/DR. ROBERT BRUC,RH2 1/2;
HULK/DR. ROBERT BRUC,RH2 2;
HULK/DR. ROBERT BRUC,RH2 3;
HULK/DR. ROBERT BRUC,RH2 4;
HULK/DR. ROBERT BRUC,RH2 5;
HULK/DR. ROBERT BRUC,RH2 6;
HULK/DR. ROBERT BRUC,SENSM 14;
HULK/DR. ROBERT BRUC,SENSM 15;
HULK/DR. ROBERT BRUC,S-H 1;
HULK/DR. ROBERT BRUC,S-H2 29;
HULK/DR. ROBERT BRUC,S&L 1/2;
HULK/DR. ROBERT BRUC,S&L 3;
HULK/DR. ROBERT BRUC,S-M 18;
HULK/DR. ROBERT BRUC,S-M 19;
HULK/DR. ROBERT BRUC,S-M 20;
HULK/DR. ROBERT BRUC,S-M 22;
HULK/DR. ROBERT BRUC,S-M 23;
HULK/DR. ROBERT BRUC,SMTU 6;
HULK/DR. ROBERT BRUC,SS3 125;
HULK/DR. ROBERT BRUC,SS3 14;
HULK/DR. ROBERT BRUC,SS3 54;
HULK/DR. ROBERT BRUC,SS3 59;
HULK/DR. ROBERT BRUC,SS3 95;
HULK/DR. ROBERT BRUC,SS3 96;
HULK/DR. ROBERT BRUC,SS 5;
HULK/DR. ROBERT BRUC,SSWP 4;
HULK/DR. ROBERT BRUC,ST 156;
HULK/DR. ROBERT BRUC,SUB-M 34;
HULK/DR. ROBERT BRUC,SUB-M 35;
HULK/DR. ROBERT BRUC,SWII 8;
HULK/DR. ROBERT BRUC,SWII 9;
HULK/DR. ROBERT BRUC,T 233;
HULK/DR. ROBERT BRUC,T 385;
HULK/DR. ROBERT BRUC,T 488;
HULK/DR. ROBERT BRUC,T 489;
HULK/DR. ROBERT BRUC,TB 34;
HULK/DR. ROBERT BRUC,TOS 49;
HULK/DR. ROBERT BRUC,TTA 100;
HULK/DR. ROBERT BRUC,TTA 101;
HULK/DR. ROBERT BRUC,TTA3;
HULK/DR. ROBERT BRUC,TTA 59;
HULK/DR. ROBERT BRUC,TTA 60/2;
HULK/DR. ROBERT BRUC,TTA 61/2;
HULK/DR. ROBERT BRUC,TTA 62/2;
HULK/DR. ROBERT BRUC,TTA 63/2;
HULK/DR. ROBERT BRUC,TTA 64/2;
HULK/DR. ROBERT BRUC,TTA 65/2;
HULK/DR. ROBERT BRUC,TTA 66/2;
HULK/DR. ROBERT BRUC,TTA 67/2;
HULK/DR. ROBERT BRUC,TTA 68/2;
HULK/DR. ROBERT BRUC,TTA 69/2;
HULK/DR. ROBERT BRUC,TTA 70/2;
HULK/DR. ROBERT BRUC,TTA 71/2;
HULK/DR. ROBERT BRUC,TTA 72/2;
HULK/DR. ROBERT BRUC,TTA 73/2;
HULK/DR. ROBERT BRUC,TTA 74/2;
HULK/DR. ROBERT BRUC,TTA 75/2;
HULK/DR. ROBERT BRUC,TTA 76/2;
HULK/DR. ROBERT BRUC,TTA 77/2;
HULK/DR. ROBERT BRUC,TTA 78/2;
HULK/DR. ROBERT BRUC,TTA 79/2;
HULK/DR. ROBERT BRUC,TTA 80/2;
HULK/DR. ROBERT BRUC,TTA 81/2;
HULK/DR. ROBERT BRUC,TTA 82/2;
HULK/DR. ROBERT BRUC,TTA 83/2;
HULK/DR. ROBERT BRUC,TTA 84;
HULK/DR. ROBERT BRUC,TTA 84/2;
HULK/DR. ROBERT BRUC,TTA 85;
HULK/DR. ROBERT BRUC,TTA 85/2;
HULK/DR. ROBERT BRUC,TTA 86/2;
HULK/DR. ROBERT BRUC,TTA 87/2;
HULK/DR. ROBERT BRUC,TTA 88/2;
HULK/DR. ROBERT BRUC,TTA 89/2;
HULK/DR. ROBERT BRUC,TTA 90/2;
HULK/DR. ROBERT BRUC,TTA 91/2;
HULK/DR. ROBERT BRUC,TTA 92/2;
HULK/DR. ROBERT BRUC,TTA 93/2;
HULK/DR. ROBERT BRUC,TTA 94/2;
HULK/DR. ROBERT BRUC,TTA 95/2;
HULK/DR. ROBERT BRUC,TTA 96/2;
HULK/DR. ROBERT BRUC,TTA 97/2;
HULK/DR. ROBERT BRUC,TTA 98/2;
HULK/DR. ROBERT BRUC,TTA 99;
HULK/DR. ROBERT BRUC,UTSM '97;
HULK/DR. ROBERT BRUC,UX 66;
HULK/DR. ROBERT BRUC,W2 144;
HULK/DR. ROBERT BRUC,W2 145;
HULK/DR. ROBERT BRUC,W2 7;
HULK/DR. ROBERT BRUC,W2 8;
HULK/DR. ROBERT BRUC,WARM 19;
HULK/DR. ROBERT BRUC,WIW 8;
HULK/DR. ROBERT BRUC,WM2 13;
HULK/DR. ROBERT BRUC,WM2 14;
HULK/DR. ROBERT BRUC,WM2 15;
HULK/DR. ROBERT BRUC,WOSM 44;
HULK/DR. ROBERT BRUC,WOSM 69;
HULK/DR. ROBERT BRUC,XM '98;
HULK III/BRUCE BANNE,A2 12;
HULK III/BRUCE BANNE,A2 4;
HULK III/BRUCE BANNE,A2 5;
HULK III/BRUCE BANNE,A2 6;
HULK III/BRUCE BANNE,FF2 6;
HULK III/BRUCE BANNE,H2 450/2;
HULK III/BRUCE BANNE,HR:R 1;
HULK III/BRUCE BANNE,HR:R 2;
HULK III/BRUCE BANNE,HR:R 3;
HULK III/BRUCE BANNE,HR:R 4;
HULK III/BRUCE BANNE,IM2 1;
HULK III/BRUCE BANNE,IM2 10;
HULK III/BRUCE BANNE,IM2 11;
HULK III/BRUCE BANNE,IM2 12;
HULK III/BRUCE BANNE,IM2 2;
HULK III/BRUCE BANNE,IM2 4;
HULK III/BRUCE BANNE,IM2 5;
HULK III/BRUCE BANNE,IM2 6;
HULK III/BRUCE BANNE,IM2 8;
HULK IV,H2 450;
HULK IV,H2 452;
HULK IV,H2 453;
HULK | MUTANT X-VERS,MX '01;
HULK | MUTANT X-VERS,MX 32;
HULK ROBOT,C&D3 8;
HULK ROBOT,C&D3 9;
HULK ROBOT,E 14;
HULK ROBOT,E 15;
HULK ROBOT,E 16;
HULK ROBOT,FF 320;
HULK ROBOT,H2 350;
HUMAN ROBOT,AVF 4;
HUMAN ROBOT,AVF 5;
HUMAN ROBOT,MENACE 11;
HUMAN ROBOT,WI? 9;
HUMAN TOP/DAVEY MITC,INV 27;
HUMAN TOP/DAVEY MITC,INV 28;
HUMAN TOP/DAVEY MITC,INV 38;
HUMAN TOP/DAVEY MITC,INV 39;
HUMAN TORCH ANDROID/,A 131;
HUMAN TORCH ANDROID/,A 132;
HUMAN TORCH ANDROID/,A 134;
HUMAN TORCH ANDROID/,A 135;
HUMAN TORCH ANDROID/,A 18;
HUMAN TORCH ANDROID/,A 19;
HUMAN TORCH ANDROID/,A3 24;
HUMAN TORCH ANDROID/,A 71;
HUMAN TORCH ANDROID/,ASPOT 30;
HUMAN TORCH ANDROID/,AVF 8;
HUMAN TORCH ANDROID/,AWC 4;
HUMAN TORCH ANDROID/,AWC 5;
HUMAN TORCH ANDROID/,AWC 50;
HUMAN TORCH ANDROID/,AWC 51;
HUMAN TORCH ANDROID/,AWC 52;
HUMAN TORCH ANDROID/,AWC 53;
HUMAN TORCH ANDROID/,AWC 54;
HUMAN TORCH ANDROID/,AWC 56;
HUMAN TORCH ANDROID/,AWC 56/2;
HUMAN TORCH ANDROID/,AWC 57;
HUMAN TORCH ANDROID/,AWC 58;
HUMAN TORCH ANDROID/,AWC 63;
HUMAN TORCH ANDROID/,AWC 64;
HUMAN TORCH ANDROID/,AWC 65/2;
HUMAN TORCH ANDROID/,AWC 83;
HUMAN TORCH ANDROID/,CA COMICS 78;
HUMAN TORCH ANDROID/,CA:SL2 2;
HUMAN TORCH ANDROID/,CA:SL2 3;
HUMAN TORCH ANDROID/,CA:SL2 4;
HUMAN TORCH ANDROID/,CV 3;
HUMAN TORCH ANDROID/,DF 2.4;
HUMAN TORCH ANDROID/,DF 3.6;
HUMAN TORCH ANDROID/,FF 22;
HUMAN TORCH ANDROID/,FF 4;
HUMAN TORCH ANDROID/,GSA 3;
HUMAN TORCH ANDROID/,GSINV 1;
HUMAN TORCH ANDROID/,HFH 1;
HUMAN TORCH ANDROID/,HFH 10;
HUMAN TORCH ANDROID/,HFH 11;
HUMAN TORCH ANDROID/,HFH 12;
HUMAN TORCH ANDROID/,HFH 13;
HUMAN TORCH ANDROID/,HFH 14;
HUMAN TORCH ANDROID/,HFH 15;
HUMAN TORCH ANDROID/,HFH 16;
HUMAN TORCH ANDROID/,HFH 17;
HUMAN TORCH ANDROID/,HFH 18;
HUMAN TORCH ANDROID/,HFH 19;
HUMAN TORCH ANDROID/,HFH 2;
HUMAN TORCH ANDROID/,HFH 3;
HUMAN TORCH ANDROID/,HFH 4;
HUMAN TORCH ANDROID/,HFH 5;
HUMAN TORCH ANDROID/,HFH 7;
HUMAN TORCH ANDROID/,HFH 8;
HUMAN TORCH ANDROID/,HFH 9;
HUMAN TORCH ANDROID/,HUMAN TORCH 1;
HUMAN TORCH ANDROID/,IG 2;
HUMAN TORCH ANDROID/,INV 1;
HUMAN TORCH ANDROID/,INV 10;
HUMAN TORCH ANDROID/,INV 11;
HUMAN TORCH ANDROID/,INV 12;
HUMAN TORCH ANDROID/,INV 13;
HUMAN TORCH ANDROID/,INV 14;
HUMAN TORCH ANDROID/,INV 15;
HUMAN TORCH ANDROID/,INV 16;
HUMAN TORCH ANDROID/,INV 17;
HUMAN TORCH ANDROID/,INV 18;
HUMAN TORCH ANDROID/,INV 19;
HUMAN TORCH ANDROID/,INV 2;
HUMAN TORCH ANDROID/,INV 20;
HUMAN TORCH ANDROID/,INV 21;
HUMAN TORCH ANDROID/,INV 22;
HUMAN TORCH ANDROID/,INV 23;
HUMAN TORCH ANDROID/,INV 25;
HUMAN TORCH ANDROID/,INV 26;
HUMAN TORCH ANDROID/,INV 27;
HUMAN TORCH ANDROID/,INV 28;
HUMAN TORCH ANDROID/,INV 29;
HUMAN TORCH ANDROID/,INV 3;
HUMAN TORCH ANDROID/,INV 30;
HUMAN TORCH ANDROID/,INV 31;
HUMAN TORCH ANDROID/,INV 32;
HUMAN TORCH ANDROID/,INV 33;
HUMAN TORCH ANDROID/,INV 34;
HUMAN TORCH ANDROID/,INV 35;
HUMAN TORCH ANDROID/,INV 36;
HUMAN TORCH ANDROID/,INV 37;
HUMAN TORCH ANDROID/,INV 38;
HUMAN TORCH ANDROID/,INV 39;
HUMAN TORCH ANDROID/,INV 4;
HUMAN TORCH ANDROID/,INV 40;
HUMAN TORCH ANDROID/,INV 41;
HUMAN TORCH ANDROID/,INV 5;
HUMAN TORCH ANDROID/,INV 6;
HUMAN TORCH ANDROID/,INV 7;
HUMAN TORCH ANDROID/,INV 8;
HUMAN TORCH ANDROID/,INV 9;
HUMAN TORCH ANDROID/,MARVEL COMICS 1;
HUMAN TORCH ANDROID/,MARVEL MYSTERY COMIC;
HUMAN TORCH ANDROID/,M/PRM 30;
HUMAN TORCH ANDROID/,M/SH 16;
HUMAN TORCH ANDROID/,M/U 1;
HUMAN TORCH ANDROID/,M/U 2;
HUMAN TORCH ANDROID/,M/U 3;
HUMAN TORCH ANDROID/,N 10;
HUMAN TORCH ANDROID/,N 12;
HUMAN TORCH ANDROID/,N 1/3;
HUMAN TORCH ANDROID/,N 26;
HUMAN TORCH ANDROID/,N 31;
HUMAN TORCH ANDROID/,N 9;
HUMAN TORCH ANDROID/,NW 27;
HUMAN TORCH ANDROID/,QS 11;
HUMAN TORCH ANDROID/,SAGAHT 4;
HUMAN TORCH ANDROID/,YOUNG ALLIES 1;
HUMAN TORCH DOPPELGA,FF 368;
HUMAN TORCH DOPPELGA,IW 1;
HUMAN TORCH DOPPELGA,WM2 13;
HUMAN TORCH DOPPELGA,WM2 15;
HUMAN TORCH/JOHNNY S,A 1;
HUMAN TORCH/JOHNNY S,A 118;
HUMAN TORCH/JOHNNY S,A 12;
HUMAN TORCH/JOHNNY S,A 127;
HUMAN TORCH/JOHNNY S,A 128;
HUMAN TORCH/JOHNNY S,A 13;
HUMAN TORCH/JOHNNY S,A 14;
HUMAN TORCH/JOHNNY S,A 1.5;
HUMAN TORCH/JOHNNY S,A 18/2;
HUMAN TORCH/JOHNNY S,A 206;
HUMAN TORCH/JOHNNY S,A 21;
HUMAN TORCH/JOHNNY S,A2 12;
HUMAN TORCH/JOHNNY S,A 216;
HUMAN TORCH/JOHNNY S,A 233;
HUMAN TORCH/JOHNNY S,A 249;
HUMAN TORCH/JOHNNY S,A 25;
HUMAN TORCH/JOHNNY S,A2 6;
HUMAN TORCH/JOHNNY S,A 266;
HUMAN TORCH/JOHNNY S,A 3;
HUMAN TORCH/JOHNNY S,A 303;
HUMAN TORCH/JOHNNY S,A3 10;
HUMAN TORCH/JOHNNY S,A3 11;
HUMAN TORCH/JOHNNY S,A 332;
HUMAN TORCH/JOHNNY S,A 333;
HUMAN TORCH/JOHNNY S,A 60;
HUMAN TORCH/JOHNNY S,A 82;
HUMAN TORCH/JOHNNY S,AA2 1;
HUMAN TORCH/JOHNNY S,AA2 2;
HUMAN TORCH/JOHNNY S,AF 111;
HUMAN TORCH/JOHNNY S,AF 61;
HUMAN TORCH/JOHNNY S,AF 93;
HUMAN TORCH/JOHNNY S,AF 94;
HUMAN TORCH/JOHNNY S,AR 1;
HUMAN TORCH/JOHNNY S,AR 2;
HUMAN TORCH/JOHNNY S,ASM 1;
HUMAN TORCH/JOHNNY S,ASM 1/2;
HUMAN TORCH/JOHNNY S,ASM 126;
HUMAN TORCH/JOHNNY S,ASM 127;
HUMAN TORCH/JOHNNY S,ASM 130;
HUMAN TORCH/JOHNNY S,ASM 17;
HUMAN TORCH/JOHNNY S,ASM 18;
HUMAN TORCH/JOHNNY S,ASM 19;
HUMAN TORCH/JOHNNY S,ASM 21;
HUMAN TORCH/JOHNNY S,ASM2 1;
HUMAN TORCH/JOHNNY S,ASM2 4;
HUMAN TORCH/JOHNNY S,ASM 258;
HUMAN TORCH/JOHNNY S,ASM 259;
HUMAN TORCH/JOHNNY S,ASM 267;
HUMAN TORCH/JOHNNY S,ASM 3;
HUMAN TORCH/JOHNNY S,ASM 362;
HUMAN TORCH/JOHNNY S,ASM 363;
HUMAN TORCH/JOHNNY S,ASM 4;
HUMAN TORCH/JOHNNY S,ASM 407;
HUMAN TORCH/JOHNNY S,ASM 5;
HUMAN TORCH/JOHNNY S,ASM 76;
HUMAN TORCH/JOHNNY S,ASM 77;
HUMAN TORCH/JOHNNY S,ASM 8/2;
HUMAN TORCH/JOHNNY S,ASMU 6;
HUMAN TORCH/JOHNNY S,ASPOT 29/2;
HUMAN TORCH/JOHNNY S,ASPOT 30;
HUMAN TORCH/JOHNNY S,AUP 3;
HUMAN TORCH/JOHNNY S,AWC 75;
HUMAN TORCH/JOHNNY S,BFF:S 1;
HUMAN TORCH/JOHNNY S,BFF:S 2;
HUMAN TORCH/JOHNNY S,BFF:S 3;
HUMAN TORCH/JOHNNY S,CA2 12;
HUMAN TORCH/JOHNNY S,CA3 1;
HUMAN TORCH/JOHNNY S,CA:SL2 11;
HUMAN TORCH/JOHNNY S,CM 47;
HUMAN TORCH/JOHNNY S,COC 1;
HUMAN TORCH/JOHNNY S,COH 3;
HUMAN TORCH/JOHNNY S,COH 4;
HUMAN TORCH/JOHNNY S,CPU 1;
HUMAN TORCH/JOHNNY S,DAMCON 2;
HUMAN TORCH/JOHNNY S,DAZZ 18;
HUMAN TORCH/JOHNNY S,DAZZ 2;
HUMAN TORCH/JOHNNY S,DAZZ 21;
HUMAN TORCH/JOHNNY S,DAZZ 3;
HUMAN TORCH/JOHNNY S,DAZZ 4;
HUMAN TORCH/JOHNNY S,DAZZ 5;
HUMAN TORCH/JOHNNY S,DAZZ 9;
HUMAN TORCH/JOHNNY S,DD 164;
HUMAN TORCH/JOHNNY S,DD 2;
HUMAN TORCH/JOHNNY S,DD 260;
HUMAN TORCH/JOHNNY S,DD 261;
HUMAN TORCH/JOHNNY S,DD2 8;
HUMAN TORCH/JOHNNY S,DD 331;
HUMAN TORCH/JOHNNY S,DD 36;
HUMAN TORCH/JOHNNY S,DD 38;
HUMAN TORCH/JOHNNY S,DEF 152;
HUMAN TORCH/JOHNNY S,DEF2 1;
HUMAN TORCH/JOHNNY S,DF 1.1;
HUMAN TORCH/JOHNNY S,DF 2.3;
HUMAN TORCH/JOHNNY S,DF 3.5;
HUMAN TORCH/JOHNNY S,DF 3.6;
HUMAN TORCH/JOHNNY S,DF 4.7;
HUMAN TORCH/JOHNNY S,DF 4.8;
HUMAN TORCH/JOHNNY S,DH 9;
HUMAN TORCH/JOHNNY S,DLOK2 4;
HUMAN TORCH/JOHNNY S,DLOK2 5;
HUMAN TORCH/JOHNNY S,DRSTR2 53;
HUMAN TORCH/JOHNNY S,FF '00;
HUMAN TORCH/JOHNNY S,FF '01;
HUMAN TORCH/JOHNNY S,FF 1;
HUMAN TORCH/JOHNNY S,FF 10;
HUMAN TORCH/JOHNNY S,FF 100;
HUMAN TORCH/JOHNNY S,FF 101;
HUMAN TORCH/JOHNNY S,FF 102;
HUMAN TORCH/JOHNNY S,FF 103;
HUMAN TORCH/JOHNNY S,FF 104;
HUMAN TORCH/JOHNNY S,FF 105;
HUMAN TORCH/JOHNNY S,FF 106;
HUMAN TORCH/JOHNNY S,FF 107;
HUMAN TORCH/JOHNNY S,FF 108;
HUMAN TORCH/JOHNNY S,FF 109;
HUMAN TORCH/JOHNNY S,FF 11;
HUMAN TORCH/JOHNNY S,FF 110;
HUMAN TORCH/JOHNNY S,FF 111;
HUMAN TORCH/JOHNNY S,FF 11/2;
HUMAN TORCH/JOHNNY S,FF 112;
HUMAN TORCH/JOHNNY S,FF 113;
HUMAN TORCH/JOHNNY S,FF 114;
HUMAN TORCH/JOHNNY S,FF 115;
HUMAN TORCH/JOHNNY S,FF 116;
HUMAN TORCH/JOHNNY S,FF 117;
HUMAN TORCH/JOHNNY S,FF 118;
HUMAN TORCH/JOHNNY S,FF 119;
HUMAN TORCH/JOHNNY S,FF 1/2;
HUMAN TORCH/JOHNNY S,FF 12;
HUMAN TORCH/JOHNNY S,FF 120;
HUMAN TORCH/JOHNNY S,FF 121;
HUMAN TORCH/JOHNNY S,FF 122;
HUMAN TORCH/JOHNNY S,FF 123;
HUMAN TORCH/JOHNNY S,FF 124;
HUMAN TORCH/JOHNNY S,FF 125;
HUMAN TORCH/JOHNNY S,FF 126;
HUMAN TORCH/JOHNNY S,FF 127;
HUMAN TORCH/JOHNNY S,FF 128;
HUMAN TORCH/JOHNNY S,FF 129;
HUMAN TORCH/JOHNNY S,FF 13;
HUMAN TORCH/JOHNNY S,FF 130;
HUMAN TORCH/JOHNNY S,FF 131;
HUMAN TORCH/JOHNNY S,FF 132;
HUMAN TORCH/JOHNNY S,FF 133;
HUMAN TORCH/JOHNNY S,FF 134;
HUMAN TORCH/JOHNNY S,FF 135;
HUMAN TORCH/JOHNNY S,FF 136;
HUMAN TORCH/JOHNNY S,FF 137;
HUMAN TORCH/JOHNNY S,FF 138;
HUMAN TORCH/JOHNNY S,FF 139;
HUMAN TORCH/JOHNNY S,FF 14;
HUMAN TORCH/JOHNNY S,FF 140;
HUMAN TORCH/JOHNNY S,FF 141;
HUMAN TORCH/JOHNNY S,FF 142;
HUMAN TORCH/JOHNNY S,FF 143;
HUMAN TORCH/JOHNNY S,FF 144;
HUMAN TORCH/JOHNNY S,FF 145;
HUMAN TORCH/JOHNNY S,FF 146;
HUMAN TORCH/JOHNNY S,FF 147;
HUMAN TORCH/JOHNNY S,FF 148;
HUMAN TORCH/JOHNNY S,FF 149;
HUMAN TORCH/JOHNNY S,FF 15;
HUMAN TORCH/JOHNNY S,FF 150;
HUMAN TORCH/JOHNNY S,FF 151;
HUMAN TORCH/JOHNNY S,FF 152;
HUMAN TORCH/JOHNNY S,FF 153;
HUMAN TORCH/JOHNNY S,FF 154;
HUMAN TORCH/JOHNNY S,FF 155;
HUMAN TORCH/JOHNNY S,FF 156;
HUMAN TORCH/JOHNNY S,FF 157;
HUMAN TORCH/JOHNNY S,FF 158;
HUMAN TORCH/JOHNNY S,FF 159;
HUMAN TORCH/JOHNNY S,FF 16;
HUMAN TORCH/JOHNNY S,FF 160;
HUMAN TORCH/JOHNNY S,FF 161;
HUMAN TORCH/JOHNNY S,FF 162;
HUMAN TORCH/JOHNNY S,FF 163;
HUMAN TORCH/JOHNNY S,FF 164;
HUMAN TORCH/JOHNNY S,FF 165;
HUMAN TORCH/JOHNNY S,FF 166;
HUMAN TORCH/JOHNNY S,FF 167;
HUMAN TORCH/JOHNNY S,FF 168;
HUMAN TORCH/JOHNNY S,FF 169;
HUMAN TORCH/JOHNNY S,FF 17;
HUMAN TORCH/JOHNNY S,FF 170;
HUMAN TORCH/JOHNNY S,FF 171;
HUMAN TORCH/JOHNNY S,FF 172;
HUMAN TORCH/JOHNNY S,FF 173;
HUMAN TORCH/JOHNNY S,FF 174;
HUMAN TORCH/JOHNNY S,FF 175;
HUMAN TORCH/JOHNNY S,FF 176;
HUMAN TORCH/JOHNNY S,FF 177;
HUMAN TORCH/JOHNNY S,FF 178;
HUMAN TORCH/JOHNNY S,FF 179;
HUMAN TORCH/JOHNNY S,FF 18;
HUMAN TORCH/JOHNNY S,FF 181;
HUMAN TORCH/JOHNNY S,FF 182;
HUMAN TORCH/JOHNNY S,FF 183;
HUMAN TORCH/JOHNNY S,FF 184;
HUMAN TORCH/JOHNNY S,FF 185;
HUMAN TORCH/JOHNNY S,FF 186;
HUMAN TORCH/JOHNNY S,FF 187;
HUMAN TORCH/JOHNNY S,FF 188;
HUMAN TORCH/JOHNNY S,FF 19;
HUMAN TORCH/JOHNNY S,FF 191;
HUMAN TORCH/JOHNNY S,FF 192;
HUMAN TORCH/JOHNNY S,FF 193;
HUMAN TORCH/JOHNNY S,FF 195;
HUMAN TORCH/JOHNNY S,FF 196;
HUMAN TORCH/JOHNNY S,FF 197;
HUMAN TORCH/JOHNNY S,FF 198;
HUMAN TORCH/JOHNNY S,FF 199;
HUMAN TORCH/JOHNNY S,FF 2;
HUMAN TORCH/JOHNNY S,FF 20;
HUMAN TORCH/JOHNNY S,FF 200;
HUMAN TORCH/JOHNNY S,FF 201;
HUMAN TORCH/JOHNNY S,FF 202;
HUMAN TORCH/JOHNNY S,FF 203;
HUMAN TORCH/JOHNNY S,FF 204;
HUMAN TORCH/JOHNNY S,FF 205;
HUMAN TORCH/JOHNNY S,FF 207;
HUMAN TORCH/JOHNNY S,FF 208;
HUMAN TORCH/JOHNNY S,FF 209;
HUMAN TORCH/JOHNNY S,FF 21;
HUMAN TORCH/JOHNNY S,FF2 1;
HUMAN TORCH/JOHNNY S,FF 210;
HUMAN TORCH/JOHNNY S,FF2 10;
HUMAN TORCH/JOHNNY S,FF 211;
HUMAN TORCH/JOHNNY S,FF2 11;
HUMAN TORCH/JOHNNY S,FF 212;
HUMAN TORCH/JOHNNY S,FF2 12;
HUMAN TORCH/JOHNNY S,FF 213;
HUMAN TORCH/JOHNNY S,FF 214;
HUMAN TORCH/JOHNNY S,FF 215;
HUMAN TORCH/JOHNNY S,FF 216;
HUMAN TORCH/JOHNNY S,FF 217;
HUMAN TORCH/JOHNNY S,FF 218;
HUMAN TORCH/JOHNNY S,FF 219;
HUMAN TORCH/JOHNNY S,FF 2/2;
HUMAN TORCH/JOHNNY S,FF 22;
HUMAN TORCH/JOHNNY S,FF2 2;
HUMAN TORCH/JOHNNY S,FF 220;
HUMAN TORCH/JOHNNY S,FF 221;
HUMAN TORCH/JOHNNY S,FF 222;
HUMAN TORCH/JOHNNY S,FF 223;
HUMAN TORCH/JOHNNY S,FF 224;
HUMAN TORCH/JOHNNY S,FF 225;
HUMAN TORCH/JOHNNY S,FF 226;
HUMAN TORCH/JOHNNY S,FF 227;
HUMAN TORCH/JOHNNY S,FF 228;
HUMAN TORCH/JOHNNY S,FF 229;
HUMAN TORCH/JOHNNY S,FF 23;
HUMAN TORCH/JOHNNY S,FF2 3;
HUMAN TORCH/JOHNNY S,FF 230;
HUMAN TORCH/JOHNNY S,FF 231;
HUMAN TORCH/JOHNNY S,FF 232;
HUMAN TORCH/JOHNNY S,FF 233;
HUMAN TORCH/JOHNNY S,FF 234;
HUMAN TORCH/JOHNNY S,FF 235;
HUMAN TORCH/JOHNNY S,FF 236;
HUMAN TORCH/JOHNNY S,FF 237;
HUMAN TORCH/JOHNNY S,FF 238;
HUMAN TORCH/JOHNNY S,FF 239;
HUMAN TORCH/JOHNNY S,FF 24;
HUMAN TORCH/JOHNNY S,FF2 4;
HUMAN TORCH/JOHNNY S,FF 240;
HUMAN TORCH/JOHNNY S,FF 241;
HUMAN TORCH/JOHNNY S,FF 242;
HUMAN TORCH/JOHNNY S,FF 243;
HUMAN TORCH/JOHNNY S,FF 244;
HUMAN TORCH/JOHNNY S,FF 245;
HUMAN TORCH/JOHNNY S,FF 246;
HUMAN TORCH/JOHNNY S,FF 247;
HUMAN TORCH/JOHNNY S,FF 248;
HUMAN TORCH/JOHNNY S,FF 249;
HUMAN TORCH/JOHNNY S,FF 25;
HUMAN TORCH/JOHNNY S,FF2 5;
HUMAN TORCH/JOHNNY S,FF 250;
HUMAN TORCH/JOHNNY S,FF 251;
HUMAN TORCH/JOHNNY S,FF 252;
HUMAN TORCH/JOHNNY S,FF 253;
HUMAN TORCH/JOHNNY S,FF 254;
HUMAN TORCH/JOHNNY S,FF 255;
HUMAN TORCH/JOHNNY S,FF 256;
HUMAN TORCH/JOHNNY S,FF 257;
HUMAN TORCH/JOHNNY S,FF 259;
HUMAN TORCH/JOHNNY S,FF 26;
HUMAN TORCH/JOHNNY S,FF2 6;
HUMAN TORCH/JOHNNY S,FF 260;
HUMAN TORCH/JOHNNY S,FF 261;
HUMAN TORCH/JOHNNY S,FF 262;
HUMAN TORCH/JOHNNY S,FF 263;
HUMAN TORCH/JOHNNY S,FF 264;
HUMAN TORCH/JOHNNY S,FF 265;
HUMAN TORCH/JOHNNY S,FF 267;
HUMAN TORCH/JOHNNY S,FF 268;
HUMAN TORCH/JOHNNY S,FF 269;
HUMAN TORCH/JOHNNY S,FF 27;
HUMAN TORCH/JOHNNY S,FF2 7;
HUMAN TORCH/JOHNNY S,FF 270;
HUMAN TORCH/JOHNNY S,FF 271;
HUMAN TORCH/JOHNNY S,FF 272;
HUMAN TORCH/JOHNNY S,FF 273;
HUMAN TORCH/JOHNNY S,FF 274;
HUMAN TORCH/JOHNNY S,FF 275;
HUMAN TORCH/JOHNNY S,FF 275/2;
HUMAN TORCH/JOHNNY S,FF 276;
HUMAN TORCH/JOHNNY S,FF 277;
HUMAN TORCH/JOHNNY S,FF 278;
HUMAN TORCH/JOHNNY S,FF 279;
HUMAN TORCH/JOHNNY S,FF 28;
HUMAN TORCH/JOHNNY S,FF2 8;
HUMAN TORCH/JOHNNY S,FF 280;
HUMAN TORCH/JOHNNY S,FF 281;
HUMAN TORCH/JOHNNY S,FF 282;
HUMAN TORCH/JOHNNY S,FF 283;
HUMAN TORCH/JOHNNY S,FF 284;
HUMAN TORCH/JOHNNY S,FF 285;
HUMAN TORCH/JOHNNY S,FF 286;
HUMAN TORCH/JOHNNY S,FF 287;
HUMAN TORCH/JOHNNY S,FF 288;
HUMAN TORCH/JOHNNY S,FF 289;
HUMAN TORCH/JOHNNY S,FF 29;
HUMAN TORCH/JOHNNY S,FF2 9;
HUMAN TORCH/JOHNNY S,FF 290;
HUMAN TORCH/JOHNNY S,FF 291;
HUMAN TORCH/JOHNNY S,FF 292;
HUMAN TORCH/JOHNNY S,FF 293;
HUMAN TORCH/JOHNNY S,FF 294;
HUMAN TORCH/JOHNNY S,FF 295;
HUMAN TORCH/JOHNNY S,FF 296;
HUMAN TORCH/JOHNNY S,FF 297;
HUMAN TORCH/JOHNNY S,FF 298;
HUMAN TORCH/JOHNNY S,FF 299;
HUMAN TORCH/JOHNNY S,FF 3;
HUMAN TORCH/JOHNNY S,FF 30;
HUMAN TORCH/JOHNNY S,FF 300;
HUMAN TORCH/JOHNNY S,FF 301;
HUMAN TORCH/JOHNNY S,FF 302;
HUMAN TORCH/JOHNNY S,FF 304;
HUMAN TORCH/JOHNNY S,FF 305;
HUMAN TORCH/JOHNNY S,FF 306;
HUMAN TORCH/JOHNNY S,FF 307;
HUMAN TORCH/JOHNNY S,FF 308;
HUMAN TORCH/JOHNNY S,FF 309;
HUMAN TORCH/JOHNNY S,FF 31;
HUMAN TORCH/JOHNNY S,FF3 1;
HUMAN TORCH/JOHNNY S,FF 310;
HUMAN TORCH/JOHNNY S,FF3 10;
HUMAN TORCH/JOHNNY S,FF 311;
HUMAN TORCH/JOHNNY S,FF3 11;
HUMAN TORCH/JOHNNY S,FF 312;
HUMAN TORCH/JOHNNY S,FF3 12;
HUMAN TORCH/JOHNNY S,FF 313;
HUMAN TORCH/JOHNNY S,FF3 13;
HUMAN TORCH/JOHNNY S,FF 314;
HUMAN TORCH/JOHNNY S,FF3 14;
HUMAN TORCH/JOHNNY S,FF 315;
HUMAN TORCH/JOHNNY S,FF3 15;
HUMAN TORCH/JOHNNY S,FF 316;
HUMAN TORCH/JOHNNY S,FF3 16;
HUMAN TORCH/JOHNNY S,FF 317;
HUMAN TORCH/JOHNNY S,FF3 17;
HUMAN TORCH/JOHNNY S,FF 318;
HUMAN TORCH/JOHNNY S,FF3 18;
HUMAN TORCH/JOHNNY S,FF 319;
HUMAN TORCH/JOHNNY S,FF3 19;
HUMAN TORCH/JOHNNY S,FF 32;
HUMAN TORCH/JOHNNY S,FF3 2;
HUMAN TORCH/JOHNNY S,FF 320;
HUMAN TORCH/JOHNNY S,FF3 20;
HUMAN TORCH/JOHNNY S,FF 321;
HUMAN TORCH/JOHNNY S,FF3 21;
HUMAN TORCH/JOHNNY S,FF 322;
HUMAN TORCH/JOHNNY S,FF3 22;
HUMAN TORCH/JOHNNY S,FF 323;
HUMAN TORCH/JOHNNY S,FF3 23;
HUMAN TORCH/JOHNNY S,FF 324;
HUMAN TORCH/JOHNNY S,FF3 24;
HUMAN TORCH/JOHNNY S,FF 325;
HUMAN TORCH/JOHNNY S,FF3 25;
HUMAN TORCH/JOHNNY S,FF 326;
HUMAN TORCH/JOHNNY S,FF3 26;
HUMAN TORCH/JOHNNY S,FF 327;
HUMAN TORCH/JOHNNY S,FF3 27;
HUMAN TORCH/JOHNNY S,FF 328;
HUMAN TORCH/JOHNNY S,FF3 28;
HUMAN TORCH/JOHNNY S,FF 329;
HUMAN TORCH/JOHNNY S,FF3 29;
HUMAN TORCH/JOHNNY S,FF 33;
HUMAN TORCH/JOHNNY S,FF3 3;
HUMAN TORCH/JOHNNY S,FF 330;
HUMAN TORCH/JOHNNY S,FF3 30;
HUMAN TORCH/JOHNNY S,FF 331;
HUMAN TORCH/JOHNNY S,FF3 31;
HUMAN TORCH/JOHNNY S,FF 332;
HUMAN TORCH/JOHNNY S,FF3 32;
HUMAN TORCH/JOHNNY S,FF 333;
HUMAN TORCH/JOHNNY S,FF3 33;
HUMAN TORCH/JOHNNY S,FF 334;
HUMAN TORCH/JOHNNY S,FF3 34;
HUMAN TORCH/JOHNNY S,FF 335;
HUMAN TORCH/JOHNNY S,FF3 35;
HUMAN TORCH/JOHNNY S,FF 336;
HUMAN TORCH/JOHNNY S,FF3 36;
HUMAN TORCH/JOHNNY S,FF 337;
HUMAN TORCH/JOHNNY S,FF3 37;
HUMAN TORCH/JOHNNY S,FF 338;
HUMAN TORCH/JOHNNY S,FF3 38;
HUMAN TORCH/JOHNNY S,FF 339;
HUMAN TORCH/JOHNNY S,FF3 39;
HUMAN TORCH/JOHNNY S,FF 34;
HUMAN TORCH/JOHNNY S,FF3 4;
HUMAN TORCH/JOHNNY S,FF 340;
HUMAN TORCH/JOHNNY S,FF3 40;
HUMAN TORCH/JOHNNY S,FF 341;
HUMAN TORCH/JOHNNY S,FF3 41;
HUMAN TORCH/JOHNNY S,FF 342;
HUMAN TORCH/JOHNNY S,FF3 42;
HUMAN TORCH/JOHNNY S,FF 343;
HUMAN TORCH/JOHNNY S,FF3 43;
HUMAN TORCH/JOHNNY S,FF 344;
HUMAN TORCH/JOHNNY S,FF3 44;
HUMAN TORCH/JOHNNY S,FF 345;
HUMAN TORCH/JOHNNY S,FF3 45;
HUMAN TORCH/JOHNNY S,FF 346;
HUMAN TORCH/JOHNNY S,FF 347;
HUMAN TORCH/JOHNNY S,FF 348;
HUMAN TORCH/JOHNNY S,FF 349;
HUMAN TORCH/JOHNNY S,FF 35;
HUMAN TORCH/JOHNNY S,FF3 5;
HUMAN TORCH/JOHNNY S,FF 350;
HUMAN TORCH/JOHNNY S,FF 351;
HUMAN TORCH/JOHNNY S,FF 352;
HUMAN TORCH/JOHNNY S,FF 353;
HUMAN TORCH/JOHNNY S,FF 354;
HUMAN TORCH/JOHNNY S,FF 356;
HUMAN TORCH/JOHNNY S,FF 357;
HUMAN TORCH/JOHNNY S,FF 358;
HUMAN TORCH/JOHNNY S,FF 359;
HUMAN TORCH/JOHNNY S,FF 36;
HUMAN TORCH/JOHNNY S,FF3 6;
HUMAN TORCH/JOHNNY S,FF 360;
HUMAN TORCH/JOHNNY S,FF 361;
HUMAN TORCH/JOHNNY S,FF 362;
HUMAN TORCH/JOHNNY S,FF 363;
HUMAN TORCH/JOHNNY S,FF 364;
HUMAN TORCH/JOHNNY S,FF 365;
HUMAN TORCH/JOHNNY S,FF 366;
HUMAN TORCH/JOHNNY S,FF 367;
HUMAN TORCH/JOHNNY S,FF 368;
HUMAN TORCH/JOHNNY S,FF 369;
HUMAN TORCH/JOHNNY S,FF 37;
HUMAN TORCH/JOHNNY S,FF3 7;
HUMAN TORCH/JOHNNY S,FF 370;
HUMAN TORCH/JOHNNY S,FF 371;
HUMAN TORCH/JOHNNY S,FF 372;
HUMAN TORCH/JOHNNY S,FF 373;
HUMAN TORCH/JOHNNY S,FF 38;
HUMAN TORCH/JOHNNY S,FF3 8;
HUMAN TORCH/JOHNNY S,FF 388;
HUMAN TORCH/JOHNNY S,FF 389;
HUMAN TORCH/JOHNNY S,FF 39;
HUMAN TORCH/JOHNNY S,FF3 9;
HUMAN TORCH/JOHNNY S,FF 390;
HUMAN TORCH/JOHNNY S,FF 391;
HUMAN TORCH/JOHNNY S,FF 392;
HUMAN TORCH/JOHNNY S,FF 393;
HUMAN TORCH/JOHNNY S,FF 394;
HUMAN TORCH/JOHNNY S,FF 395;
HUMAN TORCH/JOHNNY S,FF 396;
HUMAN TORCH/JOHNNY S,FF 397;
HUMAN TORCH/JOHNNY S,FF 398;
HUMAN TORCH/JOHNNY S,FF 399;
HUMAN TORCH/JOHNNY S,FF 4;
HUMAN TORCH/JOHNNY S,FF 40;
HUMAN TORCH/JOHNNY S,FF 400;
HUMAN TORCH/JOHNNY S,FF 400/2;
HUMAN TORCH/JOHNNY S,FF 401;
HUMAN TORCH/JOHNNY S,FF 403;
HUMAN TORCH/JOHNNY S,FF 407;
HUMAN TORCH/JOHNNY S,FF 408;
HUMAN TORCH/JOHNNY S,FF 409;
HUMAN TORCH/JOHNNY S,FF 41;
HUMAN TORCH/JOHNNY S,FF 410;
HUMAN TORCH/JOHNNY S,FF 411;
HUMAN TORCH/JOHNNY S,FF 412;
HUMAN TORCH/JOHNNY S,FF 413;
HUMAN TORCH/JOHNNY S,FF 414;
HUMAN TORCH/JOHNNY S,FF 415;
HUMAN TORCH/JOHNNY S,FF 416;
HUMAN TORCH/JOHNNY S,FF 42;
HUMAN TORCH/JOHNNY S,FF 43;
HUMAN TORCH/JOHNNY S,FF 44;
HUMAN TORCH/JOHNNY S,FF 45;
HUMAN TORCH/JOHNNY S,FF 46;
HUMAN TORCH/JOHNNY S,FF 47;
HUMAN TORCH/JOHNNY S,FF 48;
HUMAN TORCH/JOHNNY S,FF 49;
HUMAN TORCH/JOHNNY S,FF 5;
HUMAN TORCH/JOHNNY S,FF 50;
HUMAN TORCH/JOHNNY S,FF 51;
HUMAN TORCH/JOHNNY S,FF 52;
HUMAN TORCH/JOHNNY S,FF 53;
HUMAN TORCH/JOHNNY S,FF 54;
HUMAN TORCH/JOHNNY S,FF 55;
HUMAN TORCH/JOHNNY S,FF 56;
HUMAN TORCH/JOHNNY S,FF 57;
HUMAN TORCH/JOHNNY S,FF 58;
HUMAN TORCH/JOHNNY S,FF 59;
HUMAN TORCH/JOHNNY S,FF 6;
HUMAN TORCH/JOHNNY S,FF 60;
HUMAN TORCH/JOHNNY S,FF 61;
HUMAN TORCH/JOHNNY S,FF 62;
HUMAN TORCH/JOHNNY S,FF 63;
HUMAN TORCH/JOHNNY S,FF 64;
HUMAN TORCH/JOHNNY S,FF 65;
HUMAN TORCH/JOHNNY S,FF 66;
HUMAN TORCH/JOHNNY S,FF 67;
HUMAN TORCH/JOHNNY S,FF 68;
HUMAN TORCH/JOHNNY S,FF 69;
HUMAN TORCH/JOHNNY S,FF 7;
HUMAN TORCH/JOHNNY S,FF 70;
HUMAN TORCH/JOHNNY S,FF 71;
HUMAN TORCH/JOHNNY S,FF 72;
HUMAN TORCH/JOHNNY S,FF 73;
HUMAN TORCH/JOHNNY S,FF 74;
HUMAN TORCH/JOHNNY S,FF 75;
HUMAN TORCH/JOHNNY S,FF 76;
HUMAN TORCH/JOHNNY S,FF 77;
HUMAN TORCH/JOHNNY S,FF 78;
HUMAN TORCH/JOHNNY S,FF 79;
HUMAN TORCH/JOHNNY S,FF 8;
HUMAN TORCH/JOHNNY S,FF 80;
HUMAN TORCH/JOHNNY S,FF 81;
HUMAN TORCH/JOHNNY S,FF 82;
HUMAN TORCH/JOHNNY S,FF 83;
HUMAN TORCH/JOHNNY S,FF 84;
HUMAN TORCH/JOHNNY S,FF 85;
HUMAN TORCH/JOHNNY S,FF 86;
HUMAN TORCH/JOHNNY S,FF 87;
HUMAN TORCH/JOHNNY S,FF 88;
HUMAN TORCH/JOHNNY S,FF 89;
HUMAN TORCH/JOHNNY S,FF 9;
HUMAN TORCH/JOHNNY S,FF 90;
HUMAN TORCH/JOHNNY S,FF 91;
HUMAN TORCH/JOHNNY S,FF 92;
HUMAN TORCH/JOHNNY S,FF 93;
HUMAN TORCH/JOHNNY S,FF 94;
HUMAN TORCH/JOHNNY S,FF 95;
HUMAN TORCH/JOHNNY S,FF 96;
HUMAN TORCH/JOHNNY S,FF 97;
HUMAN TORCH/JOHNNY S,FF 98;
HUMAN TORCH/JOHNNY S,FF '99;
HUMAN TORCH/JOHNNY S,FF 99;
HUMAN TORCH/JOHNNY S,FFOR 10;
HUMAN TORCH/JOHNNY S,FFOR 10/2;
HUMAN TORCH/JOHNNY S,FFOR 11;
HUMAN TORCH/JOHNNY S,FFOR 12;
HUMAN TORCH/JOHNNY S,FFOR 13;
HUMAN TORCH/JOHNNY S,FFOR 14;
HUMAN TORCH/JOHNNY S,FFOR 15;
HUMAN TORCH/JOHNNY S,FFOR 7;
HUMAN TORCH/JOHNNY S,FFOR 9;
HUMAN TORCH/JOHNNY S,FFU 10;
HUMAN TORCH/JOHNNY S,FFU 6;
HUMAN TORCH/JOHNNY S,FFU 7;
HUMAN TORCH/JOHNNY S,FFU 8;
HUMAN TORCH/JOHNNY S,FFU 9;
HUMAN TORCH/JOHNNY S,FFUP 1;
HUMAN TORCH/JOHNNY S,FFUP 2;
HUMAN TORCH/JOHNNY S,FFV.X 1;
HUMAN TORCH/JOHNNY S,FFV.X 2;
HUMAN TORCH/JOHNNY S,FFV.X 3;
HUMAN TORCH/JOHNNY S,FFV.X 4;
HUMAN TORCH/JOHNNY S,FURY 1;
HUMAN TORCH/JOHNNY S,GAL 1;
HUMAN TORCH/JOHNNY S,GAL 2;
HUMAN TORCH/JOHNNY S,GAL 3;
HUMAN TORCH/JOHNNY S,GAL 4;
HUMAN TORCH/JOHNNY S,GAL 5;
HUMAN TORCH/JOHNNY S,GAL 6;
HUMAN TORCH/JOHNNY S,GENX '96;
HUMAN TORCH/JOHNNY S,GG 2;
HUMAN TORCH/JOHNNY S,GSFF 2;
HUMAN TORCH/JOHNNY S,GSFF 3;
HUMAN TORCH/JOHNNY S,GSFF 4;
HUMAN TORCH/JOHNNY S,GSM-T 2;
HUMAN TORCH/JOHNNY S,GSS-M 1;
HUMAN TORCH/JOHNNY S,GSSS 1;
HUMAN TORCH/JOHNNY S,GZIL 20;
HUMAN TORCH/JOHNNY S,GZIL 21;
HUMAN TORCH/JOHNNY S,GZIL 22;
HUMAN TORCH/JOHNNY S,GZIL 23;
HUMAN TORCH/JOHNNY S,GZIL 24;
HUMAN TORCH/JOHNNY S,H 11;
HUMAN TORCH/JOHNNY S,H2 122;
HUMAN TORCH/JOHNNY S,H2 123;
HUMAN TORCH/JOHNNY S,H2 152;
HUMAN TORCH/JOHNNY S,H2 153;
HUMAN TORCH/JOHNNY S,H2 250;
HUMAN TORCH/JOHNNY S,H2 277;
HUMAN TORCH/JOHNNY S,H2 278;
HUMAN TORCH/JOHNNY S,H2 279;
HUMAN TORCH/JOHNNY S,H2 300;
HUMAN TORCH/JOHNNY S,H2 308;
HUMAN TORCH/JOHNNY S,H2 309;
HUMAN TORCH/JOHNNY S,H2 321;
HUMAN TORCH/JOHNNY S,H2 348;
HUMAN TORCH/JOHNNY S,H2 365;
HUMAN TORCH/JOHNNY S,H2 399;
HUMAN TORCH/JOHNNY S,H2 450/2;
HUMAN TORCH/JOHNNY S,H2 467;
HUMAN TORCH/JOHNNY S,HR:R 1;
HUMAN TORCH/JOHNNY S,HR:R 2;
HUMAN TORCH/JOHNNY S,HR:R 3;
HUMAN TORCH/JOHNNY S,HR:R 4;
HUMAN TORCH/JOHNNY S,IF 11;
HUMAN TORCH/JOHNNY S,IFW 2;
HUMAN TORCH/JOHNNY S,IM 159;
HUMAN TORCH/JOHNNY S,IM2 12;
HUMAN TORCH/JOHNNY S,IM2 3;
HUMAN TORCH/JOHNNY S,IM2 6;
HUMAN TORCH/JOHNNY S,IM3 14;
HUMAN TORCH/JOHNNY S,IM3 35;
HUMAN TORCH/JOHNNY S,INH3 2;
HUMAN TORCH/JOHNNY S,IW 2;
HUMAN TORCH/JOHNNY S,IW 3;
HUMAN TORCH/JOHNNY S,IW 4;
HUMAN TORCH/JOHNNY S,IW 5;
HUMAN TORCH/JOHNNY S,IW 6;
HUMAN TORCH/JOHNNY S,LCHFH 9;
HUMAN TORCH/JOHNNY S,MARVELS 2;
HUMAN TORCH/JOHNNY S,MARVELS 3 FF 48;
HUMAN TORCH/JOHNNY S,MAXSEC 1;
HUMAN TORCH/JOHNNY S,MAXSEC 2;
HUMAN TORCH/JOHNNY S,MAXSEC 3;
HUMAN TORCH/JOHNNY S,M/CP 18/4;
HUMAN TORCH/JOHNNY S,M/CP 6/4;
HUMAN TORCH/JOHNNY S,M/CP 67/3;
HUMAN TORCH/JOHNNY S,M/CP 68/3;
HUMAN TORCH/JOHNNY S,M/CP 74/4;
HUMAN TORCH/JOHNNY S,M/CP 83/4;
HUMAN TORCH/JOHNNY S,M/CP 94/4;
HUMAN TORCH/JOHNNY S,MEPHV. 1;
HUMAN TORCH/JOHNNY S,MEPHV. 2;
HUMAN TORCH/JOHNNY S,MEPHV. 3;
HUMAN TORCH/JOHNNY S,M/FAN 14;
HUMAN TORCH/JOHNNY S,M/FAN 15;
HUMAN TORCH/JOHNNY S,M/FAN 20;
HUMAN TORCH/JOHNNY S,M/FAN 21;
HUMAN TORCH/JOHNNY S,M/FAN 2/2;
HUMAN TORCH/JOHNNY S,M/FAN 32;
HUMAN TORCH/JOHNNY S,M/FAN 37/2;
HUMAN TORCH/JOHNNY S,M/FAN 43/2;
HUMAN TORCH/JOHNNY S,M/FAN 46;
HUMAN TORCH/JOHNNY S,M/FEA 11;
HUMAN TORCH/JOHNNY S,M/GN 1;
HUMAN TORCH/JOHNNY S,M/GN 17;
HUMAN TORCH/JOHNNY S,M/GN 18;
HUMAN TORCH/JOHNNY S,M/H&L;
HUMAN TORCH/JOHNNY S,MICRO 14;
HUMAN TORCH/JOHNNY S,MICRO 15;
HUMAN TORCH/JOHNNY S,MICRO 16;
HUMAN TORCH/JOHNNY S,MICRO 17;
HUMAN TORCH/JOHNNY S,MICRO 40;
HUMAN TORCH/JOHNNY S,MK3 41;
HUMAN TORCH/JOHNNY S,MK3 44;
HUMAN TORCH/JOHNNY S,MK 35;
HUMAN TORCH/JOHNNY S,M/K 6;
HUMAN TORCH/JOHNNY S,M/:LG 7;
HUMAN TORCH/JOHNNY S,MM 15;
HUMAN TORCH/JOHNNY S,M/SHSW 1;
HUMAN TORCH/JOHNNY S,M/SHSW 10;
HUMAN TORCH/JOHNNY S,M/SHSW 11;
HUMAN TORCH/JOHNNY S,M/SHSW 12;
HUMAN TORCH/JOHNNY S,M/SHSW 2;
HUMAN TORCH/JOHNNY S,M/SHSW 3;
HUMAN TORCH/JOHNNY S,M/SHSW 4;
HUMAN TORCH/JOHNNY S,M/SHSW 5;
HUMAN TORCH/JOHNNY S,M/SHSW 6;
HUMAN TORCH/JOHNNY S,M/SHSW 7;
HUMAN TORCH/JOHNNY S,M/SHSW 8;
HUMAN TORCH/JOHNNY S,M/SHSW 9;
HUMAN TORCH/JOHNNY S,M/SS 1;
HUMAN TORCH/JOHNNY S,M/TE 13;
HUMAN TORCH/JOHNNY S,M/TIO 1;
HUMAN TORCH/JOHNNY S,M/TIO 16;
HUMAN TORCH/JOHNNY S,M/TIO 2;
HUMAN TORCH/JOHNNY S,M/TIO 20;
HUMAN TORCH/JOHNNY S,M/TIO 21;
HUMAN TORCH/JOHNNY S,M/TIO 22;
HUMAN TORCH/JOHNNY S,M/TIO 23;
HUMAN TORCH/JOHNNY S,M/TIO 27;
HUMAN TORCH/JOHNNY S,M/TIO 28;
HUMAN TORCH/JOHNNY S,M/TIO 44;
HUMAN TORCH/JOHNNY S,M/TIO 46;
HUMAN TORCH/JOHNNY S,M/TIO 47;
HUMAN TORCH/JOHNNY S,M/TIO 5;
HUMAN TORCH/JOHNNY S,M/TIO 59;
HUMAN TORCH/JOHNNY S,M/TIO 68;
HUMAN TORCH/JOHNNY S,M/TIO 69;
HUMAN TORCH/JOHNNY S,M/TIO 7;
HUMAN TORCH/JOHNNY S,M/TIO 70;
HUMAN TORCH/JOHNNY S,M/TIO 74;
HUMAN TORCH/JOHNNY S,M/TIO 75;
HUMAN TORCH/JOHNNY S,M/TIO 77;
HUMAN TORCH/JOHNNY S,M/TIO 78;
HUMAN TORCH/JOHNNY S,M/TIO 8;
HUMAN TORCH/JOHNNY S,M/TIO 80;
HUMAN TORCH/JOHNNY S,M/TIO 83;
HUMAN TORCH/JOHNNY S,M/TIO 87;
HUMAN TORCH/JOHNNY S,M/TIO 89;
HUMAN TORCH/JOHNNY S,M/TIO 9;
HUMAN TORCH/JOHNNY S,M/TIO 92;
HUMAN TORCH/JOHNNY S,M/TIO 96;
HUMAN TORCH/JOHNNY S,M/TIO 97;
HUMAN TORCH/JOHNNY S,M/TU 1;
HUMAN TORCH/JOHNNY S,M/TU 10;
HUMAN TORCH/JOHNNY S,M/TU 100;
HUMAN TORCH/JOHNNY S,M/TU 121;
HUMAN TORCH/JOHNNY S,M/TU 147;
HUMAN TORCH/JOHNNY S,M/TU 148;
HUMAN TORCH/JOHNNY S,M/TU 18;
HUMAN TORCH/JOHNNY S,M/TU 2;
HUMAN TORCH/JOHNNY S,M/TU 23;
HUMAN TORCH/JOHNNY S,M/TU 26;
HUMAN TORCH/JOHNNY S,M/TU 29;
HUMAN TORCH/JOHNNY S,M/TU 3;
HUMAN TORCH/JOHNNY S,M/TU 32;
HUMAN TORCH/JOHNNY S,M/TU 35;
HUMAN TORCH/JOHNNY S,M/TU 39;
HUMAN TORCH/JOHNNY S,M/TU 40;
HUMAN TORCH/JOHNNY S,M/TU 61;
HUMAN TORCH/JOHNNY S,M/TU 7/2;
HUMAN TORCH/JOHNNY S,N 12;
HUMAN TORCH/JOHNNY S,N 1/3;
HUMAN TORCH/JOHNNY S,N 13;
HUMAN TORCH/JOHNNY S,NF3 15;
HUMAN TORCH/JOHNNY S,NF3 26;
HUMAN TORCH/JOHNNY S,NFV.S 2;
HUMAN TORCH/JOHNNY S,NW 16;
HUMAN TORCH/JOHNNY S,NW 17;
HUMAN TORCH/JOHNNY S,NW2 3;
HUMAN TORCH/JOHNNY S,NW2 4;
HUMAN TORCH/JOHNNY S,NW2 6;
HUMAN TORCH/JOHNNY S,O:MU;
HUMAN TORCH/JOHNNY S,O:X;
HUMAN TORCH/JOHNNY S,PM&IF 125;
HUMAN TORCH/JOHNNY S,PP 23;
HUMAN TORCH/JOHNNY S,PP 25;
HUMAN TORCH/JOHNNY S,PP 26;
HUMAN TORCH/JOHNNY S,PP 28;
HUMAN TORCH/JOHNNY S,PP 34;
HUMAN TORCH/JOHNNY S,PP 36;
HUMAN TORCH/JOHNNY S,PP 62;
HUMAN TORCH/JOHNNY S,PPSM2 21;
HUMAN TORCH/JOHNNY S,PPTSS 103;
HUMAN TORCH/JOHNNY S,PPTSS 263;
HUMAN TORCH/JOHNNY S,PPTSS 89;
HUMAN TORCH/JOHNNY S,PPTSS 97;
HUMAN TORCH/JOHNNY S,PPTSSSS 1;
HUMAN TORCH/JOHNNY S,Q 20;
HUMAN TORCH/JOHNNY S,Q 3;
HUMAN TORCH/JOHNNY S,Q 38;
HUMAN TORCH/JOHNNY S,Q 39;
HUMAN TORCH/JOHNNY S,Q 40;
HUMAN TORCH/JOHNNY S,Q 60;
HUMAN TORCH/JOHNNY S,QP 3;
HUMAN TORCH/JOHNNY S,RH2 4;
HUMAN TORCH/JOHNNY S,RH2 5;
HUMAN TORCH/JOHNNY S,ROA 3 & ROA 4;
HUMAN TORCH/JOHNNY S,ROM 23;
HUMAN TORCH/JOHNNY S,SENSM 28;
HUMAN TORCH/JOHNNY S,SENTRY 2;
HUMAN TORCH/JOHNNY S,S-H2 28;
HUMAN TORCH/JOHNNY S,S-H2 30;
HUMAN TORCH/JOHNNY S,SHOWAR 19;
HUMAN TORCH/JOHNNY S,SHOWAR 20;
HUMAN TORCH/JOHNNY S,S&L 2;
HUMAN TORCH/JOHNNY S,S-M 23;
HUMAN TORCH/JOHNNY S,SS 15;
HUMAN TORCH/JOHNNY S,SS 17;
HUMAN TORCH/JOHNNY S,SS2 1;
HUMAN TORCH/JOHNNY S,SS3 16;
HUMAN TORCH/JOHNNY S,SS3 93;
HUMAN TORCH/JOHNNY S,SS3 94;
HUMAN TORCH/JOHNNY S,SS3 95;
HUMAN TORCH/JOHNNY S,SS3 96;
HUMAN TORCH/JOHNNY S,SS3 97;
HUMAN TORCH/JOHNNY S,SS 5;
HUMAN TORCH/JOHNNY S,SS 6;
HUMAN TORCH/JOHNNY S,ST 101;
HUMAN TORCH/JOHNNY S,ST 102;
HUMAN TORCH/JOHNNY S,ST 103;
HUMAN TORCH/JOHNNY S,ST 104;
HUMAN TORCH/JOHNNY S,ST 105;
HUMAN TORCH/JOHNNY S,ST 106;
HUMAN TORCH/JOHNNY S,ST 107;
HUMAN TORCH/JOHNNY S,ST 108;
HUMAN TORCH/JOHNNY S,ST 109;
HUMAN TORCH/JOHNNY S,ST 110;
HUMAN TORCH/JOHNNY S,ST 111;
HUMAN TORCH/JOHNNY S,ST 112;
HUMAN TORCH/JOHNNY S,ST 113;
HUMAN TORCH/JOHNNY S,ST 114;
HUMAN TORCH/JOHNNY S,ST 115;
HUMAN TORCH/JOHNNY S,ST 116;
HUMAN TORCH/JOHNNY S,ST 117;
HUMAN TORCH/JOHNNY S,ST 118;
HUMAN TORCH/JOHNNY S,ST 119;
HUMAN TORCH/JOHNNY S,ST 120;
HUMAN TORCH/JOHNNY S,ST 121;
HUMAN TORCH/JOHNNY S,ST 122;
HUMAN TORCH/JOHNNY S,ST 123;
HUMAN TORCH/JOHNNY S,ST 124;
HUMAN TORCH/JOHNNY S,ST 125;
HUMAN TORCH/JOHNNY S,ST 126;
HUMAN TORCH/JOHNNY S,ST 127;
HUMAN TORCH/JOHNNY S,ST 128;
HUMAN TORCH/JOHNNY S,ST 129;
HUMAN TORCH/JOHNNY S,ST 130;
HUMAN TORCH/JOHNNY S,ST 131;
HUMAN TORCH/JOHNNY S,ST 132;
HUMAN TORCH/JOHNNY S,ST 133;
HUMAN TORCH/JOHNNY S,ST 134;
HUMAN TORCH/JOHNNY S,ST 156;
HUMAN TORCH/JOHNNY S,ST 2;
HUMAN TORCH/JOHNNY S,ST3;
HUMAN TORCH/JOHNNY S,SUB-M2 3;
HUMAN TORCH/JOHNNY S,SUB-M 44;
HUMAN TORCH/JOHNNY S,SUB-M 45;
HUMAN TORCH/JOHNNY S,SUB-M 46;
HUMAN TORCH/JOHNNY S,SUB-M 67;
HUMAN TORCH/JOHNNY S,SVTU 5;
HUMAN TORCH/JOHNNY S,SVTU 6;
HUMAN TORCH/JOHNNY S,SVTU 7;
HUMAN TORCH/JOHNNY S,SWII 2;
HUMAN TORCH/JOHNNY S,SWII 5;
HUMAN TORCH/JOHNNY S,SWII 9;
HUMAN TORCH/JOHNNY S,T 305;
HUMAN TORCH/JOHNNY S,T 351;
HUMAN TORCH/JOHNNY S,T 352;
HUMAN TORCH/JOHNNY S,T 353;
HUMAN TORCH/JOHNNY S,T 405;
HUMAN TORCH/JOHNNY S,T '99;
HUMAN TORCH/JOHNNY S,TB 10;
HUMAN TORCH/JOHNNY S,TB 11;
HUMAN TORCH/JOHNNY S,TB 12;
HUMAN TORCH/JOHNNY S,TG 10;
HUMAN TORCH/JOHNNY S,TG 23;
HUMAN TORCH/JOHNNY S,TM:ID;
HUMAN TORCH/JOHNNY S,TOS 56/2;
HUMAN TORCH/JOHNNY S,UTSM 13;
HUMAN TORCH/JOHNNY S,UTSM 6;
HUMAN TORCH/JOHNNY S,UTSM '96;
HUMAN TORCH/JOHNNY S,UTSM '97;
HUMAN TORCH/JOHNNY S,UX 108;
HUMAN TORCH/JOHNNY S,UX 13;
HUMAN TORCH/JOHNNY S,UX 14;
HUMAN TORCH/JOHNNY S,UX 167;
HUMAN TORCH/JOHNNY S,UX 336;
HUMAN TORCH/JOHNNY S,UX 5;
HUMAN TORCH/JOHNNY S,UX 65;
HUMAN TORCH/JOHNNY S,UX/FF '98;
HUMAN TORCH/JOHNNY S,W2 105;
HUMAN TORCH/JOHNNY S,W2 134;
HUMAN TORCH/JOHNNY S,WCA2 22;
HUMAN TORCH/JOHNNY S,WIW 3;
HUMAN TORCH/JOHNNY S,WIW 8;
HUMAN TORCH/JOHNNY S,WM2 13;
HUMAN TORCH/JOHNNY S,WM2 14;
HUMAN TORCH/JOHNNY S,WM2 15;
HUMAN TORCH/JOHNNY S,WOSM 44;
HUMAN TORCH/JOHNNY S,WOSM 5;
HUMAN TORCH/JOHNNY S,WOSM 73;
HUMAN TORCH/JOHNNY S,WOSM 76;
HUMAN TORCH/JOHNNY S,X 55;
HUMAN TORCH/JOHNNY S,X 71;
HUMAN TORCH/JOHNNY S,XF 5;
HUMAN TORCH/JOHNNY S,XF 66;
HUMAN TORCH/JOHNNY S,X:HY 20;
HUMAN TORCH/JOHNNY S,X:HY 7;
HUMAN TORCH/JOHNNY S,X:HY 8;
HUMAN TORCH/JOHNNY S,X:HY 9;
HUMAN TORCH/JOHNNY S,XM 59;
HUMBUG/PROF. B. MITT,ASM 306;
HUMBUG/PROF. B. MITT,DPOOL3 42;
HUMBUG/PROF. B. MITT,WOSM 19;
HUMP/,NM 100;
HUMUS SAPIEN,TB 54;
HUNCH,DAZZ 10;
HUNCH,DAZZ 11;
HUNCH,DAZZ 14;
HUNCH,DAZZ 15;
HUNCH,DAZZ 16;
HUNCH,DAZZ 18;
HUNCH,DAZZ 20;
HUNCH,DAZZ 21;
HUNCH,DAZZ 22;
HUNCH,DAZZ 23;
HUNCH,DAZZ 26;
HUNCH,DAZZ 6;
HUNCH,DAZZ 7;
HUNGER,PPSM2 4;
HUNGER,PPSM2 7;
HUNGYR,NT2 18;
HUNKIR,SS3 115;
HUNKIR,SS3 116;
HUNKIR,SS3 119;
HUNTARA/MARY ELIZABE,AR 2;
HUNTARA/MARY ELIZABE,FF 389;
HUNTARA/MARY ELIZABE,FF 390;
HUNTARA/MARY ELIZABE,FF 391;
HUNTARA/MARY ELIZABE,FF 392;
HUNTARA/MARY ELIZABE,FF 400;
HUNTARA/MARY ELIZABE,FF 400/2;
HUNTARA/MARY ELIZABE,FF 416;
HUNTARA/MARY ELIZABE,FFOR 1;
HUNTARA/MARY ELIZABE,FFOR 10;
HUNTARA/MARY ELIZABE,FFOR 10/2;
HUNTARA/MARY ELIZABE,FFOR 11;
HUNTARA/MARY ELIZABE,FFOR 12;
HUNTARA/MARY ELIZABE,FFOR 13;
HUNTARA/MARY ELIZABE,FFOR 2;
HUNTARA/MARY ELIZABE,FFOR 3;
HUNTARA/MARY ELIZABE,FFOR 4;
HUNTARA/MARY ELIZABE,FFOR 5;
HUNTARA/MARY ELIZABE,FFOR 6;
HUNTARA/MARY ELIZABE,FFOR 7;
HUNTARA/MARY ELIZABE,FFOR 8;
HUNTARA/MARY ELIZABE,FFOR 9;
HUNTARA/MARY ELIZABE,FFUP 2;
HUNTER, IAN,DD 372;
HUNTER, IAN,DD 373;
HUNTER, IAN,DD 374;
HUNTER, IAN,DD 375;
HUNTER IN DARKNESS,W2 34;
HUNTER IN DARKNESS,W2 45;
HUNTER IN DARKNESS,W2 46;
HUNTER IN DARKNESS,W2 51;
HUNTER IN DARKNESS,W2 52;
HUNTER IN DARKNESS,W2 53;
HUNTER IN DARKNESS,W2 83;
HUNTER IN DARKNESS,W2 84;
HUNTER/JAEGER,X 100;
HUNTER/JAEGER,X 99;
HUNTER, LANCE,CB 19;
HUNTER, LANCE,CB 20;
HUNTER, STEVIE,MGK 3;
HUNTER, STEVIE,M/GN 5;
HUNTER, STEVIE,NM 1;
HUNTER, STEVIE,NM 13;
HUNTER, STEVIE,NM 14;
HUNTER, STEVIE,NM 2;
HUNTER, STEVIE,NM 38;
HUNTER, STEVIE,NM 39;
HUNTER, STEVIE,NM 4;
HUNTER, STEVIE,NM 43;
HUNTER, STEVIE,NM 48;
HUNTER, STEVIE,NM 5;
HUNTER, STEVIE,NM 95;
HUNTER, STEVIE,SEX 1;
HUNTER, STEVIE,UX 139;
HUNTER, STEVIE,UX 140;
HUNTER, STEVIE,UX 145;
HUNTER, STEVIE,UX 146;
HUNTER, STEVIE,UX 148;
HUNTER, STEVIE,UX 152;
HUNTER, STEVIE,UX 165;
HUNTER, STEVIE,UX 168;
HUNTER, STEVIE,UX 177;
HUNTER, STEVIE,UX 18;
HUNTER, STEVIE,UX 270;
HUNTER, STEVIE,UX 277;
HUNTER, STEVIE,UX 278;
HUNTER, STEVIE,UX 279;
HUNTER, STEVIE,UX 8;
HUNTER, STEVIE,X 14;
HUNTER, STEVIE,XFOR 16;
HUNTER, STEVIE,XFOR 17;
HUNT, JERRY,CA 322;
HUNT, JERRY,S-W 1;
HUNT, JERRY,S-W 10;
HUNT, JERRY,S-W 11;
HUNT, JERRY,S-W 12;
HUNT, JERRY,S-W 13;
HUNT, JERRY,S-W 14;
HUNT, JERRY,S-W 15;
HUNT, JERRY,S-W 16;
HUNT, JERRY,S-W 2;
HUNT, JERRY,S-W 3;
HUNT, JERRY,S-W 4;
HUNT, JERRY,S-W 5;
HUNT, JERRY,S-W 6;
HUNT, JERRY,S-W 7;
HUNT, JERRY,S-W 8;
HUNT, JERRY,S-W 9;
HUNT, ROBERTA,FF3 37;
HUNTSMAN,CHAMP 2;
HUNTSMAN,CHAMP 3;
HUNTSMAN,KZ 1/2;
HUNTSMAN,SUB-M 29;
HURDLER, THOMAS,XU 11;
HURRICANE II,CB 3;
HURRICANE II,CB 4;
HURRICANE II,CB 5;
HURRICANE II,CB 6;
HURRICANE II,CB 7;
HURRICANE III,C2 17;
HURRICANE III,C2 18;
HURRICANE III,C2 19;
HURRICANE III,W2 100;
HURRICANE III,W2 93;
HURRICANE III,W2 95;
HURRICANE III,W2 96;
HURRICANE III,W2 99;
HURRICANE III,X '95;
HUSK/PAIGE GUTHRIE,GENX 1;
HUSK/PAIGE GUTHRIE,GENX 10;
HUSK/PAIGE GUTHRIE,GENX 11;
HUSK/PAIGE GUTHRIE,GENX 12;
HUSK/PAIGE GUTHRIE,GENX 13;
HUSK/PAIGE GUTHRIE,GENX 14;
HUSK/PAIGE GUTHRIE,GENX 15;
HUSK/PAIGE GUTHRIE,GENX 2;
HUSK/PAIGE GUTHRIE,GENX 23;
HUSK/PAIGE GUTHRIE,GENX 24;
HUSK/PAIGE GUTHRIE,GENX 25;
HUSK/PAIGE GUTHRIE,GENX 29;
HUSK/PAIGE GUTHRIE,GENX 3;
HUSK/PAIGE GUTHRIE,GENX 31;
HUSK/PAIGE GUTHRIE,GENX 32;
HUSK/PAIGE GUTHRIE,GENX 33;
HUSK/PAIGE GUTHRIE,GENX 34;
HUSK/PAIGE GUTHRIE,GENX 35;
HUSK/PAIGE GUTHRIE,GENX 36;
HUSK/PAIGE GUTHRIE,GENX 37;
HUSK/PAIGE GUTHRIE,GENX 38;
HUSK/PAIGE GUTHRIE,GENX 39;
HUSK/PAIGE GUTHRIE,GENX 4;
HUSK/PAIGE GUTHRIE,GENX 40;
HUSK/PAIGE GUTHRIE,GENX 41;
HUSK/PAIGE GUTHRIE,GENX 42;
HUSK/PAIGE GUTHRIE,GENX 43;
HUSK/PAIGE GUTHRIE,GENX 44;
HUSK/PAIGE GUTHRIE,GENX 48;
HUSK/PAIGE GUTHRIE,GENX 49;
HUSK/PAIGE GUTHRIE,GENX 5;
HUSK/PAIGE GUTHRIE,GENX 50;
HUSK/PAIGE GUTHRIE,GENX 51;
HUSK/PAIGE GUTHRIE,GENX 52;
HUSK/PAIGE GUTHRIE,GENX 53;
HUSK/PAIGE GUTHRIE,GENX 54;
HUSK/PAIGE GUTHRIE,GENX 55;
HUSK/PAIGE GUTHRIE,GENX 56;
HUSK/PAIGE GUTHRIE,GENX 57;
HUSK/PAIGE GUTHRIE,GENX 58;
HUSK/PAIGE GUTHRIE,GENX 59;
HUSK/PAIGE GUTHRIE,GENX 6;
HUSK/PAIGE GUTHRIE,GENX 63;
HUSK/PAIGE GUTHRIE,GENX 64;
HUSK/PAIGE GUTHRIE,GENX 65;
HUSK/PAIGE GUTHRIE,GENX 66;
HUSK/PAIGE GUTHRIE,GENX 67;
HUSK/PAIGE GUTHRIE,GENX 68;
HUSK/PAIGE GUTHRIE,GENX 69;
HUSK/PAIGE GUTHRIE,GENX 7;
HUSK/PAIGE GUTHRIE,GENX 70;
HUSK/PAIGE GUTHRIE,GENX 74;
HUSK/PAIGE GUTHRIE,GENX 75;
HUSK/PAIGE GUTHRIE,GENX 8;
HUSK/PAIGE GUTHRIE,GENX 9;
HUSK/PAIGE GUTHRIE,GENX '95;
HUSK/PAIGE GUTHRIE,GENX '96;
HUSK/PAIGE GUTHRIE,GENX '97;
HUSK/PAIGE GUTHRIE,GENX '98;
HUSK/PAIGE GUTHRIE,GENX '99;
HUSK/PAIGE GUTHRIE,M/TU2 1;
HUSK/PAIGE GUTHRIE |,MX 26;
HUSK/PAIGE GUTHRIE |,MX 27;
HUSK/PAIGE GUTHRIE,NW2 5;
HUSK/PAIGE GUTHRIE,UX 317;
HUSK/PAIGE GUTHRIE,UX 318;
HUSK/PAIGE GUTHRIE,UX 388;
HUSK/PAIGE GUTHRIE,UX '95;
HUSK/PAIGE GUTHRIE,W2 141;
HUSK/PAIGE GUTHRIE,W2 94;
HUSK/PAIGE GUTHRIE,X 36;
HUSK/PAIGE GUTHRIE,X 37;
HUSK/PAIGE GUTHRIE,XFOR 32;
HUSK/PAIGE GUTHRIE,XFOR 35;
HUSK/PAIGE GUTHRIE,XFOR 36;
HUSK/PAIGE GUTHRIE,XFOR 42;
HUSK/PAIGE GUTHRIE,XFOR 87;
HUSK/PAIGE GUTHRIE,XM 50;
HUSK/PAIGE GUTHRIE,X:PRIME;
HUSK/PAIGE GUTHRIE,XU 20;
HUSK/PAIGE GUTHRIE,XU 23;
HUSSAR,AWC 82;
HUSSAR,INH3 3;
HUSSAR,INH3 4;
HUSSAR,T 446;
HUSSAR,UX 137;
HUSSAR,UX 157;
HUSSAR,UX 387;
HUSSAR,XSOS 2;
HUXLEY, DR. ALDA,M:DS 1;
HUXLEY, DR. ALDA,M:DS 2;
HUXLEY, DR. ALDA,M:DS 3;
HUXLEY, DR. ALDA,M:DS 4;
HUXLEY, DR. ALDA,MR 1;
HUXLEY, DR. ALDA,UX 367;
HUXLEY, DR. ALDA,UX 368;
HUXLEY, DR. ALDA,X 86;
HUXLEY, DR. ALDA,X 87;
HUXLEY, DR. ALDA,X 99;
HUXLEY, DR. ALDA,XU 24/2;
HUXLEY, DR. HORATIO,AF2 13;
HUXLEY, DR. HORATIO,AF2 14;
HUXLEY, DR. HORATIO,AF2 15;
HUXLEY, DR. HORATIO,AF2 16;
HUXLEY, DR. HORATIO,AF2 17;
HUXLEY, DR. HORATIO,AF2 18;
HUXLEY, DR. HORATIO,AF2 19;
HUXLEY, DR. HORATIO,AF2 2;
HUXLEY, DR. HORATIO,AF2 20;
HUXLEY, DR. HORATIO,AF2 6;
HUXLEY, DR. HORATIO,AF2 8;
HUXLEY, DR. HORATIO,DLOK3 4;
HYBRID/JAMES JIMMY M,ROM 17;
HYBRID/JAMES JIMMY M,ROM 18;
HYBRID/JAMES JIMMY M,ROM 3;
HYBRID/JAMES JIMMY M,ROM 30;
HYBRID/JAMES JIMMY M,ROM 31;
HYBRID/JAMES JIMMY M,ROM 32;
HYBRID/JAMES JIMMY M,XM 31;
HYDROMAN/MORRIE BENC,ASM 212;
HYDROMAN/MORRIE BENC,ASM 217;
HYDROMAN/MORRIE BENC,ASM 218;
HYDROMAN/MORRIE BENC,ASM 280;
HYDROMAN/MORRIE BENC,ASM 281;
HYDROMAN/MORRIE BENC,ASM 315;
HYDROMAN/MORRIE BENC,ASMU 6;
HYDROMAN/MORRIE BENC,ASPOT 26;
HYDROMAN/MORRIE BENC,AUP 4;
HYDROMAN/MORRIE BENC,BP3 13;
HYDROMAN/MORRIE BENC,BP3 14;
HYDROMAN/MORRIE BENC,C2 56;
HYDROMAN/MORRIE BENC,C&D3 8;
HYDROMAN/MORRIE BENC,C&D3 9;
HYDROMAN/MORRIE BENC,DFSM 1;
HYDROMAN/MORRIE BENC,DFSM 2;
HYDROMAN/MORRIE BENC,DFSM 3;
HYDROMAN/MORRIE BENC,DFSM 4;
HYDROMAN/MORRIE BENC,FF3 24;
HYDROMAN/MORRIE BENC,FF 326;
HYDROMAN/MORRIE BENC,FF 327;
HYDROMAN/MORRIE BENC,FF 328;
HYDROMAN/MORRIE BENC,FF 329;
HYDROMAN/MORRIE BENC,FF 330;
HYDROMAN/MORRIE BENC,FF 331;
HYDROMAN/MORRIE BENC,FF 332;
HYDROMAN/MORRIE BENC,FF 333;
HYDROMAN/MORRIE BENC,FF 336;
HYDROMAN/MORRIE BENC,M/CP 97/4;
HYDROMAN/MORRIE BENC,M/TIO 86;
HYDROMAN/MORRIE BENC,NW 2;
HYDROMAN/MORRIE BENC,PPSM '00;
HYDROMAN/MORRIE BENC,PPTSS 12;
HYDROMAN/MORRIE BENC,PPTSS 160;
HYDROMAN/MORRIE BENC,SENSM 24;
HYDROMAN/MORRIE BENC,SENSM 26;
HYDROMAN/MORRIE BENC,TB 35;
HYDROMAN/MORRIE BENC,TB 36;
HYDROMAN/MORRIE BENC,TB '97;
HYDROMAN/MORRIE BENC,WOSM 8;
HYDROMAN/MORRIE BENC,WOSM 8/3;
HYDRON,A '00;
HYDRON,FF 14;
HYDRON,FF 186;
HYDRON,FF 223;
HYDRON,V&SW2 3;
HYDRON,V&SW2 5;
HYENA/HENRY MORTONSO,AWC 83;
HYENA/HENRY MORTONSO,HUMAN TORCH 27;
HYENA/HENRY MORTONSO,INV 1;
HYNNIT,SS3 112;
HYPERION,A 141;
HYPERION,A 142;
HYPERION,A 144;
HYPERION,A 147;
HYPERION,A 148;
HYPERION,A 149;
HYPERION,A3 5;
HYPERION,A3 6;
HYPERION,A 85;
HYPERION,A 86;
HYPERION,A '98;
HYPERION,AWC 4/5;
HYPERION,DEF 111;
HYPERION,DEF 112;
HYPERION,DEF 113;
HYPERION,DEF 114;
HYPERION,DEF 115;
HYPERION,FFU 11/2;
HYPERION II,A 16;
HYPERION II,A 69;
HYPERION II,A 70;
HYPERION II,A 8;
HYPERION II,DEF 13;
HYPERION II,DEF 14;
HYPERION II,GSDEF 4;
HYPERION II,M/TIO 64;
HYPERION II,M/TIO 65;
HYPERION II,M/TIO 66;
HYPERION II,SQS 7;
HYPERION II,SQS 8;
HYPERION II,T 280;
HYPERION,Q 13;
HYPERION,Q 14;
HYPERION,Q 15;
HYPERION,Q 16;
HYPERION,Q 17;
HYPERION,Q 19;
HYPERION,Q 25;
HYPERION,Q 27;
HYPERION,Q 28;
HYPERION,Q 29;
HYPERION,SLEEP 7;
HYPERION,SQS 1;
HYPERION,SQS 10;
HYPERION,SQS 11;
HYPERION,SQS 12;
HYPERION,SQS 2;
HYPERION,SQS 3;
HYPERION,SQS 4;
HYPERION,SQS 5;
HYPERION,SQS 6;
HYPERION,SQS 7;
HYPERION,SQS 8;
HYPERION,SQS 9;
HYPERION,SQS:NWO;
HYPERION,T 280;
HYPERION,WOSM 5/6;
HYPERSTORM,FF 406;
HYPERSTORM,FF 407;
HYPERSTORM,FF 408;
HYPERSTORM,FF 409;
HYPERSTORM,FF 414;
HYPERSTORM,FFU 12;
HYPERSTORM,FFUP 3;
HYPERTRON/CHESTER,WOSM 83;
HYPERTRON II/STURDEV,WOSM 83;
HYPNO-HUSTLER/,PPTSS 24;
HYZAKTL,SS3 116;
HYZAKTL,SS3 117;
HYZAKTL,SS3 118;
ICEMAN DOPPELGANGER,IW 6;
ICE-MAN | MUTANT X-V,MX '01;
ICE-MAN | MUTANT X-V,MX 1;
ICE-MAN | MUTANT X-V,MX 10;
ICE-MAN | MUTANT X-V,MX 11;
ICE-MAN | MUTANT X-V,MX 12;
ICE-MAN | MUTANT X-V,MX 15;
ICE-MAN | MUTANT X-V,MX 16;
ICE-MAN | MUTANT X-V,MX 17;
ICE-MAN | MUTANT X-V,MX 19;
ICE-MAN | MUTANT X-V,MX 2;
ICE-MAN | MUTANT X-V,MX 21;
ICE-MAN | MUTANT X-V,MX 22;
ICE-MAN | MUTANT X-V,MX 23;
ICE-MAN | MUTANT X-V,MX 24;
ICE-MAN | MUTANT X-V,MX 25;
ICE-MAN | MUTANT X-V,MX 26;
ICE-MAN | MUTANT X-V,MX 27;
ICE-MAN | MUTANT X-V,MX 28;
ICE-MAN | MUTANT X-V,MX 3;
ICE-MAN | MUTANT X-V,MX 30;
ICE-MAN | MUTANT X-V,MX 31;
ICE-MAN | MUTANT X-V,MX 32;
ICE-MAN | MUTANT X-V,MX 4;
ICE-MAN | MUTANT X-V,MX 5;
ICE-MAN | MUTANT X-V,MX 6;
ICE-MAN | MUTANT X-V,MX 7;
ICE-MAN | MUTANT X-V,MX 8;
ICE-MAN | MUTANT X-V,MX 9;
ICE-MAN | MUTANT X-V,MX '99;
ICEMAN/ROBERT BOBBY,A 110;
ICEMAN/ROBERT BOBBY,A 111;
ICEMAN/ROBERT BOBBY,A 151;
ICEMAN/ROBERT BOBBY,A 163;
ICEMAN/ROBERT BOBBY,A 211;
ICEMAN/ROBERT BOBBY,A 3;
ICEMAN/ROBERT BOBBY,A 401;
ICEMAN/ROBERT BOBBY,A 53;
ICEMAN/ROBERT BOBBY,A 60;
ICEMAN/ROBERT BOBBY,A '99;
ICEMAN/ROBERT BOBBY,AA2 11;
ICEMAN/ROBERT BOBBY,AF 110;
ICEMAN/ROBERT BOBBY,ASM 1;
ICEMAN/ROBERT BOBBY,ASM2 3;
ICEMAN/ROBERT BOBBY,ASM 282;
ICEMAN/ROBERT BOBBY,ASM 92;
ICEMAN/ROBERT BOBBY,BIZADV 27/2;
ICEMAN/ROBERT BOBBY,C2 16;
ICEMAN/ROBERT BOBBY,C2 76;
ICEMAN/ROBERT BOBBY,CA 173;
ICEMAN/ROBERT BOBBY,CA 174;
ICEMAN/ROBERT BOBBY,CA 175;
ICEMAN/ROBERT BOBBY,C&D3 1;
ICEMAN/ROBERT BOBBY,C&D3 2;
ICEMAN/ROBERT BOBBY,CHAMP 1;
ICEMAN/ROBERT BOBBY,CHAMP 10;
ICEMAN/ROBERT BOBBY,CHAMP 11;
ICEMAN/ROBERT BOBBY,CHAMP 12;
ICEMAN/ROBERT BOBBY,CHAMP 13;
ICEMAN/ROBERT BOBBY,CHAMP 14;
ICEMAN/ROBERT BOBBY,CHAMP 15;
ICEMAN/ROBERT BOBBY,CHAMP 16;
ICEMAN/ROBERT BOBBY,CHAMP 17;
ICEMAN/ROBERT BOBBY,CHAMP 2;
ICEMAN/ROBERT BOBBY,CHAMP 3;
ICEMAN/ROBERT BOBBY,CHAMP 4;
ICEMAN/ROBERT BOBBY,CHAMP 5;
ICEMAN/ROBERT BOBBY,CHAMP 6;
ICEMAN/ROBERT BOBBY,CHAMP 7;
ICEMAN/ROBERT BOBBY,CHAMP 8;
ICEMAN/ROBERT BOBBY,CHAMP 9;
ICEMAN/ROBERT BOBBY,COC 1;
ICEMAN/ROBERT BOBBY,CX 1;
ICEMAN/ROBERT BOBBY,DEF 122;
ICEMAN/ROBERT BOBBY,DEF 123;
ICEMAN/ROBERT BOBBY,DEF 124;
ICEMAN/ROBERT BOBBY,DEF 125;
ICEMAN/ROBERT BOBBY,DEF 126;
ICEMAN/ROBERT BOBBY,DEF 127;
ICEMAN/ROBERT BOBBY,DEF 128;
ICEMAN/ROBERT BOBBY,DEF 129;
ICEMAN/ROBERT BOBBY,DEF 130;
ICEMAN/ROBERT BOBBY,DEF 131;
ICEMAN/ROBERT BOBBY,DEF 132;
ICEMAN/ROBERT BOBBY,DEF 133;
ICEMAN/ROBERT BOBBY,DEF 134;
ICEMAN/ROBERT BOBBY,DEF 135;
ICEMAN/ROBERT BOBBY,DEF 136;
ICEMAN/ROBERT BOBBY,DEF 137;
ICEMAN/ROBERT BOBBY,DEF 138;
ICEMAN/ROBERT BOBBY,DEF 139;
ICEMAN/ROBERT BOBBY,DEF 140;
ICEMAN/ROBERT BOBBY,DEF 141;
ICEMAN/ROBERT BOBBY,DEF 142;
ICEMAN/ROBERT BOBBY,DEF 143;
ICEMAN/ROBERT BOBBY,DEF 144;
ICEMAN/ROBERT BOBBY,DEF 145;
ICEMAN/ROBERT BOBBY,DEF 146;
ICEMAN/ROBERT BOBBY,DEF 147;
ICEMAN/ROBERT BOBBY,DEF 149;
ICEMAN/ROBERT BOBBY,DEF 150;
ICEMAN/ROBERT BOBBY,DEF 151;
ICEMAN/ROBERT BOBBY,DEF 152;
ICEMAN/ROBERT BOBBY,FA 3;
ICEMAN/ROBERT BOBBY,FF 28;
ICEMAN/ROBERT BOBBY,FF 3;
ICEMAN/ROBERT BOBBY,FF 312;
ICEMAN/ROBERT BOBBY,FF 36;
ICEMAN/ROBERT BOBBY,FF 367;
ICEMAN/ROBERT BOBBY,FF 368;
ICEMAN/ROBERT BOBBY,FF 369;
ICEMAN/ROBERT BOBBY,FF 415;
ICEMAN/ROBERT BOBBY,FF 416;
ICEMAN/ROBERT BOBBY,GENX 57;
ICEMAN/ROBERT BOBBY,GR2 23;
ICEMAN/ROBERT BOBBY,GR3 9;
ICEMAN/ROBERT BOBBY,GSX 1;
ICEMAN/ROBERT BOBBY,GZIL 3;
ICEMAN/ROBERT BOBBY,H2 150;
ICEMAN/ROBERT BOBBY,H2 279;
ICEMAN/ROBERT BOBBY,H2 336;
ICEMAN/ROBERT BOBBY,H2 337;
ICEMAN/ROBERT BOBBY,H2 445;
ICEMAN/ROBERT BOBBY,H 7;
ICEMAN/ROBERT BOBBY,ICE 1;
ICEMAN/ROBERT BOBBY,ICE 2;
ICEMAN/ROBERT BOBBY,ICE 3;
ICEMAN/ROBERT BOBBY,ICE 4;
ICEMAN/ROBERT BOBBY,IM 4;
ICEMAN/ROBERT BOBBY,IM 8;
ICEMAN/ROBERT BOBBY,IW 1;
ICEMAN/ROBERT BOBBY,IW 2;
ICEMAN/ROBERT BOBBY,IW 3;
ICEMAN/ROBERT BOBBY,IW 4;
ICEMAN/ROBERT BOBBY,IW 5;
ICEMAN/ROBERT BOBBY,IW 6;
ICEMAN/ROBERT BOBBY,JIM 109;
ICEMAN/ROBERT BOBBY,MARVELS 2;
ICEMAN/ROBERT BOBBY,M/CP 74/4;
ICEMAN/ROBERT BOBBY,M/CP 85/3;
ICEMAN/ROBERT BOBBY,M/CP 89/4;
ICEMAN/ROBERT BOBBY,MEPHV. 2;
ICEMAN/ROBERT BOBBY,M/FAN 32;
ICEMAN/ROBERT BOBBY,M/FAN 50;
ICEMAN/ROBERT BOBBY,M/H&L 1;
ICEMAN/ROBERT BOBBY,M/HOL 1994;
ICEMAN/ROBERT BOBBY,M/HOL 1996/5;
ICEMAN/ROBERT BOBBY,MK3 41;
ICEMAN/ROBERT BOBBY,M/TE 13;
ICEMAN/ROBERT BOBBY,M/TIO 76;
ICEMAN/ROBERT BOBBY,M/TU 23;
ICEMAN/ROBERT BOBBY,M/TU 4;
ICEMAN/ROBERT BOBBY,NM 76;
ICEMAN/ROBERT BOBBY,NM 88;
ICEMAN/ROBERT BOBBY,NM 95;
ICEMAN/ROBERT BOBBY,NM 97;
ICEMAN/ROBERT BOBBY,NW 27;
ICEMAN/ROBERT BOBBY,O:MU;
ICEMAN/ROBERT BOBBY,O:X;
ICEMAN/ROBERT BOBBY,PP 27;
ICEMAN/ROBERT BOBBY,PP 35;
ICEMAN/ROBERT BOBBY,PPSM2 3;
ICEMAN/ROBERT BOBBY,PPTSS 17;
ICEMAN/ROBERT BOBBY,PPTSS 18;
ICEMAN/ROBERT BOBBY,Q 38;
ICEMAN/ROBERT BOBBY,Q 39;
ICEMAN/ROBERT BOBBY,ROM 65;
ICEMAN/ROBERT BOBBY,ROM 66;
ICEMAN/ROBERT BOBBY,ST 120;
ICEMAN/ROBERT BOBBY,ST 156;
ICEMAN/ROBERT BOBBY,ST2 18;
ICEMAN/ROBERT BOBBY,SUB-M 14;
ICEMAN/ROBERT BOBBY,SUB-M2 3;
ICEMAN/ROBERT BOBBY,SVTU 14;
ICEMAN/ROBERT BOBBY,T 377;
ICEMAN/ROBERT BOBBY,T 378;
ICEMAN/ROBERT BOBBY,T 379;
ICEMAN/ROBERT BOBBY,THOR CORPS 3;
ICEMAN/ROBERT BOBBY,TOS 49;
ICEMAN/ROBERT BOBBY,UTSM 21;
ICEMAN/ROBERT BOBBY,UTSM '97;
ICEMAN/ROBERT BOBBY,UX 1;
ICEMAN/ROBERT BOBBY,UX 10;
ICEMAN/ROBERT BOBBY,UX 11;
ICEMAN/ROBERT BOBBY,UX 12;
ICEMAN/ROBERT BOBBY,UX 13;
ICEMAN/ROBERT BOBBY,UX 138;
ICEMAN/ROBERT BOBBY,UX 14;
ICEMAN/ROBERT BOBBY,UX 145;
ICEMAN/ROBERT BOBBY,UX 146;
ICEMAN/ROBERT BOBBY,UX 15;
ICEMAN/ROBERT BOBBY,UX 16;
ICEMAN/ROBERT BOBBY,UX 17;
ICEMAN/ROBERT BOBBY,UX 18;
ICEMAN/ROBERT BOBBY,UX 19;
ICEMAN/ROBERT BOBBY,UX 2;
ICEMAN/ROBERT BOBBY,UX 20;
ICEMAN/ROBERT BOBBY,UX 21;
ICEMAN/ROBERT BOBBY,UX 210;
ICEMAN/ROBERT BOBBY,UX 22;
ICEMAN/ROBERT BOBBY,UX 23;
ICEMAN/ROBERT BOBBY,UX 24;
ICEMAN/ROBERT BOBBY,UX 242;
ICEMAN/ROBERT BOBBY,UX 243;
ICEMAN/ROBERT BOBBY,UX 25;
ICEMAN/ROBERT BOBBY,UX 26;
ICEMAN/ROBERT BOBBY,UX 27;
ICEMAN/ROBERT BOBBY,UX 272;
ICEMAN/ROBERT BOBBY,UX 273;
ICEMAN/ROBERT BOBBY,UX 28;
ICEMAN/ROBERT BOBBY,UX 280;
ICEMAN/ROBERT BOBBY,UX 281;
ICEMAN/ROBERT BOBBY,UX 282;
ICEMAN/ROBERT BOBBY,UX 283;
ICEMAN/ROBERT BOBBY,UX 284;
ICEMAN/ROBERT BOBBY,UX 285;
ICEMAN/ROBERT BOBBY,UX 286;
ICEMAN/ROBERT BOBBY,UX 287;
ICEMAN/ROBERT BOBBY,UX 288;
ICEMAN/ROBERT BOBBY,UX 289;
ICEMAN/ROBERT BOBBY,UX 29;
ICEMAN/ROBERT BOBBY,UX 290;
ICEMAN/ROBERT BOBBY,UX 291;
ICEMAN/ROBERT BOBBY,UX 292;
ICEMAN/ROBERT BOBBY,UX 293;
ICEMAN/ROBERT BOBBY,UX 294;
ICEMAN/ROBERT BOBBY,UX 295;
ICEMAN/ROBERT BOBBY,UX 3;
ICEMAN/ROBERT BOBBY,UX 30;
ICEMAN/ROBERT BOBBY,UX 31;
ICEMAN/ROBERT BOBBY,UX 311;
ICEMAN/ROBERT BOBBY,UX 314;
ICEMAN/ROBERT BOBBY,UX 318;
ICEMAN/ROBERT BOBBY,UX 319;
ICEMAN/ROBERT BOBBY,UX 32;
ICEMAN/ROBERT BOBBY,UX 320;
ICEMAN/ROBERT BOBBY,UX 321;
ICEMAN/ROBERT BOBBY,UX 323;
ICEMAN/ROBERT BOBBY,UX 324;
ICEMAN/ROBERT BOBBY,UX 325;
ICEMAN/ROBERT BOBBY,UX 33;
ICEMAN/ROBERT BOBBY,UX 331;
ICEMAN/ROBERT BOBBY,UX 332;
ICEMAN/ROBERT BOBBY,UX 333;
ICEMAN/ROBERT BOBBY,UX 334;
ICEMAN/ROBERT BOBBY,UX 335;
ICEMAN/ROBERT BOBBY,UX 336;
ICEMAN/ROBERT BOBBY,UX 337;
ICEMAN/ROBERT BOBBY,UX 338;
ICEMAN/ROBERT BOBBY,UX 339;
ICEMAN/ROBERT BOBBY,UX 34;
ICEMAN/ROBERT BOBBY,UX 340;
ICEMAN/ROBERT BOBBY,UX 35;
ICEMAN/ROBERT BOBBY,UX 353;
ICEMAN/ROBERT BOBBY,UX 354;
ICEMAN/ROBERT BOBBY,UX 356;
ICEMAN/ROBERT BOBBY,UX 357;
ICEMAN/ROBERT BOBBY,UX 358;
ICEMAN/ROBERT BOBBY,UX 36;
ICEMAN/ROBERT BOBBY,UX 368;
ICEMAN/ROBERT BOBBY,UX 37;
ICEMAN/ROBERT BOBBY,UX 377;
ICEMAN/ROBERT BOBBY,UX 378;
ICEMAN/ROBERT BOBBY,UX 379;
ICEMAN/ROBERT BOBBY,UX 38;
ICEMAN/ROBERT BOBBY,UX 380;
ICEMAN/ROBERT BOBBY,UX 39;
ICEMAN/ROBERT BOBBY,UX 395;
ICEMAN/ROBERT BOBBY,UX 396;
ICEMAN/ROBERT BOBBY,UX 4;
ICEMAN/ROBERT BOBBY,UX 40;
ICEMAN/ROBERT BOBBY,UX 41;
ICEMAN/ROBERT BOBBY,UX 42;
ICEMAN/ROBERT BOBBY,UX 43;
ICEMAN/ROBERT BOBBY,UX 44;
ICEMAN/ROBERT BOBBY,UX 44/2;
ICEMAN/ROBERT BOBBY,UX 45;
ICEMAN/ROBERT BOBBY,UX 45/2;
ICEMAN/ROBERT BOBBY,UX 46;
ICEMAN/ROBERT BOBBY,UX 46/2;
ICEMAN/ROBERT BOBBY,UX 47;
ICEMAN/ROBERT BOBBY,UX 49;
ICEMAN/ROBERT BOBBY,UX 5;
ICEMAN/ROBERT BOBBY,UX 50;
ICEMAN/ROBERT BOBBY,UX 51;
ICEMAN/ROBERT BOBBY,UX 51/2;
ICEMAN/ROBERT BOBBY,UX 52;
ICEMAN/ROBERT BOBBY,UX 52/2;
ICEMAN/ROBERT BOBBY,UX 53;
ICEMAN/ROBERT BOBBY,UX 53/2;
ICEMAN/ROBERT BOBBY,UX 54;
ICEMAN/ROBERT BOBBY,UX 55;
ICEMAN/ROBERT BOBBY,UX 55/2;
ICEMAN/ROBERT BOBBY,UX 56;
ICEMAN/ROBERT BOBBY,UX 56/2;
ICEMAN/ROBERT BOBBY,UX 57;
ICEMAN/ROBERT BOBBY,UX 58;
ICEMAN/ROBERT BOBBY,UX 6;
ICEMAN/ROBERT BOBBY,UX 60;
ICEMAN/ROBERT BOBBY,UX 61;
ICEMAN/ROBERT BOBBY,UX 62;
ICEMAN/ROBERT BOBBY,UX 63;
ICEMAN/ROBERT BOBBY,UX 64;
ICEMAN/ROBERT BOBBY,UX 65;
ICEMAN/ROBERT BOBBY,UX 66;
ICEMAN/ROBERT BOBBY,UX 7;
ICEMAN/ROBERT BOBBY,UX 8;
ICEMAN/ROBERT BOBBY,UX 9;
ICEMAN/ROBERT BOBBY,UX 94;
ICEMAN/ROBERT BOBBY,W2 101;
ICEMAN/ROBERT BOBBY,WIW 8;
ICEMAN/ROBERT BOBBY,WM2 13;
ICEMAN/ROBERT BOBBY,WM2 15;
ICEMAN/ROBERT BOBBY,WOSM 75;
ICEMAN/ROBERT BOBBY,X 1;
ICEMAN/ROBERT BOBBY,X 108;
ICEMAN/ROBERT BOBBY,X 109;
ICEMAN/ROBERT BOBBY,X 14;
ICEMAN/ROBERT BOBBY,X 15;
ICEMAN/ROBERT BOBBY,X 16;
ICEMAN/ROBERT BOBBY,X 2;
ICEMAN/ROBERT BOBBY,X 3;
ICEMAN/ROBERT BOBBY,X 38;
ICEMAN/ROBERT BOBBY,X 40;
ICEMAN/ROBERT BOBBY,X 41;
ICEMAN/ROBERT BOBBY,X 42;
ICEMAN/ROBERT BOBBY,X 45;
ICEMAN/ROBERT BOBBY,X 46;
ICEMAN/ROBERT BOBBY,X 48;
ICEMAN/ROBERT BOBBY,X 5;
ICEMAN/ROBERT BOBBY,X 50;
ICEMAN/ROBERT BOBBY,X 54;
ICEMAN/ROBERT BOBBY,X 55;
ICEMAN/ROBERT BOBBY,X 57;
ICEMAN/ROBERT BOBBY,X 58;
ICEMAN/ROBERT BOBBY,X 59;
ICEMAN/ROBERT BOBBY,X 65;
ICEMAN/ROBERT BOBBY,X 66;
ICEMAN/ROBERT BOBBY,X 67;
ICEMAN/ROBERT BOBBY,X 68;
ICEMAN/ROBERT BOBBY,X 69;
ICEMAN/ROBERT BOBBY,X 70;
ICEMAN/ROBERT BOBBY,X 71;
ICEMAN/ROBERT BOBBY,X 88;
ICEMAN/ROBERT BOBBY,X 94/2;
ICEMAN/ROBERT BOBBY,X 96;
ICEMAN/ROBERT BOBBY,X '97;
ICEMAN/ROBERT BOBBY,X 97;
ICEMAN/ROBERT BOBBY,X 98;
ICEMAN/ROBERT BOBBY,X 99;
ICEMAN/ROBERT BOBBY,XCAL: XX CROSSING;
ICEMAN/ROBERT BOBBY,X&CD 1;
ICEMAN/ROBERT BOBBY,XF 1;
ICEMAN/ROBERT BOBBY,XF 10;
ICEMAN/ROBERT BOBBY,XF 11;
ICEMAN/ROBERT BOBBY,XF 12;
ICEMAN/ROBERT BOBBY,XF 14;
ICEMAN/ROBERT BOBBY,XF 15;
ICEMAN/ROBERT BOBBY,XF 17;
ICEMAN/ROBERT BOBBY,XF 18;
ICEMAN/ROBERT BOBBY,XF 19;
ICEMAN/ROBERT BOBBY,XF 2;
ICEMAN/ROBERT BOBBY,XF 20;
ICEMAN/ROBERT BOBBY,XF 21;
ICEMAN/ROBERT BOBBY,XF 22;
ICEMAN/ROBERT BOBBY,XF 23;
ICEMAN/ROBERT BOBBY,XF 24;
ICEMAN/ROBERT BOBBY,XF 25;
ICEMAN/ROBERT BOBBY,XF 26;
ICEMAN/ROBERT BOBBY,XF 27;
ICEMAN/ROBERT BOBBY,XF 28;
ICEMAN/ROBERT BOBBY,XF 29;
ICEMAN/ROBERT BOBBY,XF 3;
ICEMAN/ROBERT BOBBY,XF 30;
ICEMAN/ROBERT BOBBY,XF 31;
ICEMAN/ROBERT BOBBY,XF 32;
ICEMAN/ROBERT BOBBY,XF 33;
ICEMAN/ROBERT BOBBY,XF 35;
ICEMAN/ROBERT BOBBY,XF 36;
ICEMAN/ROBERT BOBBY,XF 37;
ICEMAN/ROBERT BOBBY,XF 38;
ICEMAN/ROBERT BOBBY,XF 39;
ICEMAN/ROBERT BOBBY,XF 4;
ICEMAN/ROBERT BOBBY,XF 40;
ICEMAN/ROBERT BOBBY,XF 41;
ICEMAN/ROBERT BOBBY,XF 42;
ICEMAN/ROBERT BOBBY,XF 4/3;
ICEMAN/ROBERT BOBBY,XF 43;
ICEMAN/ROBERT BOBBY,XF 44;
ICEMAN/ROBERT BOBBY,XF 45;
ICEMAN/ROBERT BOBBY,XF 46;
ICEMAN/ROBERT BOBBY,XF 48;
ICEMAN/ROBERT BOBBY,XF 49;
ICEMAN/ROBERT BOBBY,XF 5;
ICEMAN/ROBERT BOBBY,XF 50;
ICEMAN/ROBERT BOBBY,XF 51;
ICEMAN/ROBERT BOBBY,XF 52;
ICEMAN/ROBERT BOBBY,XF 53;
ICEMAN/ROBERT BOBBY,XF 54;
ICEMAN/ROBERT BOBBY,XF 55;
ICEMAN/ROBERT BOBBY,XF 56;
ICEMAN/ROBERT BOBBY,XF 57;
ICEMAN/ROBERT BOBBY,XF 58;
ICEMAN/ROBERT BOBBY,XF 59;
ICEMAN/ROBERT BOBBY,XF 6;
ICEMAN/ROBERT BOBBY,XF 60;
ICEMAN/ROBERT BOBBY,XF 61;
ICEMAN/ROBERT BOBBY,XF 62;
ICEMAN/ROBERT BOBBY,XF 63;
ICEMAN/ROBERT BOBBY,XF 64;
ICEMAN/ROBERT BOBBY,XF 65;
ICEMAN/ROBERT BOBBY,XF 66;
ICEMAN/ROBERT BOBBY,XF 67;
ICEMAN/ROBERT BOBBY,XF 68;
ICEMAN/ROBERT BOBBY,XF 69;
ICEMAN/ROBERT BOBBY,XF 7;
ICEMAN/ROBERT BOBBY,XF 70;
ICEMAN/ROBERT BOBBY,XF 8;
ICEMAN/ROBERT BOBBY,XF 85;
ICEMAN/ROBERT BOBBY,XF 86;
ICEMAN/ROBERT BOBBY,XF 9;
ICEMAN/ROBERT BOBBY,XFOR 16;
ICEMAN/ROBERT BOBBY,XFOR 17;
ICEMAN/ROBERT BOBBY,XFOR 18;
ICEMAN/ROBERT BOBBY,XFOR '98;
ICEMAN/ROBERT BOBBY,XF:PL;
ICEMAN/ROBERT BOBBY,X:HY 1;
ICEMAN/ROBERT BOBBY,X:HY 10;
ICEMAN/ROBERT BOBBY,X:HY 11;
ICEMAN/ROBERT BOBBY,X:HY 12;
ICEMAN/ROBERT BOBBY,X:HY 13;
ICEMAN/ROBERT BOBBY,X:HY 14;
ICEMAN/ROBERT BOBBY,X:HY 15;
ICEMAN/ROBERT BOBBY,X:HY 16;
ICEMAN/ROBERT BOBBY,X:HY 17;
ICEMAN/ROBERT BOBBY,X:HY 18;
ICEMAN/ROBERT BOBBY,X:HY 19;
ICEMAN/ROBERT BOBBY,X:HY 2;
ICEMAN/ROBERT BOBBY,X:HY 20;
ICEMAN/ROBERT BOBBY,X:HY 21;
ICEMAN/ROBERT BOBBY,X:HY 22;
ICEMAN/ROBERT BOBBY,X:HY 4;
ICEMAN/ROBERT BOBBY,X:HY 5;
ICEMAN/ROBERT BOBBY,X:HY 6;
ICEMAN/ROBERT BOBBY,X:HY 7;
ICEMAN/ROBERT BOBBY,X:HY 9;
ICEMAN/ROBERT BOBBY,XMF 1;
ICEMAN/ROBERT BOBBY,XMF 2;
ICEMAN/ROBERT BOBBY,XMF 3;
ICEMAN/ROBERT BOBBY,XMF 4;
ICEMAN/ROBERT BOBBY,XMF 5;
ICEMAN/ROBERT BOBBY,XMF 6;
ICEMAN/ROBERT BOBBY,X:OMEGA;
ICEMAN/ROBERT BOBBY,X:PRIME;
ICEMAN/ROBERT BOBBY,XSOS 2;
ICEMAN/ROBERT BOBBY,XTERM 1;
ICEMAN/ROBERT BOBBY,XU 10;
ICEMASTER/,TB 24;
ICEMASTER/,TB 25;
ICE PRINCESS/,CA 388;
ICE PRINCESS/,CA 389;
ICE PRINCESS/,CA 390;
ICE PRINCESS/,CA 391;
ICE PRINCESS/,CA 392;
ICE WORM,CA 384;
ICHIHARA, SHIGERU,A3 31;
ICON/DR. U'MBAYA A'K,XCAL 59;
ICON/DR. U'MBAYA A'K,XCAL 60;
ICONOCLAST,FF3 2;
IDNAR,DHAWK 14;
IDRIS,XM 73;
IDUNA,DF 3.6;
IGOE, MAX,S-M '98;
IGOR,A 12;
IGOR,ASM 223;
IGOR,ASM 255;
IGOR,COC 1;
IGOR,DEF 7;
IGOR,DEF 8;
IGOR,FF 13;
IGOR,FF 197;
IGOR,FF 29;
IGOR,FF 3;
IGOR,FF3 3;
IGOR,IM 15;
IGOR,IM 16;
IGOR,IM 82;
IGOR,IM 83;
IGOR,M/CP 87/3;
IGOR,M/CP 90/2;
IGOR,M/CP 91/2;
IGOR,M/CP 92/2;
IGOR,M/S&L /3;
IGOR,PP 61;
IGOR,PP 62;
IGOR,Q 6;
IGOR,W2 164;
IKARIS/IKE HARRIS [E,A 246;
IKARIS/IKE HARRIS [E,A 247;
IKARIS/IKE HARRIS [E,A 248;
IKARIS/IKE HARRIS [E,A 308;
IKARIS/IKE HARRIS [E,A 310;
IKARIS/IKE HARRIS [E,CA 11;
IKARIS/IKE HARRIS [E,COC 1;
IKARIS/IKE HARRIS [E,E 1;
IKARIS/IKE HARRIS [E,E 10;
IKARIS/IKE HARRIS [E,E 11;
IKARIS/IKE HARRIS [E,E 12;
IKARIS/IKE HARRIS [E,E 14;
IKARIS/IKE HARRIS [E,E 15;
IKARIS/IKE HARRIS [E,E 16;
IKARIS/IKE HARRIS [E,E 17;
IKARIS/IKE HARRIS [E,E 18;
IKARIS/IKE HARRIS [E,E 19;
IKARIS/IKE HARRIS [E,E 2;
IKARIS/IKE HARRIS [E,E2 1;
IKARIS/IKE HARRIS [E,E2 10;
IKARIS/IKE HARRIS [E,E2 11;
IKARIS/IKE HARRIS [E,E2 12;
IKARIS/IKE HARRIS [E,E2 2;
IKARIS/IKE HARRIS [E,E2 3;
IKARIS/IKE HARRIS [E,E2 4;
IKARIS/IKE HARRIS [E,E2 5;
IKARIS/IKE HARRIS [E,E2 6;
IKARIS/IKE HARRIS [E,E2 7;
IKARIS/IKE HARRIS [E,E2 8;
IKARIS/IKE HARRIS [E,E2 9;
IKARIS/IKE HARRIS [E,E 3;
IKARIS/IKE HARRIS [E,E 4;
IKARIS/IKE HARRIS [E,E 6;
IKARIS/IKE HARRIS [E,E 9;
IKARIS/IKE HARRIS [E,E:HEROD;
IKARIS/IKE HARRIS [E,FFU 10;
IKARIS/IKE HARRIS [E,IM 179;
IKARIS/IKE HARRIS [E,IM 6;
IKARIS/IKE HARRIS [E,M/:LG 1;
IKARIS/IKE HARRIS [E,NEW ETERNALS;
IKARIS/IKE HARRIS [E,Q 29;
IKARIS/IKE HARRIS [E,Q 58;
IKARIS/IKE HARRIS [E,SS 1;
IKARIS/IKE HARRIS [E,T 284;
IKARIS/IKE HARRIS [E,T 285;
IKARIS/IKE HARRIS [E,T 286;
IKARIS/IKE HARRIS [E,T 287;
IKARIS/IKE HARRIS [E,T 288;
IKARIS/IKE HARRIS [E,T 289;
IKARIS/IKE HARRIS [E,T 291;
IKARIS/IKE HARRIS [E,T 292;
IKARIS/IKE HARRIS [E,T 301;
IKARIS/IKE HARRIS [E,T 7;
IKARIS/IKE HARRIS [E,WI 29/2;
IKARIS/IKE HARRIS [E,X:HY 21;
IKARIS | MUTANT X-VE,MX 32;
IKARYS,INH3 1;
IKONN,DRSTR3 49;
IKTHON,SUB-M 15;
IKTHON,SUB-M 16;
IKTHON,SUB-M 17;
IKTHON,SUB-M 21;
IKTHON,SUB-M 22;
IKTHON,SUB-M 31;
IKTHON,SUB-M 32;
IKTHON,SUB-M 35;
IKTHON,SUB-M 37;
IKTHON,SUB-M 7;
IKTHON,SUB-M 9;
IMMORTUS, MARCUS,A 10;
IMMORTUS, MARCUS,A 200;
IMMORTUS, MARCUS,A: TERM OBJ 2;
IMPACT/,MK3 39;
IMPACT/,MK3 40;
IMPALA/,CA 388;
IMPALA/,CA 389;
IMPALA/,CA 390;
IMPALA/,CA 391;
IMPALA/,CA 395;
IMPALA/,CA 395/2;
IMPALA/,CA 396/2;
IMPALA/,CA 397/2;
IMPOSSIBLE MAN,FF 11/2;
IMPOSSIBLE MAN,FF 175;
IMPOSSIBLE MAN,FF 176;
IMPOSSIBLE MAN,FF 177;
IMPOSSIBLE MAN,FF 178;
IMPOSSIBLE MAN,FF 179;
IMPOSSIBLE MAN,FF 181;
IMPOSSIBLE MAN,FF 182;
IMPOSSIBLE MAN,FF 183;
IMPOSSIBLE MAN,FF 184;
IMPOSSIBLE MAN,FF 185;
IMPOSSIBLE MAN,FF 186;
IMPOSSIBLE MAN,FF 187;
IMPOSSIBLE MAN,FF 188;
IMPOSSIBLE MAN,FF 193;
IMPOSSIBLE MAN,FF 194;
IMPOSSIBLE MAN,FF 195;
IMPOSSIBLE MAN,IMSVS 1;
IMPOSSIBLE MAN,IMSVS 1/3;
IMPOSSIBLE MAN,IMSVS 1/5;
IMPOSSIBLE MAN,IMSVS 1/7;
IMPOSSIBLE MAN,IMSVS 2;
IMPOSSIBLE MAN,IMSVS 2/3;
IMPOSSIBLE MAN,IMSVS 2/5;
IMPOSSIBLE MAN,M/CP 91/4;
IMPOSSIBLE MAN,M/CP 97/4;
IMPOSSIBLE MAN,M/TIO 27;
IMPOSSIBLE MAN,M/TIO 60;
IMPOSSIBLE MAN,M/TIO 86/2;
IMPOSSIBLE MAN,NM 3;
IMPOSSIBLE MAN,SS3 33;
IMPOSSIBLE MAN,SS3 36;
IMPOSSIBLE MAN,S-W 45;
IMPOSSIBLE MAN,UX 7;
IMPOSSIBLE MAN,XF&C '95;
IMPOSSIBLE WOMAN,IMSVS 1;
IMPOSSIBLE WOMAN,IMSVS 1/2;
IMPOSSIBLE WOMAN,IMSVS 1/4;
IMPOSSIBLE WOMAN,IMSVS 1/7;
IMPOSSIBLE WOMAN,IMSVS 2;
IMPOSSIBLE WOMAN,IMSVS 2/2;
IMPOSSIBLE WOMAN,IMSVS 2/5;
IMPOSSIBLE WOMAN,M/TIO 60;
IMPOSSIBLE WOMAN,M/TIO 86/2;
IMPOSSIBLE WOMAN,S-W 45;
IMP/PANDORA DESTINE,X&CD 1;
IMP/PANDORA DESTINE,X&CD 2;
IMPULSE II/DWIGHT HU,NW 15;
IMPULSE II/DWIGHT HU,NW 16;
IMPULSE II/DWIGHT HU,NW 4;
IMPULSE II/DWIGHT HU,NW 52;
IMPULSE II/DWIGHT HU,NW 60;
IMPULSE II/DWIGHT HU,NW 63;
IMPULSE II/DWIGHT HU,NW 64;
IMPULSE,INH3 4;
IMPULSE,Q 32;
IMPULSE,UX 107;
IMPULSE,XSOS 2;
INAZUMA,IM 281;
INAZUMA,IM 282;
INAZUMA,IM 283;
IN-BETWEENER,DAMCON3 4;
IN-BETWEENER,DRSTR2 26;
IN-BETWEENER,DRSTR2 27;
IN-BETWEENER,DRSTR2 28;
IN-BETWEENER,Q 26;
IN-BETWEENER,ROM 41;
IN-BETWEENER,SS3 16;
IN-BETWEENER,SS3 17;
IN-BETWEENER,SS3 18;
IN-BETWEENER,SWII 6;
IN-BETWEENER,TQ 1;
IN-BETWEENER,WLOCK 10;
IN-BETWEENER,WLOCK 11;
INDECH,A 225;
INDECH,A 226;
INDIGO, ODYSSEUS,XFOR 84;
INDIGO, ODYSSEUS,XFOR 86;
INDIGO, ODYSSEUS,XFOR 93;
INDIGO, ODYSSEUS,XFOR 96;
INDIGO, ODYSSEUS,XFOR 97;
INDIUM,A 188;
INDIUM,TB 6;
INERTIA/,SQS 10;
INERTIA/,SQS 11;
INERTIA/,SQS 12;
INES, DR. DIDIER,BW 2;
INES, DR. DIDIER,BW 3;
INFECTIA/JOSEPHINE,XF 28;
INFECTIA/JOSEPHINE,XF 29;
INFECTIA/JOSEPHINE,XF 30;
INFECTIA/JOSEPHINE,XF 31;
INFECTIA/JOSEPHINE,XF 55;
INFERNO,GR2 8;
INFERNO III/SAMANTHA,A3 24;
INFERNO III/SAMANTHA,A3 25;
INFERNO III/SAMANTHA,IM3 21/2;
INFERNO III/SAMANTHA,IM3 22;
INFERNO III/SAMANTHA,J:ED;
INFERNO III/SAMANTHA,PPSM2 11;
INFERNO II/JOSEPH CO,A 192;
INFERNO II/JOSEPH CO,A 193;
INFERNO II/JOSEPH CO,A 353;
INFERNO II/JOSEPH CO,A 354;
INFINITY II,DAMCON3 4;
INFINITY II,FF3 8;
INFINITY II,IW 6;
INFINITY II,MK3 44;
INFINITY II,Q 24;
INFINITY II,Q 25;
INFINITY II,WIW 9;
INFINITY,T 184;
INFINITY,T 185;
INFINITY,T 186;
INFINITY,T 187;
INFINITY,T 188;
INFINITY THRALL,WIW 5;
INFINITY THRALL,WIW 6;
INFOMORPH,DD 331;
INFOMORPH,DD 332;
INGOT/,TB 31;
INGOT/,TB 32;
INNARDS,NS 2;
INNOCENT,BSHP2 2;
INSHALLAH, KHALID,DSDDGN;
INSHALLAH, KHALID,MAXSEC 3;
INSOMNIA/,DD 363;
INSOMNIA/,DD 364;
INTEGER,XM 50;
INTELLIGENTSIA,CM5 10;
INTELLIGENTSIA,CM5 8;
INTELLIGENTSIA,CM5 9;
INTERLOPER,DEF 147;
INTERLOPER,DEF 149;
INTERLOPER,DEF 151;
INTERLOPER,DEF 152;
INTERLOPER,DRSTR3 3;
INTERLOPER,DRSTR3 4;
INTERLOPER,ST2 5/2;
INTERLOPER,ST2 6/2;
INTERLOPER,ST2 7;
INTERLOPER,ST2 7/2;
INVISIBLE WOMAN DOPP,FF 370;
INVISIBLE WOMAN/SUE,A 1;
INVISIBLE WOMAN/SUE,A 12;
INVISIBLE WOMAN/SUE,A 127;
INVISIBLE WOMAN/SUE,A 128;
INVISIBLE WOMAN/SUE,A 13;
INVISIBLE WOMAN/SUE,A 14;
INVISIBLE WOMAN/SUE,A 144;
INVISIBLE WOMAN/SUE,A 1.5;
INVISIBLE WOMAN/SUE,A 18;
INVISIBLE WOMAN/SUE,A 18/2;
INVISIBLE WOMAN/SUE,A 21;
INVISIBLE WOMAN/SUE,A2 12;
INVISIBLE WOMAN/SUE,A 216;
INVISIBLE WOMAN/SUE,A 221;
INVISIBLE WOMAN/SUE,A 227;
INVISIBLE WOMAN/SUE,A 233;
INVISIBLE WOMAN/SUE,A 25;
INVISIBLE WOMAN/SUE,A2 6;
INVISIBLE WOMAN/SUE,A 264;
INVISIBLE WOMAN/SUE,A 266;
INVISIBLE WOMAN/SUE,A 299;
INVISIBLE WOMAN/SUE,A 3;
INVISIBLE WOMAN/SUE,A 300;
INVISIBLE WOMAN/SUE,A 301;
INVISIBLE WOMAN/SUE,A 302;
INVISIBLE WOMAN/SUE,A 303;
INVISIBLE WOMAN/SUE,A 305;
INVISIBLE WOMAN/SUE,A 307;
INVISIBLE WOMAN/SUE,A 308;
INVISIBLE WOMAN/SUE,A3 1;
INVISIBLE WOMAN/SUE,A3 10;
INVISIBLE WOMAN/SUE,A3 11;
INVISIBLE WOMAN/SUE,A 327;
INVISIBLE WOMAN/SUE,A 332;
INVISIBLE WOMAN/SUE,A 333;
INVISIBLE WOMAN/SUE,A 400;
INVISIBLE WOMAN/SUE,A 60;
INVISIBLE WOMAN/SUE,AA2 2;
INVISIBLE WOMAN/SUE,AF 3;
INVISIBLE WOMAN/SUE,AF 4;
INVISIBLE WOMAN/SUE,AF 92;
INVISIBLE WOMAN/SUE,AF 93;
INVISIBLE WOMAN/SUE,AF 94;
INVISIBLE WOMAN/SUE,AR 1;
INVISIBLE WOMAN/SUE,AR 2;
INVISIBLE WOMAN/SUE,ASM 1;
INVISIBLE WOMAN/SUE,ASM 1/2;
INVISIBLE WOMAN/SUE,ASM 18;
INVISIBLE WOMAN/SUE,ASM2 1;
INVISIBLE WOMAN/SUE,ASM 215;
INVISIBLE WOMAN/SUE,ASM2 4;
INVISIBLE WOMAN/SUE,ASM 260;
INVISIBLE WOMAN/SUE,ASM 5;
INVISIBLE WOMAN/SUE,ASM 8/2;
INVISIBLE WOMAN/SUE,AWC 4;
INVISIBLE WOMAN/SUE,AWC 75;
INVISIBLE WOMAN/SUE,BFF:S 1;
INVISIBLE WOMAN/SUE,BFF:S 2;
INVISIBLE WOMAN/SUE,BFF:S 3;
INVISIBLE WOMAN/SUE,C2 35;
INVISIBLE WOMAN/SUE,CA2 12;
INVISIBLE WOMAN/SUE,CA3 1;
INVISIBLE WOMAN/SUE,CA 314;
INVISIBLE WOMAN/SUE,C&D3 2;
INVISIBLE WOMAN/SUE,COC 1;
INVISIBLE WOMAN/SUE,COC 2;
INVISIBLE WOMAN/SUE,COC 3;
INVISIBLE WOMAN/SUE,COH 3;
INVISIBLE WOMAN/SUE,COMET 4;
INVISIBLE WOMAN/SUE,DAMCON3 4;
INVISIBLE WOMAN/SUE,DAZZ 18;
INVISIBLE WOMAN/SUE,DAZZ 21;
INVISIBLE WOMAN/SUE,DAZZ 3;
INVISIBLE WOMAN/SUE,DAZZ 4;
INVISIBLE WOMAN/SUE,DD 164;
INVISIBLE WOMAN/SUE,DD 2;
INVISIBLE WOMAN/SUE,DD2 8;
INVISIBLE WOMAN/SUE,DD 35;
INVISIBLE WOMAN/SUE,DD 36;
INVISIBLE WOMAN/SUE,DEF2 1;
INVISIBLE WOMAN/SUE,DEF 86;
INVISIBLE WOMAN/SUE,DF 1.1;
INVISIBLE WOMAN/SUE,DF 2.3;
INVISIBLE WOMAN/SUE,DF 3.5;
INVISIBLE WOMAN/SUE,DF 3.6;
INVISIBLE WOMAN/SUE,DF 4.7;
INVISIBLE WOMAN/SUE,DF 4.8;
INVISIBLE WOMAN/SUE,DH 9;
INVISIBLE WOMAN/SUE,DLOK2 4;
INVISIBLE WOMAN/SUE,DLOK2 5;
INVISIBLE WOMAN/SUE,DRSTR2 53;
INVISIBLE WOMAN/SUE,FF '00;
INVISIBLE WOMAN/SUE,FF '01;
INVISIBLE WOMAN/SUE,FF 1;
INVISIBLE WOMAN/SUE,FF 10;
INVISIBLE WOMAN/SUE,FF 100;
INVISIBLE WOMAN/SUE,FF 101;
INVISIBLE WOMAN/SUE,FF 102;
INVISIBLE WOMAN/SUE,FF 103;
INVISIBLE WOMAN/SUE,FF 104;
INVISIBLE WOMAN/SUE,FF 105;
INVISIBLE WOMAN/SUE,FF 106;
INVISIBLE WOMAN/SUE,FF 107;
INVISIBLE WOMAN/SUE,FF 108;
INVISIBLE WOMAN/SUE,FF 109;
INVISIBLE WOMAN/SUE,FF 11;
INVISIBLE WOMAN/SUE,FF 110;
INVISIBLE WOMAN/SUE,FF 111;
INVISIBLE WOMAN/SUE,FF 11/2;
INVISIBLE WOMAN/SUE,FF 112;
INVISIBLE WOMAN/SUE,FF 113;
INVISIBLE WOMAN/SUE,FF 114;
INVISIBLE WOMAN/SUE,FF 115;
INVISIBLE WOMAN/SUE,FF 116;
INVISIBLE WOMAN/SUE,FF 117;
INVISIBLE WOMAN/SUE,FF 118;
INVISIBLE WOMAN/SUE,FF 118/2;
INVISIBLE WOMAN/SUE,FF 119;
INVISIBLE WOMAN/SUE,FF 1/2;
INVISIBLE WOMAN/SUE,FF 12;
INVISIBLE WOMAN/SUE,FF 120;
INVISIBLE WOMAN/SUE,FF 121;
INVISIBLE WOMAN/SUE,FF 122;
INVISIBLE WOMAN/SUE,FF 123;
INVISIBLE WOMAN/SUE,FF 124;
INVISIBLE WOMAN/SUE,FF 125;
INVISIBLE WOMAN/SUE,FF 126;
INVISIBLE WOMAN/SUE,FF 127;
INVISIBLE WOMAN/SUE,FF 128;
INVISIBLE WOMAN/SUE,FF 129;
INVISIBLE WOMAN/SUE,FF 13;
INVISIBLE WOMAN/SUE,FF 130;
INVISIBLE WOMAN/SUE,FF 134;
INVISIBLE WOMAN/SUE,FF 135;
INVISIBLE WOMAN/SUE,FF 139;
INVISIBLE WOMAN/SUE,FF 14;
INVISIBLE WOMAN/SUE,FF 140;
INVISIBLE WOMAN/SUE,FF 141;
INVISIBLE WOMAN/SUE,FF 142;
INVISIBLE WOMAN/SUE,FF 143;
INVISIBLE WOMAN/SUE,FF 147;
INVISIBLE WOMAN/SUE,FF 148;
INVISIBLE WOMAN/SUE,FF 149;
INVISIBLE WOMAN/SUE,FF 15;
INVISIBLE WOMAN/SUE,FF 150;
INVISIBLE WOMAN/SUE,FF 152;
INVISIBLE WOMAN/SUE,FF 158;
INVISIBLE WOMAN/SUE,FF 159;
INVISIBLE WOMAN/SUE,FF 16;
INVISIBLE WOMAN/SUE,FF 160;
INVISIBLE WOMAN/SUE,FF 161;
INVISIBLE WOMAN/SUE,FF 162;
INVISIBLE WOMAN/SUE,FF 163;
INVISIBLE WOMAN/SUE,FF 164;
INVISIBLE WOMAN/SUE,FF 165;
INVISIBLE WOMAN/SUE,FF 166;
INVISIBLE WOMAN/SUE,FF 167;
INVISIBLE WOMAN/SUE,FF 168;
INVISIBLE WOMAN/SUE,FF 169;
INVISIBLE WOMAN/SUE,FF 17;
INVISIBLE WOMAN/SUE,FF 170;
INVISIBLE WOMAN/SUE,FF 171;
INVISIBLE WOMAN/SUE,FF 172;
INVISIBLE WOMAN/SUE,FF 173;
INVISIBLE WOMAN/SUE,FF 174;
INVISIBLE WOMAN/SUE,FF 175;
INVISIBLE WOMAN/SUE,FF 176;
INVISIBLE WOMAN/SUE,FF 177;
INVISIBLE WOMAN/SUE,FF 178;
INVISIBLE WOMAN/SUE,FF 179;
INVISIBLE WOMAN/SUE,FF 18;
INVISIBLE WOMAN/SUE,FF 181;
INVISIBLE WOMAN/SUE,FF 182;
INVISIBLE WOMAN/SUE,FF 183;
INVISIBLE WOMAN/SUE,FF 184;
INVISIBLE WOMAN/SUE,FF 185;
INVISIBLE WOMAN/SUE,FF 186;
INVISIBLE WOMAN/SUE,FF 187;
INVISIBLE WOMAN/SUE,FF 188;
INVISIBLE WOMAN/SUE,FF 19;
INVISIBLE WOMAN/SUE,FF 191;
INVISIBLE WOMAN/SUE,FF 192;
INVISIBLE WOMAN/SUE,FF 193;
INVISIBLE WOMAN/SUE,FF 194;
INVISIBLE WOMAN/SUE,FF 195;
INVISIBLE WOMAN/SUE,FF 196;
INVISIBLE WOMAN/SUE,FF 197;
INVISIBLE WOMAN/SUE,FF 198;
INVISIBLE WOMAN/SUE,FF 199;
INVISIBLE WOMAN/SUE,FF 2;
INVISIBLE WOMAN/SUE,FF 20;
INVISIBLE WOMAN/SUE,FF 200;
INVISIBLE WOMAN/SUE,FF 201;
INVISIBLE WOMAN/SUE,FF 202;
INVISIBLE WOMAN/SUE,FF 203;
INVISIBLE WOMAN/SUE,FF 204;
INVISIBLE WOMAN/SUE,FF 205;
INVISIBLE WOMAN/SUE,FF 206;
INVISIBLE WOMAN/SUE,FF 208;
INVISIBLE WOMAN/SUE,FF 209;
INVISIBLE WOMAN/SUE,FF 21;
INVISIBLE WOMAN/SUE,FF2 1;
INVISIBLE WOMAN/SUE,FF 210;
INVISIBLE WOMAN/SUE,FF2 10;
INVISIBLE WOMAN/SUE,FF 211;
INVISIBLE WOMAN/SUE,FF2 11;
INVISIBLE WOMAN/SUE,FF 212;
INVISIBLE WOMAN/SUE,FF2 12;
INVISIBLE WOMAN/SUE,FF 213;
INVISIBLE WOMAN/SUE,FF 214;
INVISIBLE WOMAN/SUE,FF 215;
INVISIBLE WOMAN/SUE,FF 216;
INVISIBLE WOMAN/SUE,FF 217;
INVISIBLE WOMAN/SUE,FF 218;
INVISIBLE WOMAN/SUE,FF 219;
INVISIBLE WOMAN/SUE,FF 2/2;
INVISIBLE WOMAN/SUE,FF 22;
INVISIBLE WOMAN/SUE,FF2 2;
INVISIBLE WOMAN/SUE,FF 220;
INVISIBLE WOMAN/SUE,FF 221;
INVISIBLE WOMAN/SUE,FF 22/2;
INVISIBLE WOMAN/SUE,FF 222;
INVISIBLE WOMAN/SUE,FF 223;
INVISIBLE WOMAN/SUE,FF 224;
INVISIBLE WOMAN/SUE,FF 225;
INVISIBLE WOMAN/SUE,FF 226;
INVISIBLE WOMAN/SUE,FF 227;
INVISIBLE WOMAN/SUE,FF 228;
INVISIBLE WOMAN/SUE,FF 229;
INVISIBLE WOMAN/SUE,FF 23;
INVISIBLE WOMAN/SUE,FF2 3;
INVISIBLE WOMAN/SUE,FF 230;
INVISIBLE WOMAN/SUE,FF 231;
INVISIBLE WOMAN/SUE,FF 232;
INVISIBLE WOMAN/SUE,FF 233;
INVISIBLE WOMAN/SUE,FF 234;
INVISIBLE WOMAN/SUE,FF 235;
INVISIBLE WOMAN/SUE,FF 236;
INVISIBLE WOMAN/SUE,FF 237;
INVISIBLE WOMAN/SUE,FF 238;
INVISIBLE WOMAN/SUE,FF 238/2;
INVISIBLE WOMAN/SUE,FF 239;
INVISIBLE WOMAN/SUE,FF 24;
INVISIBLE WOMAN/SUE,FF2 4;
INVISIBLE WOMAN/SUE,FF 240;
INVISIBLE WOMAN/SUE,FF 241;
INVISIBLE WOMAN/SUE,FF 242;
INVISIBLE WOMAN/SUE,FF 243;
INVISIBLE WOMAN/SUE,FF 244;
INVISIBLE WOMAN/SUE,FF 245;
INVISIBLE WOMAN/SUE,FF 246;
INVISIBLE WOMAN/SUE,FF 247;
INVISIBLE WOMAN/SUE,FF 248;
INVISIBLE WOMAN/SUE,FF 249;
INVISIBLE WOMAN/SUE,FF 25;
INVISIBLE WOMAN/SUE,FF2 5;
INVISIBLE WOMAN/SUE,FF 250;
INVISIBLE WOMAN/SUE,FF 251;
INVISIBLE WOMAN/SUE,FF 252;
INVISIBLE WOMAN/SUE,FF 253;
INVISIBLE WOMAN/SUE,FF 254;
INVISIBLE WOMAN/SUE,FF 255;
INVISIBLE WOMAN/SUE,FF 256;
INVISIBLE WOMAN/SUE,FF 257;
INVISIBLE WOMAN/SUE,FF 259;
INVISIBLE WOMAN/SUE,FF 26;
INVISIBLE WOMAN/SUE,FF2 6;
INVISIBLE WOMAN/SUE,FF 260;
INVISIBLE WOMAN/SUE,FF 261;
INVISIBLE WOMAN/SUE,FF 262;
INVISIBLE WOMAN/SUE,FF 263;
INVISIBLE WOMAN/SUE,FF 264;
INVISIBLE WOMAN/SUE,FF 265;
INVISIBLE WOMAN/SUE,FF 266;
INVISIBLE WOMAN/SUE,FF 267;
INVISIBLE WOMAN/SUE,FF 268;
INVISIBLE WOMAN/SUE,FF 269;
INVISIBLE WOMAN/SUE,FF 27;
INVISIBLE WOMAN/SUE,FF2 7;
INVISIBLE WOMAN/SUE,FF 270;
INVISIBLE WOMAN/SUE,FF 271;
INVISIBLE WOMAN/SUE,FF 272;
INVISIBLE WOMAN/SUE,FF 273;
INVISIBLE WOMAN/SUE,FF 274;
INVISIBLE WOMAN/SUE,FF 275;
INVISIBLE WOMAN/SUE,FF 275/2;
INVISIBLE WOMAN/SUE,FF 276;
INVISIBLE WOMAN/SUE,FF 277;
INVISIBLE WOMAN/SUE,FF 278;
INVISIBLE WOMAN/SUE,FF 279;
INVISIBLE WOMAN/SUE,FF 28;
INVISIBLE WOMAN/SUE,FF2 8;
INVISIBLE WOMAN/SUE,FF 280;
INVISIBLE WOMAN/SUE,FF 281;
INVISIBLE WOMAN/SUE,FF 282;
INVISIBLE WOMAN/SUE,FF 283;
INVISIBLE WOMAN/SUE,FF 284;
INVISIBLE WOMAN/SUE,FF 285;
INVISIBLE WOMAN/SUE,FF 286;
INVISIBLE WOMAN/SUE,FF 287;
INVISIBLE WOMAN/SUE,FF 288;
INVISIBLE WOMAN/SUE,FF 289;
INVISIBLE WOMAN/SUE,FF 29;
INVISIBLE WOMAN/SUE,FF2 9;
INVISIBLE WOMAN/SUE,FF 290;
INVISIBLE WOMAN/SUE,FF 291;
INVISIBLE WOMAN/SUE,FF 292;
INVISIBLE WOMAN/SUE,FF 293;
INVISIBLE WOMAN/SUE,FF 294;
INVISIBLE WOMAN/SUE,FF 295;
INVISIBLE WOMAN/SUE,FF 296;
INVISIBLE WOMAN/SUE,FF 297;
INVISIBLE WOMAN/SUE,FF 298;
INVISIBLE WOMAN/SUE,FF 299;
INVISIBLE WOMAN/SUE,FF 3;
INVISIBLE WOMAN/SUE,FF 30;
INVISIBLE WOMAN/SUE,FF 300;
INVISIBLE WOMAN/SUE,FF 301;
INVISIBLE WOMAN/SUE,FF 302;
INVISIBLE WOMAN/SUE,FF 303;
INVISIBLE WOMAN/SUE,FF 304;
INVISIBLE WOMAN/SUE,FF 305;
INVISIBLE WOMAN/SUE,FF 306;
INVISIBLE WOMAN/SUE,FF 307;
INVISIBLE WOMAN/SUE,FF 31;
INVISIBLE WOMAN/SUE,FF3 1;
INVISIBLE WOMAN/SUE,FF3 10;
INVISIBLE WOMAN/SUE,FF3 11;
INVISIBLE WOMAN/SUE,FF3 12;
INVISIBLE WOMAN/SUE,FF3 13;
INVISIBLE WOMAN/SUE,FF3 14;
INVISIBLE WOMAN/SUE,FF3 15;
INVISIBLE WOMAN/SUE,FF3 16;
INVISIBLE WOMAN/SUE,FF3 17;
INVISIBLE WOMAN/SUE,FF3 18;
INVISIBLE WOMAN/SUE,FF 319;
INVISIBLE WOMAN/SUE,FF3 19;
INVISIBLE WOMAN/SUE,FF 32;
INVISIBLE WOMAN/SUE,FF3 2;
INVISIBLE WOMAN/SUE,FF3 20;
INVISIBLE WOMAN/SUE,FF3 21;
INVISIBLE WOMAN/SUE,FF3 22;
INVISIBLE WOMAN/SUE,FF3 23;
INVISIBLE WOMAN/SUE,FF3 24;
INVISIBLE WOMAN/SUE,FF3 25;
INVISIBLE WOMAN/SUE,FF 326;
INVISIBLE WOMAN/SUE,FF3 26;
INVISIBLE WOMAN/SUE,FF 327;
INVISIBLE WOMAN/SUE,FF3 27;
INVISIBLE WOMAN/SUE,FF 328;
INVISIBLE WOMAN/SUE,FF3 28;
INVISIBLE WOMAN/SUE,FF 329;
INVISIBLE WOMAN/SUE,FF3 29;
INVISIBLE WOMAN/SUE,FF 33;
INVISIBLE WOMAN/SUE,FF3 3;
INVISIBLE WOMAN/SUE,FF 330;
INVISIBLE WOMAN/SUE,FF3 30;
INVISIBLE WOMAN/SUE,FF 331;
INVISIBLE WOMAN/SUE,FF3 31;
INVISIBLE WOMAN/SUE,FF 332;
INVISIBLE WOMAN/SUE,FF3 32;
INVISIBLE WOMAN/SUE,FF 333;
INVISIBLE WOMAN/SUE,FF3 33;
INVISIBLE WOMAN/SUE,FF 334;
INVISIBLE WOMAN/SUE,FF3 34;
INVISIBLE WOMAN/SUE,FF 335;
INVISIBLE WOMAN/SUE,FF3 35;
INVISIBLE WOMAN/SUE,FF 336;
INVISIBLE WOMAN/SUE,FF3 36;
INVISIBLE WOMAN/SUE,FF 337;
INVISIBLE WOMAN/SUE,FF3 37;
INVISIBLE WOMAN/SUE,FF 338;
INVISIBLE WOMAN/SUE,FF3 38;
INVISIBLE WOMAN/SUE,FF 339;
INVISIBLE WOMAN/SUE,FF3 39;
INVISIBLE WOMAN/SUE,FF 34;
INVISIBLE WOMAN/SUE,FF3 4;
INVISIBLE WOMAN/SUE,FF 340;
INVISIBLE WOMAN/SUE,FF3 40;
INVISIBLE WOMAN/SUE,FF 341;
INVISIBLE WOMAN/SUE,FF3 41;
INVISIBLE WOMAN/SUE,FF3 42;
INVISIBLE WOMAN/SUE,FF 343;
INVISIBLE WOMAN/SUE,FF3 43;
INVISIBLE WOMAN/SUE,FF 344;
INVISIBLE WOMAN/SUE,FF3 44;
INVISIBLE WOMAN/SUE,FF 345;
INVISIBLE WOMAN/SUE,FF3 45;
INVISIBLE WOMAN/SUE,FF 346;
INVISIBLE WOMAN/SUE,FF 347;
INVISIBLE WOMAN/SUE,FF 348;
INVISIBLE WOMAN/SUE,FF 349;
INVISIBLE WOMAN/SUE,FF 35;
INVISIBLE WOMAN/SUE,FF3 5;
INVISIBLE WOMAN/SUE,FF 350;
INVISIBLE WOMAN/SUE,FF 351;
INVISIBLE WOMAN/SUE,FF 352;
INVISIBLE WOMAN/SUE,FF 353;
INVISIBLE WOMAN/SUE,FF 354;
INVISIBLE WOMAN/SUE,FF 356;
INVISIBLE WOMAN/SUE,FF 357;
INVISIBLE WOMAN/SUE,FF 358;
INVISIBLE WOMAN/SUE,FF 359;
INVISIBLE WOMAN/SUE,FF 36;
INVISIBLE WOMAN/SUE,FF3 6;
INVISIBLE WOMAN/SUE,FF 360;
INVISIBLE WOMAN/SUE,FF 361;
INVISIBLE WOMAN/SUE,FF 362;
INVISIBLE WOMAN/SUE,FF 363;
INVISIBLE WOMAN/SUE,FF 364;
INVISIBLE WOMAN/SUE,FF 365;
INVISIBLE WOMAN/SUE,FF 366;
INVISIBLE WOMAN/SUE,FF 367;
INVISIBLE WOMAN/SUE,FF 368;
INVISIBLE WOMAN/SUE,FF 369;
INVISIBLE WOMAN/SUE,FF 37;
INVISIBLE WOMAN/SUE,FF3 7;
INVISIBLE WOMAN/SUE,FF 370;
INVISIBLE WOMAN/SUE,FF 371;
INVISIBLE WOMAN/SUE,FF 372;
INVISIBLE WOMAN/SUE,FF 373;
INVISIBLE WOMAN/SUE,FF 38;
INVISIBLE WOMAN/SUE,FF3 8;
INVISIBLE WOMAN/SUE,FF 388;
INVISIBLE WOMAN/SUE,FF 389;
INVISIBLE WOMAN/SUE,FF 39;
INVISIBLE WOMAN/SUE,FF3 9;
INVISIBLE WOMAN/SUE,FF 390;
INVISIBLE WOMAN/SUE,FF 391;
INVISIBLE WOMAN/SUE,FF 392;
INVISIBLE WOMAN/SUE,FF 393;
INVISIBLE WOMAN/SUE,FF 394;
INVISIBLE WOMAN/SUE,FF 395;
INVISIBLE WOMAN/SUE,FF 396;
INVISIBLE WOMAN/SUE,FF 397;
INVISIBLE WOMAN/SUE,FF 398;
INVISIBLE WOMAN/SUE,FF 399;
INVISIBLE WOMAN/SUE,FF 4;
INVISIBLE WOMAN/SUE,FF 40;
INVISIBLE WOMAN/SUE,FF 400;
INVISIBLE WOMAN/SUE,FF 400/2;
INVISIBLE WOMAN/SUE,FF 401;
INVISIBLE WOMAN/SUE,FF 402;
INVISIBLE WOMAN/SUE,FF 403;
INVISIBLE WOMAN/SUE,FF 404;
INVISIBLE WOMAN/SUE,FF 405;
INVISIBLE WOMAN/SUE,FF 406;
INVISIBLE WOMAN/SUE,FF 407;
INVISIBLE WOMAN/SUE,FF 408;
INVISIBLE WOMAN/SUE,FF 409;
INVISIBLE WOMAN/SUE,FF 41;
INVISIBLE WOMAN/SUE,FF 410;
INVISIBLE WOMAN/SUE,FF 411;
INVISIBLE WOMAN/SUE,FF 412;
INVISIBLE WOMAN/SUE,FF 413;
INVISIBLE WOMAN/SUE,FF 414;
INVISIBLE WOMAN/SUE,FF 415;
INVISIBLE WOMAN/SUE,FF 416;
INVISIBLE WOMAN/SUE,FF 42;
INVISIBLE WOMAN/SUE,FF 43;
INVISIBLE WOMAN/SUE,FF 44;
INVISIBLE WOMAN/SUE,FF 45;
INVISIBLE WOMAN/SUE,FF 46;
INVISIBLE WOMAN/SUE,FF 47;
INVISIBLE WOMAN/SUE,FF 48;
INVISIBLE WOMAN/SUE,FF 49;
INVISIBLE WOMAN/SUE,FF 5;
INVISIBLE WOMAN/SUE,FF 50;
INVISIBLE WOMAN/SUE,FF 51;
INVISIBLE WOMAN/SUE,FF 52;
INVISIBLE WOMAN/SUE,FF 53;
INVISIBLE WOMAN/SUE,FF 54;
INVISIBLE WOMAN/SUE,FF 55;
INVISIBLE WOMAN/SUE,FF 56;
INVISIBLE WOMAN/SUE,FF 57;
INVISIBLE WOMAN/SUE,FF 58;
INVISIBLE WOMAN/SUE,FF 59;
INVISIBLE WOMAN/SUE,FF 6;
INVISIBLE WOMAN/SUE,FF 60;
INVISIBLE WOMAN/SUE,FF 61;
INVISIBLE WOMAN/SUE,FF 62;
INVISIBLE WOMAN/SUE,FF 63;
INVISIBLE WOMAN/SUE,FF 64;
INVISIBLE WOMAN/SUE,FF 65;
INVISIBLE WOMAN/SUE,FF 66;
INVISIBLE WOMAN/SUE,FF 67;
INVISIBLE WOMAN/SUE,FF 68;
INVISIBLE WOMAN/SUE,FF 69;
INVISIBLE WOMAN/SUE,FF 7;
INVISIBLE WOMAN/SUE,FF 70;
INVISIBLE WOMAN/SUE,FF 71;
INVISIBLE WOMAN/SUE,FF 72;
INVISIBLE WOMAN/SUE,FF 73;
INVISIBLE WOMAN/SUE,FF 74;
INVISIBLE WOMAN/SUE,FF 75;
INVISIBLE WOMAN/SUE,FF 76;
INVISIBLE WOMAN/SUE,FF 77;
INVISIBLE WOMAN/SUE,FF 78;
INVISIBLE WOMAN/SUE,FF 79;
INVISIBLE WOMAN/SUE,FF 8;
INVISIBLE WOMAN/SUE,FF 83;
INVISIBLE WOMAN/SUE,FF 84;
INVISIBLE WOMAN/SUE,FF 85;
INVISIBLE WOMAN/SUE,FF 86;
INVISIBLE WOMAN/SUE,FF 87;
INVISIBLE WOMAN/SUE,FF 88;
INVISIBLE WOMAN/SUE,FF 89;
INVISIBLE WOMAN/SUE,FF 9;
INVISIBLE WOMAN/SUE,FF 90;
INVISIBLE WOMAN/SUE,FF 91;
INVISIBLE WOMAN/SUE,FF 92;
INVISIBLE WOMAN/SUE,FF 94;
INVISIBLE WOMAN/SUE,FF 95;
INVISIBLE WOMAN/SUE,FF 96;
INVISIBLE WOMAN/SUE,FF 97;
INVISIBLE WOMAN/SUE,FF 98;
INVISIBLE WOMAN/SUE,FF '99;
INVISIBLE WOMAN/SUE,FF 99;
INVISIBLE WOMAN/SUE,FFOR 7;
INVISIBLE WOMAN/SUE,FFU 10;
INVISIBLE WOMAN/SUE,FFU 12;
INVISIBLE WOMAN/SUE,FFU 6;
INVISIBLE WOMAN/SUE,FFU 7;
INVISIBLE WOMAN/SUE,FFU 8;
INVISIBLE WOMAN/SUE,FFU 9;
INVISIBLE WOMAN/SUE,FFUP 2;
INVISIBLE WOMAN/SUE,FFUP 3;
INVISIBLE WOMAN/SUE,FFV.X 1;
INVISIBLE WOMAN/SUE,FFV.X 2;
INVISIBLE WOMAN/SUE,FFV.X 3;
INVISIBLE WOMAN/SUE,FFV.X 4;
INVISIBLE WOMAN/SUE,FURY 1;
INVISIBLE WOMAN/SUE,GAL 1;
INVISIBLE WOMAN/SUE,GAL 2;
INVISIBLE WOMAN/SUE,GAL 3;
INVISIBLE WOMAN/SUE,GAL 4;
INVISIBLE WOMAN/SUE,GAL 5;
INVISIBLE WOMAN/SUE,GAL 6;
INVISIBLE WOMAN/SUE,GENX '96;
INVISIBLE WOMAN/SUE,GZIL 20;
INVISIBLE WOMAN/SUE,GZIL 21;
INVISIBLE WOMAN/SUE,GZIL 22;
INVISIBLE WOMAN/SUE,GZIL 23;
INVISIBLE WOMAN/SUE,GZIL 24;
INVISIBLE WOMAN/SUE,H 11;
INVISIBLE WOMAN/SUE,H2 122;
INVISIBLE WOMAN/SUE,H2 123;
INVISIBLE WOMAN/SUE,H2 152;
INVISIBLE WOMAN/SUE,H2 153;
INVISIBLE WOMAN/SUE,H2 250;
INVISIBLE WOMAN/SUE,H2 277;
INVISIBLE WOMAN/SUE,H2 278;
INVISIBLE WOMAN/SUE,H2 279;
INVISIBLE WOMAN/SUE,H2 321;
INVISIBLE WOMAN/SUE,H2 365;
INVISIBLE WOMAN/SUE,H2 450/2;
INVISIBLE WOMAN/SUE,HR:R 1;
INVISIBLE WOMAN/SUE,HR:R 2;
INVISIBLE WOMAN/SUE,HR:R 3;
INVISIBLE WOMAN/SUE,HR:R 4;
INVISIBLE WOMAN/SUE,IFW 2;
INVISIBLE WOMAN/SUE,IM 159;
INVISIBLE WOMAN/SUE,IM2 12;
INVISIBLE WOMAN/SUE,IM2 3;
INVISIBLE WOMAN/SUE,IM2 6;
INVISIBLE WOMAN/SUE,IM3 1;
INVISIBLE WOMAN/SUE,IM3 14;
INVISIBLE WOMAN/SUE,IM3 35;
INVISIBLE WOMAN/SUE,IMSVS 1/4;
INVISIBLE WOMAN/SUE,IW 2;
INVISIBLE WOMAN/SUE,IW 3;
INVISIBLE WOMAN/SUE,IW 4;
INVISIBLE WOMAN/SUE,IW 5;
INVISIBLE WOMAN/SUE,IW 6;
INVISIBLE WOMAN/SUE,MARVELS 2;
INVISIBLE WOMAN/SUE,MARVELS 3;
INVISIBLE WOMAN/SUE,MAXSEC 2;
INVISIBLE WOMAN/SUE,MAXSEC 3;
INVISIBLE WOMAN/SUE,M/CP 13/3;
INVISIBLE WOMAN/SUE,MCP 18/4;
INVISIBLE WOMAN/SUE,M/CP 64/3;
INVISIBLE WOMAN/SUE,M/CP 65/3;
INVISIBLE WOMAN/SUE,M/CP 68/3;
INVISIBLE WOMAN/SUE,M/CP 75/4;
INVISIBLE WOMAN/SUE,MEPHV. 1;
INVISIBLE WOMAN/SUE,MEPHV. 2;
INVISIBLE WOMAN/SUE,MEPHV. 3;
INVISIBLE WOMAN/SUE,M/FAN 14;
INVISIBLE WOMAN/SUE,M/FAN 2/2;
INVISIBLE WOMAN/SUE,M/FAN 37/2;
INVISIBLE WOMAN/SUE,M/FAN 43/2;
INVISIBLE WOMAN/SUE,M/FAN 46;
INVISIBLE WOMAN/SUE,M/GN 1;
INVISIBLE WOMAN/SUE,M/GN 17;
INVISIBLE WOMAN/SUE,M/GN 18;
INVISIBLE WOMAN/SUE,M/H&L;
INVISIBLE WOMAN/SUE,MICRO 14;
INVISIBLE WOMAN/SUE,MICRO 15;
INVISIBLE WOMAN/SUE,MICRO 16;
INVISIBLE WOMAN/SUE,MICRO 17;
INVISIBLE WOMAN/SUE,MICRO 40;
INVISIBLE WOMAN/SUE,MK3 41;
INVISIBLE WOMAN/SUE,MK3 44;
INVISIBLE WOMAN/SUE,MK 35;
INVISIBLE WOMAN/SUE,M/K 6;
INVISIBLE WOMAN/SUE,M/:LG 12;
INVISIBLE WOMAN/SUE,M/:LG 7;
INVISIBLE WOMAN/SUE,MM 15;
INVISIBLE WOMAN/SUE,M/SHSW 9;
INVISIBLE WOMAN/SUE,M/SS 1;
INVISIBLE WOMAN/SUE,M/TE 13;
INVISIBLE WOMAN/SUE,M/TIO 1;
INVISIBLE WOMAN/SUE,M/TIO 100;
INVISIBLE WOMAN/SUE,M/TIO 16;
INVISIBLE WOMAN/SUE,M/TIO 20;
INVISIBLE WOMAN/SUE,M/TIO 27;
INVISIBLE WOMAN/SUE,M/TIO 28;
INVISIBLE WOMAN/SUE,M/TIO 32;
INVISIBLE WOMAN/SUE,M/TIO 46;
INVISIBLE WOMAN/SUE,M/TIO 47;
INVISIBLE WOMAN/SUE,M/TIO 5;
INVISIBLE WOMAN/SUE,M/TIO 69;
INVISIBLE WOMAN/SUE,M/TIO 7;
INVISIBLE WOMAN/SUE,M/TIO 70;
INVISIBLE WOMAN/SUE,M/TIO 74;
INVISIBLE WOMAN/SUE,M/TIO 75;
INVISIBLE WOMAN/SUE,M/TIO 77;
INVISIBLE WOMAN/SUE,M/TIO 78;
INVISIBLE WOMAN/SUE,M/TIO 8;
INVISIBLE WOMAN/SUE,M/TIO 80;
INVISIBLE WOMAN/SUE,M/TIO 81;
INVISIBLE WOMAN/SUE,M/TIO 83;
INVISIBLE WOMAN/SUE,M/TIO 84;
INVISIBLE WOMAN/SUE,M/TIO 86/2;
INVISIBLE WOMAN/SUE,M/TIO 9;
INVISIBLE WOMAN/SUE,M/TIO 96;
INVISIBLE WOMAN/SUE,M/TIO 97;
INVISIBLE WOMAN/SUE,M/TIO 98;
INVISIBLE WOMAN/SUE,M/TU 100;
INVISIBLE WOMAN/SUE,M/TU 2;
INVISIBLE WOMAN/SUE,M/TU 3;
INVISIBLE WOMAN/SUE,M/TU 88;
INVISIBLE WOMAN/SUE,M/TU 99;
INVISIBLE WOMAN/SUE,N 1/3;
INVISIBLE WOMAN/SUE,N 13;
INVISIBLE WOMAN/SUE,N 4;
INVISIBLE WOMAN/SUE,N 5;
INVISIBLE WOMAN/SUE,NM 6;
INVISIBLE WOMAN/SUE,NW 16;
INVISIBLE WOMAN/SUE,NW 17;
INVISIBLE WOMAN/SUE,NW 1/8;
INVISIBLE WOMAN/SUE,O:MU;
INVISIBLE WOMAN/SUE,O:X;
INVISIBLE WOMAN/SUE,PM&IF 125;
INVISIBLE WOMAN/SUE,PP 23;
INVISIBLE WOMAN/SUE,PP 25;
INVISIBLE WOMAN/SUE,PP 26;
INVISIBLE WOMAN/SUE,PP 28;
INVISIBLE WOMAN/SUE,PP 34;
INVISIBLE WOMAN/SUE,PP 36;
INVISIBLE WOMAN/SUE,PP 48;
INVISIBLE WOMAN/SUE,PP 54;
INVISIBLE WOMAN/SUE,PP 56;
INVISIBLE WOMAN/SUE,PP 59;
INVISIBLE WOMAN/SUE,PP 61;
INVISIBLE WOMAN/SUE,PP 62;
INVISIBLE WOMAN/SUE,PPTSS 263;
INVISIBLE WOMAN/SUE,PPTSS 89;
INVISIBLE WOMAN/SUE,Q 20;
INVISIBLE WOMAN/SUE,Q 38;
INVISIBLE WOMAN/SUE,Q 39;
INVISIBLE WOMAN/SUE,Q 60;
INVISIBLE WOMAN/SUE,RH2 4;
INVISIBLE WOMAN/SUE,RH2 5;
INVISIBLE WOMAN/SUE,ROA 3 & ROA 4;
INVISIBLE WOMAN/SUE,ROM 23;
INVISIBLE WOMAN/SUE,SENSM 28;
INVISIBLE WOMAN/SUE,SENTRY 2;
INVISIBLE WOMAN/SUE,S-H2 23;
INVISIBLE WOMAN/SUE,S-H2 30;
INVISIBLE WOMAN/SUE,S-H2 48;
INVISIBLE WOMAN/SUE,S-H:C 1;
INVISIBLE WOMAN/SUE,SHOWAR 19;
INVISIBLE WOMAN/SUE,SHOWAR 20;
INVISIBLE WOMAN/SUE,S&L 2;
INVISIBLE WOMAN/SUE,SLEEP 14;
INVISIBLE WOMAN/SUE,S-M 23;
INVISIBLE WOMAN/SUE,SS2 1;
INVISIBLE WOMAN/SUE,SS3 1;
INVISIBLE WOMAN/SUE,SS3 14;
INVISIBLE WOMAN/SUE,SS3 15;
INVISIBLE WOMAN/SUE,SS3 16;
INVISIBLE WOMAN/SUE,SS3 17;
INVISIBLE WOMAN/SUE,SS3 18;
INVISIBLE WOMAN/SUE,SS3 19;
INVISIBLE WOMAN/SUE,SS3 97;
INVISIBLE WOMAN/SUE,SS 6;
INVISIBLE WOMAN/SUE,ST 101;
INVISIBLE WOMAN/SUE,ST 102;
INVISIBLE WOMAN/SUE,ST 105;
INVISIBLE WOMAN/SUE,ST 106;
INVISIBLE WOMAN/SUE,ST 107;
INVISIBLE WOMAN/SUE,ST 110;
INVISIBLE WOMAN/SUE,ST 111;
INVISIBLE WOMAN/SUE,ST 112;
INVISIBLE WOMAN/SUE,ST 114;
INVISIBLE WOMAN/SUE,ST 116;
INVISIBLE WOMAN/SUE,ST 117;
INVISIBLE WOMAN/SUE,ST 118;
INVISIBLE WOMAN/SUE,ST 119;
INVISIBLE WOMAN/SUE,ST 120;
INVISIBLE WOMAN/SUE,ST 121;
INVISIBLE WOMAN/SUE,ST 122;
INVISIBLE WOMAN/SUE,ST 125;
INVISIBLE WOMAN/SUE,ST 126;
INVISIBLE WOMAN/SUE,ST 130;
INVISIBLE WOMAN/SUE,ST 131;
INVISIBLE WOMAN/SUE,ST 132;
INVISIBLE WOMAN/SUE,ST 134;
INVISIBLE WOMAN/SUE,ST 156;
INVISIBLE WOMAN/SUE,ST 2;
INVISIBLE WOMAN/SUE,SUB-M2 3;
INVISIBLE WOMAN/SUE,SVTU 5;
INVISIBLE WOMAN/SUE,SVTU 6;
INVISIBLE WOMAN/SUE,SVTU 7;
INVISIBLE WOMAN/SUE,SWII 2;
INVISIBLE WOMAN/SUE,SWII 5;
INVISIBLE WOMAN/SUE,SWII 9;
INVISIBLE WOMAN/SUE,T 14;
INVISIBLE WOMAN/SUE,T 402;
INVISIBLE WOMAN/SUE,T 405;
INVISIBLE WOMAN/SUE,T '99;
INVISIBLE WOMAN/SUE,TB 10;
INVISIBLE WOMAN/SUE,TB 11;
INVISIBLE WOMAN/SUE,TB 12;
INVISIBLE WOMAN/SUE,TB 43;
INVISIBLE WOMAN/SUE,TB 44;
INVISIBLE WOMAN/SUE,TG 10;
INVISIBLE WOMAN/SUE,TG 2;
INVISIBLE WOMAN/SUE,TG 23;
INVISIBLE WOMAN/SUE,TM:ID;
INVISIBLE WOMAN/SUE,TM/U 1;
INVISIBLE WOMAN/SUE,UTSM '96;
INVISIBLE WOMAN/SUE,UTSM '97;
INVISIBLE WOMAN/SUE,UX 14;
INVISIBLE WOMAN/SUE,UX 167;
INVISIBLE WOMAN/SUE,UX 336;
INVISIBLE WOMAN/SUE,UX 5;
INVISIBLE WOMAN/SUE,UX/FF '98;
INVISIBLE WOMAN/SUE,WCA2 22;
INVISIBLE WOMAN/SUE,WCA2 23;
INVISIBLE WOMAN/SUE,WIW 8;
INVISIBLE WOMAN/SUE,WM2 13;
INVISIBLE WOMAN/SUE,WM2 14;
INVISIBLE WOMAN/SUE,WOSM 5;
INVISIBLE WOMAN/SUE,X 55;
INVISIBLE WOMAN/SUE,X 56;
INVISIBLE WOMAN/SUE,X 71;
INVISIBLE WOMAN/SUE,XF 5;
INVISIBLE WOMAN/SUE,X:HY 20;
INVISIBLE WOMAN/SUE,X:HY 9;
INVISIBLE WOMAN/SUE,XM 59;
ION/,CA 389;
ION/,CA 390;
IONELLO, JASON,AAF 16;
IONELLO, JASON,AAF 17;
IONELLO, JASON,AAF 18;
IONELLO, JASON,UTSM 1;
IONELLO, JASON,UTSM 10;
IONELLO, JASON,UTSM 11;
IONELLO, JASON,UTSM 12;
IONELLO, JASON,UTSM 13;
IONELLO, JASON,UTSM 14;
IONELLO, JASON,UTSM 15;
IONELLO, JASON,UTSM 16;
IONELLO, JASON,UTSM 18;
IONELLO, JASON,UTSM 19;
IONELLO, JASON,UTSM 2;
IONELLO, JASON,UTSM 20;
IONELLO, JASON,UTSM 21;
IONELLO, JASON,UTSM 22;
IONELLO, JASON,UTSM 23;
IONELLO, JASON,UTSM 24;
IONELLO, JASON,UTSM 3;
IONELLO, JASON,UTSM 4;
IONELLO, JASON,UTSM 5;
IONELLO, JASON,UTSM 6;
IONELLO, JASON,UTSM 7;
IONELLO, JASON,UTSM 8;
IONELLO, JASON,UTSM 9;
IONELLO, JASON,UTSM '97;
IONELLO, JASON,UTSM:SE;
ION/,MM 15;
I.Q./ISHMAEL QUESTOR,TB 52;
I.Q./ISHMAEL QUESTOR,YOUNG ALLIES;
IREZUMI/,AWC 72;
IREZUMI/,AWC 73;
IREZUMI/,AWC 74;
IRIDIA [INHUMAN],INH 1;
IRIDIA [INHUMAN],INH 12;
IRIDIA [INHUMAN],INH 2;
IRIDIA [INHUMAN],INH 4;
IRIDIA [INHUMAN],INH 5;
IRIDIA [INHUMAN],INH 7;
IRIDIA [INHUMAN],XF 2;
IRON,A 188;
IRONCLAD,A 304;
IRONCLAD,AWC 53;
IRONCLAD,DHAWK 6;
IRONCLAD,H2 254;
IRONCLAD,H2 274;
IRONCLAD,H2 275;
IRONCLAD,H2 276;
IRONCLAD,H2 277;
IRONCLAD,H2 278;
IRONCLAD,H2 304;
IRONCLAD,H2 305;
IRONCLAD,H2 397;
IRONCLAD,H2 398;
IRONCLAD,H2 399;
IRONCLAD,HFH 1;
IRONCLAD,HFH 12;
IRONCLAD,HFH 2;
IRONCLAD,HFH 4;
IRONCLAD,TB '97;
IRON CROSS/HELMUT GR,CV 1;
IRON CROSS/HELMUT GR,CV 2;
IRON CROSS/HELMUT GR,CV 3;
IRON CROSS/HELMUT GR,INV 35;
IRON CROSS/HELMUT GR,INV 36;
IRON CROSS/HELMUT GR,INV 37;
IRON CROSS/HELMUT GR,TB 40;
IRON CROSS/HELMUT GR,TB 41;
IRON CROSS/HELMUT GR,TB 49;
IRON FIST/DANIEL RAN,ASMU 13;
IRON FIST/DANIEL RAN,BP3 16;
IRON FIST/DANIEL RAN,BP3 17;
IRON FIST/DANIEL RAN,CAGE 10;
IRON FIST/DANIEL RAN,CAGE 9;
IRON FIST/DANIEL RAN,COC 1;
IRON FIST/DANIEL RAN,COC 2;
IRON FIST/DANIEL RAN,COC 3;
IRON FIST/DANIEL RAN,COH 3;
IRON FIST/DANIEL RAN,CX 13/2;
IRON FIST/DANIEL RAN,DAZZ 21;
IRON FIST/DANIEL RAN,DAZZ 23;
IRON FIST/DANIEL RAN,DAZZ 24;
IRON FIST/DANIEL RAN,DD 164;
IRON FIST/DANIEL RAN,DD 178;
IRON FIST/DANIEL RAN,DD 207;
IRON FIST/DANIEL RAN,DEF 62;
IRON FIST/DANIEL RAN,DEF 63;
IRON FIST/DANIEL RAN,DEF 64;
IRON FIST/DANIEL RAN,DEF 65;
IRON FIST/DANIEL RAN,DHKF 1;
IRON FIST/DANIEL RAN,DHKF 10;
IRON FIST/DANIEL RAN,DHKF 18/2;
IRON FIST/DANIEL RAN,DHKF 19;
IRON FIST/DANIEL RAN,DHKF 20;
IRON FIST/DANIEL RAN,DHKF 21;
IRON FIST/DANIEL RAN,DHKF 22;
IRON FIST/DANIEL RAN,DHKF 23;
IRON FIST/DANIEL RAN,DHKF 24;
IRON FIST/DANIEL RAN,DHKF 29;
IRON FIST/DANIEL RAN,DHKF 31;
IRON FIST/DANIEL RAN,DHKF 32/2;
IRON FIST/DANIEL RAN,FF3 6;
IRON FIST/DANIEL RAN,H2 243;
IRON FIST/DANIEL RAN,H2 278;
IRON FIST/DANIEL RAN,H2 279;
IRON FIST/DANIEL RAN,H2 300;
IRON FIST/DANIEL RAN,HFH 1;
IRON FIST/DANIEL RAN,HFH 10;
IRON FIST/DANIEL RAN,HFH 11;
IRON FIST/DANIEL RAN,HFH 12;
IRON FIST/DANIEL RAN,HFH 13;
IRON FIST/DANIEL RAN,HFH 15;
IRON FIST/DANIEL RAN,HFH 16;
IRON FIST/DANIEL RAN,HFH 17;
IRON FIST/DANIEL RAN,HFH 18;
IRON FIST/DANIEL RAN,HFH 19;
IRON FIST/DANIEL RAN,HFH 2;
IRON FIST/DANIEL RAN,HFH 3;
IRON FIST/DANIEL RAN,HFH 4;
IRON FIST/DANIEL RAN,HFH 5;
IRON FIST/DANIEL RAN,HFH 6;
IRON FIST/DANIEL RAN,HFH 7;
IRON FIST/DANIEL RAN,HFH 8;
IRON FIST/DANIEL RAN,HFH 9;
IRON FIST/DANIEL RAN,HFH '98;
IRON FIST/DANIEL RAN,IF 1;
IRON FIST/DANIEL RAN,IF 10;
IRON FIST/DANIEL RAN,IF 11;
IRON FIST/DANIEL RAN,IF 12;
IRON FIST/DANIEL RAN,IF 13;
IRON FIST/DANIEL RAN,IF 14;
IRON FIST/DANIEL RAN,IF 15;
IRON FIST/DANIEL RAN,IF 2;
IRON FIST/DANIEL RAN,IF 3;
IRON FIST/DANIEL RAN,IF3 1;
IRON FIST/DANIEL RAN,IF3 2;
IRON FIST/DANIEL RAN,IF3 3;
IRON FIST/DANIEL RAN,IF 4;
IRON FIST/DANIEL RAN,IF 5;
IRON FIST/DANIEL RAN,IF 6;
IRON FIST/DANIEL RAN,IF 7;
IRON FIST/DANIEL RAN,IF 8;
IRON FIST/DANIEL RAN,IF 9;
IRON FIST/DANIEL RAN,IFW 1;
IRON FIST/DANIEL RAN,IFW 2;
IRON FIST/DANIEL RAN,IFW 3;
IRON FIST/DANIEL RAN,IFW 4;
IRON FIST/DANIEL RAN,IM 177;
IRON FIST/DANIEL RAN,M/CP 111/2;
IRON FIST/DANIEL RAN,M/CP 113/3;
IRON FIST/DANIEL RAN,M/CP 114/3;
IRON FIST/DANIEL RAN,M/CP 115/3;
IRON FIST/DANIEL RAN,M/CP 116/3;
IRON FIST/DANIEL RAN,M/CP 117/3;
IRON FIST/DANIEL RAN,M/CP 118/3;
IRON FIST/DANIEL RAN,M/GN 1;
IRON FIST/DANIEL RAN,MOKF 1;
IRON FIST/DANIEL RAN,M/PRM 15;
IRON FIST/DANIEL RAN,M/PRM 16;
IRON FIST/DANIEL RAN,M/PRM 17;
IRON FIST/DANIEL RAN,M/PRM 18;
IRON FIST/DANIEL RAN,M/PRM 19;
IRON FIST/DANIEL RAN,M/PRM 20;
IRON FIST/DANIEL RAN,M/PRM 21;
IRON FIST/DANIEL RAN,M/PRM 22;
IRON FIST/DANIEL RAN,M/PRM 23;
IRON FIST/DANIEL RAN,M/PRM 24;
IRON FIST/DANIEL RAN,M/PRM 25;
IRON FIST/DANIEL RAN,M/TIO 25;
IRON FIST/DANIEL RAN,M/TIO 94;
IRON FIST/DANIEL RAN,M/TU 105;
IRON FIST/DANIEL RAN,M/TU 105/2;
IRON FIST/DANIEL RAN,M/TU 3;
IRON FIST/DANIEL RAN,M/TU 31;
IRON FIST/DANIEL RAN,M/TU 4;
IRON FIST/DANIEL RAN,M/TU 63;
IRON FIST/DANIEL RAN,M/TU 64;
IRON FIST/DANIEL RAN,N 22;
IRON FIST/DANIEL RAN,N 23;
IRON FIST/DANIEL RAN,N 24;
IRON FIST/DANIEL RAN,N 26;
IRON FIST/DANIEL RAN,N 28;
IRON FIST/DANIEL RAN,N 31;
IRON FIST/DANIEL RAN,N 32;
IRON FIST/DANIEL RAN,N 33;
IRON FIST/DANIEL RAN,NW2 7;
IRON FIST/DANIEL RAN,NW2 8;
IRON FIST/DANIEL RAN,NW2 9;
IRON FIST/DANIEL RAN,PM 48;
IRON FIST/DANIEL RAN,PM&IF 100;
IRON FIST/DANIEL RAN,PM&IF 101;
IRON FIST/DANIEL RAN,PM&IF 102;
IRON FIST/DANIEL RAN,PM&IF 103;
IRON FIST/DANIEL RAN,PM&IF 104;
IRON FIST/DANIEL RAN,PM&IF 105;
IRON FIST/DANIEL RAN,PM&IF 106;
IRON FIST/DANIEL RAN,PM&IF 107;
IRON FIST/DANIEL RAN,PM&IF 108;
IRON FIST/DANIEL RAN,PM&IF 109;
IRON FIST/DANIEL RAN,PM&IF 110;
IRON FIST/DANIEL RAN,PM&IF 111;
IRON FIST/DANIEL RAN,PM&IF 112;
IRON FIST/DANIEL RAN,PM&IF 113;
IRON FIST/DANIEL RAN,PM&IF 114;
IRON FIST/DANIEL RAN,PM&IF 115;
IRON FIST/DANIEL RAN,PM&IF 116;
IRON FIST/DANIEL RAN,PM&IF 117;
IRON FIST/DANIEL RAN,PM&IF 118;
IRON FIST/DANIEL RAN,PM&IF 119;
IRON FIST/DANIEL RAN,PM&IF 120;
IRON FIST/DANIEL RAN,PM&IF 49;
IRON FIST/DANIEL RAN,PM&IF 50;
IRON FIST/DANIEL RAN,PM&IF 51;
IRON FIST/DANIEL RAN,PM&IF 52;
IRON FIST/DANIEL RAN,PM&IF 53;
IRON FIST/DANIEL RAN,PM&IF 54;
IRON FIST/DANIEL RAN,PM&IF 55;
IRON FIST/DANIEL RAN,PM&IF 56;
IRON FIST/DANIEL RAN,PM&IF 57;
IRON FIST/DANIEL RAN,PM&IF 58;
IRON FIST/DANIEL RAN,PM&IF 59;
IRON FIST/DANIEL RAN,PM&IF 60;
IRON FIST/DANIEL RAN,PM&IF 61;
IRON FIST/DANIEL RAN,PM&IF 62;
IRON FIST/DANIEL RAN,PM&IF 63;
IRON FIST/DANIEL RAN,PM&IF 64;
IRON FIST/DANIEL RAN,PM&IF 65;
IRON FIST/DANIEL RAN,PM&IF 66;
IRON FIST/DANIEL RAN,PM&IF 67;
IRON FIST/DANIEL RAN,PM&IF 68;
IRON FIST/DANIEL RAN,PM&IF 69;
IRON FIST/DANIEL RAN,PM&IF 70;
IRON FIST/DANIEL RAN,PM&IF 71;
IRON FIST/DANIEL RAN,PM&IF 72;
IRON FIST/DANIEL RAN,PM&IF 73;
IRON FIST/DANIEL RAN,PM&IF 74;
IRON FIST/DANIEL RAN,PM&IF 75;
IRON FIST/DANIEL RAN,PM&IF 76;
IRON FIST/DANIEL RAN,PM&IF 77;
IRON FIST/DANIEL RAN,PM&IF 78;
IRON FIST/DANIEL RAN,PM&IF 79;
IRON FIST/DANIEL RAN,PM&IF 80;
IRON FIST/DANIEL RAN,PM&IF 81;
IRON FIST/DANIEL RAN,PM&IF 82;
IRON FIST/DANIEL RAN,PM&IF 83;
IRON FIST/DANIEL RAN,PM&IF 84;
IRON FIST/DANIEL RAN,PM&IF 85;
IRON FIST/DANIEL RAN,PM&IF 86;
IRON FIST/DANIEL RAN,PM&IF 87;
IRON FIST/DANIEL RAN,PM&IF 88;
IRON FIST/DANIEL RAN,PM&IF 89;
IRON FIST/DANIEL RAN,PM&IF 90;
IRON FIST/DANIEL RAN,PM&IF 91;
IRON FIST/DANIEL RAN,PM&IF 92;
IRON FIST/DANIEL RAN,PM&IF 93;
IRON FIST/DANIEL RAN,PM&IF 94;
IRON FIST/DANIEL RAN,PM&IF 95;
IRON FIST/DANIEL RAN,PM&IF 96;
IRON FIST/DANIEL RAN,PM&IF 97;
IRON FIST/DANIEL RAN,PM&IF 98;
IRON FIST/DANIEL RAN,PM&IF 99;
IRON FIST/DANIEL RAN,QS 11;
IRON FIST/DANIEL RAN,QS 12;
IRON FIST/DANIEL RAN,ROM 23;
IRON FIST/DANIEL RAN,SWII 2;
IRON FIST/DANIEL RAN,TB 8;
IRON FIST/DANIEL RAN,UX 118;
IRON FIST/DANIEL RAN,XFOR 80;
IRON FIST H'YLTHRI I,PM&IF 120;
IRON FIST H'YLTHRI I,PM&IF 121;
IRON FIST H'YLTHRI I,PM&IF 122;
IRON FIST H'YLTHRI I,PM&IF 124;
IRON FIST H'YLTHRI I,PM&IF 125;
IRON FIST H'YLTHRI I,SWII 9;
IRON FIST | MUTANT X,MX '01;
IRON GIANT MAN | MUT,MX 30;
IRON GIANT MAN | MUT,MX 31;
IRON MAIDEN/,CA 388;
IRON MAIDEN/,CA 389;
IRON MAIDEN/,CA 390;
IRON MAIDEN/,CA 391;
IRON MAIDEN/,CA 392;
IRON MAIDEN II/,XM 50;
IRON MAN ARMOR,IM3 26;
IRON MAN ARMOR,IM3 27;
IRON MAN ARMOR,IM3 28;
IRON MAN DOPPELGANGE,FF 367;
IRON MAN DOPPELGANGE,FF 368;
IRON MAN DOPPELGANGE,IW 1;
IRON MAN DOPPELGANGE,IW 2;
IRON MAN DOPPELGANGE,IW 3;
IRON MAN DOPPELGANGE,MK3 41;
IRON MAN DOPPELGANGE,WM2 13;
IRON MAN III/EDDIE M,IM 105;
IRON MAN III/EDDIE M,IM 106;
IRON MAN III/EDDIE M,IM 108;
IRON MAN III/EDDIE M,IM 109;
IRON MAN III/EDDIE M,IM 21;
IRON MAN III/EDDIE M,IM 22;
IRON MAN III/EDDIE M,IM 27;
IRON MAN III/EDDIE M,IM 63;
IRON MAN III/EDDIE M,IM 64;
IRON MAN III/EDDIE M,IM 65;
IRON MAN III/EDDIE M,IM 66;
IRON MAN III/EDDIE M,IM 67;
IRON MAN III/EDDIE M,IM 69;
IRON MAN IV/JAMES R.,A 224;
IRON MAN IV/JAMES R.,A 231;
IRON MAN IV/JAMES R.,A 232;
IRON MAN IV/JAMES R.,A 243;
IRON MAN IV/JAMES R.,A 250;
IRON MAN IV/JAMES R.,A '99;
IRON MAN IV/JAMES R.,ASM 252;
IRON MAN IV/JAMES R.,AWC 7;
IRON MAN IV/JAMES R.,AWC 89;
IRON MAN IV/JAMES R.,CA3 13;
IRON MAN IV/JAMES R.,CMS 1;
IRON MAN IV/JAMES R.,COH 3;
IRON MAN IV/JAMES R.,DAMCON 3;
IRON MAN IV/JAMES R.,DD 258;
IRON MAN IV/JAMES R.,DHAWK 1;
IRON MAN IV/JAMES R.,FW 11;
IRON MAN IV/JAMES R.,FW 12/2;
IRON MAN IV/JAMES R.,FW 18;
IRON MAN IV/JAMES R.,FW 19;
IRON MAN IV/JAMES R.,FW 6;
IRON MAN IV/JAMES R.,FW 7;
IRON MAN IV/JAMES R.,IM 10;
IRON MAN IV/JAMES R.,IM 11/3;
IRON MAN IV/JAMES R.,IM 12;
IRON MAN IV/JAMES R.,IM 120;
IRON MAN IV/JAMES R.,IM 121;
IRON MAN IV/JAMES R.,IM 122;
IRON MAN IV/JAMES R.,IM 12/3;
IRON MAN IV/JAMES R.,IM 125;
IRON MAN IV/JAMES R.,IM 126;
IRON MAN IV/JAMES R.,IM 127;
IRON MAN IV/JAMES R.,IM 129;
IRON MAN IV/JAMES R.,IM 13;
IRON MAN IV/JAMES R.,IM 132;
IRON MAN IV/JAMES R.,IM 133;
IRON MAN IV/JAMES R.,IM 13/4;
IRON MAN IV/JAMES R.,IM 137;
IRON MAN IV/JAMES R.,IM 138;
IRON MAN IV/JAMES R.,IM 139;
IRON MAN IV/JAMES R.,IM 140;
IRON MAN IV/JAMES R.,IM 141;
IRON MAN IV/JAMES R.,IM 144/2;
IRON MAN IV/JAMES R.,IM 145;
IRON MAN IV/JAMES R.,IM 146;
IRON MAN IV/JAMES R.,IM 147;
IRON MAN IV/JAMES R.,IM 148;
IRON MAN IV/JAMES R.,IM 149;
IRON MAN IV/JAMES R.,IM 152;
IRON MAN IV/JAMES R.,IM 153;
IRON MAN IV/JAMES R.,IM 156;
IRON MAN IV/JAMES R.,IM 163;
IRON MAN IV/JAMES R.,IM 164;
IRON MAN IV/JAMES R.,IM 165;
IRON MAN IV/JAMES R.,IM 166;
IRON MAN IV/JAMES R.,IM 167;
IRON MAN IV/JAMES R.,IM 168;
IRON MAN IV/JAMES R.,IM 169;
IRON MAN IV/JAMES R.,IM 170;
IRON MAN IV/JAMES R.,IM 171;
IRON MAN IV/JAMES R.,IM 172;
IRON MAN IV/JAMES R.,IM 173;
IRON MAN IV/JAMES R.,IM 174;
IRON MAN IV/JAMES R.,IM 175;
IRON MAN IV/JAMES R.,IM 176;
IRON MAN IV/JAMES R.,IM 177;
IRON MAN IV/JAMES R.,IM 179;
IRON MAN IV/JAMES R.,IM 180;
IRON MAN IV/JAMES R.,IM 181;
IRON MAN IV/JAMES R.,IM 182;
IRON MAN IV/JAMES R.,IM 183;
IRON MAN IV/JAMES R.,IM 184;
IRON MAN IV/JAMES R.,IM 185;
IRON MAN IV/JAMES R.,IM 186;
IRON MAN IV/JAMES R.,IM 187;
IRON MAN IV/JAMES R.,IM 188;
IRON MAN IV/JAMES R.,IM 189;
IRON MAN IV/JAMES R.,IM 190;
IRON MAN IV/JAMES R.,IM 191;
IRON MAN IV/JAMES R.,IM 192;
IRON MAN IV/JAMES R.,IM 193;
IRON MAN IV/JAMES R.,IM 194;
IRON MAN IV/JAMES R.,IM 195;
IRON MAN IV/JAMES R.,IM 196;
IRON MAN IV/JAMES R.,IM 197;
IRON MAN IV/JAMES R.,IM 198;
IRON MAN IV/JAMES R.,IM 199;
IRON MAN IV/JAMES R.,IM 200;
IRON MAN IV/JAMES R.,IM 201;
IRON MAN IV/JAMES R.,IM 202;
IRON MAN IV/JAMES R.,IM 204;
IRON MAN IV/JAMES R.,IM 205;
IRON MAN IV/JAMES R.,IM 206;
IRON MAN IV/JAMES R.,IM 207;
IRON MAN IV/JAMES R.,IM 208;
IRON MAN IV/JAMES R.,IM 210;
IRON MAN IV/JAMES R.,IM 211;
IRON MAN IV/JAMES R.,IM 212;
IRON MAN IV/JAMES R.,IM 213;
IRON MAN IV/JAMES R.,IM 214;
IRON MAN IV/JAMES R.,IM 215;
IRON MAN IV/JAMES R.,IM 216;
IRON MAN IV/JAMES R.,IM 217;
IRON MAN IV/JAMES R.,IM 219;
IRON MAN IV/JAMES R.,IM 220;
IRON MAN IV/JAMES R.,IM 221;
IRON MAN IV/JAMES R.,IM 222;
IRON MAN IV/JAMES R.,IM 223;
IRON MAN IV/JAMES R.,IM 224;
IRON MAN IV/JAMES R.,IM 225;
IRON MAN IV/JAMES R.,IM 226;
IRON MAN IV/JAMES R.,IM 227;
IRON MAN IV/JAMES R.,IM 228;
IRON MAN IV/JAMES R.,IM 229;
IRON MAN IV/JAMES R.,IM 230;
IRON MAN IV/JAMES R.,IM 231;
IRON MAN IV/JAMES R.,IM 233;
IRON MAN IV/JAMES R.,IM 234;
IRON MAN IV/JAMES R.,IM 235;
IRON MAN IV/JAMES R.,IM 236;
IRON MAN IV/JAMES R.,IM 237;
IRON MAN IV/JAMES R.,IM 238;
IRON MAN IV/JAMES R.,IM 239;
IRON MAN IV/JAMES R.,IM 240;
IRON MAN IV/JAMES R.,IM 241;
IRON MAN IV/JAMES R.,IM 242;
IRON MAN IV/JAMES R.,IM 243;
IRON MAN IV/JAMES R.,IM 244;
IRON MAN IV/JAMES R.,IM 245;
IRON MAN IV/JAMES R.,IM 246;
IRON MAN IV/JAMES R.,IM 247;
IRON MAN IV/JAMES R.,IM 248;
IRON MAN IV/JAMES R.,IM 249;
IRON MAN IV/JAMES R.,IM 251;
IRON MAN IV/JAMES R.,IM 252;
IRON MAN IV/JAMES R.,IM 253;
IRON MAN IV/JAMES R.,IM 254;
IRON MAN IV/JAMES R.,IM 256;
IRON MAN IV/JAMES R.,IM 257;
IRON MAN IV/JAMES R.,IM 258;
IRON MAN IV/JAMES R.,IM 259;
IRON MAN IV/JAMES R.,IM 261;
IRON MAN IV/JAMES R.,IM 262;
IRON MAN IV/JAMES R.,IM 263;
IRON MAN IV/JAMES R.,IM 264;
IRON MAN IV/JAMES R.,IM 265;
IRON MAN IV/JAMES R.,IM 266;
IRON MAN IV/JAMES R.,IM 269;
IRON MAN IV/JAMES R.,IM 270;
IRON MAN IV/JAMES R.,IM 271;
IRON MAN IV/JAMES R.,IM 272;
IRON MAN IV/JAMES R.,IM 273;
IRON MAN IV/JAMES R.,IM 274;
IRON MAN IV/JAMES R.,IM 275;
IRON MAN IV/JAMES R.,IM 275/2;
IRON MAN IV/JAMES R.,IM 280;
IRON MAN IV/JAMES R.,IM 281;
IRON MAN IV/JAMES R.,IM 282;
IRON MAN IV/JAMES R.,IM 283;
IRON MAN IV/JAMES R.,IM 284;
IRON MAN IV/JAMES R.,IM 285;
IRON MAN IV/JAMES R.,IM 286;
IRON MAN IV/JAMES R.,IM 287;
IRON MAN IV/JAMES R.,IM 288;
IRON MAN IV/JAMES R.,IM 309;
IRON MAN IV/JAMES R.,IM3 1;
IRON MAN IV/JAMES R.,IM 310;
IRON MAN IV/JAMES R.,IM 311;
IRON MAN IV/JAMES R.,IM3 11;
IRON MAN IV/JAMES R.,IM 312;
IRON MAN IV/JAMES R.,IM3 12;
IRON MAN IV/JAMES R.,IM 313;
IRON MAN IV/JAMES R.,IM3 14;
IRON MAN IV/JAMES R.,IM3 15;
IRON MAN IV/JAMES R.,IM 317/2;
IRON MAN IV/JAMES R.,IM3 18;
IRON MAN IV/JAMES R.,IM3 19;
IRON MAN IV/JAMES R.,IM3 20;
IRON MAN IV/JAMES R.,IM 322;
IRON MAN IV/JAMES R.,IM 324;
IRON MAN IV/JAMES R.,IM 327;
IRON MAN IV/JAMES R.,IM3 4;
IRON MAN IV/JAMES R.,IM3 41;
IRON MAN IV/JAMES R.,IM3 44;
IRON MAN IV/JAMES R.,IM3 5;
IRON MAN IV/JAMES R.,IM3 9;
IRON MAN IV/JAMES R.,IM 5;
IRON MAN IV/JAMES R.,IM 6;
IRON MAN IV/JAMES R.,IM 7;
IRON MAN IV/JAMES R.,IM 9;
IRON MAN IV/JAMES R.,IM:BB 1;
IRON MAN IV/JAMES R.,IM:BB 2;
IRON MAN IV/JAMES R.,IM:BB 3;
IRON MAN IV/JAMES R.,IM:BB 4;
IRON MAN IV/JAMES R.,M/CP 78/3;
IRON MAN IV/JAMES R.,M/FAN 44;
IRON MAN IV/JAMES R.,M/GN 17;
IRON MAN IV/JAMES R.,M/SH3 12/3;
IRON MAN IV/JAMES R.,M/SH3 14;
IRON MAN IV/JAMES R.,M/SH3 15;
IRON MAN IV/JAMES R.,M/SH3 9/3;
IRON MAN IV/JAMES R.,M/SHSW 1;
IRON MAN IV/JAMES R.,M/SHSW 10;
IRON MAN IV/JAMES R.,M/SHSW 11;
IRON MAN IV/JAMES R.,M/SHSW 12;
IRON MAN IV/JAMES R.,M/SHSW 2;
IRON MAN IV/JAMES R.,M/SHSW 3;
IRON MAN IV/JAMES R.,M/SHSW 4;
IRON MAN IV/JAMES R.,M/SHSW 5;
IRON MAN IV/JAMES R.,M/SHSW 6;
IRON MAN IV/JAMES R.,M/SHSW 7;
IRON MAN IV/JAMES R.,M/SHSW 8;
IRON MAN IV/JAMES R.,M/SHSW 9;
IRON MAN IV/JAMES R.,M/TU 145;
IRON MAN IV/JAMES R.,NT2 17;
IRON MAN IV/JAMES R.,ROM 65;
IRON MAN IV/JAMES R.,ROM 66;
IRON MAN IV/JAMES R.,SWII 1;
IRON MAN IV/JAMES R.,T 484;
IRON MAN IV/JAMES R.,TM/U 1;
IRON MAN IV/JAMES R.,TS 21;
IRON MAN IV/JAMES R.,UX 7;
IRON MAN IV/JAMES R.,WARM 1;
IRON MAN IV/JAMES R.,WARM 10;
IRON MAN IV/JAMES R.,WARM 11;
IRON MAN IV/JAMES R.,WARM 12;
IRON MAN IV/JAMES R.,WARM 13;
IRON MAN IV/JAMES R.,WARM 14;
IRON MAN IV/JAMES R.,WARM 15;
IRON MAN IV/JAMES R.,WARM 15/2;
IRON MAN IV/JAMES R.,WARM 16;
IRON MAN IV/JAMES R.,WARM 17;
IRON MAN IV/JAMES R.,WARM 18;
IRON MAN IV/JAMES R.,WARM 19;
IRON MAN IV/JAMES R.,WARM 2;
IRON MAN IV/JAMES R.,WARM 20;
IRON MAN IV/JAMES R.,WARM 21;
IRON MAN IV/JAMES R.,WARM 22;
IRON MAN IV/JAMES R.,WARM 3;
IRON MAN IV/JAMES R.,WARM 4;
IRON MAN IV/JAMES R.,WARM 5;
IRON MAN IV/JAMES R.,WARM 6;
IRON MAN IV/JAMES R.,WARM 7;
IRON MAN IV/JAMES R.,WARM 8;
IRON MAN IV/JAMES R.,WARM 9;
IRON MAN IV/JAMES R.,WCA 1;
IRON MAN IV/JAMES R.,WCA 2;
IRON MAN IV/JAMES R.,WCA 3;
IRON MAN IV/JAMES R.,WCA 4;
IRON MAN IV/JAMES R.,XCAL 59;
IRON MAN IV/JAMES R.,XCAL 60;
IRON MAN/TONY STARK,A '00;
IRON MAN/TONY STARK,A 1;
IRON MAN/TONY STARK,A 10;
IRON MAN/TONY STARK,A 100;
IRON MAN/TONY STARK,A 101;
IRON MAN/TONY STARK,A 102;
IRON MAN/TONY STARK,A 103;
IRON MAN/TONY STARK,A 104;
IRON MAN/TONY STARK,A 105;
IRON MAN/TONY STARK,A 106;
IRON MAN/TONY STARK,A 107;
IRON MAN/TONY STARK,A 108;
IRON MAN/TONY STARK,A 109;
IRON MAN/TONY STARK,A 11;
IRON MAN/TONY STARK,A 110;
IRON MAN/TONY STARK,A 111;
IRON MAN/TONY STARK,A 112;
IRON MAN/TONY STARK,A 113;
IRON MAN/TONY STARK,A 114;
IRON MAN/TONY STARK,A 115;
IRON MAN/TONY STARK,A 116;
IRON MAN/TONY STARK,A 117;
IRON MAN/TONY STARK,A 118;
IRON MAN/TONY STARK,A 119;
IRON MAN/TONY STARK,A 12;
IRON MAN/TONY STARK,A 120;
IRON MAN/TONY STARK,A 121;
IRON MAN/TONY STARK,A 122;
IRON MAN/TONY STARK,A 123;
IRON MAN/TONY STARK,A 124;
IRON MAN/TONY STARK,A 125;
IRON MAN/TONY STARK,A 126;
IRON MAN/TONY STARK,A 127;
IRON MAN/TONY STARK,A 128;
IRON MAN/TONY STARK,A 129;
IRON MAN/TONY STARK,A 13;
IRON MAN/TONY STARK,A 130;
IRON MAN/TONY STARK,A 131;
IRON MAN/TONY STARK,A 132;
IRON MAN/TONY STARK,A 133;
IRON MAN/TONY STARK,A 134;
IRON MAN/TONY STARK,A 135;
IRON MAN/TONY STARK,A 137;
IRON MAN/TONY STARK,A 138;
IRON MAN/TONY STARK,A 139;
IRON MAN/TONY STARK,A 14;
IRON MAN/TONY STARK,A 140;
IRON MAN/TONY STARK,A 141;
IRON MAN/TONY STARK,A 142;
IRON MAN/TONY STARK,A 143;
IRON MAN/TONY STARK,A 144;
IRON MAN/TONY STARK,A 145;
IRON MAN/TONY STARK,A 146;
IRON MAN/TONY STARK,A 147;
IRON MAN/TONY STARK,A 148;
IRON MAN/TONY STARK,A 149;
IRON MAN/TONY STARK,A 1.5;
IRON MAN/TONY STARK,A 15;
IRON MAN/TONY STARK,A 150;
IRON MAN/TONY STARK,A 151;
IRON MAN/TONY STARK,A 152;
IRON MAN/TONY STARK,A 153;
IRON MAN/TONY STARK,A 154;
IRON MAN/TONY STARK,A 155;
IRON MAN/TONY STARK,A 156;
IRON MAN/TONY STARK,A 157;
IRON MAN/TONY STARK,A 158;
IRON MAN/TONY STARK,A 159;
IRON MAN/TONY STARK,A 16;
IRON MAN/TONY STARK,A 160;
IRON MAN/TONY STARK,A 161;
IRON MAN/TONY STARK,A 162;
IRON MAN/TONY STARK,A 163;
IRON MAN/TONY STARK,A 164;
IRON MAN/TONY STARK,A 165;
IRON MAN/TONY STARK,A 166;
IRON MAN/TONY STARK,A 167;
IRON MAN/TONY STARK,A 168;
IRON MAN/TONY STARK,A 169;
IRON MAN/TONY STARK,A 170;
IRON MAN/TONY STARK,A 171;
IRON MAN/TONY STARK,A 172;
IRON MAN/TONY STARK,A 173;
IRON MAN/TONY STARK,A 174;
IRON MAN/TONY STARK,A 175;
IRON MAN/TONY STARK,A 176;
IRON MAN/TONY STARK,A 177;
IRON MAN/TONY STARK,A 179;
IRON MAN/TONY STARK,A 18;
IRON MAN/TONY STARK,A 180;
IRON MAN/TONY STARK,A 181;
IRON MAN/TONY STARK,A 182;
IRON MAN/TONY STARK,A 183;
IRON MAN/TONY STARK,A 184;
IRON MAN/TONY STARK,A 185;
IRON MAN/TONY STARK,A 189;
IRON MAN/TONY STARK,A 19;
IRON MAN/TONY STARK,A 190;
IRON MAN/TONY STARK,A 191;
IRON MAN/TONY STARK,A 192;
IRON MAN/TONY STARK,A 193;
IRON MAN/TONY STARK,A 194;
IRON MAN/TONY STARK,A 195;
IRON MAN/TONY STARK,A 196;
IRON MAN/TONY STARK,A 197;
IRON MAN/TONY STARK,A 198;
IRON MAN/TONY STARK,A 199;
IRON MAN/TONY STARK,A 2;
IRON MAN/TONY STARK,A 200;
IRON MAN/TONY STARK,A 201;
IRON MAN/TONY STARK,A 202;
IRON MAN/TONY STARK,A 203;
IRON MAN/TONY STARK,A 204;
IRON MAN/TONY STARK,A 205;
IRON MAN/TONY STARK,A 206;
IRON MAN/TONY STARK,A 207;
IRON MAN/TONY STARK,A 208;
IRON MAN/TONY STARK,A 210;
IRON MAN/TONY STARK,A2 10;
IRON MAN/TONY STARK,A 211;
IRON MAN/TONY STARK,A2 11;
IRON MAN/TONY STARK,A 212;
IRON MAN/TONY STARK,A2 12;
IRON MAN/TONY STARK,A 213;
IRON MAN/TONY STARK,A 214;
IRON MAN/TONY STARK,A 215;
IRON MAN/TONY STARK,A 216;
IRON MAN/TONY STARK,A 217;
IRON MAN/TONY STARK,A 218;
IRON MAN/TONY STARK,A 219;
IRON MAN/TONY STARK,A 220;
IRON MAN/TONY STARK,A 221;
IRON MAN/TONY STARK,A 222;
IRON MAN/TONY STARK,A 223;
IRON MAN/TONY STARK,A 224;
IRON MAN/TONY STARK,A 225;
IRON MAN/TONY STARK,A 226;
IRON MAN/TONY STARK,A 227;
IRON MAN/TONY STARK,A 228;
IRON MAN/TONY STARK,A 232;
IRON MAN/TONY STARK,A2 6;
IRON MAN/TONY STARK,A 267;
IRON MAN/TONY STARK,A 268;
IRON MAN/TONY STARK,A2 7;
IRON MAN/TONY STARK,A2 8;
IRON MAN/TONY STARK,A 280;
IRON MAN/TONY STARK,A2 9;
IRON MAN/TONY STARK,A 3;
IRON MAN/TONY STARK,A3 1;
IRON MAN/TONY STARK,A3 10;
IRON MAN/TONY STARK,A3 11;
IRON MAN/TONY STARK,A3 13;
IRON MAN/TONY STARK,A 314;
IRON MAN/TONY STARK,A3 15;
IRON MAN/TONY STARK,A 316;
IRON MAN/TONY STARK,A3 16;
IRON MAN/TONY STARK,A 317;
IRON MAN/TONY STARK,A3 17;
IRON MAN/TONY STARK,A 318;
IRON MAN/TONY STARK,A3 18;
IRON MAN/TONY STARK,A3 19;
IRON MAN/TONY STARK,A 32;
IRON MAN/TONY STARK,A3 2;
IRON MAN/TONY STARK,A3 20;
IRON MAN/TONY STARK,A3 21;
IRON MAN/TONY STARK,A3 22;
IRON MAN/TONY STARK,A3 23;
IRON MAN/TONY STARK,A3 24;
IRON MAN/TONY STARK,A3 25;
IRON MAN/TONY STARK,A 326;
IRON MAN/TONY STARK,A 327;
IRON MAN/TONY STARK,A3 27;
IRON MAN/TONY STARK,A 328;
IRON MAN/TONY STARK,A3 28;
IRON MAN/TONY STARK,A 329;
IRON MAN/TONY STARK,A3 29;
IRON MAN/TONY STARK,A3 3;
IRON MAN/TONY STARK,A 330;
IRON MAN/TONY STARK,A3 30;
IRON MAN/TONY STARK,A3 31;
IRON MAN/TONY STARK,A3 32;
IRON MAN/TONY STARK,A3 33;
IRON MAN/TONY STARK,A3 34;
IRON MAN/TONY STARK,A 336;
IRON MAN/TONY STARK,A3 36;
IRON MAN/TONY STARK,A 337;
IRON MAN/TONY STARK,A3 37;
IRON MAN/TONY STARK,A 338;
IRON MAN/TONY STARK,A3 38;
IRON MAN/TONY STARK,A 339;
IRON MAN/TONY STARK,A3 39;
IRON MAN/TONY STARK,A3 4;
IRON MAN/TONY STARK,A 340;
IRON MAN/TONY STARK,A3 40;
IRON MAN/TONY STARK,A3 41;
IRON MAN/TONY STARK,A3 42;
IRON MAN/TONY STARK,A 345;
IRON MAN/TONY STARK,A 347;
IRON MAN/TONY STARK,A3 5;
IRON MAN/TONY STARK,A3 6;
IRON MAN/TONY STARK,A3 7;
IRON MAN/TONY STARK,A3 8;
IRON MAN/TONY STARK,A3 9;
IRON MAN/TONY STARK,A 391;
IRON MAN/TONY STARK,A 392;
IRON MAN/TONY STARK,A 393;
IRON MAN/TONY STARK,A 395;
IRON MAN/TONY STARK,A 4;
IRON MAN/TONY STARK,A 45;
IRON MAN/TONY STARK,A 5;
IRON MAN/TONY STARK,A 51;
IRON MAN/TONY STARK,A 52;
IRON MAN/TONY STARK,A 58;
IRON MAN/TONY STARK,A 6;
IRON MAN/TONY STARK,A 60;
IRON MAN/TONY STARK,A 66;
IRON MAN/TONY STARK,A 67;
IRON MAN/TONY STARK,A 69;
IRON MAN/TONY STARK,A 7;
IRON MAN/TONY STARK,A 70;
IRON MAN/TONY STARK,A 71;
IRON MAN/TONY STARK,A 76;
IRON MAN/TONY STARK,A 77;
IRON MAN/TONY STARK,A 79;
IRON MAN/TONY STARK,A 8;
IRON MAN/TONY STARK,A 80;
IRON MAN/TONY STARK,A 81;
IRON MAN/TONY STARK,A 82;
IRON MAN/TONY STARK,A 86;
IRON MAN/TONY STARK,A 87;
IRON MAN/TONY STARK,A 88;
IRON MAN/TONY STARK,A 9;
IRON MAN/TONY STARK,A 93;
IRON MAN/TONY STARK,A 94;
IRON MAN/TONY STARK,A 95;
IRON MAN/TONY STARK,A 96;
IRON MAN/TONY STARK,A 97;
IRON MAN/TONY STARK,A '98;
IRON MAN/TONY STARK,A 98;
IRON MAN/TONY STARK,A '99;
IRON MAN/TONY STARK,A 99;
IRON MAN/TONY STARK,AA2 12;
IRON MAN/TONY STARK,AA2 14;
IRON MAN/TONY STARK,A:C;
IRON MAN/TONY STARK,AOI;
IRON MAN/TONY STARK,ASM 1;
IRON MAN/TONY STARK,ASM 16;
IRON MAN/TONY STARK,ASM 18;
IRON MAN/TONY STARK,ASM2 1;
IRON MAN/TONY STARK,ASM 25;
IRON MAN/TONY STARK,ASM 3;
IRON MAN/TONY STARK,ASM 334;
IRON MAN/TONY STARK,ASMU 18;
IRON MAN/TONY STARK,ASPOT 26/2;
IRON MAN/TONY STARK,ASPOT 30;
IRON MAN/TONY STARK,AVF 1;
IRON MAN/TONY STARK,AWC 4;
IRON MAN/TONY STARK,AWC 5;
IRON MAN/TONY STARK,AWC 50;
IRON MAN/TONY STARK,AWC 51;
IRON MAN/TONY STARK,AWC 52;
IRON MAN/TONY STARK,AWC 53;
IRON MAN/TONY STARK,AWC 5/4;
IRON MAN/TONY STARK,AWC 54;
IRON MAN/TONY STARK,AWC 55;
IRON MAN/TONY STARK,AWC 56;
IRON MAN/TONY STARK,AWC 57;
IRON MAN/TONY STARK,AWC 58;
IRON MAN/TONY STARK,AWC 6;
IRON MAN/TONY STARK,AWC 60;
IRON MAN/TONY STARK,AWC 61;
IRON MAN/TONY STARK,AWC 62;
IRON MAN/TONY STARK,AWC 63;
IRON MAN/TONY STARK,AWC 66;
IRON MAN/TONY STARK,AWC 67;
IRON MAN/TONY STARK,AWC 68;
IRON MAN/TONY STARK,AWC 69;
IRON MAN/TONY STARK,AWC  7;
IRON MAN/TONY STARK,AWC 70;
IRON MAN/TONY STARK,AWC 71;
IRON MAN/TONY STARK,AWC 72;
IRON MAN/TONY STARK,AWC 73;
IRON MAN/TONY STARK,AWC 7/4;
IRON MAN/TONY STARK,AWC 74;
IRON MAN/TONY STARK,AWC 75;
IRON MAN/TONY STARK,AWC 76;
IRON MAN/TONY STARK,AWC 77;
IRON MAN/TONY STARK,AWC 78;
IRON MAN/TONY STARK,AWC 79;
IRON MAN/TONY STARK,AWC 80;
IRON MAN/TONY STARK,AWC 84;
IRON MAN/TONY STARK,AWC 85;
IRON MAN/TONY STARK,AWC 86;
IRON MAN/TONY STARK,AWC 89;
IRON MAN/TONY STARK,BFF:BGL 1;
IRON MAN/TONY STARK,BFF:BGL 2;
IRON MAN/TONY STARK,BG 3;
IRON MAN/TONY STARK,BG 4;
IRON MAN/TONY STARK,BP 14;
IRON MAN/TONY STARK,BP3 19;
IRON MAN/TONY STARK,BP3 23;
IRON MAN/TONY STARK,BP3 7;
IRON MAN/TONY STARK,BP3 8;
IRON MAN/TONY STARK,BP3 9;
IRON MAN/TONY STARK,C2 66;
IRON MAN/TONY STARK,C2 67;
IRON MAN/TONY STARK,C2 68;
IRON MAN/TONY STARK,CA 112;
IRON MAN/TONY STARK,CA 113;
IRON MAN/TONY STARK,CA 123;
IRON MAN/TONY STARK,CA 127;
IRON MAN/TONY STARK,CA 133;
IRON MAN/TONY STARK,CA 136;
IRON MAN/TONY STARK,CA 154;
IRON MAN/TONY STARK,CA 171;
IRON MAN/TONY STARK,CA 173;
IRON MAN/TONY STARK,CA 176;
IRON MAN/TONY STARK,CA 191;
IRON MAN/TONY STARK,CA2 12;
IRON MAN/TONY STARK,CA 218;
IRON MAN/TONY STARK,CA 221/2;
IRON MAN/TONY STARK,CA 224;
IRON MAN/TONY STARK,CA 228;
IRON MAN/TONY STARK,CA 250;
IRON MAN/TONY STARK,CA2 6;
IRON MAN/TONY STARK,CA 261;
IRON MAN/TONY STARK,CA 267;
IRON MAN/TONY STARK,CA 279;
IRON MAN/TONY STARK,CA3 15;
IRON MAN/TONY STARK,CA3 16;
IRON MAN/TONY STARK,CA3 21;
IRON MAN/TONY STARK,CA3 22;
IRON MAN/TONY STARK,CA3 3;
IRON MAN/TONY STARK,CA 339;
IRON MAN/TONY STARK,CA 340;
IRON MAN/TONY STARK,CA 341;
IRON MAN/TONY STARK,CA3 45;
IRON MAN/TONY STARK,CA3 5;
IRON MAN/TONY STARK,CA3 6;
IRON MAN/TONY STARK,CA3 7;
IRON MAN/TONY STARK,CA 373/2;
IRON MAN/TONY STARK,CA 383;
IRON MAN/TONY STARK,CA 399;
IRON MAN/TONY STARK,CA 400;
IRON MAN/TONY STARK,CA 401;
IRON MAN/TONY STARK,CA 437;
IRON MAN/TONY STARK,CA 438;
IRON MAN/TONY STARK,CA 9;
IRON MAN/TONY STARK,CAGE 7;
IRON MAN/TONY STARK,CAGE 8;
IRON MAN/TONY STARK,CA:SL2 5;
IRON MAN/TONY STARK,CA:SL2 6;
IRON MAN/TONY STARK,C&D3 9;
IRON MAN/TONY STARK,CM 14;
IRON MAN/TONY STARK,CM 27;
IRON MAN/TONY STARK,CM 28;
IRON MAN/TONY STARK,CM 30;
IRON MAN/TONY STARK,CM 31;
IRON MAN/TONY STARK,CM 32;
IRON MAN/TONY STARK,CM 33;
IRON MAN/TONY STARK,CM 34;
IRON MAN/TONY STARK,CM 50;
IRON MAN/TONY STARK,CM 51;
IRON MAN/TONY STARK,CM 56;
IRON MAN/TONY STARK,COC 1;
IRON MAN/TONY STARK,COC 2;
IRON MAN/TONY STARK,COC 3;
IRON MAN/TONY STARK,DAMCON2 1;
IRON MAN/TONY STARK,DAMCON 3;
IRON MAN/TONY STARK,DAMCON3 3;
IRON MAN/TONY STARK,DAMCON3 4;
IRON MAN/TONY STARK,DAZZ 1;
IRON MAN/TONY STARK,DAZZ 2;
IRON MAN/TONY STARK,DAZZ 21;
IRON MAN/TONY STARK,DD 163;
IRON MAN/TONY STARK,DD 204;
IRON MAN/TONY STARK,DD 233;
IRON MAN/TONY STARK,DD 73;
IRON MAN/TONY STARK,DEF 10;
IRON MAN/TONY STARK,DEF 11;
IRON MAN/TONY STARK,DEF 13;
IRON MAN/TONY STARK,DEF2 1;
IRON MAN/TONY STARK,DEF 44;
IRON MAN/TONY STARK,DEF 58;
IRON MAN/TONY STARK,DEF 63;
IRON MAN/TONY STARK,DEF 9;
IRON MAN/TONY STARK,DEF 98;
IRON MAN/TONY STARK,DF 1.1;
IRON MAN/TONY STARK,DF 1.2;
IRON MAN/TONY STARK,DF 2.4;
IRON MAN/TONY STARK,DF 3.6;
IRON MAN/TONY STARK,DF 4.7;
IRON MAN/TONY STARK,DF 4.8;
IRON MAN/TONY STARK,DHAWK 1;
IRON MAN/TONY STARK,DPOOL3 44;
IRON MAN/TONY STARK,DRSTR2 29;
IRON MAN/TONY STARK,DRSTR2 35;
IRON MAN/TONY STARK,E2 12;
IRON MAN/TONY STARK,F/A 1;
IRON MAN/TONY STARK,F/A 2;
IRON MAN/TONY STARK,FF '01;
IRON MAN/TONY STARK,FF 133;
IRON MAN/TONY STARK,FF 14;
IRON MAN/TONY STARK,FF 150;
IRON MAN/TONY STARK,FF 202;
IRON MAN/TONY STARK,FF2 12;
IRON MAN/TONY STARK,FF 214;
IRON MAN/TONY STARK,FF 22;
IRON MAN/TONY STARK,FF 220;
IRON MAN/TONY STARK,FF 230;
IRON MAN/TONY STARK,FF 242;
IRON MAN/TONY STARK,FF 243;
IRON MAN/TONY STARK,FF 244;
IRON MAN/TONY STARK,FF 25;
IRON MAN/TONY STARK,FF 258;
IRON MAN/TONY STARK,FF 26;
IRON MAN/TONY STARK,FF2 8;
IRON MAN/TONY STARK,FF 293;
IRON MAN/TONY STARK,FF 3;
IRON MAN/TONY STARK,FF 31;
IRON MAN/TONY STARK,FF3 15;
IRON MAN/TONY STARK,FF3 24;
IRON MAN/TONY STARK,FF3 26;
IRON MAN/TONY STARK,FF3 27;
IRON MAN/TONY STARK,FF3 28;
IRON MAN/TONY STARK,FF 337;
IRON MAN/TONY STARK,FF 338;
IRON MAN/TONY STARK,FF 339;
IRON MAN/TONY STARK,FF 340;
IRON MAN/TONY STARK,FF 341;
IRON MAN/TONY STARK,FF 36;
IRON MAN/TONY STARK,FF 370;
IRON MAN/TONY STARK,FF 400/2;
IRON MAN/TONY STARK,FW 1;
IRON MAN/TONY STARK,FW 10;
IRON MAN/TONY STARK,FW 10/2;
IRON MAN/TONY STARK,FW 11;
IRON MAN/TONY STARK,FW 12;
IRON MAN/TONY STARK,FW 13;
IRON MAN/TONY STARK,FW 14;
IRON MAN/TONY STARK,FW 15;
IRON MAN/TONY STARK,FW 16;
IRON MAN/TONY STARK,FW 17;
IRON MAN/TONY STARK,FW 19;
IRON MAN/TONY STARK,FW 2;
IRON MAN/TONY STARK,FW 21;
IRON MAN/TONY STARK,FW 3;
IRON MAN/TONY STARK,FW 4;
IRON MAN/TONY STARK,FW 5;
IRON MAN/TONY STARK,FW 5/2;
IRON MAN/TONY STARK,FW 6;
IRON MAN/TONY STARK,FW 7;
IRON MAN/TONY STARK,FW 8;
IRON MAN/TONY STARK,FW 9;
IRON MAN/TONY STARK,FW 9/2;
IRON MAN/TONY STARK,GAL 1;
IRON MAN/TONY STARK,GAL 2;
IRON MAN/TONY STARK,GAL 3;
IRON MAN/TONY STARK,GAL 5;
IRON MAN/TONY STARK,GAL 6;
IRON MAN/TONY STARK,GSA 1;
IRON MAN/TONY STARK,GSA 2;
IRON MAN/TONY STARK,GSA 3;
IRON MAN/TONY STARK,GSA 4;
IRON MAN/TONY STARK,GSM-T 2;
IRON MAN/TONY STARK,GZILL 23;
IRON MAN/TONY STARK,GZILL 24;
IRON MAN/TONY STARK,GZILL 3;
IRON MAN/TONY STARK,H '00;
IRON MAN/TONY STARK,H 11;
IRON MAN/TONY STARK,H2 108;
IRON MAN/TONY STARK,H2 131;
IRON MAN/TONY STARK,H2 144;
IRON MAN/TONY STARK,H2 153;
IRON MAN/TONY STARK,H2 277;
IRON MAN/TONY STARK,H2 278;
IRON MAN/TONY STARK,H2 279;
IRON MAN/TONY STARK,H2 281;
IRON MAN/TONY STARK,H2 282;
IRON MAN/TONY STARK,H2 283;
IRON MAN/TONY STARK,H2 284;
IRON MAN/TONY STARK,H2 316;
IRON MAN/TONY STARK,H2 320;
IRON MAN/TONY STARK,H2 321;
IRON MAN/TONY STARK,H2 322;
IRON MAN/TONY STARK,H2 323;
IRON MAN/TONY STARK,H2 361;
IRON MAN/TONY STARK,H2 434;
IRON MAN/TONY STARK,H2 450/2;
IRON MAN/TONY STARK,H2 462;
IRON MAN/TONY STARK,H2 465;
IRON MAN/TONY STARK,H3 3;
IRON MAN/TONY STARK,H3 5;
IRON MAN/TONY STARK,H3 7;
IRON MAN/TONY STARK,HR:R 3;
IRON MAN/TONY STARK,HR:R 4;
IRON MAN/TONY STARK,IF 1;
IRON MAN/TONY STARK,IFW 2;
IRON MAN/TONY STARK,IFW 3;
IRON MAN/TONY STARK,IFW 4;
IRON MAN/TONY STARK,IG 2;
IRON MAN/TONY STARK,IG 3;
IRON MAN/TONY STARK,IG 4;
IRON MAN/TONY STARK,IG 6;
IRON MAN/TONY STARK,IM '00;
IRON MAN/TONY STARK,IM 1;
IRON MAN/TONY STARK,IM 10;
IRON MAN/TONY STARK,IM 100;
IRON MAN/TONY STARK,IM 101;
IRON MAN/TONY STARK,IM 102;
IRON MAN/TONY STARK,IM 103;
IRON MAN/TONY STARK,IM 104;
IRON MAN/TONY STARK,IM 105;
IRON MAN/TONY STARK,IM 106;
IRON MAN/TONY STARK,IM 107;
IRON MAN/TONY STARK,IM 108;
IRON MAN/TONY STARK,IM 109;
IRON MAN/TONY STARK,IM 11;
IRON MAN/TONY STARK,IM 110;
IRON MAN/TONY STARK,IM 111;
IRON MAN/TONY STARK,IM 11/2;
IRON MAN/TONY STARK,IM 112;
IRON MAN/TONY STARK,IM  11/3;
IRON MAN/TONY STARK,IM 113;
IRON MAN/TONY STARK,IM 11/4;
IRON MAN/TONY STARK,IM 114;
IRON MAN/TONY STARK,IM 115;
IRON MAN/TONY STARK,IM 116;
IRON MAN/TONY STARK,IM 117;
IRON MAN/TONY STARK,IM 118;
IRON MAN/TONY STARK,IM 119;
IRON MAN/TONY STARK,IM 12;
IRON MAN/TONY STARK,IM 120;
IRON MAN/TONY STARK,IM 121;
IRON MAN/TONY STARK,IM 12/2;
IRON MAN/TONY STARK,IM 122;
IRON MAN/TONY STARK,IM 12/3;
IRON MAN/TONY STARK,IM 123;
IRON MAN/TONY STARK,IM 124;
IRON MAN/TONY STARK,IM 125;
IRON MAN/TONY STARK,IM 126;
IRON MAN/TONY STARK,IM 127;
IRON MAN/TONY STARK,IM 128;
IRON MAN/TONY STARK,IM 129;
IRON MAN/TONY STARK,IM 13;
IRON MAN/TONY STARK,IM 130;
IRON MAN/TONY STARK,IM 131;
IRON MAN/TONY STARK,IM 13/2;
IRON MAN/TONY STARK,IM 132;
IRON MAN/TONY STARK,IM 13/3;
IRON MAN/TONY STARK,IM 133;
IRON MAN/TONY STARK,IM 13/4;
IRON MAN/TONY STARK,IM 134;
IRON MAN/TONY STARK,IM 135;
IRON MAN/TONY STARK,IM 136;
IRON MAN/TONY STARK,IM 137;
IRON MAN/TONY STARK,IM 138;
IRON MAN/TONY STARK,IM 139;
IRON MAN/TONY STARK,IM 14;
IRON MAN/TONY STARK,IM 140;
IRON MAN/TONY STARK,IM 141;
IRON MAN/TONY STARK,IM 142;
IRON MAN/TONY STARK,IM 143;
IRON MAN/TONY STARK,IM 144;
IRON MAN/TONY STARK,IM 144/2;
IRON MAN/TONY STARK,IM 145;
IRON MAN/TONY STARK,IM 146;
IRON MAN/TONY STARK,IM 147;
IRON MAN/TONY STARK,IM 148;
IRON MAN/TONY STARK,IM 149;
IRON MAN/TONY STARK,IM 15;
IRON MAN/TONY STARK,IM 150;
IRON MAN/TONY STARK,IM 15/1;
IRON MAN/TONY STARK,IM 151;
IRON MAN/TONY STARK,IM 15/2;
IRON MAN/TONY STARK,IM 152;
IRON MAN/TONY STARK,IM 153;
IRON MAN/TONY STARK,IM 154;
IRON MAN/TONY STARK,IM 155;
IRON MAN/TONY STARK,IM 156;
IRON MAN/TONY STARK,IM 157;
IRON MAN/TONY STARK,IM 158;
IRON MAN/TONY STARK,IM 159;
IRON MAN/TONY STARK,IM 16;
IRON MAN/TONY STARK,IM 160;
IRON MAN/TONY STARK,IM 161;
IRON MAN/TONY STARK,IM 162;
IRON MAN/TONY STARK,IM 163;
IRON MAN/TONY STARK,IM 164;
IRON MAN/TONY STARK,IM 165;
IRON MAN/TONY STARK,IM 166;
IRON MAN/TONY STARK,IM 167;
IRON MAN/TONY STARK,IM 168;
IRON MAN/TONY STARK,IM 169;
IRON MAN/TONY STARK,IM 17;
IRON MAN/TONY STARK,IM 170;
IRON MAN/TONY STARK,IM 171;
IRON MAN/TONY STARK,IM 172;
IRON MAN/TONY STARK,IM 173;
IRON MAN/TONY STARK,IM 174;
IRON MAN/TONY STARK,IM 176;
IRON MAN/TONY STARK,IM 177;
IRON MAN/TONY STARK,IM 178/2;
IRON MAN/TONY STARK,IM 179;
IRON MAN/TONY STARK,IM 18;
IRON MAN/TONY STARK,IM 180;
IRON MAN/TONY STARK,IM 181;
IRON MAN/TONY STARK,IM 182;
IRON MAN/TONY STARK,IM 183;
IRON MAN/TONY STARK,IM 184;
IRON MAN/TONY STARK,IM 185;
IRON MAN/TONY STARK,IM 186;
IRON MAN/TONY STARK,IM 187;
IRON MAN/TONY STARK,IM 188;
IRON MAN/TONY STARK,IM 189;
IRON MAN/TONY STARK,IM 19;
IRON MAN/TONY STARK,IM 190;
IRON MAN/TONY STARK,IM 191;
IRON MAN/TONY STARK,IM 192;
IRON MAN/TONY STARK,IM 193;
IRON MAN/TONY STARK,IM 194;
IRON MAN/TONY STARK,IM 195;
IRON MAN/TONY STARK,IM 196;
IRON MAN/TONY STARK,IM 197;
IRON MAN/TONY STARK,IM 198;
IRON MAN/TONY STARK,IM 199;
IRON MAN/TONY STARK,IM 2;
IRON MAN/TONY STARK,IM 20;
IRON MAN/TONY STARK,IM 200;
IRON MAN/TONY STARK,IM 201;
IRON MAN/TONY STARK,IM 202;
IRON MAN/TONY STARK,IM 203;
IRON MAN/TONY STARK,IM 204;
IRON MAN/TONY STARK,IM 205;
IRON MAN/TONY STARK,IM 206;
IRON MAN/TONY STARK,IM 207;
IRON MAN/TONY STARK,IM 208;
IRON MAN/TONY STARK,IM 209;
IRON MAN/TONY STARK,IM 21;
IRON MAN/TONY STARK,IM2 1;
IRON MAN/TONY STARK,IM 210;
IRON MAN/TONY STARK,IM2 10;
IRON MAN/TONY STARK,IM 211;
IRON MAN/TONY STARK,IM2 11;
IRON MAN/TONY STARK,IM 212;
IRON MAN/TONY STARK,IM2 12;
IRON MAN/TONY STARK,IM 213;
IRON MAN/TONY STARK,IM 214;
IRON MAN/TONY STARK,IM 215;
IRON MAN/TONY STARK,IM 216;
IRON MAN/TONY STARK,IM 217;
IRON MAN/TONY STARK,IM 218;
IRON MAN/TONY STARK,IM 219;
IRON MAN/TONY STARK,IM 22;
IRON MAN/TONY STARK,IM2 2;
IRON MAN/TONY STARK,IM 220;
IRON MAN/TONY STARK,IM 221;
IRON MAN/TONY STARK,IM 222;
IRON MAN/TONY STARK,IM 223;
IRON MAN/TONY STARK,IM 224;
IRON MAN/TONY STARK,IM 225;
IRON MAN/TONY STARK,IM 226;
IRON MAN/TONY STARK,IM 227;
IRON MAN/TONY STARK,IM 228;
IRON MAN/TONY STARK,IM 229;
IRON MAN/TONY STARK,IM 23;
IRON MAN/TONY STARK,IM2 3;
IRON MAN/TONY STARK,IM 230;
IRON MAN/TONY STARK,IM 231;
IRON MAN/TONY STARK,IM 232;
IRON MAN/TONY STARK,IM 233;
IRON MAN/TONY STARK,IM 234;
IRON MAN/TONY STARK,IM 235;
IRON MAN/TONY STARK,IM 236;
IRON MAN/TONY STARK,IM 237;
IRON MAN/TONY STARK,IM 238;
IRON MAN/TONY STARK,IM 239;
IRON MAN/TONY STARK,IM 24;
IRON MAN/TONY STARK,IM2 4;
IRON MAN/TONY STARK,IM 240;
IRON MAN/TONY STARK,IM 241;
IRON MAN/TONY STARK,IM 242;
IRON MAN/TONY STARK,IM 243;
IRON MAN/TONY STARK,IM 244;
IRON MAN/TONY STARK,IM 245;
IRON MAN/TONY STARK,IM 246;
IRON MAN/TONY STARK,IM 247;
IRON MAN/TONY STARK,IM 248;
IRON MAN/TONY STARK,IM 249;
IRON MAN/TONY STARK,IM 25;
IRON MAN/TONY STARK,IM2 5;
IRON MAN/TONY STARK,IM 250;
IRON MAN/TONY STARK,IM 251;
IRON MAN/TONY STARK,IM 252;
IRON MAN/TONY STARK,IM 253;
IRON MAN/TONY STARK,IM 254;
IRON MAN/TONY STARK,IM 255;
IRON MAN/TONY STARK,IM 256;
IRON MAN/TONY STARK,IM 257;
IRON MAN/TONY STARK,IM 258;
IRON MAN/TONY STARK,IM 259;
IRON MAN/TONY STARK,IM 26;
IRON MAN/TONY STARK,IM2 6;
IRON MAN/TONY STARK,IM 260;
IRON MAN/TONY STARK,IM 261;
IRON MAN/TONY STARK,IM 262;
IRON MAN/TONY STARK,IM 263;
IRON MAN/TONY STARK,IM 264;
IRON MAN/TONY STARK,IM 265;
IRON MAN/TONY STARK,IM 266;
IRON MAN/TONY STARK,IM 267;
IRON MAN/TONY STARK,IM 268;
IRON MAN/TONY STARK,IM 269;
IRON MAN/TONY STARK,IM 27;
IRON MAN/TONY STARK,IM2 7;
IRON MAN/TONY STARK,IM 270;
IRON MAN/TONY STARK,IM 271;
IRON MAN/TONY STARK,IM 272;
IRON MAN/TONY STARK,IM 273;
IRON MAN/TONY STARK,IM 274;
IRON MAN/TONY STARK,IM 275;
IRON MAN/TONY STARK,IM 275/2;
IRON MAN/TONY STARK,IM 276;
IRON MAN/TONY STARK,IM 277;
IRON MAN/TONY STARK,IM 278;
IRON MAN/TONY STARK,IM 279;
IRON MAN/TONY STARK,IM 28;
IRON MAN/TONY STARK,IM2 8;
IRON MAN/TONY STARK,IM 280;
IRON MAN/TONY STARK,IM 281;
IRON MAN/TONY STARK,IM 282;
IRON MAN/TONY STARK,IM 283;
IRON MAN/TONY STARK,IM 284;
IRON MAN/TONY STARK,IM 285;
IRON MAN/TONY STARK,IM 286;
IRON MAN/TONY STARK,IM 287;
IRON MAN/TONY STARK,IM 288/2;
IRON MAN/TONY STARK,IM 29;
IRON MAN/TONY STARK,IM2 9;
IRON MAN/TONY STARK,IM 3;
IRON MAN/TONY STARK,IM 30;
IRON MAN/TONY STARK,IM 303;
IRON MAN/TONY STARK,IM 304;
IRON MAN/TONY STARK,IM 305;
IRON MAN/TONY STARK,IM 306;
IRON MAN/TONY STARK,IM 307;
IRON MAN/TONY STARK,IM 308;
IRON MAN/TONY STARK,IM 309;
IRON MAN/TONY STARK,IM 31;
IRON MAN/TONY STARK,IM3 1;
IRON MAN/TONY STARK,IM 310;
IRON MAN/TONY STARK,IM3 10;
IRON MAN/TONY STARK,IM 311;
IRON MAN/TONY STARK,IM3 11;
IRON MAN/TONY STARK,IM 312;
IRON MAN/TONY STARK,IM3 12;
IRON MAN/TONY STARK,IM 313;
IRON MAN/TONY STARK,IM3 13;
IRON MAN/TONY STARK,IM 314;
IRON MAN/TONY STARK,IM3 14;
IRON MAN/TONY STARK,IM 315;
IRON MAN/TONY STARK,IM3 15;
IRON MAN/TONY STARK,IM 316;
IRON MAN/TONY STARK,IM3 16;
IRON MAN/TONY STARK,IM 317;
IRON MAN/TONY STARK,IM3 17;
IRON MAN/TONY STARK,IM 318;
IRON MAN/TONY STARK,IM3 18;
IRON MAN/TONY STARK,IM 319;
IRON MAN/TONY STARK,IM3 19;
IRON MAN/TONY STARK,IM 32;
IRON MAN/TONY STARK,IM3 2;
IRON MAN/TONY STARK,IM 320;
IRON MAN/TONY STARK,IM3 20;
IRON MAN/TONY STARK,IM 321;
IRON MAN/TONY STARK,IM3 21;
IRON MAN/TONY STARK,IM3 21/2;
IRON MAN/TONY STARK,IM 322;
IRON MAN/TONY STARK,IM3 22;
IRON MAN/TONY STARK,IM 323;
IRON MAN/TONY STARK,IM3 23;
IRON MAN/TONY STARK,IM 324;
IRON MAN/TONY STARK,IM3 24;
IRON MAN/TONY STARK,IM 325;
IRON MAN/TONY STARK,IM3 25;
IRON MAN/TONY STARK,IM3 26;
IRON MAN/TONY STARK,IM3 27;
IRON MAN/TONY STARK,IM3 28;
IRON MAN/TONY STARK,IM3 29;
IRON MAN/TONY STARK,IM 33;
IRON MAN/TONY STARK,IM3 3;
IRON MAN/TONY STARK,IM3 30;
IRON MAN/TONY STARK,IM3 31;
IRON MAN/TONY STARK,IM3 32;
IRON MAN/TONY STARK,IM3 33;
IRON MAN/TONY STARK,IM3 34;
IRON MAN/TONY STARK,IM3 35;
IRON MAN/TONY STARK,IM3 36;
IRON MAN/TONY STARK,IM3 37;
IRON MAN/TONY STARK,IM3 38;
IRON MAN/TONY STARK,IM3 39;
IRON MAN/TONY STARK,IM 34;
IRON MAN/TONY STARK,IM3 4;
IRON MAN/TONY STARK,IM3 40;
IRON MAN/TONY STARK,IM3 41;
IRON MAN/TONY STARK,IM3 42;
IRON MAN/TONY STARK,IM3 43;
IRON MAN/TONY STARK,IM3 44;
IRON MAN/TONY STARK,IM 35;
IRON MAN/TONY STARK,IM3 5;
IRON MAN/TONY STARK,IM 36;
IRON MAN/TONY STARK,IM3 6;
IRON MAN/TONY STARK,IM 37;
IRON MAN/TONY STARK,IM3 7;
IRON MAN/TONY STARK,IM 38;
IRON MAN/TONY STARK,IM3 8;
IRON MAN/TONY STARK,IM 39;
IRON MAN/TONY STARK,IM3 9;
IRON MAN/TONY STARK,IM 4;
IRON MAN/TONY STARK,IM 40;
IRON MAN/TONY STARK,IM 41;
IRON MAN/TONY STARK,IM 42;
IRON MAN/TONY STARK,IM 43;
IRON MAN/TONY STARK,IM 44;
IRON MAN/TONY STARK,IM 45;
IRON MAN/TONY STARK,IM 46;
IRON MAN/TONY STARK,IM 47;
IRON MAN/TONY STARK,IM 48;
IRON MAN/TONY STARK,IM 49;
IRON MAN/TONY STARK,IM 5;
IRON MAN/TONY STARK,IM 50;
IRON MAN/TONY STARK,IM 51;
IRON MAN/TONY STARK,IM 52;
IRON MAN/TONY STARK,IM 53;
IRON MAN/TONY STARK,IM 54;
IRON MAN/TONY STARK,IM 55;
IRON MAN/TONY STARK,IM 56;
IRON MAN/TONY STARK,IM 57;
IRON MAN/TONY STARK,IM 58;
IRON MAN/TONY STARK,IM 59;
IRON MAN/TONY STARK,IM 6;
IRON MAN/TONY STARK,IM 60;
IRON MAN/TONY STARK,IM 61;
IRON MAN/TONY STARK,IM 62;
IRON MAN/TONY STARK,IM 63;
IRON MAN/TONY STARK,IM 64;
IRON MAN/TONY STARK,IM 65;
IRON MAN/TONY STARK,IM 66;
IRON MAN/TONY STARK,IM 67;
IRON MAN/TONY STARK,IM 68;
IRON MAN/TONY STARK,IM 69;
IRON MAN/TONY STARK,IM 7;
IRON MAN/TONY STARK,IM 70;
IRON MAN/TONY STARK,IM 71;
IRON MAN/TONY STARK,IM 72;
IRON MAN/TONY STARK,IM 73;
IRON MAN/TONY STARK,IM 74;
IRON MAN/TONY STARK,IM 75;
IRON MAN/TONY STARK,IM 77;
IRON MAN/TONY STARK,IM 78;
IRON MAN/TONY STARK,IM 79;
IRON MAN/TONY STARK,IM 8;
IRON MAN/TONY STARK,IM 80;
IRON MAN/TONY STARK,IM 81;
IRON MAN/TONY STARK,IM 82;
IRON MAN/TONY STARK,IM 83;
IRON MAN/TONY STARK,IM 84;
IRON MAN/TONY STARK,IM 85;
IRON MAN/TONY STARK,IM 86;
IRON MAN/TONY STARK,IM 87;
IRON MAN/TONY STARK,IM 88;
IRON MAN/TONY STARK,IM 89;
IRON MAN/TONY STARK,IM 9;
IRON MAN/TONY STARK,IM 90;
IRON MAN/TONY STARK,IM 91;
IRON MAN/TONY STARK,IM 92;
IRON MAN/TONY STARK,IM 93;
IRON MAN/TONY STARK,IM 94;
IRON MAN/TONY STARK,IM 95;
IRON MAN/TONY STARK,IM 96;
IRON MAN/TONY STARK,IM 97;
IRON MAN/TONY STARK,IM '98;
IRON MAN/TONY STARK,IM 98;
IRON MAN/TONY STARK,IM '99;
IRON MAN/TONY STARK,IM 99;
IRON MAN/TONY STARK,IM:BB 1;
IRON MAN/TONY STARK,IM:BB 2;
IRON MAN/TONY STARK,IM:BB 3;
IRON MAN/TONY STARK,IM:BB 4;
IRON MAN/TONY STARK,IM:IA 1;
IRON MAN/TONY STARK,IM:IA 2;
IRON MAN/TONY STARK,IM&SM 1;
IRON MAN/TONY STARK,IMSVS 1/6;
IRON MAN/TONY STARK,IW 1;
IRON MAN/TONY STARK,JA 16;
IRON MAN/TONY STARK,J:ED;
IRON MAN/TONY STARK,JIM 101;
IRON MAN/TONY STARK,JIM 105;
IRON MAN/TONY STARK,JIM 108;
IRON MAN/TONY STARK,JIM 116;
IRON MAN/TONY STARK,KS;
IRON MAN/TONY STARK,MARVELS 2;
IRON MAN/TONY STARK,MAXSEC 1;
IRON MAN/TONY STARK,MAXSEC 2;
IRON MAN/TONY STARK,MAXSEC 3;
IRON MAN/TONY STARK,M/CP 41/2;
IRON MAN/TONY STARK,M/CP 42/2;
IRON MAN/TONY STARK,M/CP 43/2;
IRON MAN/TONY STARK,M/CP 43/3;
IRON MAN/TONY STARK,M/CP 44/2;
IRON MAN/TONY STARK,M/CP 45/2;
IRON MAN/TONY STARK,M/CP 51/3;
IRON MAN/TONY STARK,M/CP 58/4;
IRON MAN/TONY STARK,M/CP 78/3;
IRON MAN/TONY STARK,M/CP 82/3;
IRON MAN/TONY STARK,M/CP 8/4;
IRON MAN/TONY STARK,M:DS 2;
IRON MAN/TONY STARK,M:DS 3;
IRON MAN/TONY STARK,M:DS 4;
IRON MAN/TONY STARK,MEPHV. 4;
IRON MAN/TONY STARK,M/FAN 22;
IRON MAN/TONY STARK,M/FAN 23;
IRON MAN/TONY STARK,M/FAN 4/3;
IRON MAN/TONY STARK,M/FAN 44;
IRON MAN/TONY STARK,M/FAN 53/2;
IRON MAN/TONY STARK,M/FEA 10;
IRON MAN/TONY STARK,M/FEA 12;
IRON MAN/TONY STARK,M/FEA 9;
IRON MAN/TONY STARK,M/GN 1;
IRON MAN/TONY STARK,M/GN 27;
IRON MAN/TONY STARK,M/H&L '97;
IRON MAN/TONY STARK,MICRO 28;
IRON MAN/TONY STARK,MICRO 43;
IRON MAN/TONY STARK,M/PRM 47;
IRON MAN/TONY STARK,M/SH3 10/3;
IRON MAN/TONY STARK,M/SH3 11/3;
IRON MAN/TONY STARK,M/SH3 12/3;
IRON MAN/TONY STARK,M/SH3 14;
IRON MAN/TONY STARK,M/SH3 15;
IRON MAN/TONY STARK,M/SH3 2;
IRON MAN/TONY STARK,M/SH3 8/3;
IRON MAN/TONY STARK,M/SH3 9;
IRON MAN/TONY STARK,M/SH3 9/3;
IRON MAN/TONY STARK,M/SS 1;
IRON MAN/TONY STARK,M/TIO 12;
IRON MAN/TONY STARK,M/TIO 2;
IRON MAN/TONY STARK,M/TIO 24;
IRON MAN/TONY STARK,M/TIO 69;
IRON MAN/TONY STARK,M/TIO 7;
IRON MAN/TONY STARK,M/TIO 75;
IRON MAN/TONY STARK,M/TIO 96;
IRON MAN/TONY STARK,M/TIO 97;
IRON MAN/TONY STARK,M/TU 10;
IRON MAN/TONY STARK,M/TU 11;
IRON MAN/TONY STARK,M/TU 110;
IRON MAN/TONY STARK,M/TU2 11;
IRON MAN/TONY STARK,M/TU 29;
IRON MAN/TONY STARK,M/TU 44;
IRON MAN/TONY STARK,M/TU 48;
IRON MAN/TONY STARK,M/TU 49;
IRON MAN/TONY STARK,M/TU 50;
IRON MAN/TONY STARK,M/TU 51;
IRON MAN/TONY STARK,M/TU 7;
IRON MAN/TONY STARK,M/TU 72;
IRON MAN/TONY STARK,M/TU 9;
IRON MAN/TONY STARK,N 4;
IRON MAN/TONY STARK,N 5;
IRON MAN/TONY STARK,NF3 13;
IRON MAN/TONY STARK,NF3 27;
IRON MAN/TONY STARK,NFAOS 8;
IRON MAN/TONY STARK,NFV.S 3;
IRON MAN/TONY STARK,NW2 9;
IRON MAN/TONY STARK,PM 17;
IRON MAN/TONY STARK,PPSM2 11;
IRON MAN/TONY STARK,PPTSS 11;
IRON MAN/TONY STARK,Q 1;
IRON MAN/TONY STARK,Q 32;
IRON MAN/TONY STARK,RH 3/2;
IRON MAN/TONY STARK,RH 4/2;
IRON MAN/TONY STARK,ROM 23;
IRON MAN/TONY STARK,SENSM 28;
IRON MAN/TONY STARK,SENTRY 1;
IRON MAN/TONY STARK,SENTRY 2;
IRON MAN/TONY STARK,S-H2 30;
IRON MAN/TONY STARK,S-H 6;
IRON MAN/TONY STARK,S&L 1/3;
IRON MAN/TONY STARK,SS 17;
IRON MAN/TONY STARK,SS3 14;
IRON MAN/TONY STARK,SS3 52;
IRON MAN/TONY STARK,SS3 54;
IRON MAN/TONY STARK,SS 6;
IRON MAN/TONY STARK,SS '98;
IRON MAN/TONY STARK,ST 135;
IRON MAN/TONY STARK,ST 138;
IRON MAN/TONY STARK,ST 139;
IRON MAN/TONY STARK,ST 140;
IRON MAN/TONY STARK,ST 143;
IRON MAN/TONY STARK,ST 156;
IRON MAN/TONY STARK,SUB-M 14;
IRON MAN/TONY STARK,SUB-M 35;
IRON MAN/TONY STARK,SVTU 14;
IRON MAN/TONY STARK,SVTU 9;
IRON MAN/TONY STARK,SWII 1;
IRON MAN/TONY STARK,SWII 5;
IRON MAN/TONY STARK,SWII 9;
IRON MAN/TONY STARK,T 14;
IRON MAN/TONY STARK,T 15;
IRON MAN/TONY STARK,T 204;
IRON MAN/TONY STARK,T2 1;
IRON MAN/TONY STARK,T2 14;
IRON MAN/TONY STARK,T2 2;
IRON MAN/TONY STARK,T2 27;
IRON MAN/TONY STARK,T 230;
IRON MAN/TONY STARK,T 232;
IRON MAN/TONY STARK,T 233;
IRON MAN/TONY STARK,T 234;
IRON MAN/TONY STARK,T2 5;
IRON MAN/TONY STARK,T 270;
IRON MAN/TONY STARK,T 271;
IRON MAN/TONY STARK,T 314;
IRON MAN/TONY STARK,T 315;
IRON MAN/TONY STARK,T 316;
IRON MAN/TONY STARK,T 317;
IRON MAN/TONY STARK,T 327;
IRON MAN/TONY STARK,T 375;
IRON MAN/TONY STARK,T 381;
IRON MAN/TONY STARK,TA 9;
IRON MAN/TONY STARK,TB 11;
IRON MAN/TONY STARK,TB 12;
IRON MAN/TONY STARK,TB 43;
IRON MAN/TONY STARK,TB 44;
IRON MAN/TONY STARK,TOS2;
IRON MAN/TONY STARK,TOS 39;
IRON MAN/TONY STARK,TOS 40;
IRON MAN/TONY STARK,TOS 41;
IRON MAN/TONY STARK,TOS 42;
IRON MAN/TONY STARK,TOS 43;
IRON MAN/TONY STARK,TOS 44;
IRON MAN/TONY STARK,TOS 45;
IRON MAN/TONY STARK,TOS 46;
IRON MAN/TONY STARK,TOS 47;
IRON MAN/TONY STARK,TOS 48;
IRON MAN/TONY STARK,TOS 49;
IRON MAN/TONY STARK,TOS 50;
IRON MAN/TONY STARK,TOS 51;
IRON MAN/TONY STARK,TOS 52;
IRON MAN/TONY STARK,TOS 53;
IRON MAN/TONY STARK,TOS 54;
IRON MAN/TONY STARK,TOS 55;
IRON MAN/TONY STARK,TOS 56;
IRON MAN/TONY STARK,TOS 57;
IRON MAN/TONY STARK,TOS 58;
IRON MAN/TONY STARK,TOS 59;
IRON MAN/TONY STARK,TOS 60;
IRON MAN/TONY STARK,TOS 61;
IRON MAN/TONY STARK,TOS 62;
IRON MAN/TONY STARK,TOS 63;
IRON MAN/TONY STARK,TOS 64;
IRON MAN/TONY STARK,TOS 65;
IRON MAN/TONY STARK,TOS 66;
IRON MAN/TONY STARK,TOS 67;
IRON MAN/TONY STARK,TOS 68;
IRON MAN/TONY STARK,TOS 69;
IRON MAN/TONY STARK,TOS 70;
IRON MAN/TONY STARK,TOS 71;
IRON MAN/TONY STARK,TOS 72;
IRON MAN/TONY STARK,TOS 73;
IRON MAN/TONY STARK,TOS 74;
IRON MAN/TONY STARK,TOS 75;
IRON MAN/TONY STARK,TOS 76;
IRON MAN/TONY STARK,TOS 77;
IRON MAN/TONY STARK,TOS 78;
IRON MAN/TONY STARK,TOS 79;
IRON MAN/TONY STARK,TOS 80;
IRON MAN/TONY STARK,TOS 81;
IRON MAN/TONY STARK,TOS 82;
IRON MAN/TONY STARK,TOS 83;
IRON MAN/TONY STARK,TOS 84;
IRON MAN/TONY STARK,TOS 85;
IRON MAN/TONY STARK,TOS 86;
IRON MAN/TONY STARK,TOS 87;
IRON MAN/TONY STARK,TOS 88;
IRON MAN/TONY STARK,TOS 89;
IRON MAN/TONY STARK,TOS 90;
IRON MAN/TONY STARK,TOS 91;
IRON MAN/TONY STARK,TOS 92;
IRON MAN/TONY STARK,TOS 93;
IRON MAN/TONY STARK,TOS 94;
IRON MAN/TONY STARK,TOS 95;
IRON MAN/TONY STARK,TOS 95/2;
IRON MAN/TONY STARK,TOS 96;
IRON MAN/TONY STARK,TOS 97;
IRON MAN/TONY STARK,TOS 98/2;
IRON MAN/TONY STARK,TOS 99;
IRON MAN/TONY STARK,TTA 59;
IRON MAN/TONY STARK,TTA 82;
IRON MAN/TONY STARK,UTSM 3;
IRON MAN/TONY STARK,UTSM '97;
IRON MAN/TONY STARK,UX 9;
IRON MAN/TONY STARK,V&SW2 1;
IRON MAN/TONY STARK,V&SW2 2;
IRON MAN/TONY STARK,V&SW 3;
IRON MAN/TONY STARK,WARM 10;
IRON MAN/TONY STARK,WARM 22;
IRON MAN/TONY STARK,WARM 4;
IRON MAN/TONY STARK,WARM 8;
IRON MAN/TONY STARK,WARM 9;
IRON MAN/TONY STARK,WBN 42;
IRON MAN/TONY STARK,WBN 43;
IRON MAN/TONY STARK,WCA 1;
IRON MAN/TONY STARK,WCA 2;
IRON MAN/TONY STARK,WCA2 1;
IRON MAN/TONY STARK,WCA2 10;
IRON MAN/TONY STARK,WCA2 11;
IRON MAN/TONY STARK,WCA2 12;
IRON MAN/TONY STARK,WCA2 13;
IRON MAN/TONY STARK,WCA2 14;
IRON MAN/TONY STARK,WCA2 15;
IRON MAN/TONY STARK,WCA2 16;
IRON MAN/TONY STARK,WCA2 17;
IRON MAN/TONY STARK,WCA2 18;
IRON MAN/TONY STARK,WCA2 19;
IRON MAN/TONY STARK,WCA2 2;
IRON MAN/TONY STARK,WCA2 20;
IRON MAN/TONY STARK,WCA2 21;
IRON MAN/TONY STARK,WCA2 22  WCA2 23;
IRON MAN/TONY STARK,WCA2 24;
IRON MAN/TONY STARK,WCA2 25;
IRON MAN/TONY STARK,WCA2 26;
IRON MAN/TONY STARK,WCA2 27;
IRON MAN/TONY STARK,WCA2 28;
IRON MAN/TONY STARK,WCA2 29;
IRON MAN/TONY STARK,WCA2 3;
IRON MAN/TONY STARK,WCA2 30;
IRON MAN/TONY STARK,WCA2 31;
IRON MAN/TONY STARK,WCA2 38;
IRON MAN/TONY STARK,WCA2 4;
IRON MAN/TONY STARK,WCA2 5;
IRON MAN/TONY STARK,WCA2 8;
IRON MAN/TONY STARK,WCA2 9;
IRON MAN/TONY STARK,WLOCK3 2;
IRON MAN/TONY STARK,WM2 2;
IRON MAN/TONY STARK,WM2 9;
IRON MAN/TONY STARK,WOSM 7;
IRON MAN/TONY STARK,X 65;
IRON MAN/TONY STARK,X 73;
IRON MAN/TONY STARK,XCAL 37;
IRON MAN/TONY STARK,XCAL 38;
IRON MAN/TONY STARK,XCAL 39;
IRON MAN/TONY STARK,XF 32;
IRON MAN V/TEEN TONY,A 395;
IRON MAN V/TEEN TONY,A 396;
IRON MAN V/TEEN TONY,A 400;
IRON MAN V/TEEN TONY,A 401;
IRON MAN V/TEEN TONY,A 402;
IRON MAN V/TEEN TONY,AOI;
IRON MAN V/TEEN TONY,A:T;
IRON MAN V/TEEN TONY,H2 445;
IRON MAN V/TEEN TONY,IM 325;
IRON MAN V/TEEN TONY,IM 326;
IRON MAN V/TEEN TONY,IM 327;
IRON MAN V/TEEN TONY,O:MU;
IRON MAN V/TEEN TONY,O:X;
IRON MAN V/TEEN TONY,SMTU 4;
IRON MAN V/TEEN TONY,UX 335;
IRON MAN V/TEEN TONY,UX 336;
IRON MAN V/TEEN TONY,X 55;
IRON,TB 6;
IRON,TB 8;
IRONWOOD, CISSY,M/TU 2;
IRONWOOD, CISSY,M/TU 80;
IRONWOOD, CISSY,M/TU 81;
IRONWOOD, CISSY,M/TU 90;
ISAAC,A 230;
ISAAC,A 238;
ISAAC,A 243;
ISAAC,A 249;
ISAAC,A 253;
ISAAC,CA 292;
ISAAC,CM 32;
ISAAC,CM 33;
ISAAC,CM 58;
ISAAC,CM 59;
ISAAC,CM 60;
ISAAC,CM 61;
ISAAC,CM 62;
ISAAC,IG 1;
ISAAC,IG 2;
ISAAC,IM 55;
ISAAC,KZ4 10;
ISAAC,M/SPT2 1;
ISAAC,M/SPT2 2;
ISAAC,M/SPT2 3;
ISAAC,Q 59;
ISAAC,SOLOA 18/2;
ISAAC,SOLOA 20/2;
ISAAC,SS 6;
ISAAC,TB 46;
ISAAC,TB 47;
ISBISA/DR. SANDERSON,S-H2 29;
ISBISA/DR. SANDERSON,S-H2 30;
ISHIHARA, ZOE,GAM3 17;
ISHIHARA, ZOE,GAM3 19;
ISHIHARA, ZOE,GAM3 22;
ISHIMA, DAVID,A 240;
ISHIMA, DAVID,S-W 37;
ISHIMA, DAVID,S-W 38;
ISHIMA, DAVID,S-W 39;
ISHIMA, DAVID,S-W 41;
ISHIMA, DAVID,S-W 44;
ISHIMA, DAVID,S-W 45;
ISHIMA, DAVID,S-W 46;
ISHIMA, DAVID,S-W 49;
ISHIMA, DAVID,S-W 50;
ISHIMA, DAVID,UX 206;
ISIS,T 239;
ISIS,T 240;
ISIS,T 241;
ISLEY, LYNN,A 341;
IT,AT 21;
IT,AT 22;
IT,AT 23;
IT,AT 24;
IT,AT:WMB 2;
IT,H2 244;
ITOBU, DR. JOSHUA,C2 54;
IT,TOS 14;
IT,TOS 20;
ITZAMNA,IG 2;
IVANOVA, ELENA,MAV;
IVANOVA, ELENA,MAV2 1;
IVANOVA, ELENA,MAV2 12;
IVANOVA, ELENA,MAV2 2;
IVANOVA, ELENA,MAV2 3;
IVANOVA, ELENA,MAV2 4;
IVANOVA, ELENA,MAV2 5;
IVANOVA, ELENA,MAV2 6;
IVANOVA, ELENA,MAV2 7;
IVANOVA, ELENA,MAV2 8;
IVANOVA, ELENA,W2 68;
IVORY/,NF3 33;
IVORY/,NF3 34;
IVORY/,NF3 35;
IVORY/,NF3 40;
IVORY/,NF3 41;
IVORY/,NF3 42;
IZANAMI,DD 294;
IZANAMI,DD 295;
IZANAMI,DD 296;
IZANAMI II,DD 307;
IZANAMI II,DD 308;
IZZIFIZZ,SS3 115;
IZZIFIZZ,SS3 116;
IZZIFIZZ,SS3 117;
IZZIFIZZ,SS3 118;
IZZIFIZZ,SS3 119;
JACKAL II/WARREN,AF 114;
JACKAL/MILES WARREN,ASM 114;
JACKAL/MILES WARREN,ASM 126;
JACKAL/MILES WARREN,ASM 127;
JACKAL/MILES WARREN,ASM 129;
JACKAL/MILES WARREN,ASM 130;
JACKAL/MILES WARREN,ASM 139;
JACKAL/MILES WARREN,ASM 140;
JACKAL/MILES WARREN,ASM 141;
JACKAL/MILES WARREN,ASM 143;
JACKAL/MILES WARREN,ASM 146;
JACKAL/MILES WARREN,ASM 147;
JACKAL/MILES WARREN,ASM 148;
JACKAL/MILES WARREN,ASM 149;
JACKAL/MILES WARREN,ASM 31;
JACKAL/MILES WARREN,ASM 39;
JACKAL/MILES WARREN,ASM 394/2;
JACKAL/MILES WARREN,ASM 399;
JACKAL/MILES WARREN,ASM 400;
JACKAL/MILES WARREN,ASM 404;
JACKAL/MILES WARREN,ASM 48;
JACKAL/MILES WARREN,ASM 50;
JACKAL/MILES WARREN,ASM 53;
JACKAL/MILES WARREN,ASM 63;
JACKAL/MILES WARREN,ASM 88;
JACKAL/MILES WARREN,ASM '96;
JACKAL/MILES WARREN,JF 1;
JACKAL/MILES WARREN,MC:A;
JACKAL/MILES WARREN,MC:O;
JACKAL/MILES WARREN,OJ 1;
JACKAL/MILES WARREN,PPTSS 222;
JACKAL/MILES WARREN,PPTSS 223;
JACKAL/MILES WARREN,PPTSS 225;
JACKAL/MILES WARREN,PPTSS 226;
JACKAL/MILES WARREN,PPTSS 227;
JACKAL/MILES WARREN,PPTSS 31;
JACKAL/MILES WARREN,S-M 51/2;
JACKAL/MILES WARREN,S-M 56;
JACKAL/MILES WARREN,S-M 57;
JACKAL/MILES WARREN,S-M 61;
JACKAL/MILES WARREN,SPECSM 1;
JACKAL/MILES WARREN,SPECSM 2;
JACKAL/MILES WARREN,SSU 1;
JACKAL/MILES WARREN,WOSM 117/2;
JACKAL/MILES WARREN,WOSM 123;
JACKAL/MILES WARREN,WOSM 127;
JACK,ASM 399;
JACK FLAG/,A 387;
JACK FLAG/,A 388;
JACK FLAG/,CA 434;
JACK FLAG/,CA 435;
JACK FLAG/,CA 436;
JACK FLAG/,CA 437;
JACK FLAG/,CA 438;
JACK FLAG/,CA 439;
JACK FLAG/,CA 440;
JACK FLAG/,CA 441;
JACK FLAG/,CA 442;
JACK FLAG/,CA 443;
JACK FROST/,CA 384;
JACK FROST/,INV 35;
JACK FROST/,INV 36;
JACK FROST/,INV 37;
JACK FROST/,INV 38;
JACK FROST/,INV 6;
JACK FROST/,M/PRM 29;
JACK FROST/,M/PRM 30;
JACK FROST/,M/TIO 1;
JACK FROST/,USA COMICS 1;
JACK FROST/,USA COMICS 2;
JACK FROST/,USA COMICS 3;
JACK FROST/,USA COMICS 4;
JACKHAMMER,CA 371;
JACKHAMMER,DD 121;
JACKHAMMER,DD 123;
JACKKNIFE/JACK COLE,XM 32;
JACKKNIFE/JACK COLE,XM 33;
JACK O'DIAMONDS,S-H2 34;
JACK O'DIAMONDS,S-H2 35;
JACK O'DIAMONDS,UX 39/2;
JACK O'DIAMONDS,UX 40/2;
JACK O'DIAMONDS,UX 41/2;
JACK O'DIAMONDS,UX 42/2;
JACK OF HEARTS/JACK,A3 35;
JACK OF HEARTS/JACK,A3 36;
JACK OF HEARTS/JACK,A3 37;
JACK OF HEARTS/JACK,A3 38;
JACK OF HEARTS/JACK,A3 43;
JACK OF HEARTS/JACK,AI 1;
JACK OF HEARTS/JACK,AI 2;
JACK OF HEARTS/JACK,AI 3;
JACK OF HEARTS/JACK,AI 4;
JACK OF HEARTS/JACK,COC 1;
JACK OF HEARTS/JACK,CP 5;
JACK OF HEARTS/JACK,CPU 3;
JACK OF HEARTS/JACK,CPU 3/2;
JACK OF HEARTS/JACK,DEF 62;
JACK OF HEARTS/JACK,DEF 63;
JACK OF HEARTS/JACK,DEF 64;
JACK OF HEARTS/JACK,DHKF 22/2;
JACK OF HEARTS/JACK,DHKF 23/2;
JACK OF HEARTS/JACK,DHKF 24/2;
JACK OF HEARTS/JACK,DHKF 26;
JACK OF HEARTS/JACK,DHKF 29/2;
JACK OF HEARTS/JACK,DHKF 30;
JACK OF HEARTS/JACK,DHKF 31;
JACK OF HEARTS/JACK,DHKF 32/2;
JACK OF HEARTS/JACK,H2 213;
JACK OF HEARTS/JACK,H2 214;
JACK OF HEARTS/JACK,H2 278;
JACK OF HEARTS/JACK,H2 279;
JACK OF HEARTS/JACK,IM 102;
JACK OF HEARTS/JACK,IM 103;
JACK OF HEARTS/JACK,IM 104;
JACK OF HEARTS/JACK,IM 105;
JACK OF HEARTS/JACK,IM 106;
JACK OF HEARTS/JACK,IM 107;
JACK OF HEARTS/JACK,IM 108;
JACK OF HEARTS/JACK,IM 109;
JACK OF HEARTS/JACK,IM 110;
JACK OF HEARTS/JACK,IM 111;
JACK OF HEARTS/JACK,IM 112;
JACK OF HEARTS/JACK,IM 113;
JACK OF HEARTS/JACK,JOH 1;
JACK OF HEARTS/JACK,JOH 2;
JACK OF HEARTS/JACK,JOH 3;
JACK OF HEARTS/JACK,JOH 4;
JACK OF HEARTS/JACK,MAXSEC 3;
JACK OF HEARTS/JACK,M/PRM 44;
JACK OF HEARTS/JACK,M/TIO 48;
JACK OF HEARTS/JACK,M/TU 134;
JACK OF HEARTS/JACK,Q 15;
JACK OF HEARTS/JACK,Q 19;
JACK OF HEARTS/JACK,Q 20;
JACK OF HEARTS/JACK,Q 27;
JACK OF HEARTS/JACK,Q 28;
JACK OF HEARTS/JACK,Q 29;
JACK OF HEARTS/JACK,ROM 12;
JACK O'LANTERN II/MA,CA 396;
JACK O'LANTERN II/MA,CA 397;
JACK O'LANTERN II/MA,CA 398/2;
JACK O'LANTERN II/MA,CA 405/2;
JACK O'LANTERN II/MA,CA 406/2;
JACK O'LANTERN II/MA,CA 407/2;
JACK O'LANTERN II/MA,CA 408/2;
JACK O'LANTERN II/MA,CA 409;
JACK O'LANTERN II/MA,CA 410;
JACK O'LANTERN II/MA,PPTSS 241;
JACK O'LANTERN II/MA,PPTSS 242;
JACK O'LANTERN II/MA,PPTSS 243;
JACK O'LANTERN II/MA,PPTSS 244;
JACK O'LANTERN II/MA,PPTSS 245;
JACK O'LANTERN II/MA,PPTSS 246;
JACK O'LANTERN II/MA,PPTSS 247;
JACK O'LANTERN II/MA,PPTSS 248;
JACK O'LANTERN II/MA,PPTSS 257;
JACK O'LANTERN II/MA,PPTSS 258;
JACK O'LANTERN II/MA,S-H2 30;
JACK O'LANTERN II/MA,SM:MM 1;
JACK O'LANTERN II/MA,SM:MM 2;
JACK O'LANTERN II/MA,SM:MM 3;
JACK,PPTSS 222;
JACK SERIOUS/DR. JOH,S-H2 19;
JACK SERIOUS/DR. JOH,S-H2 20;
JACK,S-M 56;
JACKSON, ANDREW JOCK,DHAWK 23;
JACKSON, ANDREW JOCK,DHAWK 24;
JACKSON, ANDREW JOCK,FF 372;
JACKSON, ANDREW JOCK,M/CP 112/2;
JACKSON, ANDREW JOCK,T 426;
JACKSON, ANDREW JOCK,T 427;
JACKSON, ANDREW JOCK,T 428;
JACKSON, ANDREW JOCK,T 432;
JACKSON, ANDREW JOCK,T 433;
JACKSON, ANDREW JOCK,T 449;
JACKSON, ANDREW JOCK,T 450;
JACKSON, ANDREW JOCK,T 451;
JACKSON, ANDREW JOCK,T 456;
JACKSON, BRENT,W2 163;
JACKSON, BRENT,W2 164;
JACKSON, CELIA,BG 5;
JACKSON, CELIA,M/SH3 11/2;
JACKSON, CELIA,M/TIO 85;
JACKSON, CELIA,M/TIO 96;
JACKSON, CURTISS,CA 230;
JACKSON, CURTISS,CA 231;
JACKSON, CURTISS,CA 328;
JACKSON, CURTISS,CA 329;
JACKSON, CURTISS,CA 330;
JACKSON, CURTISS,CA 331;
JACKSON, CURTISS,CA 358/2;
JACKSON, CURTISS,CA 359/2;
JACKSON, CURTISS,CA 360/2;
JACKSON, CURTISS,CA 361/2;
JACKSON, CURTISS,CA 362/2;
JACKSON, CURTISS,CA 363/2;
JACKSON, CURTISS,CA 364/2;
JACKSON, CURTISS,CA 375/2;
JACKSON, CURTISS,CA 376/2;
JACKSON, CURTISS,CA 377/2;
JACKSON, CURTISS,CA 378/2;
JACKSON, CURTISS,CA 394;
JACKSON, CURTISS,H2 233;
JACKSON, CURTISS,H2 234;
JACKSON, CURTISS,H2 235;
JACKSON, CURTISS,H2 236;
JACKSON, CURTISS,H2 237;
JACKSON, CURTISS,MM 8;
JACKSON, CURTISS,TG 35;
JACKSON, CURTISS,USA2 2;
JACKSON, STEVE,ROM 10;
JACKSON, STEVE,ROM 15;
JACKSON, STEVE,ROM 16;
JACKSON, STEVE,ROM 17;
JACKSON, STEVE,ROM 19;
JACKSON, STEVE,ROM 2;
JACKSON, STEVE,ROM 20;
JACKSON, STEVE,ROM 21;
JACKSON, STEVE,ROM 22;
JACKSON, STEVE,ROM 23;
JACKSON, STEVE,ROM 25;
JACKSON, STEVE,ROM 25/2;
JACKSON, STEVE,ROM 26;
JACKSON, STEVE,ROM 27;
JACKSON, STEVE,ROM 28;
JACKSON, STEVE,ROM 29;
JACKSON, STEVE,ROM 3;
JACKSON, STEVE,ROM 30;
JACKSON, STEVE,ROM 32;
JACKSON, STEVE,ROM 33;
JACKSON, STEVE,ROM 37;
JACKSON, STEVE,ROM 39;
JACKSON, STEVE,ROM 4;
JACKSON, STEVE,ROM 40;
JACKSON, STEVE,ROM 41;
JACKSON, STEVE,ROM 42;
JACKSON, STEVE,ROM 49;
JACKSON, STEVE,ROM 5;
JACKSON, STEVE,ROM 6;
JACKSON, STEVE,ROM 7;
JACKSON, STEVE,ROM 8;
JACKSON, STEVE,ROM 9;
JACK,WOSM 122;
JACK,WOSM 123;
JACOBS, BEN,DLOK 1;
JACOBS, BEN,DLOK 2;
JACOBS, BEN,DLOK2 18;
JACOBS, BEN,DLOK2 8;
JACOBS, BEN,DLOK 3;
JACOBS, GLENDA,IM3 15;
JACOBS, GLENDA,IM3 18;
JACOBS, GLENDA,IM3 19;
JACOBS, GLENDA,IM3 20;
JACOBY, KYLE,ASM2 30;
JADE DRAGON/DEI GUAN,AF 59;
JADE DRAGON/DEI GUAN,AF 60;
JADE DRAGON/DEI GUAN,AF 61;
JADE DRAGON/DEI GUAN,AF 64;
JADE DRAGON/DEI GUAN,AF 65;
JADE DRAGON/DEI GUAN,AF 66;
JADE DRAGON/DEI GUAN,AF 69;
JADE DRAGON/DEI GUAN,XFOR 3;
JAGATAR,KZ '97;
JAGGED BOW/,ASM 367;
JAGRFELM [ASGARDIAN],T2 22;
JAGRFELM [ASGARDIAN],T2 23;
JAGRFELM [ASGARDIAN],T2 24;
JAGRFELM [ASGARDIAN],T2 25;
JAGRFELM [ASGARDIAN],T2 28;
JAGRFELM [ASGARDIAN],T2 29;
JAHF,UX 108;
JAHF,UX 320;
JAHF,XM 55;
JAILBAIT/JESS,A 397;
JAILBAIT/JESS,H2 345;
JAILBAIT/JESS,H2 366;
JAILBAIT/JESS,H2 397;
JAILBAIT/JESS,H2 398;
JAILBAIT/JESS,H2 399;
JAILBAIT/JESS,H2 400;
JAILBAIT/JESS,H2 438;
JAILBAIT/JESS,H2 439;
JAILBAIT/JESS,H2 442;
JAILBAIT/JESS,H2 464;
JAKAL,PP:PP 1;
JAKAL,PP:PP 2;
JAKAL,PP:PP 3;
JAKAL,PP:PP 4;
JAKAR,CA 150;
JAKAR,CP 6;
JAKAR,CPU 3;
JAKAR,CPU 3/2;
JAKAR,Q 14;
JAKES, JUDSON,H2 271;
JAKES, JUDSON,ROCRAC 1;
JAKES, JUDSON,ROCRAC 2;
JAKES, JUDSON,ROCRAC 3;
JAKES, JUDSON,ROCRAC 4;
JAMEEL,M/:LG 9;
JAMEKA,KZ4 14/2;
JAMEKA,KZ4 15;
JAMEKA,KZ4 17;
JAMESLEY, ALOYSIUS R,T 416;
JAMESLEY, ALOYSIUS R,T 444;
JAMESON, COL. JOHN,A 314;
JAMESON, COL. JOHN,A 316;
JAMESON, COL. JOHN,A 319/2;
JAMESON, COL. JOHN,A 323/2;
JAMESON, COL. JOHN,A 324/2;
JAMESON, COL. JOHN,A 325;
JAMESON, COL. JOHN,A 329;
JAMESON, COL. JOHN,A 330;
JAMESON, COL. JOHN,A 331;
JAMESON, COL. JOHN,A 332;
JAMESON, COL. JOHN,AAF 18;
JAMESON, COL. JOHN,ASM 1;
JAMESON, COL. JOHN,ASM 124;
JAMESON, COL. JOHN,ASM 125;
JAMESON, COL. JOHN,ASM 126;
JAMESON, COL. JOHN,ASM 18;
JAMESON, COL. JOHN,ASM 184;
JAMESON, COL. JOHN,ASM 188;
JAMESON, COL. JOHN,ASM 189;
JAMESON, COL. JOHN,ASM 190;
JAMESON, COL. JOHN,ASM2 20;
JAMESON, COL. JOHN,ASM 391;
JAMESON, COL. JOHN,ASM 394;
JAMESON, COL. JOHN,ASM 400;
JAMESON, COL. JOHN,ASM 403;
JAMESON, COL. JOHN,ASM 41;
JAMESON, COL. JOHN,ASM 410;
JAMESON, COL. JOHN,ASM 417;
JAMESON, COL. JOHN,ASM 42;
JAMESON, COL. JOHN,ASM 43;
JAMESON, COL. JOHN,ASM 47;
JAMESON, COL. JOHN,ASM 55;
JAMESON, COL. JOHN,ASM 56;
JAMESON, COL. JOHN,ASM 57;
JAMESON, COL. JOHN,ASM 58;
JAMESON, COL. JOHN,ASM 71;
JAMESON, COL. JOHN,ASM 88;
JAMESON, COL. JOHN,CA 358;
JAMESON, COL. JOHN,CA 359;
JAMESON, COL. JOHN,CA 360;
JAMESON, COL. JOHN,CA 361;
JAMESON, COL. JOHN,CA 362;
JAMESON, COL. JOHN,CA 363;
JAMESON, COL. JOHN,CA 365;
JAMESON, COL. JOHN,CA 368;
JAMESON, COL. JOHN,CA 370;
JAMESON, COL. JOHN,CA 371;
JAMESON, COL. JOHN,CA 372;
JAMESON, COL. JOHN,CA 373;
JAMESON, COL. JOHN,CA 374;
JAMESON, COL. JOHN,CA 375;
JAMESON, COL. JOHN,CA 376;
JAMESON, COL. JOHN,CA 377;
JAMESON, COL. JOHN,CA 378;
JAMESON, COL. JOHN,CA 379;
JAMESON, COL. JOHN,CA 380;
JAMESON, COL. JOHN,CA 381;
JAMESON, COL. JOHN,CA 382;
JAMESON, COL. JOHN,CA 383;
JAMESON, COL. JOHN,CA 384;
JAMESON, COL. JOHN,CA 386;
JAMESON, COL. JOHN,CA 387;
JAMESON, COL. JOHN,CA 388;
JAMESON, COL. JOHN,CA 392;
JAMESON, COL. JOHN,CA 395;
JAMESON, COL. JOHN,CA 396;
JAMESON, COL. JOHN,CA 397;
JAMESON, COL. JOHN,CA 398;
JAMESON, COL. JOHN,CA 406;
JAMESON, COL. JOHN,CA 407;
JAMESON, COL. JOHN,CA 408;
JAMESON, COL. JOHN,COTL 30;
JAMESON, COL. JOHN,COTL 31;
JAMESON, COL. JOHN,COTL 32;
JAMESON, COL. JOHN,COTL 33;
JAMESON, COL. JOHN,COTL 34;
JAMESON, COL. JOHN,COTL 35;
JAMESON, COL. JOHN,COTL 36;
JAMESON, COL. JOHN,COTL 37;
JAMESON, COL. JOHN,FF 204;
JAMESON, COL. JOHN,GSSH 1;
JAMESON, COL. JOHN,M/PM 45;
JAMESON, COL. JOHN,M/PM 46;
JAMESON, COL. JOHN,M/TU 36;
JAMESON, COL. JOHN,M/TU 37;
JAMESON, COL. JOHN,PPTSS 217;
JAMESON, COL. JOHN,PPTSS 223;
JAMESON, COL. JOHN,PPTSS 230;
JAMESON, COL. JOHN,PPTSS 233;
JAMESON, COL. JOHN,PPTSS 241;
JAMESON, COL. JOHN,PPTSS 242;
JAMESON, COL. JOHN,PPTSS 243;
JAMESON, COL. JOHN,PPTSS 244;
JAMESON, COL. JOHN,PPTSS 245;
JAMESON, COL. JOHN,PPTSS 246;
JAMESON, COL. JOHN,PPTSS 247;
JAMESON, COL. JOHN,PPTSS 248;
JAMESON, COL. JOHN,PPTSS 249;
JAMESON, COL. JOHN,PPTSS 250;
JAMESON, COL. JOHN,PPTSS 3;
JAMESON, COL. JOHN,SENSM 18;
JAMESON, COL. JOHN,SENSM 3;
JAMESON, COL. JOHN,S-H 13;
JAMESON, COL. JOHN,S-H 14;
JAMESON, COL. JOHN,S-M 51;
JAMESON, COL. JOHN,S-M 57;
JAMESON, COL. JOHN,S-M 67;
JAMESON, COL. JOHN,SS 1;
JAMESON, COL. JOHN,UTSM 3;
JAMESON, COL. JOHN,UTSM 4;
JAMESON, COL. JOHN,WOSM 114;
JAMESON, COL. JOHN,WOSM 115;
JAMESON, COL. JOHN,WOSM 116;
JAMESON, COL. JOHN,WOSM 117;
JAMESON, COL. JOHN,WTS 2;
JAMESON, J. JONAH,A 329;
JAMESON, J. JONAH,A 59;
JAMESON, J. JONAH,AA2 3/2;
JAMESON, J. JONAH,AAF 18;
JAMESON, J. JONAH,ASM -1;
JAMESON, J. JONAH,ASM 1;
JAMESON, J. JONAH,ASM 10;
JAMESON, J. JONAH,ASM 101;
JAMESON, J. JONAH,ASM 102;
JAMESON, J. JONAH,ASM 103;
JAMESON, J. JONAH,ASM 104;
JAMESON, J. JONAH,ASM 105;
JAMESON, J. JONAH,ASM 106;
JAMESON, J. JONAH,ASM 107;
JAMESON, J. JONAH,ASM 11;
JAMESON, J. JONAH,ASM 111;
JAMESON, J. JONAH,ASM 112;
JAMESON, J. JONAH,ASM 113;
JAMESON, J. JONAH,ASM 115;
JAMESON, J. JONAH,ASM 116;
JAMESON, J. JONAH,ASM 117;
JAMESON, J. JONAH,ASM 118;
JAMESON, J. JONAH,ASM 119;
JAMESON, J. JONAH,ASM 12;
JAMESON, J. JONAH,ASM 121;
JAMESON, J. JONAH,ASM 122;
JAMESON, J. JONAH,ASM 123;
JAMESON, J. JONAH,ASM 124;
JAMESON, J. JONAH,ASM 125;
JAMESON, J. JONAH,ASM 126;
JAMESON, J. JONAH,ASM 128;
JAMESON, J. JONAH,ASM 129;
JAMESON, J. JONAH,ASM 13;
JAMESON, J. JONAH,ASM 130;
JAMESON, J. JONAH,ASM 131;
JAMESON, J. JONAH,ASM 133;
JAMESON, J. JONAH,ASM 134;
JAMESON, J. JONAH,ASM 135;
JAMESON, J. JONAH,ASM 137;
JAMESON, J. JONAH,ASM 139;
JAMESON, J. JONAH,ASM 14;
JAMESON, J. JONAH,ASM 140;
JAMESON, J. JONAH,ASM 141;
JAMESON, J. JONAH,ASM 142;
JAMESON, J. JONAH,ASM 144;
JAMESON, J. JONAH,ASM 147;
JAMESON, J. JONAH,ASM 149;
JAMESON, J. JONAH,ASM 15;
JAMESON, J. JONAH,ASM 151;
JAMESON, J. JONAH,ASM 152;
JAMESON, J. JONAH,ASM 155;
JAMESON, J. JONAH,ASM 156;
JAMESON, J. JONAH,ASM 158;
JAMESON, J. JONAH,ASM 159;
JAMESON, J. JONAH,ASM 16;
JAMESON, J. JONAH,ASM 160;
JAMESON, J. JONAH,ASM 161;
JAMESON, J. JONAH,ASM 162;
JAMESON, J. JONAH,ASM 165;
JAMESON, J. JONAH,ASM 166;
JAMESON, J. JONAH,ASM 167;
JAMESON, J. JONAH,ASM 168;
JAMESON, J. JONAH,ASM 169;
JAMESON, J. JONAH,ASM 17;
JAMESON, J. JONAH,ASM 172;
JAMESON, J. JONAH,ASM 174;
JAMESON, J. JONAH,ASM 175;
JAMESON, J. JONAH,ASM 176;
JAMESON, J. JONAH,ASM 178;
JAMESON, J. JONAH,ASM 18;
JAMESON, J. JONAH,ASM 180;
JAMESON, J. JONAH,ASM 182;
JAMESON, J. JONAH,ASM 184;
JAMESON, J. JONAH,ASM 185/2;
JAMESON, J. JONAH,ASM 186;
JAMESON, J. JONAH,ASM 187;
JAMESON, J. JONAH,ASM 188;
JAMESON, J. JONAH,ASM 189;
JAMESON, J. JONAH,ASM 19;
JAMESON, J. JONAH,ASM 190;
JAMESON, J. JONAH,ASM 191;
JAMESON, J. JONAH,ASM 192;
JAMESON, J. JONAH,ASM 193;
JAMESON, J. JONAH,ASM 194;
JAMESON, J. JONAH,ASM 196;
JAMESON, J. JONAH,ASM 197;
JAMESON, J. JONAH,ASM 198;
JAMESON, J. JONAH,ASM 2;
JAMESON, J. JONAH,ASM 20;
JAMESON, J. JONAH,ASM 201;
JAMESON, J. JONAH,ASM 202;
JAMESON, J. JONAH,ASM 204;
JAMESON, J. JONAH,ASM 206;
JAMESON, J. JONAH,ASM 207;
JAMESON, J. JONAH,ASM 21;
JAMESON, J. JONAH,ASM2 1;
JAMESON, J. JONAH,ASM 210;
JAMESON, J. JONAH,ASM2 11;
JAMESON, J. JONAH,ASM 212;
JAMESON, J. JONAH,ASM 213;
JAMESON, J. JONAH,ASM2 14;
JAMESON, J. JONAH,ASM 216;
JAMESON, J. JONAH,ASM2 16;
JAMESON, J. JONAH,ASM 218;
JAMESON, J. JONAH,ASM 219;
JAMESON, J. JONAH,ASM 22;
JAMESON, J. JONAH,ASM 220;
JAMESON, J. JONAH,ASM2 20;
JAMESON, J. JONAH,ASM2 21;
JAMESON, J. JONAH,ASM 222;
JAMESON, J. JONAH,ASM 223;
JAMESON, J. JONAH,ASM 224;
JAMESON, J. JONAH,ASM2 24;
JAMESON, J. JONAH,ASM 225;
JAMESON, J. JONAH,ASM2 25;
JAMESON, J. JONAH,ASM 228;
JAMESON, J. JONAH,ASM 23;
JAMESON, J. JONAH,ASM 230;
JAMESON, J. JONAH,ASM 231;
JAMESON, J. JONAH,ASM 233;
JAMESON, J. JONAH,ASM 234;
JAMESON, J. JONAH,ASM 235;
JAMESON, J. JONAH,ASM 24;
JAMESON, J. JONAH,ASM 245;
JAMESON, J. JONAH,ASM 246;
JAMESON, J. JONAH,ASM 249;
JAMESON, J. JONAH,ASM 25;
JAMESON, J. JONAH,ASM2 5;
JAMESON, J. JONAH,ASM 250;
JAMESON, J. JONAH,ASM 251;
JAMESON, J. JONAH,ASM 252;
JAMESON, J. JONAH,ASM 26;
JAMESON, J. JONAH,ASM2 6;
JAMESON, J. JONAH,ASM 260;
JAMESON, J. JONAH,ASM 268;
JAMESON, J. JONAH,ASM 27;
JAMESON, J. JONAH,ASM 270;
JAMESON, J. JONAH,ASM 279;
JAMESON, J. JONAH,ASM 28;
JAMESON, J. JONAH,ASM2 8;
JAMESON, J. JONAH,ASM 281;
JAMESON, J. JONAH,ASM 282;
JAMESON, J. JONAH,ASM 284;
JAMESON, J. JONAH,ASM 289;
JAMESON, J. JONAH,ASM 29;
JAMESON, J. JONAH,ASM 290;
JAMESON, J. JONAH,ASM 3;
JAMESON, J. JONAH,ASM 30;
JAMESON, J. JONAH,ASM 303;
JAMESON, J. JONAH,ASM 304;
JAMESON, J. JONAH,ASM 309;
JAMESON, J. JONAH,ASM 31;
JAMESON, J. JONAH,ASM 312;
JAMESON, J. JONAH,ASM 314;
JAMESON, J. JONAH,ASM 32;
JAMESON, J. JONAH,ASM 326;
JAMESON, J. JONAH,ASM 33;
JAMESON, J. JONAH,ASM 34;
JAMESON, J. JONAH,ASM 340;
JAMESON, J. JONAH,ASM 342;
JAMESON, J. JONAH,ASM 348;
JAMESON, J. JONAH,ASM 359;
JAMESON, J. JONAH,ASM 360;
JAMESON, J. JONAH,ASM 362;
JAMESON, J. JONAH,ASM 363;
JAMESON, J. JONAH,ASM 364;
JAMESON, J. JONAH,ASM 365/2;
JAMESON, J. JONAH,ASM 366;
JAMESON, J. JONAH,ASM 368;
JAMESON, J. JONAH,ASM 368/2;
JAMESON, J. JONAH,ASM 37;
JAMESON, J. JONAH,ASM 38;
JAMESON, J. JONAH,ASM 39;
JAMESON, J. JONAH,ASM 4;
JAMESON, J. JONAH,ASM 40;
JAMESON, J. JONAH,ASM 400;
JAMESON, J. JONAH,ASM 407;
JAMESON, J. JONAH,ASM 409;
JAMESON, J. JONAH,ASM 41;
JAMESON, J. JONAH,ASM 410;
JAMESON, J. JONAH,ASM 411;
JAMESON, J. JONAH,ASM 413;
JAMESON, J. JONAH,ASM 415;
JAMESON, J. JONAH,ASM 416;
JAMESON, J. JONAH,ASM 418;
JAMESON, J. JONAH,ASM 42;
JAMESON, J. JONAH,ASM 423;
JAMESON, J. JONAH,ASM 424;
JAMESON, J. JONAH,ASM 425;
JAMESON, J. JONAH,ASM 428;
JAMESON, J. JONAH,ASM 429;
JAMESON, J. JONAH,ASM 43;
JAMESON, J. JONAH,ASM 430;
JAMESON, J. JONAH,ASM 431;
JAMESON, J. JONAH,ASM 432;
JAMESON, J. JONAH,ASM 433;
JAMESON, J. JONAH,ASM 438;
JAMESON, J. JONAH,ASM 44;
JAMESON, J. JONAH,ASM 45;
JAMESON, J. JONAH,ASM 46;
JAMESON, J. JONAH,ASM 48;
JAMESON, J. JONAH,ASM 49;
JAMESON, J. JONAH,ASM 5;
JAMESON, J. JONAH,ASM 50;
JAMESON, J. JONAH,ASM 51;
JAMESON, J. JONAH,ASM 52;
JAMESON, J. JONAH,ASM 53;
JAMESON, J. JONAH,ASM 54;
JAMESON, J. JONAH,ASM 55;
JAMESON, J. JONAH,ASM 56;
JAMESON, J. JONAH,ASM 57;
JAMESON, J. JONAH,ASM 58;
JAMESON, J. JONAH,ASM 6;
JAMESON, J. JONAH,ASM 60;
JAMESON, J. JONAH,ASM 61;
JAMESON, J. JONAH,ASM 62;
JAMESON, J. JONAH,ASM 63;
JAMESON, J. JONAH,ASM 64;
JAMESON, J. JONAH,ASM 65;
JAMESON, J. JONAH,ASM 66;
JAMESON, J. JONAH,ASM 67;
JAMESON, J. JONAH,ASM 68;
JAMESON, J. JONAH,ASM 69;
JAMESON, J. JONAH,ASM 7;
JAMESON, J. JONAH,ASM 70;
JAMESON, J. JONAH,ASM 71;
JAMESON, J. JONAH,ASM 72;
JAMESON, J. JONAH,ASM 73;
JAMESON, J. JONAH,ASM 78;
JAMESON, J. JONAH,ASM 79;
JAMESON, J. JONAH,ASM 80;
JAMESON, J. JONAH,ASM 81;
JAMESON, J. JONAH,ASM 82;
JAMESON, J. JONAH,ASM 83;
JAMESON, J. JONAH,ASM 86;
JAMESON, J. JONAH,ASM 88;
JAMESON, J. JONAH,ASM 89;
JAMESON, J. JONAH,ASM 9;
JAMESON, J. JONAH,ASM 91;
JAMESON, J. JONAH,ASM 92;
JAMESON, J. JONAH,ASM 95;
JAMESON, J. JONAH,ASM '96;
JAMESON, J. JONAH,ASM '96/2;
JAMESON, J. JONAH,ASM '98;
JAMESON, J. JONAH,ASM 98;
JAMESON, J. JONAH,ASM 99;
JAMESON, J. JONAH,ASM:FO 1;
JAMESON, J. JONAH,ASMU 11;
JAMESON, J. JONAH,ASMU 12;
JAMESON, J. JONAH,ASMU 13;
JAMESON, J. JONAH,ASMU 14;
JAMESON, J. JONAH,ASMU 16;
JAMESON, J. JONAH,ASMU 17;
JAMESON, J. JONAH,ASMU 18;
JAMESON, J. JONAH,ASMU 22;
JAMESON, J. JONAH,ASMU 9;
JAMESON, J. JONAH,ASMV.W 1;
JAMESON, J. JONAH,ASS 2;
JAMESON, J. JONAH,C2 62;
JAMESON, J. JONAH,C2 63;
JAMESON, J. JONAH,CA 123;
JAMESON, J. JONAH,CA 250;
JAMESON, J. JONAH,CA 402;
JAMESON, J. JONAH,CA '99;
JAMESON, J. JONAH,CM 51;
JAMESON, J. JONAH,COTL 30;
JAMESON, J. JONAH,COTL 31;
JAMESON, J. JONAH,COTL 32;
JAMESON, J. JONAH,COTL 34;
JAMESON, J. JONAH,COTL 35;
JAMESON, J. JONAH,COTL 36;
JAMESON, J. JONAH,COTL 37;
JAMESON, J. JONAH,DB 1;
JAMESON, J. JONAH,DB 2;
JAMESON, J. JONAH,DB 3;
JAMESON, J. JONAH,DD 16;
JAMESON, J. JONAH,DD 163;
JAMESON, J. JONAH,DD 17;
JAMESON, J. JONAH,DD 177;
JAMESON, J. JONAH,DD 178;
JAMESON, J. JONAH,DD 180;
JAMESON, J. JONAH,DD2 16;
JAMESON, J. JONAH,DD2 19;
JAMESON, J. JONAH,DD 228;
JAMESON, J. JONAH,DD 230;
JAMESON, J. JONAH,DD 287;
JAMESON, J. JONAH,DD 291;
JAMESON, J. JONAH,DD 300;
JAMESON, J. JONAH,DD 380;
JAMESON, J. JONAH,DD 5/4;
JAMESON, J. JONAH,DEF 61;
JAMESON, J. JONAH,DHAWK 19;
JAMESON, J. JONAH,DHKF 22/2;
JAMESON, J. JONAH,DRSTR3 11;
JAMESON, J. JONAH,FF 110;
JAMESON, J. JONAH,FF 111;
JAMESON, J. JONAH,FF 112;
JAMESON, J. JONAH,FF 242;
JAMESON, J. JONAH,FF3 27;
JAMESON, J. JONAH,GAL 3;
JAMESON, J. JONAH,GSSH 1;
JAMESON, J. JONAH,GSS-M 5;
JAMESON, J. JONAH,GZILL 23;
JAMESON, J. JONAH,GZILL 24;
JAMESON, J. JONAH,H2 152;
JAMESON, J. JONAH,H2 153;
JAMESON, J. JONAH,H2 277;
JAMESON, J. JONAH,H2 279;
JAMESON, J. JONAH,H2 346;
JAMESON, J. JONAH,H2 432;
JAMESON, J. JONAH,HTD 1;
JAMESON, J. JONAH,IM3 1;
JAMESON, J. JONAH,IM:IA 2;
JAMESON, J. JONAH,LCHFH 12;
JAMESON, J. JONAH,LSHOT 3;
JAMESON, J. JONAH,MARVELS 3;
JAMESON, J. JONAH,M/CP 12/3;
JAMESON, J. JONAH,M/FAN 1;
JAMESON, J. JONAH,M/FAN 27/2;
JAMESON, J. JONAH,M/FAN 47;
JAMESON, J. JONAH,M/GN 17;
JAMESON, J. JONAH,M/HOL 1996;
JAMESON, J. JONAH,MORBIUS 2;
JAMESON, J. JONAH,M/PRM 45;
JAMESON, J. JONAH,M/PRM 49;
JAMESON, J. JONAH,M/SH3 4;
JAMESON, J. JONAH,MSM 1;
JAMESON, J. JONAH,MSM 19;
JAMESON, J. JONAH,MSM 3;
JAMESON, J. JONAH,MSM 6;
JAMESON, J. JONAH,MSM 9;
JAMESON, J. JONAH,M/SS 1;
JAMESON, J. JONAH,M/TIO 40;
JAMESON, J. JONAH,M/TU 103;
JAMESON, J. JONAH,M/TU 106;
JAMESON, J. JONAH,M/TU 107;
JAMESON, J. JONAH,M/TU 108;
JAMESON, J. JONAH,M/TU 109;
JAMESON, J. JONAH,M/TU 110;
JAMESON, J. JONAH,M/TU 114;
JAMESON, J. JONAH,M/TU 115;
JAMESON, J. JONAH,M/TU 116;
JAMESON, J. JONAH,M/TU 12;
JAMESON, J. JONAH,M/TU 122;
JAMESON, J. JONAH,M/TU 136;
JAMESON, J. JONAH,M/TU 139;
JAMESON, J. JONAH,M/TU 20;
JAMESON, J. JONAH,M/TU2 1;
JAMESON, J. JONAH,M/TU2 2;
JAMESON, J. JONAH,M/TU2 6;
JAMESON, J. JONAH,M/TU 27;
JAMESON, J. JONAH,M/TU 4;
JAMESON, J. JONAH,M/TU 47;
JAMESON, J. JONAH,M/TU 51;
JAMESON, J. JONAH,M/TU 52;
JAMESON, J. JONAH,M/TU 56;
JAMESON, J. JONAH,M/TU 79;
JAMESON, J. JONAH,O:MU;
JAMESON, J. JONAH,OU 5;
JAMESON, J. JONAH,PP 40;
JAMESON, J. JONAH,PPSM2 1;
JAMESON, J. JONAH,PPSM2 10;
JAMESON, J. JONAH,PPSM2 11;
JAMESON, J. JONAH,PPSM2 13;
JAMESON, J. JONAH,PPSM2 14;
JAMESON, J. JONAH,PPSM2 16;
JAMESON, J. JONAH,PPSM2 17;
JAMESON, J. JONAH,PPSM2 18;
JAMESON, J. JONAH,PPSM2 19;
JAMESON, J. JONAH,PPSM2 2;
JAMESON, J. JONAH,PPSM2 23;
JAMESON, J. JONAH,PPSM2 24;
JAMESON, J. JONAH,PPSM2 3;
JAMESON, J. JONAH,PPSM2 31;
JAMESON, J. JONAH,PPSM2 4;
JAMESON, J. JONAH,PPTSS 103;
JAMESON, J. JONAH,PPTSS 107;
JAMESON, J. JONAH,PPTSS 108;
JAMESON, J. JONAH,PPTSS 110;
JAMESON, J. JONAH,PPTSS 121;
JAMESON, J. JONAH,PPTSS 122;
JAMESON, J. JONAH,PPTSS 124;
JAMESON, J. JONAH,PPTSS 125;
JAMESON, J. JONAH,PPTSS 128;
JAMESON, J. JONAH,PPTSS 129;
JAMESON, J. JONAH,PPTSS 137;
JAMESON, J. JONAH,PPTSS 139;
JAMESON, J. JONAH,PPTSS 140;
JAMESON, J. JONAH,PPTSS 142;
JAMESON, J. JONAH,PPTSS 144;
JAMESON, J. JONAH,PPTSS 145;
JAMESON, J. JONAH,PPTSS 146;
JAMESON, J. JONAH,PPTSS 147;
JAMESON, J. JONAH,PPTSS 154;
JAMESON, J. JONAH,PPTSS 156;
JAMESON, J. JONAH,PPTSS 157;
JAMESON, J. JONAH,PPTSS 158;
JAMESON, J. JONAH,PPTSS 160;
JAMESON, J. JONAH,PPTSS 161;
JAMESON, J. JONAH,PPTSS 162;
JAMESON, J. JONAH,PPTSS 165;
JAMESON, J. JONAH,PPTSS 171;
JAMESON, J. JONAH,PPTSS 173;
JAMESON, J. JONAH,PPTSS 174;
JAMESON, J. JONAH,PPTSS 175;
JAMESON, J. JONAH,PPTSS 187;
JAMESON, J. JONAH,PPTSS 19;
JAMESON, J. JONAH,PPTSS 2;
JAMESON, J. JONAH,PPTSS 21;
JAMESON, J. JONAH,PPTSS 211;
JAMESON, J. JONAH,PPTSS 215;
JAMESON, J. JONAH,PPTSS 216;
JAMESON, J. JONAH,PPTSS 222;
JAMESON, J. JONAH,PPTSS 225;
JAMESON, J. JONAH,PPTSS 225/2;
JAMESON, J. JONAH,PPTSS 226;
JAMESON, J. JONAH,PPTSS 227;
JAMESON, J. JONAH,PPTSS 235;
JAMESON, J. JONAH,PPTSS 241;
JAMESON, J. JONAH,PPTSS 242;
JAMESON, J. JONAH,PPTSS 246;
JAMESON, J. JONAH,PPTSS 247;
JAMESON, J. JONAH,PPTSS 248;
JAMESON, J. JONAH,PPTSS 249;
JAMESON, J. JONAH,PPTSS 250;
JAMESON, J. JONAH,PPTSS 251;
JAMESON, J. JONAH,PPTSS 254;
JAMESON, J. JONAH,PPTSS 255;
JAMESON, J. JONAH,PPTSS 256;
JAMESON, J. JONAH,PPTSS 257;
JAMESON, J. JONAH,PPTSS 258;
JAMESON, J. JONAH,PPTSS 259;
JAMESON, J. JONAH,PPTSS 263;
JAMESON, J. JONAH,PPTSS 28;
JAMESON, J. JONAH,PPTSS 3;
JAMESON, J. JONAH,PPTSS 40;
JAMESON, J. JONAH,PPTSS 48;
JAMESON, J. JONAH,PPTSS 52;
JAMESON, J. JONAH,PPTSS 56;
JAMESON, J. JONAH,PPTSS 57;
JAMESON, J. JONAH,PPTSS 66;
JAMESON, J. JONAH,PPTSS 67;
JAMESON, J. JONAH,PPTSS 70;
JAMESON, J. JONAH,PPTSS 71;
JAMESON, J. JONAH,PPTSS 78;
JAMESON, J. JONAH,PPTSS 80;
JAMESON, J. JONAH,PPTSS 83;
JAMESON, J. JONAH,PPTSS 84;
JAMESON, J. JONAH,PPTSS 86;
JAMESON, J. JONAH,PPTSS 90;
JAMESON, J. JONAH,PPTSS 92;
JAMESON, J. JONAH,PPTSS 9/3;
JAMESON, J. JONAH,PPTSS 95;
JAMESON, J. JONAH,PWJ 14;
JAMESON, J. JONAH,PWJ 15;
JAMESON, J. JONAH,ROM 23;
JAMESON, J. JONAH,SCARSPI 1;
JAMESON, J. JONAH,SCARSPI 2;
JAMESON, J. JONAH,SENSM 11;
JAMESON, J. JONAH,SENSM 12;
JAMESON, J. JONAH,SENSM 13;
JAMESON, J. JONAH,SENSM 18;
JAMESON, J. JONAH,SENSM 19;
JAMESON, J. JONAH,SENSM 2;
JAMESON, J. JONAH,SENSM 22;
JAMESON, J. JONAH,SENSM 24;
JAMESON, J. JONAH,SENSM 25;
JAMESON, J. JONAH,SENSM 27;
JAMESON, J. JONAH,SENSM 30;
JAMESON, J. JONAH,SENSM 4;
JAMESON, J. JONAH,SENSM '96;
JAMESON, J. JONAH,SGT. FURY 110;
JAMESON, J. JONAH,S-M 13;
JAMESON, J. JONAH,S-M 23;
JAMESON, J. JONAH,S-M 25;
JAMESON, J. JONAH,S-M 29;
JAMESON, J. JONAH,S-M 53;
JAMESON, J. JONAH,S-M 54;
JAMESON, J. JONAH,S-M 57;
JAMESON, J. JONAH,S-M 66;
JAMESON, J. JONAH,S-M 69;
JAMESON, J. JONAH,S-M 75;
JAMESON, J. JONAH,S-M 76;
JAMESON, J. JONAH,S-M 79;
JAMESON, J. JONAH,S-M 8;
JAMESON, J. JONAH,S-M 88;
JAMESON, J. JONAH,S-M 94;
JAMESON, J. JONAH,S-M 95;
JAMESON, J. JONAH,S-M 96;
JAMESON, J. JONAH,S-M 98;
JAMESON, J. JONAH,SM:FA 4;
JAMESON, J. JONAH,SM:L 1;
JAMESON, J. JONAH,SM:L 3;
JAMESON, J. JONAH,SM:MM 1;
JAMESON, J. JONAH,SM:MM 2;
JAMESON, J. JONAH,SM:MM 3;
JAMESON, J. JONAH,SM:PL;
JAMESON, J. JONAH,SMTU 1;
JAMESON, J. JONAH,SMTU 7;
JAMESON, J. JONAH,SM:VA;
JAMESON, J. JONAH,SPECSM 1;
JAMESON, J. JONAH,SPECSM 2;
JAMESON, J. JONAH,S-W3 12;
JAMESON, J. JONAH,S-W3 13;
JAMESON, J. JONAH,S-W3 18;
JAMESON, J. JONAH,S-W3 2;
JAMESON, J. JONAH,S-W3 3;
JAMESON, J. JONAH,S-W3 4;
JAMESON, J. JONAH,S-W3 6;
JAMESON, J. JONAH,TW 1;
JAMESON, J. JONAH,UTSM 1;
JAMESON, J. JONAH,UTSM 10;
JAMESON, J. JONAH,UTSM 11;
JAMESON, J. JONAH,UTSM 12;
JAMESON, J. JONAH,UTSM 15;
JAMESON, J. JONAH,UTSM 19;
JAMESON, J. JONAH,UTSM 2;
JAMESON, J. JONAH,UTSM 20;
JAMESON, J. JONAH,UTSM 22;
JAMESON, J. JONAH,UTSM 23;
JAMESON, J. JONAH,UTSM 25;
JAMESON, J. JONAH,UTSM 3;
JAMESON, J. JONAH,UTSM 4;
JAMESON, J. JONAH,UTSM 5;
JAMESON, J. JONAH,UTSM 6;
JAMESON, J. JONAH,UTSM 7;
JAMESON, J. JONAH,UTSM 8;
JAMESON, J. JONAH,UTSM 9;
JAMESON, J. JONAH,UTSM '96;
JAMESON, J. JONAH,UTSM '97;
JAMESON, J. JONAH,UTSM:SE;
JAMESON, J. JONAH,UX 337;
JAMESON, J. JONAH,UX 338;
JAMESON, J. JONAH,UX 339;
JAMESON, J. JONAH,UX 346;
JAMESON, J. JONAH,WOSM 114;
JAMESON, J. JONAH,WOSM 115;
JAMESON, J. JONAH,WOSM 116;
JAMESON, J. JONAH,WOSM 12;
JAMESON, J. JONAH,WOSM 122;
JAMESON, J. JONAH,WOSM 124;
JAMESON, J. JONAH,WOSM 13;
JAMESON, J. JONAH,WOSM 14;
JAMESON, J. JONAH,WOSM 16;
JAMESON, J. JONAH,WOSM 18;
JAMESON, J. JONAH,WOSM 19;
JAMESON, J. JONAH,WOSM 2;
JAMESON, J. JONAH,WOSM 21;
JAMESON, J. JONAH,WOSM 23;
JAMESON, J. JONAH,WOSM 26;
JAMESON, J. JONAH,WOSM 29;
JAMESON, J. JONAH,WOSM 3;
JAMESON, J. JONAH,WOSM 33;
JAMESON, J. JONAH,WOSM 38;
JAMESON, J. JONAH,WOSM 4;
JAMESON, J. JONAH,WOSM 47;
JAMESON, J. JONAH,WOSM 48;
JAMESON, J. JONAH,WOSM 5;
JAMESON, J. JONAH,WOSM 50;
JAMESON, J. JONAH,WOSM 51;
JAMESON, J. JONAH,WOSM 52;
JAMESON, J. JONAH,WOSM 54;
JAMESON, J. JONAH,WOSM 55;
JAMESON, J. JONAH,WOSM 56;
JAMESON, J. JONAH,WOSM 64;
JAMESON, J. JONAH,WOSM 66;
JAMESON, J. JONAH,WOSM 69;
JAMESON, J. JONAH,WOSM 70;
JAMESON, J. JONAH,WOSM 77;
JAMESON, J. JONAH,WOSM 78;
JAMESON, J. JONAH,WTS 1;
JAMESON, J. JONAH,WTS 2;
JAMESON, J. JONAH,X 57;
JAMESON, J. JONAH,X 58;
JAMESON, J. JONAH,XF 139;
JAMESON, J. JONAH,XF 4/3;
JAMESON, J. JONAH,XM 35;
JAMESON, MARLA MADIS,ASM 162;
JAMESON, MARLA MADIS,ASM 165;
JAMESON, MARLA MADIS,ASM 166;
JAMESON, MARLA MADIS,ASM 167;
JAMESON, MARLA MADIS,ASM 168;
JAMESON, MARLA MADIS,ASM 169;
JAMESON, MARLA MADIS,ASM 172;
JAMESON, MARLA MADIS,ASM 174;
JAMESON, MARLA MADIS,ASM 175;
JAMESON, MARLA MADIS,ASM 18;
JAMESON, MARLA MADIS,ASM 184;
JAMESON, MARLA MADIS,ASM 189;
JAMESON, MARLA MADIS,ASM 190;
JAMESON, MARLA MADIS,ASM 191;
JAMESON, MARLA MADIS,ASM 198;
JAMESON, MARLA MADIS,ASM 201;
JAMESON, MARLA MADIS,ASM 206;
JAMESON, MARLA MADIS,ASM 21;
JAMESON, MARLA MADIS,ASM2 14;
JAMESON, MARLA MADIS,ASM2 20;
JAMESON, MARLA MADIS,ASM2 21;
JAMESON, MARLA MADIS,ASM 231;
JAMESON, MARLA MADIS,ASM 232;
JAMESON, MARLA MADIS,ASM 233;
JAMESON, MARLA MADIS,ASM 235;
JAMESON, MARLA MADIS,ASM 249;
JAMESON, MARLA MADIS,ASM2 6;
JAMESON, MARLA MADIS,ASM2 8;
JAMESON, MARLA MADIS,ASM 289;
JAMESON, MARLA MADIS,ASM 365/2;
JAMESON, MARLA MADIS,ASM 400;
JAMESON, MARLA MADIS,ASM 433;
JAMESON, MARLA MADIS,ASMU 13;
JAMESON, MARLA MADIS,ASMU 14;
JAMESON, MARLA MADIS,ASMU 22;
JAMESON, MARLA MADIS,IM3 1;
JAMESON, MARLA MADIS,MSM 19;
JAMESON, MARLA MADIS,M/TU 79;
JAMESON, MARLA MADIS,PPSM2 13;
JAMESON, MARLA MADIS,PPSM2 14;
JAMESON, MARLA MADIS,PPSM2 19;
JAMESON, MARLA MADIS,PPTSS 108;
JAMESON, MARLA MADIS,PPTSS 109;
JAMESON, MARLA MADIS,PPTSS 110;
JAMESON, MARLA MADIS,PPTSS 156;
JAMESON, MARLA MADIS,PPTSS 160;
JAMESON, MARLA MADIS,PPTSS 165;
JAMESON, MARLA MADIS,PPTSS 174;
JAMESON, MARLA MADIS,PPTSS 175;
JAMESON, MARLA MADIS,PPTSS 216;
JAMESON, MARLA MADIS,PPTSS 242;
JAMESON, MARLA MADIS,PPTSS 247;
JAMESON, MARLA MADIS,PPTSS 248;
JAMESON, MARLA MADIS,PPTSS 249;
JAMESON, MARLA MADIS,PPTSS 250;
JAMESON, MARLA MADIS,PPTSS 57;
JAMESON, MARLA MADIS,PPTSS 66;
JAMESON, MARLA MADIS,PPTSS 80;
JAMESON, MARLA MADIS,S-M 23;
JAMESON, MARLA MADIS,SM:L 1;
JAMESON, MARLA MADIS,S-W3 12;
JAMESON, MARLA MADIS,S-W3 13;
JAMESON, MARLA MADIS,S-W3 15;
JAMESON, MARLA MADIS,S-W3 17;
JAMESON, MARLA MADIS,S-W3 18;
JAMESON, MARLA MADIS,S-W3 2;
JAMESON, MARLA MADIS,S-W3 3;
JAMESON, MARLA MADIS,S-W3 4;
JAMESON, MARLA MADIS,S-W3 6;
JAMESON, MARLA MADIS,WOSM 29;
JAMESON, MARLA MADIS,WOSM 77;
JAMESON, MARLA MADIS,WOSM 78;
JAMESON, MARLA MADIS,X 58;
JAMIL,W2 94;
JAMIL,W2 99;
JAMIL,XU 7;
JAM/JASMINE ARCHER,XM 29;
JAM/JASMINE ARCHER,XM 32;
JAM/JASMINE ARCHER,XM 33;
JAM/JASMINE ARCHER,XM 34;
JAM/JASMINE ARCHER,XM 35;
JAM/JASMINE ARCHER,XM 36;
JAM/JASMINE ARCHER,XM 37;
JAM/JASMINE ARCHER,XM 51;
JANES, FATHER MICHAE,JUSTICE 1;
JANES, FATHER MICHAE,JUSTICE 2;
JANES, FATHER MICHAE,NT 1;
JANES, FATHER MICHAE,NT 4;
JANES, FATHER MICHAE,NW 7;
JANES, FATHER MICHAE,NW 8;
JANES, FATHER MICHAE,NW 9;
JANSON, DR. ANDREA,S-M 77;
JANSON, DR. ANDREA,S-M 78;
JANSON, DR. ANDREA,S-M 79;
JANSON, DR. ANDREA,S-M 80;
JANUS,FF 107;
JANUS,FF 108;
JANUS,FF 109;
JANUS,FF3 40;
JANUS,FF3 43;
JANUS,FF3 44;
JANUS II,SS3 61;
JANUS II,SS3 62;
JANUS II,SS3 63;
JANUS II,SS3 64;
JARA,CM4 5;
JARA,CM4 6;
JARDINE, AMANDA,P&W 2;
JARDINE, AMANDA,P&W 3;
JARDINE,P&W 1;
JARDINE,XCAL 88;
JARDINE,XCAL 89;
JARDINE,XCAL 99;
JARELLA,H2 140;
JARELLA,H2 148;
JARELLA,H2 154;
JARELLA,H2 155;
JARELLA,H2 156;
JARELLA,H2 157;
JARELLA,H2 202;
JARELLA,H2 203;
JARELLA,H2 204;
JARELLA,H2 205;
JARELLA,H2 246;
JARMAN, TOMMY,W2 130;
JARVIS, EDWIN,A 1;
JARVIS, EDWIN,A 10;
JARVIS, EDWIN,A 102;
JARVIS, EDWIN,A 105;
JARVIS, EDWIN,A 108;
JARVIS, EDWIN,A 111;
JARVIS, EDWIN,A 119;
JARVIS, EDWIN,A 120;
JARVIS, EDWIN,A 126;
JARVIS, EDWIN,A 127;
JARVIS, EDWIN,A 129;
JARVIS, EDWIN,A 131;
JARVIS, EDWIN,A 134;
JARVIS, EDWIN,A 135;
JARVIS, EDWIN,A 137;
JARVIS, EDWIN,A 140;
JARVIS, EDWIN,A 141;
JARVIS, EDWIN,A 149;
JARVIS, EDWIN,A 15;
JARVIS, EDWIN,A 150;
JARVIS, EDWIN,A 151;
JARVIS, EDWIN,A 152;
JARVIS, EDWIN,A 153;
JARVIS, EDWIN,A 154;
JARVIS, EDWIN,A 157;
JARVIS, EDWIN,A 158;
JARVIS, EDWIN,A 159;
JARVIS, EDWIN,A 16;
JARVIS, EDWIN,A 161;
JARVIS, EDWIN,A 162;
JARVIS, EDWIN,A 165;
JARVIS, EDWIN,A 166;
JARVIS, EDWIN,A 168;
JARVIS, EDWIN,A 170;
JARVIS, EDWIN,A 172;
JARVIS, EDWIN,A 173;
JARVIS, EDWIN,A 175;
JARVIS, EDWIN,A 178;
JARVIS, EDWIN,A 179;
JARVIS, EDWIN,A 18;
JARVIS, EDWIN,A 181;
JARVIS, EDWIN,A 184;
JARVIS, EDWIN,A 185;
JARVIS, EDWIN,A 186;
JARVIS, EDWIN,A 189;
JARVIS, EDWIN,A 190;
JARVIS, EDWIN,A 191;
JARVIS, EDWIN,A 192;
JARVIS, EDWIN,A 19/3;
JARVIS, EDWIN,A 194;
JARVIS, EDWIN,A 197;
JARVIS, EDWIN,A 199;
JARVIS, EDWIN,A 200;
JARVIS, EDWIN,A 201;
JARVIS, EDWIN,A 201/2;
JARVIS, EDWIN,A 202;
JARVIS, EDWIN,A 203;
JARVIS, EDWIN,A 20/4;
JARVIS, EDWIN,A 204;
JARVIS, EDWIN,A 205;
JARVIS, EDWIN,A 206;
JARVIS, EDWIN,A 207;
JARVIS, EDWIN,A 208;
JARVIS, EDWIN,A 209;
JARVIS, EDWIN,A 211;
JARVIS, EDWIN,A 212;
JARVIS, EDWIN,A 213;
JARVIS, EDWIN,A 214;
JARVIS, EDWIN,A 216;
JARVIS, EDWIN,A 217;
JARVIS, EDWIN,A 218;
JARVIS, EDWIN,A 219;
JARVIS, EDWIN,A 221;
JARVIS, EDWIN,A 222;
JARVIS, EDWIN,A 227;
JARVIS, EDWIN,A 229;
JARVIS, EDWIN,A 230;
JARVIS, EDWIN,A 231;
JARVIS, EDWIN,A 234;
JARVIS, EDWIN,A 236;
JARVIS, EDWIN,A 238;
JARVIS, EDWIN,A 239;
JARVIS, EDWIN,A 242;
JARVIS, EDWIN,A 243;
JARVIS, EDWIN,A 252;
JARVIS, EDWIN,A 256;
JARVIS, EDWIN,A 258;
JARVIS, EDWIN,A 259;
JARVIS, EDWIN,A 261;
JARVIS, EDWIN,A 262;
JARVIS, EDWIN,A 264;
JARVIS, EDWIN,A 267;
JARVIS, EDWIN,A 268;
JARVIS, EDWIN,A 270;
JARVIS, EDWIN,A 273;
JARVIS, EDWIN,A 274;
JARVIS, EDWIN,A 275;
JARVIS, EDWIN,A 276;
JARVIS, EDWIN,A 277;
JARVIS, EDWIN,A 278;
JARVIS, EDWIN,A 280;
JARVIS, EDWIN,A 291;
JARVIS, EDWIN,A 294;
JARVIS, EDWIN,A 296;
JARVIS, EDWIN,A 297;
JARVIS, EDWIN,A 298;
JARVIS, EDWIN,A 301;
JARVIS, EDWIN,A 305;
JARVIS, EDWIN,A 306;
JARVIS, EDWIN,A 307;
JARVIS, EDWIN,A 308;
JARVIS, EDWIN,A3 1;
JARVIS, EDWIN,A 311;
JARVIS, EDWIN,A3 11;
JARVIS, EDWIN,A3 12;
JARVIS, EDWIN,A 313;
JARVIS, EDWIN,A3 13;
JARVIS, EDWIN,A 314;
JARVIS, EDWIN,A3 14;
JARVIS, EDWIN,A 315;
JARVIS, EDWIN,A 316;
JARVIS, EDWIN,A3 16;
JARVIS, EDWIN,A 317;
JARVIS, EDWIN,A3 17;
JARVIS, EDWIN,A 318;
JARVIS, EDWIN,A3 18;
JARVIS, EDWIN,A3 19;
JARVIS, EDWIN,A 319/2;
JARVIS, EDWIN,A3 20;
JARVIS, EDWIN,A3 21;
JARVIS, EDWIN,A3 22;
JARVIS, EDWIN,A3 23;
JARVIS, EDWIN,A 323/2;
JARVIS, EDWIN,A3 24;
JARVIS, EDWIN,A 324/2;
JARVIS, EDWIN,A 325;
JARVIS, EDWIN,A3 25;
JARVIS, EDWIN,A 326;
JARVIS, EDWIN,A3 28;
JARVIS, EDWIN,A 329;
JARVIS, EDWIN,A 330;
JARVIS, EDWIN,A 331;
JARVIS, EDWIN,A 332;
JARVIS, EDWIN,A3 32;
JARVIS, EDWIN,A 333;
JARVIS, EDWIN,A3 36;
JARVIS, EDWIN,A 338;
JARVIS, EDWIN,A3 38;
JARVIS, EDWIN,A3 39;
JARVIS, EDWIN,A3 4;
JARVIS, EDWIN,A 340;
JARVIS, EDWIN,A3 41;
JARVIS, EDWIN,A 343;
JARVIS, EDWIN,A 344;
JARVIS, EDWIN,A3 5;
JARVIS, EDWIN,A 350;
JARVIS, EDWIN,A 350/2;
JARVIS, EDWIN,A 355;
JARVIS, EDWIN,A 356;
JARVIS, EDWIN,A 357;
JARVIS, EDWIN,A3 6;
JARVIS, EDWIN,A 38;
JARVIS, EDWIN,A3 8;
JARVIS, EDWIN,A 382;
JARVIS, EDWIN,A 384;
JARVIS, EDWIN,A 389;
JARVIS, EDWIN,A3 9;
JARVIS, EDWIN,A 391;
JARVIS, EDWIN,A 392;
JARVIS, EDWIN,A 393;
JARVIS, EDWIN,A 394;
JARVIS, EDWIN,A 397;
JARVIS, EDWIN,A 399;
JARVIS, EDWIN,A 400;
JARVIS, EDWIN,A 48;
JARVIS, EDWIN,A 54;
JARVIS, EDWIN,A 55;
JARVIS, EDWIN,A 59;
JARVIS, EDWIN,A 6;
JARVIS, EDWIN,A 60;
JARVIS, EDWIN,A 63;
JARVIS, EDWIN,A 64;
JARVIS, EDWIN,A 65;
JARVIS, EDWIN,A 74;
JARVIS, EDWIN,A 75;
JARVIS, EDWIN,A 77;
JARVIS, EDWIN,A 8;
JARVIS, EDWIN,A 87;
JARVIS, EDWIN,A 9;
JARVIS, EDWIN,A 90;
JARVIS, EDWIN,A 92;
JARVIS, EDWIN,A '99;
JARVIS, EDWIN,A 99;
JARVIS, EDWIN,A:C;
JARVIS, EDWIN,AI 1;
JARVIS, EDWIN,AOI;
JARVIS, EDWIN,ASM 16;
JARVIS, EDWIN,ASM2 1;
JARVIS, EDWIN,ASM 431;
JARVIS, EDWIN,ASM 71;
JARVIS, EDWIN,ASPOT 40;
JARVIS, EDWIN,A:T;
JARVIS, EDWIN,AUP 6;
JARVIS, EDWIN,AWC 50;
JARVIS, EDWIN,BP3 22;
JARVIS, EDWIN,C2 66;
JARVIS, EDWIN,C2 67;
JARVIS, EDWIN,CA 115;
JARVIS, EDWIN,CA 116;
JARVIS, EDWIN,CA 121;
JARVIS, EDWIN,CA 154;
JARVIS, EDWIN,CA 176;
JARVIS, EDWIN,CA 218;
JARVIS, EDWIN,CA 220;
JARVIS, EDWIN,CA 222;
JARVIS, EDWIN,CA 224;
JARVIS, EDWIN,CA 229;
JARVIS, EDWIN,CA 250;
JARVIS, EDWIN,CA 253;
JARVIS, EDWIN,CA 259;
JARVIS, EDWIN,CA 267;
JARVIS, EDWIN,CA 285;
JARVIS, EDWIN,CA 301;
JARVIS, EDWIN,CA 309;
JARVIS, EDWIN,CA 310;
JARVIS, EDWIN,CA3 10;
JARVIS, EDWIN,CA 314;
JARVIS, EDWIN,CA 318;
JARVIS, EDWIN,CA3 21;
JARVIS, EDWIN,CA 323;
JARVIS, EDWIN,CA3 28;
JARVIS, EDWIN,CA3 32;
JARVIS, EDWIN,CA3 45;
JARVIS, EDWIN,CA 352;
JARVIS, EDWIN,CA3 6;
JARVIS, EDWIN,CA 365;
JARVIS, EDWIN,CA 368;
JARVIS, EDWIN,CA 370;
JARVIS, EDWIN,CA 371;
JARVIS, EDWIN,CA 380;
JARVIS, EDWIN,CA 382;
JARVIS, EDWIN,CA 383;
JARVIS, EDWIN,CA 386;
JARVIS, EDWIN,CA 387;
JARVIS, EDWIN,CA 393;
JARVIS, EDWIN,CA 394;
JARVIS, EDWIN,CA 397;
JARVIS, EDWIN,CA 401;
JARVIS, EDWIN,CA 403;
JARVIS, EDWIN,CA 404;
JARVIS, EDWIN,CA 405;
JARVIS, EDWIN,CA 409;
JARVIS, EDWIN,CA 443;
JARVIS, EDWIN,CA 449;
JARVIS, EDWIN,CA '99;
JARVIS, EDWIN,CM 17;
JARVIS, EDWIN,CM 30;
JARVIS, EDWIN,CM 37;
JARVIS, EDWIN,CM 50;
JARVIS, EDWIN,CM 51;
JARVIS, EDWIN,DAMCON2 2;
JARVIS, EDWIN,DAZZ 1;
JARVIS, EDWIN,DAZZ 19;
JARVIS, EDWIN,DD 156;
JARVIS, EDWIN,DD 358;
JARVIS, EDWIN,DEF 52;
JARVIS, EDWIN,DF 1.2;
JARVIS, EDWIN,DPOOL3 44;
JARVIS, EDWIN,DRSTR2 60;
JARVIS, EDWIN,E2 8;
JARVIS, EDWIN,FF 116;
JARVIS, EDWIN,FF 19;
JARVIS, EDWIN,FF 204;
JARVIS, EDWIN,FF 214;
JARVIS, EDWIN,FF 243;
JARVIS, EDWIN,FF 261;
JARVIS, EDWIN,FF 265;
JARVIS, EDWIN,FF 280;
JARVIS, EDWIN,FF 281;
JARVIS, EDWIN,FF 282;
JARVIS, EDWIN,FF 285;
JARVIS, EDWIN,FF 286;
JARVIS, EDWIN,FF3 28;
JARVIS, EDWIN,FF '99;
JARVIS, EDWIN,FW 10/2;
JARVIS, EDWIN,FW 19;
JARVIS, EDWIN,GENX 59;
JARVIS, EDWIN,GSA 1;
JARVIS, EDWIN,GSA 2;
JARVIS, EDWIN,GSA 3;
JARVIS, EDWIN,H2 206;
JARVIS, EDWIN,H2 257;
JARVIS, EDWIN,H2 258;
JARVIS, EDWIN,H2 282;
JARVIS, EDWIN,H2 321;
JARVIS, EDWIN,HAWK2;
JARVIS, EDWIN,HCAT 2;
JARVIS, EDWIN,IF 12;
JARVIS, EDWIN,IM 127;
JARVIS, EDWIN,IM 128;
JARVIS, EDWIN,IM 137;
JARVIS, EDWIN,IM 148;
JARVIS, EDWIN,IM 17;
JARVIS, EDWIN,IM 319;
JARVIS, EDWIN,IM 322;
JARVIS, EDWIN,IM3 22;
JARVIS, EDWIN,IM 323;
JARVIS, EDWIN,IM 326;
JARVIS, EDWIN,IM 327;
JARVIS, EDWIN,IM3 43;
JARVIS, EDWIN,IM 50;
JARVIS, EDWIN,IM 56;
JARVIS, EDWIN,IM 66;
JARVIS, EDWIN,IM '99;
JARVIS, EDWIN,IM 99;
JARVIS, EDWIN,IM:IA 1;
JARVIS, EDWIN,JA 16;
JARVIS, EDWIN,MAXSEC 1;
JARVIS, EDWIN,MAXSEC 2;
JARVIS, EDWIN,M/FAN 14;
JARVIS, EDWIN,M/FAN 23;
JARVIS, EDWIN,M/FAN 24/2;
JARVIS, EDWIN,M/GN 27;
JARVIS, EDWIN,M/TIO 3;
JARVIS, EDWIN,M/TIO 4;
JARVIS, EDWIN,M/TIO 51;
JARVIS, EDWIN,M/TIO 61;
JARVIS, EDWIN,M/TIO 75;
JARVIS, EDWIN,M/TIO 92;
JARVIS, EDWIN,M/TU 10;
JARVIS, EDWIN,M/TU 11;
JARVIS, EDWIN,M/TU 142;
JARVIS, EDWIN,M/TU 148;
JARVIS, EDWIN,M/TU 20;
JARVIS, EDWIN,M/TU 41;
JARVIS, EDWIN,M/TU 9;
JARVIS, EDWIN,N 1;
JARVIS, EDWIN,N 10;
JARVIS, EDWIN,N 12;
JARVIS, EDWIN,NM 15;
JARVIS, EDWIN,NM 4/3;
JARVIS, EDWIN,O:MU;
JARVIS, EDWIN,PP 15;
JARVIS, EDWIN,PP 16;
JARVIS, EDWIN,PP 17;
JARVIS, EDWIN,PP 18;
JARVIS, EDWIN,PP 20;
JARVIS, EDWIN,PP 22;
JARVIS, EDWIN,PP 25;
JARVIS, EDWIN,PP 26;
JARVIS, EDWIN,PP 28;
JARVIS, EDWIN,PPSM2 11;
JARVIS, EDWIN,PPTSS 106;
JARVIS, EDWIN,PPTSS 90;
JARVIS, EDWIN,Q 34;
JARVIS, EDWIN,QS 7;
JARVIS, EDWIN,ROM 23;
JARVIS, EDWIN,SENSM 28;
JARVIS, EDWIN,SMTU 4;
JARVIS, EDWIN,SWII 3;
JARVIS, EDWIN,T 204;
JARVIS, EDWIN,T 206;
JARVIS, EDWIN,T 208;
JARVIS, EDWIN,T 211;
JARVIS, EDWIN,T 230;
JARVIS, EDWIN,T 232;
JARVIS, EDWIN,T 234;
JARVIS, EDWIN,T2 34;
JARVIS, EDWIN,T 314;
JARVIS, EDWIN,T 334;
JARVIS, EDWIN,T 345;
JARVIS, EDWIN,T 356;
JARVIS, EDWIN,T 364;
JARVIS, EDWIN,T 447;
JARVIS, EDWIN,T 481;
JARVIS, EDWIN,T 495;
JARVIS, EDWIN,TB 9;
JARVIS, EDWIN,TG 36;
JARVIS, EDWIN,TG 5;
JARVIS, EDWIN | TIME,A:T;
JARVIS, EDWIN,TOS 59/2;
JARVIS, EDWIN,TOS 82/2;
JARVIS, EDWIN,TOS 83/2;
JARVIS, EDWIN,TOS 87/2;
JARVIS, EDWIN,TOS 88/2;
JARVIS, EDWIN,TS 10;
JARVIS, EDWIN,TS 13;
JARVIS, EDWIN,UX 136;
JARVIS, EDWIN,UX 155;
JARVIS, EDWIN,UX 7;
JARVIS, EDWIN,V 1;
JARVIS, EDWIN,V&SW 1;
JARVIS, EDWIN,V&SW2 7;
JARVIS, EDWIN,V&SW2 8;
JARVIS, EDWIN,WBN 43;
JARVIS, EDWIN,WCA 1;
JARVIS, EDWIN,WLOCK3 5;
JARVIS, EDWIN,WOSM 75;
JARVIS, EDWIN,X 3;
JARVIS, EDWIN,XF 4/3;
JARZINHO, COL. EDSON,INH2 10;
JARZINHO, COL. EDSON,INH2 11;
JARZINHO, COL. EDSON,INH2 12;
JARZINHO, COL. EDSON,INH2 4;
JARZINHO, COL. EDSON,INH2 5;
JARZINHO, COL. EDSON,INH2 6;
JARZINHO, COL. EDSON,INH2 7;
JASMINE,DRSTR3 78;
JASON,H2 421;
JASON,H2 422;
JASON,H2 424;
JASON,H2 425;
JASON,H2 447;
JASON,H2 448;
JASON,H '97;
JASON II,INH3 2;
JASON II,INH3 3;
JASON II,INH3 4;
JAVELIN/DARIN,ROM 25;
JAVELIN/DARIN,ROM 26;
JAVELIN II/DARIN JR.,SK 1;
JAVELIN II/DARIN JR.,SK 2;
JAVELIN II/DARIN JR.,SK 3;
JAVELIN II/DARIN JR.,SK 4;
JAVELIN II/DARIN JR.,SK 5;
JAVITZ,UX 315;
JAVITZ,X 43;
JAWBREAKER/,AWC 69;
JAWBREAKER/,AWC 70;
JAWBREAKER/,AWC 72;
JAWBREAKER/,AWC 73;
JAWBREAKER/,AWC 74;
JAYE-FIRESTONE, GING,M/TIO 2;
JAYE-FIRESTONE, GING,NO 1;
JAYE-FIRESTONE, GING,NO 11;
JAYE-FIRESTONE, GING,NO 13;
JAYE-FIRESTONE, GING,NO 14;
JAYE-FIRESTONE, GING,NO 16;
JAYE-FIRESTONE, GING,NO 17;
JAYE-FIRESTONE, GING,NO 18;
JAYE-FIRESTONE, GING,NO 18/2;
JAYE-FIRESTONE, GING,NO 19;
JAYE-FIRESTONE, GING,NO 2;
JAYE-FIRESTONE, GING,NO 20;
JAYE-FIRESTONE, GING,NO 23;
JAYE-FIRESTONE, GING,NO 3;
JAYE-FIRESTONE, GING,NO 4;
JAYE-FIRESTONE, GING,NO 5;
JAYE-FIRESTONE, GING,NO 8;
JAYE-FIRESTONE, GING,NW2 9;
JEFFERSON, DR.,ASM 296;
JEFFERSON, DR.,ASM 317;
JEFFERSON, DR.,WOSM 4;
JEFFRIES, DR.,IM 310;
JEFFRIES, DR.,NT2 17;
JEFFRIES, DR.,WARM 11;
JEFFRIES, DR.,WARM 12;
JEFFRIES, DR.,WARM 14;
JEFFRIES, DR.,WARM 15;
JEFFRIES, DR.,WARM 20;
JEFFRIES, DR.,WARM 5;
JEFFRIES, DR.,WARM 6;
JEFFRIES, DR.,WARM 7;
JEFFRIES, DR.,WARM 8;
JEFFRIES, MAGGIE,NW 73;
JEKUAKKEKT,TB 13;
JEKUAKKEKT,TB 14;
JELLA, PRIVATE,CM4 1;
JELLA, PRIVATE,CM4 2;
JELLA, PRIVATE,CM4 4;
JEMIAH,E 7;
JEMIAH,FF 23;
JEMIAH,SS3 4;
JEMIAH,SS3 5;
JEMIAH,T 284;
JEMIAH,T 300;
JENKINS, WALTER,DD 336;
JENKINS, WALTER,DD 337;
JENNINGS, JOSEPH,A 155;
JENNINGS, JOSEPH,M/TIO 71;
JENNINGS, JOSEPH,SUB-M 68;
JENNINGS, JOSEPH,SVTU 1;
JENNINGS, JOSEPH,SVTU 2;
JENNINGS, JOSEPH,SVTU 3;
JENNINGS, JOSEPH,SVTU 7;
JENNINGS, JOSEPH,SVTU 8;
JENSKOT/ALIYA,C2 23;
JENSKOT/ALIYA,C2 24;
JENSKOT/ALIYA,C2 25;
JERICHO, DUNCAN,BSHP2 4;
JERICHO, DUNCAN,BSHP2 6;
JERICHO, JUSTINA,BSHP2 6;
JEROME, JASON,PPTSS 166;
JEROME, JASON,PPTSS 167;
JEROME, JASON,PPTSS 168;
JEROME, JASON,PPTSS 169;
JEROME, JASON,PPTSS 172;
JESSUP, DR.,ASM 350;
JESTER III,C&D3 8;
JESTER III,C&D3 9;
JESTER II,XCAL 52;
JESTER II,XCAL 54;
JESTER II,XCAL 58;
JESTER/JONATHAN POWE,DD 133;
JESTER/JONATHAN POWE,DD 134;
JESTER/JONATHAN POWE,DD 135;
JESTER/JONATHAN POWE,DD 136;
JESTER/JONATHAN POWE,DD 137;
JESTER/JONATHAN POWE,DD 154;
JESTER/JONATHAN POWE,DD 218;
JESTER/JONATHAN POWE,DD 42;
JESTER/JONATHAN POWE,DD 44;
JESTER/JONATHAN POWE,DD 45;
JESTER/JONATHAN POWE,DD 46;
JESTER/JONATHAN POWE,DD 61;
JESTER/JONATHAN POWE,MK 13;
JET-BLACK/,GENX 53;
JET-BLACK/,GENX 54;
JETSTREAM/HAROUD IBN,FS 2;
JETSTREAM/HAROUD IBN,FS 3;
JETSTREAM/HAROUD IBN,NM 16;
JETSTREAM/HAROUD IBN,NM 17;
JETSTREAM/HAROUD IBN,NM 39;
JETSTREAM/HAROUD IBN,NM 40;
JETSTREAM/HAROUD IBN,NM 43;
JETSTREAM/HAROUD IBN,NM 53;
JETSTREAM/HAROUD IBN,NM 54;
JETSTREAM/HAROUD IBN,NM 56;
JETSTREAM/HAROUD IBN,NM 62;
JETSTREAM/HAROUD IBN,NW 10;
JETSTREAM/HAROUD IBN,NW 9;
JETSTREAM/HAROUD IBN,UX 281;
JEXIA,W '00;
JIGSAW,ASM 162;
JIGSAW,ASM 188;
JIGSAW,PUN 1;
JIGSAW,PUN2 35;
JIGSAW,PUN2 36;
JIGSAW,PUN2 37;
JIGSAW,PUN2 38;
JIGSAW,PUN2 39;
JIGSAW,PUN2 40;
JIGSAW,PUN2 55;
JIGSAW,PUN2 56;
JIGSAW,PUN3 2;
JIGSAW,PUN3 3;
JIGSAW,PUN 4;
JIGSAW,PUN 5;
JIKEKT,TB 13;
JIKEKT,TB 14;
JILLETE, RANDI,DD 336;
JILLETE, RANDI,DD 337;
JILL,IF 6;
JILL,UX 120;
JILL,UX 121;
JINKU,A 305;
JINKU,A 306;
JINKU,A 307;
JINKU,A 308;
JINKU,A 5;
JINKU,M/TU 26;
JINKU,XFOR 81;
JINX,BSHP2 1;
JINX,BSHP2 10;
JINX,BSHP2 11;
JINX,BSHP2 12;
JINX,BSHP2 13;
JINX,BSHP2 14;
JINX,BSHP2 2;
JINX,BSHP2 3;
JINX,BSHP2 4;
JINX,BSHP2 5;
JINX,BSHP2 6;
JINX,BSHP2 7;
JINX,BSHP2 8;
JINX,BSHP2 9;
JIOMO,BP3 6;
JOCASTA,A 10;
JOCASTA,A 162;
JOCASTA,A 17;
JOCASTA,A 170;
JOCASTA,A 171;
JOCASTA,A 172;
JOCASTA,A 174;
JOCASTA,A 175;
JOCASTA,A 176;
JOCASTA,A 177;
JOCASTA,A 181;
JOCASTA,A 182;
JOCASTA,A 185;
JOCASTA,A 189;
JOCASTA,A 194;
JOCASTA,A 195;
JOCASTA,A 196;
JOCASTA,A 197;
JOCASTA,A 198;
JOCASTA,A 199;
JOCASTA,A 200;
JOCASTA,A 201;
JOCASTA,A 202;
JOCASTA,A 203;
JOCASTA,A 204;
JOCASTA,A 205;
JOCASTA,A 206;
JOCASTA,A 207;
JOCASTA,A 208;
JOCASTA,A 210;
JOCASTA,A 211;
JOCASTA,COC 1;
JOCASTA,DLOK2 2;
JOCASTA,DLOK2 4;
JOCASTA,H 11;
JOCASTA II,V 1;
JOCASTA II,V 2;
JOCASTA II,V 3;
JOCASTA II,V 4;
JOCASTA,IM 11;
JOCASTA,IM3 18;
JOCASTA,IM3 19;
JOCASTA,IM3 20;
JOCASTA,IM3 21;
JOCASTA,IM3 23;
JOCASTA,IM3 24;
JOCASTA,IM3 27;
JOCASTA,IM3 28;
JOCASTA,IM3 29;
JOCASTA,IM3 31;
JOCASTA,IM3 37;
JOCASTA,IM3 41;
JOCASTA,IM3 42;
JOCASTA,IM3 44;
JOCASTA,IM:BB 3;
JOCASTA,IM:BB 4;
JOCASTA,KS;
JOCASTA,M/TIO 92;
JOCASTA,M/TIO 93;
JOHNNY APPLESEED/JON,CA 383;
JOHNSMEYER, JAMES,ASM 409;
JOHNSMEYER, JAMES,ASMU 14;
JOHNSMEYER, JAMES,PPTSS 231;
JOHNSMEYER, JAMES,S-M 66;
JOHNSON, ANNA,C&D3 17;
JOHNSON, ANNA,C&D3 18;
JOHNSON, ANNA,C&D3 19;
JOHNSON, ANNA,WOSM 77;
JOHNSON, ANNA,WOSM 78;
JOHNSON,H3 14;
JOHNSON,H3 15;
JOHNSON,H3 16;
JOHNSON,H3 19;
JOHNSON,H3 20;
JOHNSON, LYNDON BAIN,CA:SL 1;
JOLT/HALLIE TAKAHAMA,A3 12;
JOLT/HALLIE TAKAHAMA,HR:R 2;
JOLT/HALLIE TAKAHAMA,IM '99;
JOLT/HALLIE TAKAHAMA,TB -1;
JOLT/HALLIE TAKAHAMA,TB 1;
JOLT/HALLIE TAKAHAMA,TB 10;
JOLT/HALLIE TAKAHAMA,TB 11;
JOLT/HALLIE TAKAHAMA,TB 12;
JOLT/HALLIE TAKAHAMA,TB 13;
JOLT/HALLIE TAKAHAMA,TB 14;
JOLT/HALLIE TAKAHAMA,TB 15;
JOLT/HALLIE TAKAHAMA,TB 16;
JOLT/HALLIE TAKAHAMA,TB 17;
JOLT/HALLIE TAKAHAMA,TB 18;
JOLT/HALLIE TAKAHAMA,TB 19;
JOLT/HALLIE TAKAHAMA,TB 2;
JOLT/HALLIE TAKAHAMA,TB 20;
JOLT/HALLIE TAKAHAMA,TB 21;
JOLT/HALLIE TAKAHAMA,TB 22;
JOLT/HALLIE TAKAHAMA,TB 23;
JOLT/HALLIE TAKAHAMA,TB 24;
JOLT/HALLIE TAKAHAMA,TB 25;
JOLT/HALLIE TAKAHAMA,TB 26;
JOLT/HALLIE TAKAHAMA,TB 27;
JOLT/HALLIE TAKAHAMA,TB 28;
JOLT/HALLIE TAKAHAMA,TB 29;
JOLT/HALLIE TAKAHAMA,TB 3;
JOLT/HALLIE TAKAHAMA,TB 30;
JOLT/HALLIE TAKAHAMA,TB 31;
JOLT/HALLIE TAKAHAMA,TB 32;
JOLT/HALLIE TAKAHAMA,TB 33;
JOLT/HALLIE TAKAHAMA,TB 34;
JOLT/HALLIE TAKAHAMA,TB 35;
JOLT/HALLIE TAKAHAMA,TB 37;
JOLT/HALLIE TAKAHAMA,TB 4;
JOLT/HALLIE TAKAHAMA,TB 46;
JOLT/HALLIE TAKAHAMA,TB 47;
JOLT/HALLIE TAKAHAMA,TB 48;
JOLT/HALLIE TAKAHAMA,TB 49;
JOLT/HALLIE TAKAHAMA,TB 5;
JOLT/HALLIE TAKAHAMA,TB 50;
JOLT/HALLIE TAKAHAMA,TB 51;
JOLT/HALLIE TAKAHAMA,TB 52;
JOLT/HALLIE TAKAHAMA,TB 53;
JOLT/HALLIE TAKAHAMA,TB 54;
JOLT/HALLIE TAKAHAMA,TB 6;
JOLT/HALLIE TAKAHAMA,TB 7;
JOLT/HALLIE TAKAHAMA,TB 8;
JOLT/HALLIE TAKAHAMA,TB '97;
JONES, ANDY,SQS:NWO;
JONES, ARMAND,WOSM 69;
JONES, AUGUSTINE,A 380;
JONES, AUGUSTINE,A 381;
JONES, BART,FS 1;
JONES, BART,FS 3;
JONES, BART,FS 4;
JONES, BART,M/CP 82/2;
JONES, BART,M/CP 83/2;
JONES, BART,NO2 17;
JONES, BART,NW 14;
JONES, BART,NW 2/3;
JONES, BART,NW 25;
JONES, BART,NW 3;
JONES, CHARLOTTE,FF3 11;
JONES, CHARLOTTE,FF3 13;
JONES, CHARLOTTE,FF3 14;
JONES, CHARLOTTE,FF3 15;
JONES, CHARLOTTE,IM3 14;
JONES, CHARLOTTE,IM3 15;
JONES, CHARLOTTE,UX 264;
JONES, CHARLOTTE,UX 294;
JONES, CHARLOTTE,UX 298;
JONES, CHARLOTTE,UX 322;
JONES, CHARLOTTE,UX 323;
JONES, CHARLOTTE,UX 324;
JONES, CHARLOTTE,X 101;
JONES, CHARLOTTE,X 106;
JONES, CHARLOTTE,X 67;
JONES, CHARLOTTE,X 68;
JONES, CHARLOTTE,XF 51;
JONES, CHARLOTTE,XF 52;
JONES, CHARLOTTE,XF 53;
JONES, CHARLOTTE,XF 56;
JONES, CHARLOTTE,XF 57;
JONES, CHARLOTTE,XF 58;
JONES, CHARLOTTE,XF 59;
JONES, CHARLOTTE,XF 65;
JONES, CHARLOTTE,XF 66;
JONES, CHARLOTTE,XF 67;
JONES, CHARLOTTE,XF 68;
JONES, CHARLOTTE,XFOR 54;
JONES, DANIEL DANNY,M/PRM 39;
JONES, DANIEL DANNY,M/PRM 40;
JONES, DANIEL DANNY,ROM 21;
JONES, DANIEL DANNY,ROM 22;
JONES, DANIEL DANNY,ROM 23;
JONES, DANIEL DANNY,ROM 24;
JONES, DANIEL DANNY,ROM 25;
JONES, DANIEL DANNY,ROM 27;
JONES, DANIEL DANNY,ROM 29;
JONES, DANIEL DANNY,ROM 30;
JONES, DANIEL DANNY,ROM 32;
JONES, DANIEL DANNY,ROM 33;
JONES, DANIEL DANNY,ROM 50;
JONES, DRUCILLA,SQS:NWO;
JONES, GABE,A 325;
JONES, GABE,A 67;
JONES, GABE,A 72;
JONES, GABE,CA 174;
JONES, GABE,CA 175;
JONES, GABE,CA 178;
JONES, GABE,CA 181;
JONES, GABE,CA 182;
JONES, GABE,CA 183;
JONES, GABE,CA 184;
JONES, GABE,CA 185;
JONES, GABE,CA 186;
JONES, GABE,CA 187;
JONES, GABE,CA 188;
JONES, GABE,CA 191;
JONES, GABE,CA 273;
JONES, GABE,CA 274;
JONES, GABE,CA3 20/2;
JONES, GABE,CA3 21/2;
JONES, GABE,CA3 32;
JONES, GABE,CA 351;
JONES, GABE,CA 383/2;
JONES, GABE,DRSTR2 51;
JONES, GABE,FF 3;
JONES, GABE,GZILL 10;
JONES, GABE,GZILL 11;
JONES, GABE,GZILL 13;
JONES, GABE,GZILL 14;
JONES, GABE,GZILL 15;
JONES, GABE,GZILL 17;
JONES, GABE,GZILL 18;
JONES, GABE,GZILL 19;
JONES, GABE,GZILL 20;
JONES, GABE,GZILL 21;
JONES, GABE,GZILL 22;
JONES, GABE,GZILL 23;
JONES, GABE,GZILL 24;
JONES, GABE,GZILL 3;
JONES, GABE,GZILL 4;
JONES, GABE,GZILL 5;
JONES, GABE,GZILL 6;
JONES, GABE,GZILL 7;
JONES, GABE,GZILL 8;
JONES, GABE,GZILL 9;
JONES, GABE,H2 106;
JONES, GABE,H2 107;
JONES, GABE,H2 199;
JONES, GABE,H2 297;
JONES, GABE,H2 298;
JONES, GABE,H2 299;
JONES, GABE,H2 300;
JONES, GABE,H2 434;
JONES, GABE,IM 1;
JONES, GABE,IM 13;
JONES, GABE,IM 16;
JONES, GABE,INV 35;
JONES, GABE,MARVELS 2;
JONES, GABE,M/CP 77/3;
JONES, GABE,M/CP 78/2;
JONES, GABE,M/CP 79/2;
JONES, GABE,MICRO 26;
JONES, GABE,MICRO 27;
JONES, GABE,MICRO 29;
JONES, GABE,NF3 13;
JONES, GABE,NF3 14;
JONES, GABE,NF3 20;
JONES, GABE,NF3 25;
JONES, GABE,NF3 27;
JONES, GABE,NF3 8;
JONES, GABE,NFAOS 12;
JONES, GABE,NFAOS 13;
JONES, GABE,NFAOS 14;
JONES, GABE,NFAOS 7;
JONES, GABE,NFAOS 8;
JONES, GABE,NFAOS 9;
JONES, GABE,NFV.S 1;
JONES, GABE,NFV.S 2;
JONES, GABE,NFV.S 3;
JONES, GABE,NFV.S 4;
JONES, GABE,NFV.S 5;
JONES, GABE,NFV.S 6;
JONES, GABE,SGTF 1;
JONES, GABE,SGTF 13;
JONES, GABE,SGTF 2;
JONES, GABE,SGTF 4;
JONES, GABE,SHOWAR 14;
JONES, GABE,ST 137;
JONES, GABE,ST 138;
JONES, GABE,ST 139;
JONES, GABE,ST 140;
JONES, GABE,ST 141;
JONES, GABE,ST 143;
JONES, GABE,ST 149;
JONES, GABE,ST 151;
JONES, GABE,ST 152;
JONES, GABE,ST 153;
JONES, GABE,ST 154;
JONES, GABE,ST 155;
JONES, GABE,ST 156;
JONES, GABE,ST 157;
JONES, GABE,ST 159;
JONES, GABE,ST 167;
JONES, GABE,TOS 98/2;
JONES, HUGH,A 141;
JONES, HUGH,A 142;
JONES, HUGH,A 144;
JONES, HUGH,A 147;
JONES, HUGH,A 149;
JONES, HUGH,CA 180;
JONES, HUGH,CA 181;
JONES, HUGH,CA 185;
JONES, HUGH,IM:IA 1;
JONES, HUGH,IM:IA 2;
JONES, HUGH,M/TIO 66;
JONES, JANIS,ABOM 1;
JONES, JANIS,ABOM 2;
JONES, JANIS,ABOM 3;
JONES, JANIS,H2 444;
JONES, JANIS,H2 445;
JONES, JANIS,H2 446;
JONES, JANIS,H2 447;
JONES, JANIS,H2 448;
JONES, JANIS,H2 449;
JONES, JANIS,H2 450;
JONES, JANIS,H2 451;
JONES, JANIS,H2 452;
JONES, JANIS,H2 453;
JONES, JANIS,H2 455;
JONES, JANIS,H2 456;
JONES, JANIS,H2 457;
JONES, JANIS,H2 458;
JONES, JANIS,H '97;
JONES, JOHN,C2 94;
JONES, KATIE,SQS:NWO;
JONES, LORRAINE LORR,M/PRM 39;
JONES, LORRAINE LORR,M/PRM 40;
JONES, LORRAINE LORR,ROM 21;
JONES, LORRAINE LORR,ROM 22;
JONES, LORRAINE LORR,ROM 23;
JONES, LORRAINE LORR,ROM 24;
JONES, LORRAINE LORR,ROM 25;
JONES, LORRAINE LORR,ROM 27;
JONES, LORRAINE LORR,ROM 29;
JONES, LORRAINE LORR,ROM 30;
JONES, LORRAINE LORR,ROM 32;
JONES, LORRAINE LORR,ROM 33;
JONES, LORRAINE LORR,ROM 50;
JONES, LOUISE,DAZZ 30;
JONES, LOUISE,M-T2 11;
JONES, LOUISE,UX 7;
JONES, MAGGIE,MM 11;
JONES, MAGGIE,MM 13;
JONES, MAGGIE,MM 14;
JONES, MAGGIE,MM 15;
JONES, MAGGIE,MM 16;
JONES, MAGGIE,MM 17;
JONES, MAGGIE,MM 19;
JONES, MAGGIE,M/TU 3;
JONES, MAGGIE,ROM 21;
JONES, MARLO CHANDLE,CM4 2;
JONES, MARLO CHANDLE,CM5 1;
JONES, MARLO CHANDLE,CM5 11;
JONES, MARLO CHANDLE,CM5 12;
JONES, MARLO CHANDLE,CM5 13;
JONES, MARLO CHANDLE,CM5 15;
JONES, MARLO CHANDLE,CM5 16;
JONES, MARLO CHANDLE,CM5 17;
JONES, MARLO CHANDLE,CM5 18;
JONES, MARLO CHANDLE,CM5 19;
JONES, MARLO CHANDLE,CM5 2;
JONES, MARLO CHANDLE,CM5 20;
JONES, MARLO CHANDLE,CM5 21;
JONES, MARLO CHANDLE,CM5 3;
JONES, MARLO CHANDLE,CM5 4;
JONES, MARLO CHANDLE,CM5 5;
JONES, MARLO CHANDLE,CM5 6;
JONES, MARLO CHANDLE,CM5 8;
JONES, MARLO CHANDLE,CM5 9;
JONES, MARLO CHANDLE,DRSTR3 70;
JONES, MARLO CHANDLE,GUARD 3;
JONES, MARLO CHANDLE,H 17/2;
JONES, MARLO CHANDLE,H 18/2;
JONES, MARLO CHANDLE,H2 347;
JONES, MARLO CHANDLE,H2 348;
JONES, MARLO CHANDLE,H2 351;
JONES, MARLO CHANDLE,H2 353;
JONES, MARLO CHANDLE,H2 354;
JONES, MARLO CHANDLE,H2 355;
JONES, MARLO CHANDLE,H2 356;
JONES, MARLO CHANDLE,H2 357;
JONES, MARLO CHANDLE,H2 358;
JONES, MARLO CHANDLE,H2 362;
JONES, MARLO CHANDLE,H2 375;
JONES, MARLO CHANDLE,H2 376;
JONES, MARLO CHANDLE,H2 377;
JONES, MARLO CHANDLE,H2 379;
JONES, MARLO CHANDLE,H2 380;
JONES, MARLO CHANDLE,H2 381;
JONES, MARLO CHANDLE,H2 382;
JONES, MARLO CHANDLE,H2 383;
JONES, MARLO CHANDLE,H2 384;
JONES, MARLO CHANDLE,H2 385;
JONES, MARLO CHANDLE,H2 386;
JONES, MARLO CHANDLE,H2 388;
JONES, MARLO CHANDLE,H2 391;
JONES, MARLO CHANDLE,H2 394;
JONES, MARLO CHANDLE,H2 395;
JONES, MARLO CHANDLE,H2 396;
JONES, MARLO CHANDLE,H2 397;
JONES, MARLO CHANDLE,H2 398;
JONES, MARLO CHANDLE,H2 399;
JONES, MARLO CHANDLE,H2 400;
JONES, MARLO CHANDLE,H2 418;
JONES, MARLO CHANDLE,H2 419;
JONES, MARLO CHANDLE,H2 439;
JONES, MARLO CHANDLE,H2 441;
JONES, MARLO CHANDLE,H2 442;
JONES, MARLO CHANDLE,H2 445;
JONES, MARLO CHANDLE,H2 451;
JONES, MARLO CHANDLE,H2 452;
JONES, MARLO CHANDLE,H2 458;
JONES, MARLO CHANDLE,H2 461;
JONES, MARLO CHANDLE,H2 462;
JONES, MARLO CHANDLE,H2 463;
JONES, MARLO CHANDLE,H2 464;
JONES, MARLO CHANDLE,H2 465;
JONES, MARLO CHANDLE,H2 466;
JONES, MARLO CHANDLE,H2 467;
JONES, MARLO CHANDLE,H2 470;
JONES, MARLO CHANDLE,H2 471;
JONES, MARLO CHANDLE,M/CP 6/4;
JONES, MARLO CHANDLE,WOSM 44;
JONES, MARLO CHANDLE,X '98;
JONES, NELL,ROM 21;
JONES, NELL,ROM 22;
JONES, NELL,ROM 23;
JONES, NELL,ROM 24;
JONES, NELL,ROM 25;
JONES, NELL,ROM 29;
JONES, NELL,ROM 30;
JONES, NELL,ROM 33;
JONES, NELL,ROM 50;
JONES, PHILLIP,SQS:NWO;
JONES, RICARDO,FF 53;
JONES, RICHARD MILHO,A 1;
JONES, RICHARD MILHO,A 10;
JONES, RICHARD MILHO,A 100;
JONES, RICHARD MILHO,A 103;
JONES, RICHARD MILHO,A 106;
JONES, RICHARD MILHO,A 107;
JONES, RICHARD MILHO,A 108;
JONES, RICHARD MILHO,A 11;
JONES, RICHARD MILHO,A 12;
JONES, RICHARD MILHO,A 13;
JONES, RICHARD MILHO,A 14;
JONES, RICHARD MILHO,A 15;
JONES, RICHARD MILHO,A 16;
JONES, RICHARD MILHO,A 17;
JONES, RICHARD MILHO,A 18;
JONES, RICHARD MILHO,A 2;
JONES, RICHARD MILHO,A 3;
JONES, RICHARD MILHO,A3 1;
JONES, RICHARD MILHO,A3 26;
JONES, RICHARD MILHO,A 4;
JONES, RICHARD MILHO,A 5;
JONES, RICHARD MILHO,A 6;
JONES, RICHARD MILHO,A 7;
JONES, RICHARD MILHO,A 72;
JONES, RICHARD MILHO,A 8;
JONES, RICHARD MILHO,A 89;
JONES, RICHARD MILHO,A 90;
JONES, RICHARD MILHO,A 91;
JONES, RICHARD MILHO,A 92;
JONES, RICHARD MILHO,A 93;
JONES, RICHARD MILHO,A 94;
JONES, RICHARD MILHO,A 95;
JONES, RICHARD MILHO,A 96;
JONES, RICHARD MILHO,A 97;
JONES, RICHARD MILHO,A 98;
JONES, RICHARD MILHO,A 99;
JONES, RICHARD MILHO,AAF 16;
JONES, RICHARD MILHO,ASPOT 25/2;
JONES, RICHARD MILHO,AVF 1;
JONES, RICHARD MILHO,AVF 10;
JONES, RICHARD MILHO,AVF 11;
JONES, RICHARD MILHO,AVF 12;
JONES, RICHARD MILHO,AVF 2;
JONES, RICHARD MILHO,AVF 3;
JONES, RICHARD MILHO,AVF 4;
JONES, RICHARD MILHO,AVF 5;
JONES, RICHARD MILHO,AVF 6;
JONES, RICHARD MILHO,AVF 7;
JONES, RICHARD MILHO,AVF 9;
JONES, RICHARD MILHO,AWC 80;
JONES, RICHARD MILHO,CA 110;
JONES, RICHARD MILHO,CA 111;
JONES, RICHARD MILHO,CA 113;
JONES, RICHARD MILHO,CA 114;
JONES, RICHARD MILHO,CA 115;
JONES, RICHARD MILHO,CA 116;
JONES, RICHARD MILHO,CA 118;
JONES, RICHARD MILHO,CA 221/2;
JONES, RICHARD MILHO,CA 398;
JONES, RICHARD MILHO,CM 17;
JONES, RICHARD MILHO,CM 18;
JONES, RICHARD MILHO,CM 19;
JONES, RICHARD MILHO,CM 20;
JONES, RICHARD MILHO,CM 21;
JONES, RICHARD MILHO,CM 22;
JONES, RICHARD MILHO,CM 23;
JONES, RICHARD MILHO,CM 24;
JONES, RICHARD MILHO,CM 25;
JONES, RICHARD MILHO,CM 26;
JONES, RICHARD MILHO,CM 27;
JONES, RICHARD MILHO,CM 28;
JONES, RICHARD MILHO,CM 29;
JONES, RICHARD MILHO,CM 30;
JONES, RICHARD MILHO,CM 31;
JONES, RICHARD MILHO,CM 32;
JONES, RICHARD MILHO,CM 34;
JONES, RICHARD MILHO,CM 35;
JONES, RICHARD MILHO,CM 37;
JONES, RICHARD MILHO,CM 38;
JONES, RICHARD MILHO,CM 39;
JONES, RICHARD MILHO,CM 40;
JONES, RICHARD MILHO,CM 41;
JONES, RICHARD MILHO,CM 42;
JONES, RICHARD MILHO,CM4 2;
JONES, RICHARD MILHO,CM 43;
JONES, RICHARD MILHO,CM 44;
JONES, RICHARD MILHO,CM 45;
JONES, RICHARD MILHO,CM 46;
JONES, RICHARD MILHO,CM 47;
JONES, RICHARD MILHO,CM 48;
JONES, RICHARD MILHO,CM 49;
JONES, RICHARD MILHO,CM 50;
JONES, RICHARD MILHO,CM 51;
JONES, RICHARD MILHO,CM5 1;
JONES, RICHARD MILHO,CM5 10;
JONES, RICHARD MILHO,CM5 11;
JONES, RICHARD MILHO,CM5 12;
JONES, RICHARD MILHO,CM5 13;
JONES, RICHARD MILHO,CM5 14;
JONES, RICHARD MILHO,CM5 15;
JONES, RICHARD MILHO,CM5 16;
JONES, RICHARD MILHO,CM5 17;
JONES, RICHARD MILHO,CM5 18;
JONES, RICHARD MILHO,CM5 19;
JONES, RICHARD MILHO,CM 52;
JONES, RICHARD MILHO,CM5 2;
JONES, RICHARD MILHO,CM5 20;
JONES, RICHARD MILHO,CM5 21;
JONES, RICHARD MILHO,CM 53;
JONES, RICHARD MILHO,CM5 3;
JONES, RICHARD MILHO,CM 54;
JONES, RICHARD MILHO,CM5 4;
JONES, RICHARD MILHO,CM 55;
JONES, RICHARD MILHO,CM5 5;
JONES, RICHARD MILHO,CM5 6;
JONES, RICHARD MILHO,CM 57;
JONES, RICHARD MILHO,CM5 7;
JONES, RICHARD MILHO,CM5 8;
JONES, RICHARD MILHO,CM5 9;
JONES, RICHARD MILHO,CM 60;
JONES, RICHARD MILHO,CM 61;
JONES, RICHARD MILHO,CM 62;
JONES, RICHARD MILHO,COMET 3;
JONES, RICHARD MILHO,DD 107;
JONES, RICHARD MILHO,DRSTR 2;
JONES, RICHARD MILHO,DRSTR3 70;
JONES, RICHARD MILHO,DRSTR3 71;
JONES, RICHARD MILHO,FF 12;
JONES, RICHARD MILHO,FF 25;
JONES, RICHARD MILHO,FF 26;
JONES, RICHARD MILHO,FF 36;
JONES, RICHARD MILHO,GUARD 2;
JONES, RICHARD MILHO,GUARD 3;
JONES, RICHARD MILHO,H 1;
JONES, RICHARD MILHO,H 15;
JONES, RICHARD MILHO,H 17/2;
JONES, RICHARD MILHO,H 17/4;
JONES, RICHARD MILHO,H 18/2;
JONES, RICHARD MILHO,H 18/4;
JONES, RICHARD MILHO,H 2;
JONES, RICHARD MILHO,H2 103;
JONES, RICHARD MILHO,H2 104;
JONES, RICHARD MILHO,H2 105;
JONES, RICHARD MILHO,H2 106;
JONES, RICHARD MILHO,H2 111;
JONES, RICHARD MILHO,H2 245;
JONES, RICHARD MILHO,H2 247;
JONES, RICHARD MILHO,H2 248;
JONES, RICHARD MILHO,H2 249;
JONES, RICHARD MILHO,H2 251;
JONES, RICHARD MILHO,H2 252;
JONES, RICHARD MILHO,H2 253;
JONES, RICHARD MILHO,H2 256;
JONES, RICHARD MILHO,H2 257;
JONES, RICHARD MILHO,H2 258;
JONES, RICHARD MILHO,H2 259;
JONES, RICHARD MILHO,H2 260;
JONES, RICHARD MILHO,H2 261;
JONES, RICHARD MILHO,H2 262;
JONES, RICHARD MILHO,H2 263;
JONES, RICHARD MILHO,H2 264;
JONES, RICHARD MILHO,H2 265;
JONES, RICHARD MILHO,H2 266;
JONES, RICHARD MILHO,H2 267;
JONES, RICHARD MILHO,H2 268;
JONES, RICHARD MILHO,H2 269;
JONES, RICHARD MILHO,H2 270;
JONES, RICHARD MILHO,H2 271;
JONES, RICHARD MILHO,H2 272;
JONES, RICHARD MILHO,H2 273;
JONES, RICHARD MILHO,H2 274;
JONES, RICHARD MILHO,H2 275;
JONES, RICHARD MILHO,H2 276;
JONES, RICHARD MILHO,H2 277;
JONES, RICHARD MILHO,H2 278;
JONES, RICHARD MILHO,H2 279;
JONES, RICHARD MILHO,H2 280;
JONES, RICHARD MILHO,H2 281;
JONES, RICHARD MILHO,H2 282;
JONES, RICHARD MILHO,H2 285;
JONES, RICHARD MILHO,H2 319;
JONES, RICHARD MILHO,H2 320;
JONES, RICHARD MILHO,H2 321;
JONES, RICHARD MILHO,H2 322;
JONES, RICHARD MILHO,H2 323;
JONES, RICHARD MILHO,H2 324;
JONES, RICHARD MILHO,H2 325;
JONES, RICHARD MILHO,H2 326;
JONES, RICHARD MILHO,H2 327;
JONES, RICHARD MILHO,H2 329;
JONES, RICHARD MILHO,H2 330;
JONES, RICHARD MILHO,H2 331;
JONES, RICHARD MILHO,H2 332;
JONES, RICHARD MILHO,H2 333;
JONES, RICHARD MILHO,H2 334;
JONES, RICHARD MILHO,H2 336;
JONES, RICHARD MILHO,H2 337;
JONES, RICHARD MILHO,H2 338;
JONES, RICHARD MILHO,H2 339;
JONES, RICHARD MILHO,H2 340;
JONES, RICHARD MILHO,H2 341;
JONES, RICHARD MILHO,H2 342;
JONES, RICHARD MILHO,H2 343;
JONES, RICHARD MILHO,H2 344;
JONES, RICHARD MILHO,H2 345;
JONES, RICHARD MILHO,H2 346;
JONES, RICHARD MILHO,H2 360;
JONES, RICHARD MILHO,H2 373;
JONES, RICHARD MILHO,H2 374;
JONES, RICHARD MILHO,H2 375;
JONES, RICHARD MILHO,H2 376;
JONES, RICHARD MILHO,H2 377;
JONES, RICHARD MILHO,H2 378;
JONES, RICHARD MILHO,H2 379;
JONES, RICHARD MILHO,H2 380;
JONES, RICHARD MILHO,H2 381;
JONES, RICHARD MILHO,H2 382;
JONES, RICHARD MILHO,H2 383;
JONES, RICHARD MILHO,H2 385;
JONES, RICHARD MILHO,H2 386;
JONES, RICHARD MILHO,H2 387;
JONES, RICHARD MILHO,H2 388;
JONES, RICHARD MILHO,H2 389;
JONES, RICHARD MILHO,H2 390;
JONES, RICHARD MILHO,H2 391;
JONES, RICHARD MILHO,H2 392;
JONES, RICHARD MILHO,H2 393;
JONES, RICHARD MILHO,H2 394;
JONES, RICHARD MILHO,H2 395;
JONES, RICHARD MILHO,H2 396;
JONES, RICHARD MILHO,H2 397;
JONES, RICHARD MILHO,H2 398;
JONES, RICHARD MILHO,H2 399;
JONES, RICHARD MILHO,H2 400;
JONES, RICHARD MILHO,H2 418;
JONES, RICHARD MILHO,H2 419;
JONES, RICHARD MILHO,H2 427;
JONES, RICHARD MILHO,H2 439;
JONES, RICHARD MILHO,H2 441;
JONES, RICHARD MILHO,H2 442;
JONES, RICHARD MILHO,H2 445;
JONES, RICHARD MILHO,H2 451;
JONES, RICHARD MILHO,H2 452;
JONES, RICHARD MILHO,H2 455;
JONES, RICHARD MILHO,H2 456;
JONES, RICHARD MILHO,H2 457;
JONES, RICHARD MILHO,H2 458;
JONES, RICHARD MILHO,H2 461;
JONES, RICHARD MILHO,H2 462;
JONES, RICHARD MILHO,H2 463;
JONES, RICHARD MILHO,H2 464;
JONES, RICHARD MILHO,H2 465;
JONES, RICHARD MILHO,H2 466;
JONES, RICHARD MILHO,H2 467;
JONES, RICHARD MILHO,H2 468;
JONES, RICHARD MILHO,H2 470;
JONES, RICHARD MILHO,H 3;
JONES, RICHARD MILHO,H 4;
JONES, RICHARD MILHO,H 4/2;
JONES, RICHARD MILHO,H 5;
JONES, RICHARD MILHO,H 5/2;
JONES, RICHARD MILHO,H 6;
JONES, RICHARD MILHO,JIM 116;
JONES, RICHARD MILHO,M/CP 52/3;
JONES, RICHARD MILHO,M/GN 1;
JONES, RICHARD MILHO,M/H&L '97;
JONES, RICHARD MILHO,M/S&L /3;
JONES, RICHARD MILHO,M/SPT2 1;
JONES, RICHARD MILHO,M/SPT2 2;
JONES, RICHARD MILHO,M/SPT2 3;
JONES, RICHARD MILHO,M/TU 16;
JONES, RICHARD MILHO,M/TU 17;
JONES, RICHARD MILHO,M/TU 74;
JONES, RICHARD MILHO,N 2;
JONES, RICHARD MILHO,Q 32;
JONES, RICHARD MILHO,ROM 54;
JONES, RICHARD MILHO,ROM 55;
JONES, RICHARD MILHO,ROM 56;
JONES, RICHARD MILHO,ROM 58;
JONES, RICHARD MILHO,ROM 59;
JONES, RICHARD MILHO,ROM 60;
JONES, RICHARD MILHO,ROM 61;
JONES, RICHARD MILHO,ROM 62;
JONES, RICHARD MILHO,ROM 64;
JONES, RICHARD MILHO,ROM 65;
JONES, RICHARD MILHO,ROM 66;
JONES, RICHARD MILHO,ROM 67;
JONES, RICHARD MILHO,ROM 71;
JONES, RICHARD MILHO,ROM 72;
JONES, RICHARD MILHO,SS 5;
JONES, RICHARD MILHO,SUB-M 30;
JONES, RICHARD MILHO,TB 46;
JONES, RICHARD MILHO,TB 47;
JONES, RICHARD MILHO,TB 9;
JONES, RICHARD MILHO,TOS 60/2;
JONES, RICHARD MILHO,TTA 100;
JONES, RICHARD MILHO,TTA 62/2;
JONES, RICHARD MILHO,TTA 64/2;
JONES, RICHARD MILHO,TTA 68/2;
JONES, RICHARD MILHO,TTA 69/2;
JONES, RICHARD MILHO,TTA 70/2;
JONES, RICHARD MILHO,TTA 71/2;
JONES, RICHARD MILHO,TTA 72/2;
JONES, RICHARD MILHO,TTA 75/2;
JONES, RICHARD MILHO,TTA 77/2;
JONES, RICHARD MILHO,TTA 78/2;
JONES, RICHARD MILHO,TTA 79/2;
JONES, RICHARD MILHO,TTA 80/2;
JONES, RICHARD MILHO,TTA 81/2;
JONES, RICHARD MILHO,TTA 82/2;
JONES, RICHARD MILHO,TTA 83/2;
JONES, RICHARD MILHO,TTA 84/2;
JONES, RICHARD MILHO,TTA 85/2;
JONES, RICHARD MILHO,TTA 86/2;
JONES, RICHARD MILHO,TTA 87/2;
JONES, RICHARD MILHO,TTA 88/2;
JONES, RICHARD MILHO,TTA 89/2;
JONES, RICHARD MILHO,TTA 91/2;
JONES, RICHARD MILHO,TTA 92/2;
JONES, RICHARD MILHO,TTA 97/2;
JONES, RICHARD MILHO,WM2 7;
JONES, RICHARD MILHO,X '98;
JONES, SANDY,ASM 193;
JONES, SANDY,ASM 209;
JONES, SANDY,ASM 298;
JONES, SANDY,ASM 300;
JONES, SANDY,ASM 301;
JONES, SANDY,ASM 307;
JONES, SANDY,ASM 319;
JONES, SANDY,PPTSS 43;
JONES, TAMMY ANNE,M/PRM 39;
JONES, TAMMY ANNE,M/PRM 40;
JONES, TAMMY ANNE,ROM 21;
JONES, TAMMY ANNE,ROM 22;
JONES, TAMMY ANNE,ROM 23;
JONES, TAMMY ANNE,ROM 24;
JONES, TAMMY ANNE,ROM 25;
JONES, TAMMY ANNE,ROM 27;
JONES, TAMMY ANNE,ROM 29;
JONES, TAMMY ANNE,ROM 30;
JONES, TAMMY ANNE,ROM 32;
JONES, TAMMY ANNE,ROM 33;
JONES, TAMMY ANNE,ROM 50;
JONES, TIMOTHY,X 68;
JONES, TIMOTHY,X 69;
JONES, TIMOTHY,XF 58;
JONES, TIMOTHY,XF 59;
JONES, WALTER,XFOR 73;
JONES, WILLIAM,X 85;
JONIN,DD 294;
JONIN,DD 295;
JONIN,DD 296;
JONIN,DD 307;
JONIN,DD 308;
JONIN,DD 309;
JONIN,NOM2 4;
JONIN,NOM2 5;
JONIN,NOM2 6;
JORDAN, HAL,H2 426;
JORNICK,XF 110;
JORRO,A 256;
JORRO,A 257;
JORRO,T 15;
JOSEPH,A 401;
JOSEPH,O:MU;
JOSEPH, SHEVA,WARM 11;
JOSEPH, SHEVA,WARM 12;
JOSEPH, SHEVA,WARM 13;
JOSEPH, SHEVA,WARM 15;
JOSEPH, SHEVA,WARM 16;
JOSEPH, SHEVA,WARM 17;
JOSEPH, SHEVA,WARM 20;
JOSEPH, SHEVA,WARM 21;
JOSEPH, SHEVA,WARM 5;
JOSEPH, SHEVA,WARM 6;
JOSEPH, SHEVA,WARM 7;
JOSEPH, SHEVA,WARM 8;
JOSEPH,UX 327;
JOSEPH,UX 336;
JOSEPH,UX 338;
JOSEPH,UX 339;
JOSEPH,UX 341;
JOSEPH,UX 342;
JOSEPH,UX 343;
JOSEPH,UX 344;
JOSEPH,UX 345;
JOSEPH,UX 347;
JOSEPH,UX 348;
JOSEPH,UX 349;
JOSEPH,UX 350;
JOSEPH,UX 352;
JOSEPH,UX 353;
JOSEPH,UX 354;
JOSEPH,UX 366;
JOSEPH,UX 367;
JOSEPH,X 46;
JOSEPH,X 53;
JOSEPH,X 55;
JOSEPH,X 56;
JOSEPH,X 57;
JOSEPH,X 58;
JOSEPH,X 59;
JOSEPH,X 70;
JOSEPH,X 72;
JOSEPH,X 73;
JOSEPH,X 86;
JOSEPH,X 87;
JOSEPH,X '97;
JOSEPH,X:MW 1;
JOSEPH,XU 11;
JOSHUA, DR. SEGISMUN,XFOR 13;
JOSHUA, DR. SEGISMUN,XFOR 14;
JOSHUA, DR. SEGISMUN,XFOR 15;
JOSHUA, DR. SEGISMUN,XFOR 69;
JOSHUA, DR. SEGISMUN,XFOR 79;
JOSHUA, DR. SEGISMUN,XFOR 80;
JOSHUA, DR. SEGISMUN,XFOR 96;
JOSHUA, DR. SEGISMUN,XFOR 97;
JOSTEN, CARL,TB 16;
JOSTEN, LINDY,TB 10;
JOUST,ABOM 3;
JOVAN,T 482;
JOYBOY,FF3 6;
JOYBOY,FF3 7;
JOYBOY,FF3 8;
JOYBOY,XCAL 125;
JOYBOY,XCAL 42;
JOYBOY,XCAL 43;
JOYBOY,XCAL 44;
JOYBOY,XCAL 45;
JOYBOY,XCAL 54;
JOYBOY,XCALSE;
JOYCE, SAMANTHA,T 414;
JOYCE, SAMANTHA,T 418;
JOYCE, SAMANTHA,T 420;
JOYCE, SAMANTHA,T 421;
JOYCE, SAMANTHA,T 444;
JOYCE, SAMANTHA,T 453;
JOYCE, SAMANTHA,TS 12;
JOYCE, SAMANTHA,TS 13;
JOYCE, SAMANTHA,TS 19;
JOYCE, SAMANTHA,TS 22;
JOYCE, SAMANTHA,TS 23;
JOYCE, SAMANTHA,TS 24;
JOYSTICK/JANICE,ASM 409;
JOYSTICK/JANICE,ASMU 14;
JOYSTICK/JANICE,ASS 2;
JOYSTICK/JANICE,GG 3;
JOYSTICK/JANICE,TB 24;
JOYSTICK/JANICE,TB 25;
JUBILEE/JUBILATION L,BSHP 1;
JUBILEE/JUBILATION L,DAMCON3 4;
JUBILEE/JUBILATION L,DLOK2 4;
JUBILEE/JUBILATION L,DLOK2 5;
JUBILEE/JUBILATION L,GENX 1;
JUBILEE/JUBILATION L,GENX 10;
JUBILEE/JUBILATION L,GENX 11;
JUBILEE/JUBILATION L,GENX 12;
JUBILEE/JUBILATION L,GENX 13;
JUBILEE/JUBILATION L,GENX 14;
JUBILEE/JUBILATION L,GENX 15;
JUBILEE/JUBILATION L,GENX 17;
JUBILEE/JUBILATION L,GENX 2;
JUBILEE/JUBILATION L,GENX 24;
JUBILEE/JUBILATION L,GENX 25;
JUBILEE/JUBILATION L,GENX 29;
JUBILEE/JUBILATION L,GENX 3;
JUBILEE/JUBILATION L,GENX 31;
JUBILEE/JUBILATION L,GENX 32;
JUBILEE/JUBILATION L,GENX 33;
JUBILEE/JUBILATION L,GENX 34;
JUBILEE/JUBILATION L,GENX 35;
JUBILEE/JUBILATION L,GENX 36;
JUBILEE/JUBILATION L,GENX 37;
JUBILEE/JUBILATION L,GENX 38;
JUBILEE/JUBILATION L,GENX 39;
JUBILEE/JUBILATION L,GENX 4;
JUBILEE/JUBILATION L,GENX 40;
JUBILEE/JUBILATION L,GENX 41;
JUBILEE/JUBILATION L,GENX 42;
JUBILEE/JUBILATION L,GENX 43;
JUBILEE/JUBILATION L,GENX 44;
JUBILEE/JUBILATION L,GENX 45;
JUBILEE/JUBILATION L,GENX 46;
JUBILEE/JUBILATION L,GENX 47;
JUBILEE/JUBILATION L,GENX 48;
JUBILEE/JUBILATION L,GENX 49;
JUBILEE/JUBILATION L,GENX 5;
JUBILEE/JUBILATION L,GENX 50;
JUBILEE/JUBILATION L,GENX 51;
JUBILEE/JUBILATION L,GENX 52;
JUBILEE/JUBILATION L,GENX 53;
JUBILEE/JUBILATION L,GENX 54;
JUBILEE/JUBILATION L,GENX 55;
JUBILEE/JUBILATION L,GENX 56;
JUBILEE/JUBILATION L,GENX 57;
JUBILEE/JUBILATION L,GENX 58;
JUBILEE/JUBILATION L,GENX 6;
JUBILEE/JUBILATION L,GENX 60;
JUBILEE/JUBILATION L,GENX 61;
JUBILEE/JUBILATION L,GENX 63;
JUBILEE/JUBILATION L,GENX 64;
JUBILEE/JUBILATION L,GENX 65;
JUBILEE/JUBILATION L,GENX 66;
JUBILEE/JUBILATION L,GENX 67;
JUBILEE/JUBILATION L,GENX 68;
JUBILEE/JUBILATION L,GENX 69;
JUBILEE/JUBILATION L,GENX 7;
JUBILEE/JUBILATION L,GENX 70;
JUBILEE/JUBILATION L,GENX 71;
JUBILEE/JUBILATION L,GENX 72;
JUBILEE/JUBILATION L,GENX 74;
JUBILEE/JUBILATION L,GENX 75;
JUBILEE/JUBILATION L,GENX 8;
JUBILEE/JUBILATION L,GENX 9;
JUBILEE/JUBILATION L,GENX '95;
JUBILEE/JUBILATION L,GENX '96;
JUBILEE/JUBILATION L,GENX '97;
JUBILEE/JUBILATION L,GENX '98;
JUBILEE/JUBILATION L,GENX '99;
JUBILEE/JUBILATION L,GR3 26;
JUBILEE/JUBILATION L,GR3 27;
JUBILEE/JUBILATION L,H '97/2;
JUBILEE/JUBILATION L,M/CP 89/4;
JUBILEE/JUBILATION L,MK3 41;
JUBILEE/JUBILATION L,M/VS 1/5;
JUBILEE/JUBILATION L,MX 26;
JUBILEE/JUBILATION L,MX 27;
JUBILEE/JUBILATION L,NM 96;
JUBILEE/JUBILATION L,NM 97;
JUBILEE/JUBILATION L,NW2 5;
JUBILEE/JUBILATION L,UX 13/2;
JUBILEE/JUBILATION L,UX 14/2;
JUBILEE/JUBILATION L,UX 18/1;
JUBILEE/JUBILATION L,UX 18/2;
JUBILEE/JUBILATION L,UX 244;
JUBILEE/JUBILATION L,UX 247;
JUBILEE/JUBILATION L,UX 248;
JUBILEE/JUBILATION L,UX 251;
JUBILEE/JUBILATION L,UX 252;
JUBILEE/JUBILATION L,UX 253;
JUBILEE/JUBILATION L,UX 257;
JUBILEE/JUBILATION L,UX 258;
JUBILEE/JUBILATION L,UX 261;
JUBILEE/JUBILATION L,UX 268;
JUBILEE/JUBILATION L,UX 271;
JUBILEE/JUBILATION L,UX 272;
JUBILEE/JUBILATION L,UX 273;
JUBILEE/JUBILATION L,UX 274;
JUBILEE/JUBILATION L,UX 275;
JUBILEE/JUBILATION L,UX 276;
JUBILEE/JUBILATION L,UX 277;
JUBILEE/JUBILATION L,UX 278;
JUBILEE/JUBILATION L,UX 279;
JUBILEE/JUBILATION L,UX 280;
JUBILEE/JUBILATION L,UX 288;
JUBILEE/JUBILATION L,UX 295;
JUBILEE/JUBILATION L,UX 311;
JUBILEE/JUBILATION L,UX 314;
JUBILEE/JUBILATION L,UX 316;
JUBILEE/JUBILATION L,UX 317;
JUBILEE/JUBILATION L,UX 318;
JUBILEE/JUBILATION L,UX 325;
JUBILEE/JUBILATION L,UX 331;
JUBILEE/JUBILATION L,UX 343;
JUBILEE/JUBILATION L,UX 350;
JUBILEE/JUBILATION L,UX 353;
JUBILEE/JUBILATION L,UX 354;
JUBILEE/JUBILATION L,UX 375;
JUBILEE/JUBILATION L,UX 376;
JUBILEE/JUBILATION L,UX 377;
JUBILEE/JUBILATION L,UX 388;
JUBILEE/JUBILATION L,UX '95;
JUBILEE/JUBILATION L,UX '99;
JUBILEE/JUBILATION L,W2 115;
JUBILEE/JUBILATION L,W2 117;
JUBILEE/JUBILATION L,W2 118;
JUBILEE/JUBILATION L,W2 125;
JUBILEE/JUBILATION L,W2 126;
JUBILEE/JUBILATION L,W2 141;
JUBILEE/JUBILATION L,W2 146;
JUBILEE/JUBILATION L,W2 147;
JUBILEE/JUBILATION L,W2 40;
JUBILEE/JUBILATION L,W2 41;
JUBILEE/JUBILATION L,W2 42;
JUBILEE/JUBILATION L,W2 43;
JUBILEE/JUBILATION L,W2 45;
JUBILEE/JUBILATION L,W2 46;
JUBILEE/JUBILATION L,W2 48;
JUBILEE/JUBILATION L,W2 50;
JUBILEE/JUBILATION L,W2 51;
JUBILEE/JUBILATION L,W2 52;
JUBILEE/JUBILATION L,W2 53;
JUBILEE/JUBILATION L,W2 55;
JUBILEE/JUBILATION L,W2 56;
JUBILEE/JUBILATION L,W2 57;
JUBILEE/JUBILATION L,W2 58;
JUBILEE/JUBILATION L,W2 59;
JUBILEE/JUBILATION L,W2 60;
JUBILEE/JUBILATION L,W2 61;
JUBILEE/JUBILATION L,W2 62;
JUBILEE/JUBILATION L,W2 63;
JUBILEE/JUBILATION L,W2 64;
JUBILEE/JUBILATION L,W2 65;
JUBILEE/JUBILATION L,W2 72;
JUBILEE/JUBILATION L,W2 94;
JUBILEE/JUBILATION L,X 10;
JUBILEE/JUBILATION L,X 11;
JUBILEE/JUBILATION L,X 1/2;
JUBILEE/JUBILATION L,X 12;
JUBILEE/JUBILATION L,X 13;
JUBILEE/JUBILATION L,X 14;
JUBILEE/JUBILATION L,X 3;
JUBILEE/JUBILATION L,X 33;
JUBILEE/JUBILATION L,X 36;
JUBILEE/JUBILATION L,X 37;
JUBILEE/JUBILATION L,X 4;
JUBILEE/JUBILATION L,X 5;
JUBILEE/JUBILATION L,X 6;
JUBILEE/JUBILATION L,X 64;
JUBILEE/JUBILATION L,X 7;
JUBILEE/JUBILATION L,X 8;
JUBILEE/JUBILATION L,X 9;
JUBILEE/JUBILATION L,X 96;
JUBILEE/JUBILATION L,X 99;
JUBILEE/JUBILATION L,XCAL 57;
JUBILEE/JUBILATION L,XCAL 58;
JUBILEE/JUBILATION L,XF 62;
JUBILEE/JUBILATION L,XF 69;
JUBILEE/JUBILATION L,XF 70;
JUBILEE/JUBILATION L,XFOR 16;
JUBILEE/JUBILATION L,XFOR 18;
JUBILEE/JUBILATION L,XFOR 42;
JUBILEE/JUBILATION L,XM 50;
JUBILEE/JUBILATION L,X:PRIME;
JUBILEE/JUBILATION L,XU 20;
JUBILEE/JUBILATION L,XU 23;
JUBILEE/JUBILATION L,XU 25;
JUBILEE/JUBILATION L,XU 5;
JUDE,SS3 61;
JUDE,SS3 62;
JUDE,SS3 64;
JUDGE KRAY-TOR,SS3 46;
JUDGE KRAY-TOR,SS3 48;
JUGGERNAUT/CAIN MARK,A3 24;
JUGGERNAUT/CAIN MARK,A3 25;
JUGGERNAUT/CAIN MARK,AA2 16;
JUGGERNAUT/CAIN MARK,ASM 229;
JUGGERNAUT/CAIN MARK,ASM 230;
JUGGERNAUT/CAIN MARK,CX 11;
JUGGERNAUT/CAIN MARK,DPOOL2 1;
JUGGERNAUT/CAIN MARK,DPOOL2 2;
JUGGERNAUT/CAIN MARK,DPOOL2 3;
JUGGERNAUT/CAIN MARK,DPOOL2 4;
JUGGERNAUT/CAIN MARK,DRSTR 182;
JUGGERNAUT/CAIN MARK,DRSTR3 44;
JUGGERNAUT/CAIN MARK,GENX 60;
JUGGERNAUT/CAIN MARK,GENX 61;
JUGGERNAUT/CAIN MARK,H2 172;
JUGGERNAUT/CAIN MARK,H2 456;
JUGGERNAUT/CAIN MARK,H2 457;
JUGGERNAUT/CAIN MARK,J:ED;
JUGGERNAUT/CAIN MARK,JUGGERNAUT;
JUGGERNAUT/CAIN MARK,M/TU 150;
JUGGERNAUT/CAIN MARK,PPSM2 11;
JUGGERNAUT/CAIN MARK,S-H2 30;
JUGGERNAUT/CAIN MARK,S-M 16;
JUGGERNAUT/CAIN MARK,S-M 84;
JUGGERNAUT/CAIN MARK,S-W 37;
JUGGERNAUT/CAIN MARK,S-W 38;
JUGGERNAUT/CAIN MARK,SWII 7;
JUGGERNAUT/CAIN MARK,T2 17;
JUGGERNAUT/CAIN MARK,T 411;
JUGGERNAUT/CAIN MARK,T 412;
JUGGERNAUT/CAIN MARK,T 428;
JUGGERNAUT/CAIN MARK,T 429;
JUGGERNAUT/CAIN MARK,UX 101;
JUGGERNAUT/CAIN MARK,UX 102;
JUGGERNAUT/CAIN MARK,UX 103;
JUGGERNAUT/CAIN MARK,UX 12;
JUGGERNAUT/CAIN MARK,UX 122;
JUGGERNAUT/CAIN MARK,UX 13;
JUGGERNAUT/CAIN MARK,UX 183;
JUGGERNAUT/CAIN MARK,UX 194;
JUGGERNAUT/CAIN MARK,UX 217;
JUGGERNAUT/CAIN MARK,UX 218;
JUGGERNAUT/CAIN MARK,UX 32;
JUGGERNAUT/CAIN MARK,UX 322;
JUGGERNAUT/CAIN MARK,UX 33;
JUGGERNAUT/CAIN MARK,UX 333;
JUGGERNAUT/CAIN MARK,UX 334;
JUGGERNAUT/CAIN MARK,UX 361;
JUGGERNAUT/CAIN MARK,UX 369;
JUGGERNAUT/CAIN MARK,UX 46;
JUGGERNAUT/CAIN MARK,W2 93;
JUGGERNAUT/CAIN MARK,X 42;
JUGGERNAUT/CAIN MARK,X 53;
JUGGERNAUT/CAIN MARK,X 54;
JUGGERNAUT/CAIN MARK,X 70;
JUGGERNAUT/CAIN MARK,X 88;
JUGGERNAUT/CAIN MARK,XCAL 3;
JUGGERNAUT/CAIN MARK,XFOR 2;
JUGGERNAUT/CAIN MARK,XFOR 3;
JUGGERNAUT/CAIN MARK,XFOR 4;
JUGGERNAUT/CAIN MARK,XFOR 5;
JUGGERNAUT/CAIN MARK,XMF 1;
JUGGERNAUT/CAIN MARK,XMF 2;
JUGGERNAUT/CAIN MARK,XMF 3;
JUGGERNAUT/CAIN MARK,XMF 4;
JUGGERNAUT/CAIN MARK,XMF 5;
JUGGERNAUT/CAIN MARK,XMF 6;
JUGGERNAUT | MUTANT,MX 21;
JUNCTION,X 106;
JUNIPER, JONATHAN JU,SGFT 2;
JUNIPER, JONATHAN JU,SGTF 1;
JUNIPER,M/CP 101/2;
JUNIPER,M/CP 102/2;
JUPITER,NW 2/3;
JUPITER,NW 3;
JUPITER,NW 61;
JURIAS,SS3 115;
JUSTICE II/VANCE AST,A '01;
JUSTICE II/VANCE AST,A 170;
JUSTICE II/VANCE AST,A 173;
JUSTICE II/VANCE AST,A3 1;
JUSTICE II/VANCE AST,A3 10;
JUSTICE II/VANCE AST,A3 11;
JUSTICE II/VANCE AST,A3 12;
JUSTICE II/VANCE AST,A3 13;
JUSTICE II/VANCE AST,A3 14;
JUSTICE II/VANCE AST,A3 15;
JUSTICE II/VANCE AST,A3 16;
JUSTICE II/VANCE AST,A3 17;
JUSTICE II/VANCE AST,A3 18;
JUSTICE II/VANCE AST,A3 19;
JUSTICE II/VANCE AST,A3 2;
JUSTICE II/VANCE AST,A3 20;
JUSTICE II/VANCE AST,A3 21;
JUSTICE II/VANCE AST,A3 22;
JUSTICE II/VANCE AST,A3 23;
JUSTICE II/VANCE AST,A3 24;
JUSTICE II/VANCE AST,A3 25;
JUSTICE II/VANCE AST,A3 27;
JUSTICE II/VANCE AST,A3 3;
JUSTICE II/VANCE AST,A3 4;
JUSTICE II/VANCE AST,A 341;
JUSTICE II/VANCE AST,A 342;
JUSTICE II/VANCE AST,A3 7;
JUSTICE II/VANCE AST,A3 8;
JUSTICE II/VANCE AST,A3 9;
JUSTICE II/VANCE AST,A '98;
JUSTICE II/VANCE AST,A '99;
JUSTICE II/VANCE AST,ASM2 1;
JUSTICE II/VANCE AST,AVF 1;
JUSTICE II/VANCE AST,BP3 13;
JUSTICE II/VANCE AST,BP3 14;
JUSTICE II/VANCE AST,DAMCON3 2;
JUSTICE II/VANCE AST,DEF 26;
JUSTICE II/VANCE AST,DPOOL3 37;
JUSTICE II/VANCE AST,FF3 23;
JUSTICE II/VANCE AST,FF3 27;
JUSTICE II/VANCE AST,FF3 28;
JUSTICE II/VANCE AST,FF 356;
JUSTICE II/VANCE AST,GAL 1;
JUSTICE II/VANCE AST,GAL 2;
JUSTICE II/VANCE AST,GENX 59;
JUSTICE II/VANCE AST,GG 2;
JUSTICE II/VANCE AST,GSDEF 5;
JUSTICE II/VANCE AST,H2 470;
JUSTICE II/VANCE AST,HAWK2;
JUSTICE II/VANCE AST,IM3 10;
JUSTICE II/VANCE AST,IM3 9;
JUSTICE II/VANCE AST,J 1;
JUSTICE II/VANCE AST,J 2;
JUSTICE II/VANCE AST,J 3;
JUSTICE II/VANCE AST,J 4;
JUSTICE II/VANCE AST,MC:A;
JUSTICE II/VANCE AST,M/SH3 7/4;
JUSTICE II/VANCE AST,M/TIO 69;
JUSTICE II/VANCE AST,NM 7;
JUSTICE II/VANCE AST,NO2 14;
JUSTICE II/VANCE AST,NO2 6;
JUSTICE II/VANCE AST,NT2 16;
JUSTICE II/VANCE AST,NT2 20;
JUSTICE II/VANCE AST,NW 1;
JUSTICE II/VANCE AST,NW 10;
JUSTICE II/VANCE AST,NW 1/3;
JUSTICE II/VANCE AST,NW 13;
JUSTICE II/VANCE AST,NW 14;
JUSTICE II/VANCE AST,NW 15;
JUSTICE II/VANCE AST,NW 16;
JUSTICE II/VANCE AST,NW 17;
JUSTICE II/VANCE AST,NW 18;
JUSTICE II/VANCE AST,NW 19;
JUSTICE II/VANCE AST,NW 2;
JUSTICE II/VANCE AST,NW 20;
JUSTICE II/VANCE AST,NW 21;
JUSTICE II/VANCE AST,NW2 1;
JUSTICE II/VANCE AST,NW 23;
JUSTICE II/VANCE AST,NW 24;
JUSTICE II/VANCE AST,NW 25;
JUSTICE II/VANCE AST,NW 26;
JUSTICE II/VANCE AST,NW 29;
JUSTICE II/VANCE AST,NW 3;
JUSTICE II/VANCE AST,NW 4;
JUSTICE II/VANCE AST,NW 47;
JUSTICE II/VANCE AST,NW 49;
JUSTICE II/VANCE AST,NW 5;
JUSTICE II/VANCE AST,NW 50;
JUSTICE II/VANCE AST,NW 51;
JUSTICE II/VANCE AST,NW 52;
JUSTICE II/VANCE AST,NW 53;
JUSTICE II/VANCE AST,NW 54;
JUSTICE II/VANCE AST,NW 55;
JUSTICE II/VANCE AST,NW 56;
JUSTICE II/VANCE AST,NW 57;
JUSTICE II/VANCE AST,NW 58;
JUSTICE II/VANCE AST,NW 59;
JUSTICE II/VANCE AST,NW 6;
JUSTICE II/VANCE AST,NW 60;
JUSTICE II/VANCE AST,NW 61;
JUSTICE II/VANCE AST,NW 62;
JUSTICE II/VANCE AST,NW 63;
JUSTICE II/VANCE AST,NW 64;
JUSTICE II/VANCE AST,NW 65;
JUSTICE II/VANCE AST,NW 66;
JUSTICE II/VANCE AST,NW 67;
JUSTICE II/VANCE AST,NW 68;
JUSTICE II/VANCE AST,NW 69;
JUSTICE II/VANCE AST,NW 7;
JUSTICE II/VANCE AST,NW 70;
JUSTICE II/VANCE AST,NW 71;
JUSTICE II/VANCE AST,NW 72;
JUSTICE II/VANCE AST,NW 73;
JUSTICE II/VANCE AST,NW 74;
JUSTICE II/VANCE AST,NW 75;
JUSTICE II/VANCE AST,NW 8;
JUSTICE II/VANCE AST,NW 9;
JUSTICE II/VANCE AST,PPTSS 227;
JUSTICE II/VANCE AST,PPTSS 228;
JUSTICE II/VANCE AST,Q 60;
JUSTICE II/VANCE AST,SS '98;
JUSTICE II/VANCE AST,T 411;
JUSTICE II/VANCE AST,T 412;
JUSTICE II/VANCE AST,TB 10;
JUSTICE II/VANCE AST,TB 8;
JUSTICE II/VANCE AST,TG 26;
JUSTICE II/VANCE AST,TG 27;
JUSTICE II/VANCE AST,TG 28;
JUSTICE II/VANCE AST,TG 29;
JUSTICE II/VANCE AST,TG 30;
JUSTICE II/VANCE AST,TG 31;
JUSTICE II/VANCE AST,TG 32;
JUSTICE II/VANCE AST,UX 15;
JUSTICE II/VANCE AST,W2 134;
JUSTICE II/VANCE AST,WOSM 129;
JUSTICE II/VANCE AST,WOSM 75;
JUSTICE II/VANCE AST,WOSS 3;
JUSTICE II/VANCE AST,WOSS 4;
JUSTICE II/VANCE AST,XF 6;
JUSTICE PEACE,FF 352;
JUSTICE PEACE,FF 353;
JUSTICE PEACE,FF 354;
JUSTICE PEACE,T 371;
JUSTICE PEACE,T 372;
JUSTIN, GLORIA,NOM2 1;
JUSUR,SS3 112;
JUTTA,M/CP 101;
JUTTA,M/CP 102;
JUTTA,M/CP 103;
JUTTA,M/CP 105;
JUTTA,M/CP 106;
JUTTA,M/CP 107;
JUVAN,T 422;
JUVAN,T 423;
JUVAN,T 424;
JUVAN,T 425;
JUVAN,T 447/2;
JUVAN,T 448/2;
JUVAN,T 450/2;
JYX,SS3 112;
JYX,SS3 113;
JYX,SS3 114;
JYX,SS3 115;
JZEMLICO, WARDEN,NW 36;
JZEMLICO, WARDEN,TB '97;
KAA,CHAMP 11;
KAA,H2 184;
KABALLA,M/TIO 11;
KABALLA,RH 6/2;
KABALLA,RH 8/2;
KABALLA,ST 176;
KABALLA,ST 177;
K'AD-MON,PPSM '99;
KAFKA, DR. ASHLEY,ASM 391;
KAFKA, DR. ASHLEY,ASM 394;
KAFKA, DR. ASHLEY,ASM 403;
KAFKA, DR. ASHLEY,ASMU 17;
KAFKA, DR. ASHLEY,PPTSS 178;
KAFKA, DR. ASHLEY,PPTSS 179;
KAFKA, DR. ASHLEY,PPTSS 180;
KAFKA, DR. ASHLEY,PPTSS 181;
KAFKA, DR. ASHLEY,PPTSS 182;
KAFKA, DR. ASHLEY,PPTSS 183;
KAFKA, DR. ASHLEY,PPTSS 184;
KAFKA, DR. ASHLEY,PPTSS 190;
KAFKA, DR. ASHLEY,PPTSS 194;
KAFKA, DR. ASHLEY,PPTSS 195;
KAFKA, DR. ASHLEY,PPTSS 196;
KAFKA, DR. ASHLEY,PPTSS 217;
KAFKA, DR. ASHLEY,PPTSS 223;
KAFKA, DR. ASHLEY,PPTSS 233;
KAFKA, DR. ASHLEY,PPTSS 241;
KAFKA, DR. ASHLEY,PPTSS 242;
KAFKA, DR. ASHLEY,PPTSS 243;
KAFKA, DR. ASHLEY,PPTSS 244;
KAFKA, DR. ASHLEY,PPTSS 245;
KAFKA, DR. ASHLEY,PPTSS 246;
KAFKA, DR. ASHLEY,PPTSS 247;
KAFKA, DR. ASHLEY,PPTSS 248;
KAFKA, DR. ASHLEY,PPTSS 249;
KAFKA, DR. ASHLEY,PPTSS 250;
KAFKA, DR. ASHLEY,SENSM 16/2;
KAFKA, DR. ASHLEY,SENSM 17/2;
KAFKA, DR. ASHLEY,SENSM 18;
KAFKA, DR. ASHLEY,S-M 57;
KAFKA, DR. ASHLEY,S-M 67;
KAFKA, DR. ASHLEY,WOSM 117;
KAINE,ASM 397;
KAINE,ASM 398;
KAINE,ASM 399;
KAINE,ASM 401;
KAINE,ASM 403;
KAINE,ASM 404;
KAINE,ASM 409;
KAINE,ASM 435;
KAINE,ASM:FO 2;
KAINE,ASM:FO 3;
KAINE,ASMU 9;
KAINE,MC:A;
KAINE,PPTSS 220;
KAINE,PPTSS 221;
KAINE,PPTSS 222;
KAINE,PPTSS 223;
KAINE,PPTSS 224;
KAINE,PPTSS 226;
KAINE,PPTSS 227;
KAINE,PPTSS 231;
KAINE,SENSM 2;
KAINE,S-M 53;
KAINE,S-M 54;
KAINE,S-M 55;
KAINE,S-M 56;
KAINE,S-M 57;
KAINE,S-M 58;
KAINE,S-M 60;
KAINE,S-M 61;
KAINE,S-M 66;
KAINE,SM:LY 1;
KAINE,SM:LY 2;
KAINE,SM:LY 3;
KAINE,SM:R 1;
KAINE,SM:R 2;
KAINE,SM:R 3;
KAINE,SM:R 4;
KAINE,SSU 1;
KAINE,TB '97;
KAINE,WOSM 118;
KAINE,WOSM 120;
KAINE,WOSM 121;
KAINE,WOSM 122;
KAINE,WOSM 123;
KAINE,WOSM 124;
KAINE,WOSM 126;
KAINE,WOSM 127;
KAISHEK, GOM,W2 150;
KAISHEK, GOM,W2 151;
KAISHEK, HAAN,W2 150;
KAISHEK, HAAN,W2 151;
KAISHEK, HAAN,W2 152;
KAISHEK, KIA,W2 150;
KAISHEK, KIA,W2 151;
KAISHEK, KIA,W2 152;
KAISHEK, KIA,W2 153;
KAISHEK, YOLYN,W2 153;
KALA,A 20;
KALA,AWC 6;
KALADAR [SHI'AR],CM5 14;
KALA,FF 127;
KALA,FF 128;
KALA,H2 263;
KALA,IM 12;
KALA,M/TE 25;
KALA,ROM 28;
KALA,TOS 43;
KALE, JENNIFER,AIF 11;
KALE, JENNIFER,AIF 13;
KALE, JENNIFER,AIF 14;
KALE, JENNIFER,AIF 15;
KALE, JENNIFER,AIF 18;
KALE, JENNIFER,AIF 19;
KALE, JENNIFER,GSM-T 3;
KALE, JENNIFER,HTD 22;
KALE, JENNIFER,HTD 23;
KALE, JENNIFER,HTD 24;
KALE, JENNIFER,M/CP 29/4;
KALE, JENNIFER,M-T 1;
KALE, JENNIFER,M-T2 10;
KALE, JENNIFER,M-T2 11;
KALE, JENNIFER,M/TU 68;
KALE, JENNIFER,OE 2;
KALE, JENNIFER,XFOR 100;
KALE, JENNIFER,XFOR 85;
KALE, JENNIFER,XFOR 87;
KALE, JENNIFER,XFOR 96;
KALE, NAOMI,GR3 -1;
KALIKYA [INHUMAN],INH2 10;
KALIKYA [INHUMAN],INH2 12;
KALIKYA [INHUMAN],INH2 2;
KALIKYA [INHUMAN],INH2 8;
KALIN KARTH KITH,BSHP2 5;
KALIN KARTH KITH,BSHP2 6;
KALI,X 81;
KALMARI,M/SH3 4/6;
KALUU,DRSTR2 81;
KALUU,ST2 8/2;
KAMAL,UX 366;
KAMAL,UX 367;
KAMAL,X 86;
KAMAL,X:MW 1;
KAMIKAZE,C 1;
KAMIKAZE,C 2;
KAMIKAZE,NM 100;
KAMIKAZE,NM 93;
KAMIKAZE,NM 94;
KAMIKAZE,XF 85;
KAMIKAZE,XFOR 1;
KAMINARI,IM 281;
KAMINARI,IM 282;
KAMINARI,IM 283;
KAMO THARNN,CHAMP 12;
KAMO THARNN,CHAMP 13;
KAMO THARNN,SS3 15;
KAMO THARNN,SS3 17;
KAMO THARNN,SS3 4;
KAMO THARNN,SS3 7;
KAMO THARNN,SS3 9;
KAMO THARNN,T 235;
KAMO THARNN,T 334;
KAMO THARNN,T 335;
KANDRA,XFOR '97;
KANE, LARRY,M/CP 70/4;
KANE, MARCY/KAINA,ASM 227;
KANE, MARCY/KAINA,ASM 232;
KANE, MARCY/KAINA,JOH 1;
KANE, MARCY/KAINA,JOH 2;
KANE, MARCY/KAINA,JOH 3;
KANE, MARCY/KAINA,JOH 4;
KANE, MARCY/KAINA,M/TU 117;
KANE, MARCY/KAINA,M/TU 134;
KANE, MARCY/KAINA,PPTSS 1;
KANE, MARCY/KAINA,PPTSS 32;
KANE, MARCY/KAINA,PPTSS 33;
KANE, MARCY/KAINA,PPTSS 34;
KANE, MARCY/KAINA,PPTSS 36;
KANE, MARCY/KAINA,PPTSS 37;
KANE, MARCY/KAINA,PPTSS 38;
KANE, MARCY/KAINA,PPTSS 42;
KANE, MARCY/KAINA,PPTSS 46;
KANE, MARCY/KAINA,PPTSS 54;
KANE, MARCY/KAINA,PPTSS 55;
KANE, MARCY/KAINA,PPTSS 56;
KANE, MARCY/KAINA,PPTSS 58;
KANE, MARCY/KAINA,PPTSS 61;
KANE, MARCY/KAINA,PPTSS 62;
KANE, MARCY/KAINA,PPTSS 65;
KANE, MARCY/KAINA,PPTSS 66;
KANE, MARCY/KAINA,PPTSS 67;
KANE, MARCY/KAINA,PPTSS 68;
KANE, MARCY/KAINA,PPTSS 69;
KANE, MARCY/KAINA,PPTSS 76;
KANE, MARCY/KAINA,PPTSS 78;
KANE, SUGAR,UX 395;
KANE, SUGAR,UX 396;
KANGAROO/FRANK OLIVE,ASM 126;
KANGAROO/FRANK OLIVE,ASM 81;
KANGAROO II/,PPTSS 242;
KANGAROO II/,PPTSS 244;
KANGAROO II/,PPTSS 245;
KANGAROO II/,PPTSS 246;
KANGAROO II/,W2 164;
KANNOR, ORLANDO,ASS 1;
KANNOR, ORLANDO,ASS 2;
KANNOR, ORLANDO,SCARSPI 1;
KANNOR, ORLANDO,SCARSPI 2;
KANNOR, ORLANDO,SSCARSPI 1;
KANNOR, ORLANDO,SSCARSPI 2;
KANNOR, ORLANDO,WOSS 1;
KANNOR, ORLANDO,WOSS 2;
KAPPELBAUM, MRS.,CA 380;
KAREL,UX 358;
KARGUL,FF 390;
KARGUL,FFOR 11;
KARGUL,FFOR 12;
KARGUL,FFOR 13;
KARIMA,XU 7;
KARIM, MERYET,NW 49;
KARIM, MERYET,NW 50;
KARKAS [DEVIANT],A 310;
KARKAS [DEVIANT],BP3 27;
KARKAS [DEVIANT],E 1;
KARKAS [DEVIANT],E 10;
KARKAS [DEVIANT],E 12;
KARKAS [DEVIANT],E2 1;
KARKAS [DEVIANT],E2 10;
KARKAS [DEVIANT],E2 11;
KARKAS [DEVIANT],E2 12;
KARKAS [DEVIANT],E2 2;
KARKAS [DEVIANT],E2 4;
KARKAS [DEVIANT],E2 5;
KARKAS [DEVIANT],E2 9;
KARKAS [DEVIANT],E 8;
KARKAS [DEVIANT],E 9;
KARKAS [DEVIANT],E:HEROD;
KARKAS [DEVIANT],FFU 10;
KARKAS [DEVIANT],HFH 5;
KARKAS [DEVIANT],HFH 6;
KARKAS [DEVIANT],HFH 7;
KARKAS [DEVIANT],NEW ETERNALS;
KARKAS [DEVIANT],SS 1;
KARKAS [DEVIANT],T 285;
KARKAS [DEVIANT],T 286;
KARKAS [DEVIANT],T 287;
KARKAS [DEVIANT],T 288;
KARKAS [DEVIANT],T 289;
KARKAS [DEVIANT],T 291;
KARKAS [DEVIANT],T 292;
KARKAS [DEVIANT],W2 144;
KARKAS | MUTANT X-VE,MX 32;
KARLSON, KAREN,S-M 64;
KARMA 2013,XCAL 94;
KARMA/XI'AN COY MANH,BEAST 1;
KARMA/XI'AN COY MANH,BEAST 2;
KARMA/XI'AN COY MANH,BEAST 3;
KARMA/XI'AN COY MANH,FA 1;
KARMA/XI'AN COY MANH,FA 2;
KARMA/XI'AN COY MANH,M/GN 4;
KARMA/XI'AN COY MANH,M/TU 100;
KARMA/XI'AN COY MANH,NM 1;
KARMA/XI'AN COY MANH,NM 2;
KARMA/XI'AN COY MANH,NM 29;
KARMA/XI'AN COY MANH,NM 3;
KARMA/XI'AN COY MANH,NM 30;
KARMA/XI'AN COY MANH,NM 31;
KARMA/XI'AN COY MANH,NM 32;
KARMA/XI'AN COY MANH,NM 33;
KARMA/XI'AN COY MANH,NM 34;
KARMA/XI'AN COY MANH,NM 35;
KARMA/XI'AN COY MANH,NM 36;
KARMA/XI'AN COY MANH,NM 37;
KARMA/XI'AN COY MANH,NM 38;
KARMA/XI'AN COY MANH,NM 39;
KARMA/XI'AN COY MANH,NM 4;
KARMA/XI'AN COY MANH,NM 40;
KARMA/XI'AN COY MANH,NM 43;
KARMA/XI'AN COY MANH,NM 44;
KARMA/XI'AN COY MANH,NM 46;
KARMA/XI'AN COY MANH,NM 47;
KARMA/XI'AN COY MANH,NM 48;
KARMA/XI'AN COY MANH,NM 5;
KARMA/XI'AN COY MANH,NM 50;
KARMA/XI'AN COY MANH,NM 51;
KARMA/XI'AN COY MANH,NM 52;
KARMA/XI'AN COY MANH,NM 53;
KARMA/XI'AN COY MANH,NM 54;
KARMA/XI'AN COY MANH,NM 6;
KARMA/XI'AN COY MANH,NM 81;
KARMA/XI'AN COY MANH,NMSE 1;
KARMA/XI'AN COY MANH,NM:TD 1;
KARMA/XI'AN COY MANH,NM:TD 2;
KARMA/XI'AN COY MANH,NM:TD 3;
KARMA/XI'AN COY MANH,SEX 1;
KARMA/XI'AN COY MANH,SWII 7;
KARMA/XI'AN COY MANH,SWII 8;
KARMA/XI'AN COY MANH,SWII 9;
KARMA/XI'AN COY MANH,UX 10;
KARMA/XI'AN COY MANH,UX 167;
KARMA/XI'AN COY MANH,UX 200;
KARMA/XI'AN COY MANH,UX 9;
KARMA/XI'AN COY MANH,W2 27;
KARMA/XI'AN COY MANH,W2 28;
KARMA/XI'AN COY MANH,W2 29;
KARMA/XI'AN COY MANH,W2 30;
KARMA/XI'AN COY MANH,W2 4;
KARMA/XI'AN COY MANH,W2 5;
KARMA/XI'AN COY MANH,W2 6;
KARMA/XI'AN COY MANH,W2 7;
KARMA/XI'AN COY MANH,W2 8;
KARMA/XI'AN COY MANH,XFOR 75;
KARNAK DOPPELGANGER,IW 1;
KARNAK [INHUMAN],A 12;
KARNAK [INHUMAN],A 127;
KARNAK [INHUMAN],A 188;
KARNAK [INHUMAN],A 334;
KARNAK [INHUMAN],AA2 1;
KARNAK [INHUMAN],AA2 10;
KARNAK [INHUMAN],AA2 2;
KARNAK [INHUMAN],AA2 3;
KARNAK [INHUMAN],AA2 4;
KARNAK [INHUMAN],AA2 5;
KARNAK [INHUMAN],AA2 6;
KARNAK [INHUMAN],AA2 7;
KARNAK [INHUMAN],AA2 8;
KARNAK [INHUMAN],AA2 9;
KARNAK [INHUMAN],AR 1;
KARNAK [INHUMAN],AR 2;
KARNAK [INHUMAN],CM 53;
KARNAK [INHUMAN],COC 1;
KARNAK [INHUMAN],DAZZ 32;
KARNAK [INHUMAN],DD 272;
KARNAK [INHUMAN],DD 273;
KARNAK [INHUMAN],DD 274;
KARNAK [INHUMAN],DD 275;
KARNAK [INHUMAN],DD 276;
KARNAK [INHUMAN],DD 278;
KARNAK [INHUMAN],DD 279;
KARNAK [INHUMAN],DD 280;
KARNAK [INHUMAN],DD 281;
KARNAK [INHUMAN],DD 282;
KARNAK [INHUMAN],DD 283;
KARNAK [INHUMAN],FF 12;
KARNAK [INHUMAN],FF 130;
KARNAK [INHUMAN],FF 131;
KARNAK [INHUMAN],FF 132;
KARNAK [INHUMAN],FF 150;
KARNAK [INHUMAN],FF 158;
KARNAK [INHUMAN],FF 159;
KARNAK [INHUMAN],FF 18;
KARNAK [INHUMAN],FF 21;
KARNAK [INHUMAN],FF2 10;
KARNAK [INHUMAN],FF 21/2;
KARNAK [INHUMAN],FF2 12;
KARNAK [INHUMAN],FF 240;
KARNAK [INHUMAN],FF 248;
KARNAK [INHUMAN],FF2 8;
KARNAK [INHUMAN],FF2 9;
KARNAK [INHUMAN],FF 306;
KARNAK [INHUMAN],FF 391;
KARNAK [INHUMAN],FF 401;
KARNAK [INHUMAN],FF 402;
KARNAK [INHUMAN],FF 411;
KARNAK [INHUMAN],FF 412;
KARNAK [INHUMAN],FF 413;
KARNAK [INHUMAN],FF 416;
KARNAK [INHUMAN],FF 45;
KARNAK [INHUMAN],FF 46;
KARNAK [INHUMAN],FF 47;
KARNAK [INHUMAN],FF 48;
KARNAK [INHUMAN],FF 5;
KARNAK [INHUMAN],FF 52;
KARNAK [INHUMAN],FF 54;
KARNAK [INHUMAN],FF 56;
KARNAK [INHUMAN],FF 57;
KARNAK [INHUMAN],FF 59;
KARNAK [INHUMAN],FF 60;
KARNAK [INHUMAN],FF 61;
KARNAK [INHUMAN],FF 62;
KARNAK [INHUMAN],FF 82;
KARNAK [INHUMAN],FF 83;
KARNAK [INHUMAN],FF 99;
KARNAK [INHUMAN],FFU 11;
KARNAK [INHUMAN],H2 175;
KARNAK [INHUMAN],H2 279;
KARNAK [INHUMAN],HR:R 4;
KARNAK [INHUMAN],IG 2;
KARNAK [INHUMAN],I:GR;
KARNAK [INHUMAN],INH 1;
KARNAK [INHUMAN],INH 10;
KARNAK [INHUMAN],INH 11;
KARNAK [INHUMAN],INH 12;
KARNAK [INHUMAN],INH 2;
KARNAK [INHUMAN],INH2 1;
KARNAK [INHUMAN],INH2 10;
KARNAK [INHUMAN],INH2 11;
KARNAK [INHUMAN],INH2 12;
KARNAK [INHUMAN],INH2 2;
KARNAK [INHUMAN],INH2 3;
KARNAK [INHUMAN],INH2 4;
KARNAK [INHUMAN],INH2 5;
KARNAK [INHUMAN],INH2 6;
KARNAK [INHUMAN],INH2 7;
KARNAK [INHUMAN],INH2 8;
KARNAK [INHUMAN],INH2 9;
KARNAK [INHUMAN],INH 3;
KARNAK [INHUMAN],INH3 1;
KARNAK [INHUMAN],INH3 2;
KARNAK [INHUMAN],INH3 3;
KARNAK [INHUMAN],INH3 4;
KARNAK [INHUMAN],INH 4;
KARNAK [INHUMAN],INH 5;
KARNAK [INHUMAN],INH 6;
KARNAK [INHUMAN],INH 7;
KARNAK [INHUMAN],INH 8;
KARNAK [INHUMAN],INHUMANS GRAPHIC NOV;
KARNAK [INHUMAN],I:US 1;
KARNAK [INHUMAN],KZ4 10;
KARNAK [INHUMAN],M/CP 68/4;
KARNAK [INHUMAN],M/FAN 14/2;
KARNAK [INHUMAN],M/GN 1;
KARNAK [INHUMAN],M/TIO 71;
KARNAK [INHUMAN],M/TIO 72;
KARNAK [INHUMAN],M/TU 11;
KARNAK [INHUMAN],NO2 12;
KARNAK [INHUMAN],NO2 13;
KARNAK [INHUMAN],NW 6;
KARNAK [INHUMAN],PPTSS 11;
KARNAK [INHUMAN],QS 4;
KARNAK [INHUMAN],QS 5;
KARNAK [INHUMAN],QS 6;
KARNAK [INHUMAN],SS 18;
KARNAK [INHUMAN],SS3 60;
KARNAK [INHUMAN],SUB-M 2;
KARNAK [INHUMAN],T 149/2;
KARNAK [INHUMAN],T 400;
KARNAK [INHUMAN],TG 3;
KARNAK [INHUMAN],V&SW2 10;
KARNAK [INHUMAN],V&SW 4;
KARNAK [INHUMAN],WI? 30/2;
KARNAK [INHUMAN],XF 2;
KARNAK [INHUMAN],XF 67;
KARNAK [INHUMAN],XF 68;
KARNAK [INHUMAN],X:HY 16;
KARNAK | MUTANT X-VE,MX 32;
KARNILLA [ASGARDIAN],BLDR 1;
KARNILLA [ASGARDIAN],BLDR 2;
KARNILLA [ASGARDIAN],BLDR 3;
KARNILLA [ASGARDIAN],BLDR 4;
KARNILLA [ASGARDIAN],DEF 107;
KARNILLA [ASGARDIAN],JIM 107/2;
KARNILLA [ASGARDIAN],JIM 117;
KARNILLA [ASGARDIAN],JIM 119;
KARNILLA [ASGARDIAN],M/CP 66/4;
KARNILLA [ASGARDIAN],NM 84;
KARNILLA [ASGARDIAN],NM 85;
KARNILLA [ASGARDIAN],NM 87;
KARNILLA [ASGARDIAN],T 148;
KARNILLA [ASGARDIAN],T 150;
KARNILLA [ASGARDIAN],T 151;
KARNILLA [ASGARDIAN],T 152;
KARNILLA [ASGARDIAN],T 153;
KARNILLA [ASGARDIAN],T 154;
KARNILLA [ASGARDIAN],T 155;
KARNILLA [ASGARDIAN],T 156;
KARNILLA [ASGARDIAN],T 157;
KARNILLA [ASGARDIAN],T 158;
KARNILLA [ASGARDIAN],T 162;
KARNILLA [ASGARDIAN],T 164;
KARNILLA [ASGARDIAN],T 165;
KARNILLA [ASGARDIAN],T 166;
KARNILLA [ASGARDIAN],T 167;
KARNILLA [ASGARDIAN],T 170;
KARNILLA [ASGARDIAN],T 172;
KARNILLA [ASGARDIAN],T 175;
KARNILLA [ASGARDIAN],T 187;
KARNILLA [ASGARDIAN],T 188;
KARNILLA [ASGARDIAN],T 189;
KARNILLA [ASGARDIAN],T 190;
KARNILLA [ASGARDIAN],T 191;
KARNILLA [ASGARDIAN],T 192;
KARNILLA [ASGARDIAN],T 193;
KARNILLA [ASGARDIAN],T 194;
KARNILLA [ASGARDIAN],T 199;
KARNILLA [ASGARDIAN],T 201;
KARNILLA [ASGARDIAN],T 202;
KARNILLA [ASGARDIAN],T 203;
KARNILLA [ASGARDIAN],T 204;
KARNILLA [ASGARDIAN],T 206;
KARNILLA [ASGARDIAN],T 207;
KARNILLA [ASGARDIAN],T 208;
KARNILLA [ASGARDIAN],T 209;
KARNILLA [ASGARDIAN],T 210;
KARNILLA [ASGARDIAN],T 214;
KARNILLA [ASGARDIAN],T 215;
KARNILLA [ASGARDIAN],T 216;
KARNILLA [ASGARDIAN],T2 36;
KARNILLA [ASGARDIAN],T2 37;
KARNILLA [ASGARDIAN],T2 38;
KARNILLA [ASGARDIAN],T 249;
KARNILLA [ASGARDIAN],T 250;
KARNILLA [ASGARDIAN],T 251;
KARNILLA [ASGARDIAN],T 252;
KARNILLA [ASGARDIAN],T 255;
KARNILLA [ASGARDIAN],T 256;
KARNILLA [ASGARDIAN],T 257;
KARNILLA [ASGARDIAN],T 258;
KARNILLA [ASGARDIAN],T 259;
KARNILLA [ASGARDIAN],T 260;
KARNILLA [ASGARDIAN],T 261;
KARNILLA [ASGARDIAN],T 262;
KARNILLA [ASGARDIAN],T 264;
KARNILLA [ASGARDIAN],T 265;
KARNILLA [ASGARDIAN],T 266;
KARNILLA [ASGARDIAN],T 267;
KARNILLA [ASGARDIAN],T 288;
KARNILLA [ASGARDIAN],T 289;
KARNILLA [ASGARDIAN],T 301;
KARNILLA [ASGARDIAN],T 304/2;
KARNILLA [ASGARDIAN],T 305/2;
KARNILLA [ASGARDIAN],T 306/2;
KARNILLA [ASGARDIAN],T 308;
KARNILLA [ASGARDIAN],T 318;
KARNILLA [ASGARDIAN],T 324/2;
KARNILLA [ASGARDIAN],T 341;
KARNILLA [ASGARDIAN],T 342;
KARNILLA [ASGARDIAN],T 343;
KARNILLA [ASGARDIAN],T 344;
KARNILLA [ASGARDIAN],T 350;
KARNILLA [ASGARDIAN],T 351;
KARNILLA [ASGARDIAN],T 353;
KARNILLA [ASGARDIAN],T 399;
KARNILLA [ASGARDIAN],T 400;
KARNILLA [ASGARDIAN],T 437/2;
KARNILLA [ASGARDIAN],T 447/2;
KARNILLA [ASGARDIAN],T 448;
KARNILLA [ASGARDIAN],T 448/2;
KARNILLA [ASGARDIAN],T 449;
KARNILLA [ASGARDIAN],T 450;
KARNILLA [ASGARDIAN],T 451;
KARNILLA [ASGARDIAN],T 451/2;
KARNILLA [ASGARDIAN],T 452;
KARNILLA [ASGARDIAN],T 453;
KARNILLA [ASGARDIAN],T 453/2;
KARNILLA [ASGARDIAN],T 454;
KARNILLA [ASGARDIAN],T 455;
KARNILLA [ASGARDIAN],T 5;
KARNILLA [ASGARDIAN],UX 9;
KARNIVOR,T 475;
KARSANO,ASM 421;
KARYGMAX,E2 1;
KASEMA,M/CP 93/2;
KASEMA,M/CP 94/2;
KASEMA,M/CP 95/2;
KASEMA,M/CP 96/2;
KASPIN,ABOM 1;
KASPIN,ABOM 2;
KASPIN,ABOM 3;
KASTYX,M/CP 93/2;
KASTYX,M/CP 94/2;
KASTYX,M/CP 95/2;
KATANA/,X 62;
KATANA/,X 63;
KATAR,FF3 20;
KATHAR,M/CP 94/2;
KATHAR,M/CP 95/2;
KATHAR,M/CP 96/2;
KATH,UX 366;
KATH,UX 367;
KATH,UX 379;
KATH,X 86;
KATH,X:MW 1;
KATOS,M/CP 101/2;
KATOS,M/CP 102/2;
KATSU'TA'RO,XF 63;
KATU,QS 12;
KATYUSHA/,M/:LG 6;
KATYUSHA/,M/:LG 7;
KATZENBERG, NICK,ASM 23/2;
KATZENBERG, NICK,ASM 316;
KATZENBERG, NICK,ASM 326;
KATZENBERG, NICK,PPTSS 150;
KATZENBERG, NICK,PPTSS 151;
KATZENBERG, NICK,PPTSS 154;
KATZENBERG, NICK,PPTSS 157;
KATZENBERG, NICK,PPTSS 158;
KATZENBERG, NICK,PPTSS 160;
KATZENBERG, NICK,PPTSS 161;
KATZENBERG, NICK,PPTSS 163;
KATZENBERG, NICK,PPTSS 173;
KATZENBERG, NICK,PPTSS 174;
KATZENBERG, NICK,PPTSS 175;
KATZENBERG, NICK,WOSM 50;
KATZENBERG, NICK,WOSM 51;
KATZENBERG, NICK,WOSM 53;
KATZENBERG, NICK,WOSM 54;
KATZENBERG, NICK,WOSM 55;
KATZENBERG, NICK,WOSM 56;
KATZENBERG, NICK,WOSM 57;
KATZENBERG, NICK,WOSM 59;
KATZENBERG, NICK,WOSM 60;
KATZENBERG, NICK,WOSM 63;
KATZENBERG, NICK,WOSM 64;
KATZENBERG, NICK,WOSM 65;
KATZENBERG, NICK,WOSM 68;
KATZENBERG, NICK,WOSM 77;
KATZENBERG, NICK,WOSM 78;
KATZENBERG, NICK,WOSM 84;
KATZENBERG, NICK,WOSM 85;
KATZENBERG, NICK,WOSM 86;
KATZENBERG, NICK,WOSM 87;
KATZENBERG, NICK,WOSM 88;
KATZENBERG, NICK,WOSM 94;
KAUR, BENAZIR,X 3;
KAZAKI, SHINJI,W2 158;
KA-ZAR/KEVIN PLUNDER,A 118;
KA-ZAR/KEVIN PLUNDER,A 256;
KA-ZAR/KEVIN PLUNDER,A 257;
KA-ZAR/KEVIN PLUNDER,A 258;
KA-ZAR/KEVIN PLUNDER,ASM 103;
KA-ZAR/KEVIN PLUNDER,ASM 104;
KA-ZAR/KEVIN PLUNDER,ASM 57;
KA-ZAR/KEVIN PLUNDER,ASM 58;
KA-ZAR/KEVIN PLUNDER,AT 1;
KA-ZAR/KEVIN PLUNDER,AT 10;
KA-ZAR/KEVIN PLUNDER,AT 11;
KA-ZAR/KEVIN PLUNDER,AT 12;
KA-ZAR/KEVIN PLUNDER,AT 13;
KA-ZAR/KEVIN PLUNDER,AT 15;
KA-ZAR/KEVIN PLUNDER,AT 16;
KA-ZAR/KEVIN PLUNDER,AT 17;
KA-ZAR/KEVIN PLUNDER,AT 18;
KA-ZAR/KEVIN PLUNDER,AT 19;
KA-ZAR/KEVIN PLUNDER,AT 2;
KA-ZAR/KEVIN PLUNDER,AT 20;
KA-ZAR/KEVIN PLUNDER,AT 3;
KA-ZAR/KEVIN PLUNDER,AT 4;
KA-ZAR/KEVIN PLUNDER,AT 5;
KA-ZAR/KEVIN PLUNDER,AT 6;
KA-ZAR/KEVIN PLUNDER,AT 7;
KA-ZAR/KEVIN PLUNDER,AT 8;
KA-ZAR/KEVIN PLUNDER,AT 9;
KA-ZAR/KEVIN PLUNDER,CA3 29;
KA-ZAR/KEVIN PLUNDER,CA3 30;
KA-ZAR/KEVIN PLUNDER,CA3 31;
KA-ZAR/KEVIN PLUNDER,COC 1;
KA-ZAR/KEVIN PLUNDER,CX 22/2;
KA-ZAR/KEVIN PLUNDER,DD 12;
KA-ZAR/KEVIN PLUNDER,DD 13;
KA-ZAR/KEVIN PLUNDER,DD 14;
KA-ZAR/KEVIN PLUNDER,DD 24;
KA-ZAR/KEVIN PLUNDER,FF 316;
KA-ZAR/KEVIN PLUNDER,FF 317;
KA-ZAR/KEVIN PLUNDER,H2 109;
KA-ZAR/KEVIN PLUNDER,H2 110;
KA-ZAR/KEVIN PLUNDER,H2 111;
KA-ZAR/KEVIN PLUNDER,H2 454;
KA-ZAR/KEVIN PLUNDER,IM 202;
KA-ZAR/KEVIN PLUNDER,IMSVS 2/2;
KA-ZAR/KEVIN PLUNDER,KZ2 1;
KA-ZAR/KEVIN PLUNDER,KZ2 10;
KA-ZAR/KEVIN PLUNDER,KZ2 11;
KA-ZAR/KEVIN PLUNDER,KZ2 12;
KA-ZAR/KEVIN PLUNDER,KZ2 13;
KA-ZAR/KEVIN PLUNDER,KZ2 14;
KA-ZAR/KEVIN PLUNDER,KZ2 15;
KA-ZAR/KEVIN PLUNDER,KZ2 16;
KA-ZAR/KEVIN PLUNDER,KZ2 17;
KA-ZAR/KEVIN PLUNDER,KZ2 18;
KA-ZAR/KEVIN PLUNDER,KZ2 19;
KA-ZAR/KEVIN PLUNDER,KZ2 2;
KA-ZAR/KEVIN PLUNDER,KZ2 20;
KA-ZAR/KEVIN PLUNDER,KZ2 3;
KA-ZAR/KEVIN PLUNDER,KZ2 4;
KA-ZAR/KEVIN PLUNDER,KZ2 5;
KA-ZAR/KEVIN PLUNDER,KZ2 6;
KA-ZAR/KEVIN PLUNDER,KZ2 7;
KA-ZAR/KEVIN PLUNDER,KZ2 8;
KA-ZAR/KEVIN PLUNDER,KZ2 9;
KA-ZAR/KEVIN PLUNDER,KZ3 1;
KA-ZAR/KEVIN PLUNDER,KZ3 10;
KA-ZAR/KEVIN PLUNDER,KZ3 11;
KA-ZAR/KEVIN PLUNDER,KZ3 12;
KA-ZAR/KEVIN PLUNDER,KZ3 13;
KA-ZAR/KEVIN PLUNDER,KZ3 14;
KA-ZAR/KEVIN PLUNDER,KZ3 14/2;
KA-ZAR/KEVIN PLUNDER,KZ3 15;
KA-ZAR/KEVIN PLUNDER,KZ3 15/2;
KA-ZAR/KEVIN PLUNDER,KZ3 16;
KA-ZAR/KEVIN PLUNDER,KZ3 16/2;
KA-ZAR/KEVIN PLUNDER,KZ3 17;
KA-ZAR/KEVIN PLUNDER,KZ3 17/2;
KA-ZAR/KEVIN PLUNDER,KZ3 18;
KA-ZAR/KEVIN PLUNDER,KZ3 18/2;
KA-ZAR/KEVIN PLUNDER,KZ3 19;
KA-ZAR/KEVIN PLUNDER,KZ3 19/2;
KA-ZAR/KEVIN PLUNDER,KZ3 2;
KA-ZAR/KEVIN PLUNDER,KZ3 20;
KA-ZAR/KEVIN PLUNDER,KZ3 21;
KA-ZAR/KEVIN PLUNDER,KZ3 21/2;
KA-ZAR/KEVIN PLUNDER,KZ3 22/2;
KA-ZAR/KEVIN PLUNDER,KZ3 23;
KA-ZAR/KEVIN PLUNDER,KZ3 23/2;
KA-ZAR/KEVIN PLUNDER,KZ3 24;
KA-ZAR/KEVIN PLUNDER,KZ3 24/2;
KA-ZAR/KEVIN PLUNDER,KZ3 25;
KA-ZAR/KEVIN PLUNDER,KZ3 25/2;
KA-ZAR/KEVIN PLUNDER,KZ3 26;
KA-ZAR/KEVIN PLUNDER,KZ3 26/2;
KA-ZAR/KEVIN PLUNDER,KZ3 27;
KA-ZAR/KEVIN PLUNDER,KZ3 28;
KA-ZAR/KEVIN PLUNDER,KZ3 29;
KA-ZAR/KEVIN PLUNDER,KZ3 3;
KA-ZAR/KEVIN PLUNDER,KZ3 30;
KA-ZAR/KEVIN PLUNDER,KZ3 31;
KA-ZAR/KEVIN PLUNDER,KZ3 32;
KA-ZAR/KEVIN PLUNDER,KZ3 34;
KA-ZAR/KEVIN PLUNDER,KZ3 4;
KA-ZAR/KEVIN PLUNDER,KZ3 5;
KA-ZAR/KEVIN PLUNDER,KZ3 6;
KA-ZAR/KEVIN PLUNDER,KZ3 7;
KA-ZAR/KEVIN PLUNDER,KZ3 8;
KA-ZAR/KEVIN PLUNDER,KZ3 9;
KA-ZAR/KEVIN PLUNDER,KZ4 -1;
KA-ZAR/KEVIN PLUNDER,KZ4 1;
KA-ZAR/KEVIN PLUNDER,KZ4 10;
KA-ZAR/KEVIN PLUNDER,KZ4 11;
KA-ZAR/KEVIN PLUNDER,KZ4 12;
KA-ZAR/KEVIN PLUNDER,KZ4 13;
KA-ZAR/KEVIN PLUNDER,KZ4 14;
KA-ZAR/KEVIN PLUNDER,KZ4 14/2;
KA-ZAR/KEVIN PLUNDER,KZ4 15;
KA-ZAR/KEVIN PLUNDER,KZ4 16;
KA-ZAR/KEVIN PLUNDER,KZ4 17;
KA-ZAR/KEVIN PLUNDER,KZ4 18;
KA-ZAR/KEVIN PLUNDER,KZ4 19;
KA-ZAR/KEVIN PLUNDER,KZ4 2;
KA-ZAR/KEVIN PLUNDER,KZ4 20;
KA-ZAR/KEVIN PLUNDER,KZ4 3;
KA-ZAR/KEVIN PLUNDER,KZ4 4;
KA-ZAR/KEVIN PLUNDER,KZ4 5;
KA-ZAR/KEVIN PLUNDER,KZ4 6;
KA-ZAR/KEVIN PLUNDER,KZ4 7;
KA-ZAR/KEVIN PLUNDER,KZ4 8;
KA-ZAR/KEVIN PLUNDER,KZ4 9;
KA-ZAR/KEVIN PLUNDER,KZ '97;
KA-ZAR/KEVIN PLUNDER,KZGN;
KA-ZAR/KEVIN PLUNDER,M/CP 16/4;
KA-ZAR/KEVIN PLUNDER,M/FAN 1;
KA-ZAR/KEVIN PLUNDER,M/FAN 2;
KA-ZAR/KEVIN PLUNDER,M/FAN 4;
KA-ZAR/KEVIN PLUNDER,M/SH 19;
KA-ZAR/KEVIN PLUNDER,M/TIO 16;
KA-ZAR/KEVIN PLUNDER,M/TIO 17;
KA-ZAR/KEVIN PLUNDER,M/TIO 6;
KA-ZAR/KEVIN PLUNDER,M/TU 104;
KA-ZAR/KEVIN PLUNDER,M/TU 19;
KA-ZAR/KEVIN PLUNDER,N 14;
KA-ZAR/KEVIN PLUNDER,N 17;
KA-ZAR/KEVIN PLUNDER,N 18;
KA-ZAR/KEVIN PLUNDER,N 21;
KA-ZAR/KEVIN PLUNDER,SENSM 13;
KA-ZAR/KEVIN PLUNDER,SENSM 14;
KA-ZAR/KEVIN PLUNDER,SENSM 15;
KA-ZAR/KEVIN PLUNDER,SVT 1;
KA-ZAR/KEVIN PLUNDER,SVT 10;
KA-ZAR/KEVIN PLUNDER,SVT 11;
KA-ZAR/KEVIN PLUNDER,SVT 6;
KA-ZAR/KEVIN PLUNDER,SVT 7;
KA-ZAR/KEVIN PLUNDER,SVT 7/3;
KA-ZAR/KEVIN PLUNDER,SVT 8;
KA-ZAR/KEVIN PLUNDER,SVT 9;
KA-ZAR/KEVIN PLUNDER,TM/U 1;
KA-ZAR/KEVIN PLUNDER,UX 10;
KA-ZAR/KEVIN PLUNDER,UX 115;
KA-ZAR/KEVIN PLUNDER,UX 116;
KA-ZAR/KEVIN PLUNDER,UX 12;
KA-ZAR/KEVIN PLUNDER,UX 250;
KA-ZAR/KEVIN PLUNDER,UX 274;
KA-ZAR/KEVIN PLUNDER,UX 275;
KA-ZAR/KEVIN PLUNDER,UX 354;
KA-ZAR/KEVIN PLUNDER,UX 62;
KA-ZAR/KEVIN PLUNDER,UX 63;
KA-ZAR/KEVIN PLUNDER,UX 7;
KA-ZAR/KEVIN PLUNDER,WCA 3/2;
KA-ZAR/KEVIN PLUNDER,X:HY 10;
KA-ZAR/KEVIN PLUNDER,X:HY 3;
KA-ZAR/KEVIN PLUNDER,X:HY 5;
KA-ZAR/KEVIN PLUNDER,X:HY 6;
KA-ZAR/KEVIN PLUNDER,X:HY 7;
KA-ZAR/KEVIN PLUNDER,X:HY 8;
KAZE,IM 281;
KAZE,IM 282;
KAZE,IM 283;
KEATON,C2 58;
KEEPER OF THE COMICS,NOT BRAND ECHH 5;
KEEPER OF THE COMICS,S-H2 35;
KEERG,M/TU2 8;
KEERG,M/TU2 9;
KEEVER,S-M 13;
KEEVER,S-M 14;
KEKA' AKELUAK,TB 13;
KEKA' AKELUAK,TB 14;
KEL, JANOTH,SK 4;
KELLEHER, MARY,ASM '97;
KELLOG, SHERIFF L.B.,XM 10;
KELLY, KAREN,DLOK2 15;
KELLY, KAREN,DLOK2 17;
KELLY, SARA,DLOK2 15;
KELLY, SARA,DLOK2 17;
KELLY, SEN. ROBERT E,ASM2 20;
KELLY, SEN. ROBERT E,C2 87;
KELLY, SEN. ROBERT E,DEF 142;
KELLY, SEN. ROBERT E,M/CP 41/4;
KELLY, SEN. ROBERT E,UX 133;
KELLY, SEN. ROBERT E,UX 134;
KELLY, SEN. ROBERT E,UX 135;
KELLY, SEN. ROBERT E,UX 141;
KELLY, SEN. ROBERT E,UX 142;
KELLY, SEN. ROBERT E,UX 158;
KELLY, SEN. ROBERT E,UX 181;
KELLY, SEN. ROBERT E,UX 246;
KELLY, SEN. ROBERT E,UX 247;
KELLY, SEN. ROBERT E,UX 281;
KELLY, SEN. ROBERT E,UX 333;
KELLY, SEN. ROBERT E,UX 344;
KELLY, SEN. ROBERT E,UX 388;
KELLY, SEN. ROBERT E,W2 116;
KELLY, SEN. ROBERT E,W2 95;
KELLY, SEN. ROBERT E,X 102;
KELLY, SEN. ROBERT E,X 104;
KELLY, SEN. ROBERT E,X 105;
KELLY, SEN. ROBERT E,X 106;
KELLY, SEN. ROBERT E,X 107;
KELLY, SEN. ROBERT E,X 108;
KELLY, SEN. ROBERT E,X 46;
KELLY, SEN. ROBERT E,X 68;
KELLY, SEN. ROBERT E,X 69;
KELLY, SEN. ROBERT E,X 73;
KELLY, SEN. ROBERT E,XF 123;
KELLY, SEN. ROBERT E,XMF 1;
KELLY, SEN. ROBERT E,XMF 3;
KELLY, SEN. ROBERT E,X:PRIME;
KEMBLE, DR.,PUN3 1;
KEMEL, MEHMET,CA3 21;
KEMEL, MEHMET,CA3 25;
KEMEL, MEHMET,CA3 26;
KEMEL, MEHMET,CA3 27;
KEMEL, MEHMET,CA3 30;
KEMPLETON, PROFESSOR,AA2 19;
KENNEDY, LOUISE,SM:LY 1;
KENNEDY, LOUISE,SM:LY 2;
KENNEDY, LOUISE,SM:LY 3;
KENT, CLARK,A 228;
KENT, CLARK,A 296;
KENT, CLARK,A 325;
KENT, CLARK,A 327;
KENT, CLARK,ASM 23;
KENT, CLARK,CA 260;
KENT, CLARK,MARVELS 4;
KENT, CLARK,M/TU 79;
KENT, CLARK,SWII 7;
KENT, CLARK,T 341;
KENT, CLARK,T 476;
KENT, CLARK,UX 10;
KENT, CLARK,UX 98;
KENT, CLARK,WOSM 75;
KENT, CLARK,XCAL 8;
KEREM,A3 35;
KERIVAK,W2 138;
KESTRUS,DEF2 6;
KETCH, BARBARA,GR3 -1;
KETCH, BARBARA,GR3 1;
KETCH, BARBARA,GR3 2;
KETCH, BARBARA,GR3 3;
KETCH, BARBARA,GR3 7;
KETCH, BARBARA,GR3 85;
KETCH, DORIS AUDRA,GR3 -1;
KETCH, DORIS AUDRA,GR3 1;
KETCH, DORIS AUDRA,GR3 11;
KETCH, DORIS AUDRA,GR3 13;
KETCH, DORIS AUDRA,GR3 16;
KETCH, DORIS AUDRA,GR3 17;
KETCH, DORIS AUDRA,GR3 18;
KETCH, DORIS AUDRA,GR3 19;
KETCH, DORIS AUDRA,GR3 2;
KETCH, DORIS AUDRA,GR3 21;
KETCH, DORIS AUDRA,GR3 24;
KETCH, DORIS AUDRA,GR3 25;
KETCH, DORIS AUDRA,GR3 28;
KETCH, DORIS AUDRA,GR3 30;
KETCH, DORIS AUDRA,GR3 5;
KETCH, DORIS AUDRA,GR3 6;
KETCH, DORIS AUDRA,GR3 7;
KETCH, DORIS AUDRA,GR3 8;
KETCH, DORIS AUDRA,GR3 85;
KETCH, DORIS AUDRA,OE 4;
KEY/,C2 79;
KEY/,C2 82;
KEY/,C2 83;
KEY/,C2 84;
KHADIJAH,M/:LG 9;
KHANDRUVITCH, DR. VA,TB 7;
KHANDRUVITCH, DR. VA,TB 8;
KHAN,W2 131;
KHAT,DRSTR2 77;
KHAT,ST2 3/2;
KHATYLIS,CPU 2/2;
KHIRN,SS3 112;
KHIRN,SS3 113;
KHIRN,SS3 114;
KHIRN,SS3 115;
KHOON,SS3 68;
KHOON,SS3 69;
KHORYPHOS [ETERNAL],A 310;
KHORYPHOS [ETERNAL],E2 1;
KHORYPHOS [ETERNAL],E2 10;
KHORYPHOS [ETERNAL],E2 11;
KHORYPHOS [ETERNAL],E2 12;
KHORYPHOS [ETERNAL],E2 5;
KHORYPHOS [ETERNAL],E2 6;
KHORYPHOS [ETERNAL],E2 7;
KHORYPHOS [ETERNAL],E2 9;
KHORYPHOS [ETERNAL],E:HEROD;
KHORYPHOS [ETERNAL],FFU 10;
KHYBER/,W2 141;
KICKBACK/RICHARD,CAGE 2;
KICKBACK/RICHARD,CAGE 3;
KICKBACK/RICHARD,CAGE 4;
KID COLT,A 142;
KID COLT,A 143;
KID COLT,FF3 33;
KID COLT,FF3 34;
KID COLT II/ELRIC FR,TB 52;
KID COLT II/ELRIC FR,YOUNG ALLIES;
KID COLT,KID COLT OUTLAW 201;
KID/E.B. FARRELL,CA '00/2;
KID QUARRY,NO2 10;
KID REAPER,Q 22;
KID REAPER,Q 23;
KID REAPER,Q 40;
KIKO,X 71;
KILGREW, BASIL BETA,AF2 13;
KILGREW, GERARD,AF2 13;
KILLBREW, DR.,DPOOL2 1;
KILLBREW, DR.,DPOOL2 2;
KILLBREW, DR.,DPOOL2 3;
KILLBREW, DR.,DPOOL2 4;
KILLBREW, DR.,DPOOL3 19;
KILLBREW, DR.,DPOOL3 5;
KILLBURN, MACK,ROM 14;
KILLBURN, MACK,ROM 16;
KILLBURN, MACK,ROM 20;
KILLBURN, MACK,ROM 30;
KILLBURN, MACK,ROM 32;
KILLBURN, MACK,ROM 33;
KILLDRAGON, HARMONY,DHKF 32/2;
KILLER CLOWN,H2 271;
KILLER CLOWN,ROCRAC 2;
KILLER SHRIKE/SIMON,ASM 310;
KILLER SHRIKE/SIMON,H3 26;
KILLER SHRIKE/SIMON,HFH 4;
KILLER SHRIKE/SIMON,MK3 10;
KILLER SHRIKE/SIMON,MK3 34;
KILLER SHRIKE/SIMON,M/TU 90;
KILLER SHRIKE/SIMON,PPTSS 102;
KILLER SHRIKE/SIMON,PPTSS 57;
KILLER SHRIKE/SIMON,RH 1/2;
KILLER SHRIKE/SIMON,RH 2/2;
KILLER SHRIKE/SIMON,RH 4/2;
KILLER SHRIKE/SIMON,RH 5/2;
KILLER SHRIKE/SIMON,S-H2 27;
KILLER SHRIKE/SIMON,WOSM 91;
KILLIAN,UX 384;
KILLIAN,UX 385;
KILLIAN,X 104;
KILLMONGER, ERIC/N'J,BP3 13;
KILLMONGER, ERIC/N'J,BP3 15;
KILLMONGER, ERIC/N'J,BP3 16;
KILLMONGER, ERIC/N'J,BP3 18;
KILLMONGER, ERIC/N'J,BP3 19;
KILLMONGER, ERIC/N'J,BP3 20;
KILLMONGER, ERIC/N'J,BP3 21;
KILLMONGER, ERIC/N'J,BP3 22;
KILLMONGER, ERIC/N'J,BP3 23;
KILLMONGER, ERIC/N'J,BP3 24;
KILLMONGER, ERIC/N'J,BP3 25;
KILLMONGER, ERIC/N'J,DPOOL3 44;
KILLMONGER, ERIC/N'J,JA 12;
KILLMONGER, ERIC/N'J,JA 13;
KILLMONGER, ERIC/N'J,JA 14;
KILLMONGER, ERIC/N'J,JA 15;
KILLMONGER, ERIC/N'J,JA 16;
KILLMONGER, ERIC/N'J,JA 17;
KILLMONGER, ERIC/N'J,JA 18;
KILLMONGER, ERIC/N'J,JA 6;
KILLMONGER, ERIC/N'J,JA 7;
KILLMONGER, ERIC/N'J,JA 8;
KILLMONGER, ERIC/N'J,OE 6;
KILLOBYTE,DD 330;
KILLOBYTE,DD 331;
KILLOBYTE,DD 332;
KILLRAVEN/JONATHAN R,AA2 18;
KILLRAVEN/JONATHAN R,AA2 19;
KILLRAVEN/JONATHAN R,AA2 20;
KILLRAVEN/JONATHAN R,AA2 21;
KILLRAVEN/JONATHAN R,AA2 22;
KILLRAVEN/JONATHAN R,AA2 23;
KILLRAVEN/JONATHAN R,AA2 24;
KILLRAVEN/JONATHAN R,AA2 25;
KILLRAVEN/JONATHAN R,AA2 26;
KILLRAVEN/JONATHAN R,AA2 27;
KILLRAVEN/JONATHAN R,AA2 28;
KILLRAVEN/JONATHAN R,AA2 29;
KILLRAVEN/JONATHAN R,AA2 31;
KILLRAVEN/JONATHAN R,AA2 32;
KILLRAVEN/JONATHAN R,AA2 33;
KILLRAVEN/JONATHAN R,AA2 34;
KILLRAVEN/JONATHAN R,AA2 35;
KILLRAVEN/JONATHAN R,AA2 36;
KILLRAVEN/JONATHAN R,AA2 37;
KILLRAVEN/JONATHAN R,AA2 38;
KILLRAVEN/JONATHAN R,AA2 39;
KILLRAVEN/JONATHAN R,M/GN 7;
KILMER,X 100;
KILMER,X 101;
KILMER,X 99;
KIMBLE, DR.,DLOK2 17;
KINCAID, DR. JANE FO,A '01;
KINCAID, DR. JANE FO,A 1;
KINCAID, DR. JANE FO,A 3;
KINCAID, DR. JANE FO,A3 17;
KINCAID, DR. JANE FO,A3 24;
KINCAID, DR. JANE FO,A 5;
KINCAID, DR. JANE FO,A 9;
KINCAID, DR. JANE FO,FFU 9;
KINCAID, DR. JANE FO,HFH 13;
KINCAID, DR. JANE FO,HFH 16;
KINCAID, DR. JANE FO,HFH 5;
KINCAID, DR. JANE FO,IM3 11;
KINCAID, DR. JANE FO,IM3 12;
KINCAID, DR. JANE FO,IM3 15;
KINCAID, DR. JANE FO,JIM -1;
KINCAID, DR. JANE FO,JIM 100;
KINCAID, DR. JANE FO,JIM 101;
KINCAID, DR. JANE FO,JIM 103;
KINCAID, DR. JANE FO,JIM 104;
KINCAID, DR. JANE FO,JIM 105;
KINCAID, DR. JANE FO,JIM 106;
KINCAID, DR. JANE FO,JIM 107;
KINCAID, DR. JANE FO,JIM 108;
KINCAID, DR. JANE FO,JIM 109;
KINCAID, DR. JANE FO,JIM 110;
KINCAID, DR. JANE FO,JIM 111;
KINCAID, DR. JANE FO,JIM 113;
KINCAID, DR. JANE FO,JIM 114;
KINCAID, DR. JANE FO,JIM 115;
KINCAID, DR. JANE FO,JIM 116;
KINCAID, DR. JANE FO,JIM 117;
KINCAID, DR. JANE FO,JIM 121;
KINCAID, DR. JANE FO,JIM 122;
KINCAID, DR. JANE FO,JIM 124;
KINCAID, DR. JANE FO,JIM 125;
KINCAID, DR. JANE FO,JIM 84;
KINCAID, DR. JANE FO,JIM 85;
KINCAID, DR. JANE FO,JIM 87;
KINCAID, DR. JANE FO,JIM 88;
KINCAID, DR. JANE FO,JIM 89;
KINCAID, DR. JANE FO,JIM 90;
KINCAID, DR. JANE FO,JIM 91;
KINCAID, DR. JANE FO,JIM 92;
KINCAID, DR. JANE FO,JIM 93;
KINCAID, DR. JANE FO,JIM 95;
KINCAID, DR. JANE FO,JIM 96;
KINCAID, DR. JANE FO,JIM 97;
KINCAID, DR. JANE FO,JIM 98;
KINCAID, DR. JANE FO,JIM 99;
KINCAID, DR. JANE FO,MARVELS 2;
KINCAID, DR. JANE FO,QS 11;
KINCAID, DR. JANE FO,T '00;
KINCAID, DR. JANE FO,T 126;
KINCAID, DR. JANE FO,T 127;
KINCAID, DR. JANE FO,T 129;
KINCAID, DR. JANE FO,T 130;
KINCAID, DR. JANE FO,T 131;
KINCAID, DR. JANE FO,T 132;
KINCAID, DR. JANE FO,T 133;
KINCAID, DR. JANE FO,T 134;
KINCAID, DR. JANE FO,T 135;
KINCAID, DR. JANE FO,T 136;
KINCAID, DR. JANE FO,T 172;
KINCAID, DR. JANE FO,T2 1;
KINCAID, DR. JANE FO,T2 10;
KINCAID, DR. JANE FO,T2 12;
KINCAID, DR. JANE FO,T2 13;
KINCAID, DR. JANE FO,T2 14;
KINCAID, DR. JANE FO,T2 15;
KINCAID, DR. JANE FO,T2 16;
KINCAID, DR. JANE FO,T2 19;
KINCAID, DR. JANE FO,T2 20;
KINCAID, DR. JANE FO,T2 21;
KINCAID, DR. JANE FO,T2 26;
KINCAID, DR. JANE FO,T2 27;
KINCAID, DR. JANE FO,T2 29;
KINCAID, DR. JANE FO,T2 30;
KINCAID, DR. JANE FO,T 231;
KINCAID, DR. JANE FO,T2 31;
KINCAID, DR. JANE FO,T 232;
KINCAID, DR. JANE FO,T 234;
KINCAID, DR. JANE FO,T 235;
KINCAID, DR. JANE FO,T2 35;
KINCAID, DR. JANE FO,T 236;
KINCAID, DR. JANE FO,T2 36;
KINCAID, DR. JANE FO,T 237;
KINCAID, DR. JANE FO,T2 37;
KINCAID, DR. JANE FO,T 238;
KINCAID, DR. JANE FO,T 239;
KINCAID, DR. JANE FO,T2 39;
KINCAID, DR. JANE FO,T 240;
KINCAID, DR. JANE FO,T 241;
KINCAID, DR. JANE FO,T 242;
KINCAID, DR. JANE FO,T 243;
KINCAID, DR. JANE FO,T 244;
KINCAID, DR. JANE FO,T 245;
KINCAID, DR. JANE FO,T 246;
KINCAID, DR. JANE FO,T 247;
KINCAID, DR. JANE FO,T 248;
KINCAID, DR. JANE FO,T 249;
KINCAID, DR. JANE FO,T2 5;
KINCAID, DR. JANE FO,T2 6;
KINCAID, DR. JANE FO,T 279;
KINCAID, DR. JANE FO,T2 8;
KINCAID, DR. JANE FO,T 335;
KINCAID, DR. JANE FO,T 336;
KINCAID, DR. JANE FO,T 336/2;
KINCAID, DR. JANE FO,T 372;
KINCAID, DR. JANE FO,T 394;
KINCAID, DR. JANE FO,T 475;
KINCAID, DR. JANE FO,T 476;
KINCAID, DR. JANE FO,T 477;
KINCAID, DR. JANE FO,T 479;
KINCAID, DR. JANE FO,T 480;
KINCAID, DR. JANE FO,T 482;
KINCAID, DR. JANE FO,T 484;
KINCAID, DR. JANE FO,T 486;
KINCAID, DR. JANE FO,T 488;
KINCAID, DR. JANE FO,T 489;
KINCAID, DR. JANE FO,T 502;
KINCAID, DR. JANE FO,T 9;
KINCAID, DR. KEITH,A 18/2;
KINCAID, DR. KEITH,A 311;
KINCAID, DR. KEITH,A 351;
KINCAID, DR. KEITH,CA 352;
KINCAID, DR. KEITH,CA 353;
KINCAID, DR. KEITH,CA 377;
KINCAID, DR. KEITH,CA 384;
KINCAID, DR. KEITH,CA 403;
KINCAID, DR. KEITH,CA 434;
KINCAID, DR. KEITH,CA 435;
KINCAID, DR. KEITH,CA 436;
KINCAID, DR. KEITH,Q 29;
KINCAID, DR. KEITH,Q 34;
KINCAID, DR. KEITH,T 136;
KINCAID, DR. KEITH,T2 12;
KINCAID, DR. KEITH,T2 26;
KINCAID, DR. KEITH,T2 35;
KINCAID, DR. KEITH,T2 36;
KINCAID, DR. KEITH,T2 37;
KINCAID, DR. KEITH,T2 39;
KINCAID, DR. KEITH,T2 5;
KINCAID, DR. KEITH,T 332;
KINCAID, DR. KEITH,T 334;
KINCAID, DR. KEITH,T 335;
KINCAID, DR. KEITH,T 336;
KINCAID, DR. KEITH,T 336/2;
KINCAID, DR. KEITH,T 372;
KINCAID, DR. KEITH,T 394;
KINCAID, JIMMY,FFU 9;
KINCAID, JIMMY,T 394;
KINCAID, JIMMY,T 475;
KINCAID, JIMMY,T 476;
KINCAID, JIMMY,T 477;
KINCAID, JIMMY,T 480;
KINCAID, JIMMY,T 482;
KINCAID, JIMMY,T 484;
KINCAID, JIMMY,T 486;
KINCAID, MOSES,FF3 33;
KINCAID, MOSES,FF3 34;
KINE, BENEDICT,SMTU 1;
KINE, BENEDICT,X 3;
KING BEDLAM/CHRISTOP,XFOR 83;
KING BEDLAM/CHRISTOP,XFOR 87;
KING BEDLAM/CHRISTOP,XFOR 89;
KING BEDLAM/CHRISTOP,XFOR 90;
KING CADAVER,JA 10;
KING CADAVER,JA 12;
KING CADAVER,JA 15;
KING CADAVER,JA 17;
KING GEORGE VI,INV 14;
KING GEORGE VI,INV 15;
KING, HANNIBAL/HENRY,ASMU 20;
KING, HANNIBAL/HENRY,BLADE;
KING, HANNIBAL/HENRY,DEF 148;
KING, HANNIBAL/HENRY,DRSTR2 58;
KING, HANNIBAL/HENRY,DRSTR2 59;
KING, HANNIBAL/HENRY,DRSTR2 60;
KING, HANNIBAL/HENRY,DRSTR2 61;
KING, HANNIBAL/HENRY,DRSTR2 62;
KING, HANNIBAL/HENRY,DRSTR2 67;
KING, HANNIBAL/HENRY,GR3 31;
KING, HANNIBAL/HENRY,JIM 520;
KING, HANNIBAL/HENRY,JIM 521;
KING, HANNIBAL/HENRY,M/CP 64/4;
KING, HANNIBAL/HENRY,NS 1;
KING, HANNIBAL/HENRY,NS 2;
KING, HANNIBAL/HENRY,TOD 25;
KING, HANNIBAL/HENRY,TOD 44;
KING, HANNIBAL/HENRY,TOD 45;
KING, HANNIBAL/HENRY,TOD 46;
KING, HANNIBAL/HENRY,TOD 47;
KING, HANNIBAL/HENRY,TOD 48;
KING, HANNIBAL/HENRY,TOD 49;
KING, HANNIBAL/HENRY,TOD 50;
KING, HANNIBAL/HENRY,TOD 51;
KING, HANNIBAL/HENRY,TOD 52;
KING, HANNIBAL/HENRY,TOD 53;
KINGMAN, BILL,TB 51;
KINGMAN, BILL,TB:LS;
KING (OF THE SEWER P,DD 180;
KING (OF THE SEWER P,DD 333;
KING (OF THE SEWER P,DD 334;
KING (OF THE SEWER P,DD 335;
KING (OF THE SEWER P,DD 336;
KING (OF THE SEWER P,DD 337;
KINGO SUNEN [ETERNAL,A 310;
KINGO SUNEN [ETERNAL,E 11;
KINGO SUNEN [ETERNAL,E2 10;
KINGO SUNEN [ETERNAL,E2 11;
KINGO SUNEN [ETERNAL,E2 12;
KINGO SUNEN [ETERNAL,E2 3;
KINGO SUNEN [ETERNAL,E2 4;
KINGO SUNEN [ETERNAL,E2 5;
KINGO SUNEN [ETERNAL,E2 6;
KINGO SUNEN [ETERNAL,E2 7;
KINGO SUNEN [ETERNAL,E2 8;
KINGO SUNEN [ETERNAL,E2 9;
KINGO SUNEN [ETERNAL,NEW ETERNALS;
KINGPIN/WILSON FISK,A 19/3;
KINGPIN/WILSON FISK,A 312;
KINGPIN/WILSON FISK,A 313;
KINGPIN/WILSON FISK,AAF 17;
KINGPIN/WILSON FISK,AF 77;
KINGPIN/WILSON FISK,ASM -1;
KINGPIN/WILSON FISK,ASM 154;
KINGPIN/WILSON FISK,ASM 159;
KINGPIN/WILSON FISK,ASM 163;
KINGPIN/WILSON FISK,ASM 164;
KINGPIN/WILSON FISK,ASM 17;
KINGPIN/WILSON FISK,ASM 19;
KINGPIN/WILSON FISK,ASM 196;
KINGPIN/WILSON FISK,ASM 197;
KINGPIN/WILSON FISK,ASM 22;
KINGPIN/WILSON FISK,ASM 23;
KINGPIN/WILSON FISK,ASM 249;
KINGPIN/WILSON FISK,ASM 25;
KINGPIN/WILSON FISK,ASM 257;
KINGPIN/WILSON FISK,ASM 268;
KINGPIN/WILSON FISK,ASM 274;
KINGPIN/WILSON FISK,ASM 275;
KINGPIN/WILSON FISK,ASM 277;
KINGPIN/WILSON FISK,ASM 280;
KINGPIN/WILSON FISK,ASM 287;
KINGPIN/WILSON FISK,ASM 288;
KINGPIN/WILSON FISK,ASM 289;
KINGPIN/WILSON FISK,ASM 327;
KINGPIN/WILSON FISK,ASM 336;
KINGPIN/WILSON FISK,ASM 50;
KINGPIN/WILSON FISK,ASM 51;
KINGPIN/WILSON FISK,ASM 52;
KINGPIN/WILSON FISK,ASM 59;
KINGPIN/WILSON FISK,ASM 60;
KINGPIN/WILSON FISK,ASM 61;
KINGPIN/WILSON FISK,ASM 68;
KINGPIN/WILSON FISK,ASM 69;
KINGPIN/WILSON FISK,ASM 70;
KINGPIN/WILSON FISK,ASM 83;
KINGPIN/WILSON FISK,ASM 84;
KINGPIN/WILSON FISK,ASM 85;
KINGPIN/WILSON FISK,ASMU 6;
KINGPIN/WILSON FISK,CA 147;
KINGPIN/WILSON FISK,CA 148;
KINGPIN/WILSON FISK,CA 311;
KINGPIN/WILSON FISK,CA 365;
KINGPIN/WILSON FISK,CA 366;
KINGPIN/WILSON FISK,CA 373;
KINGPIN/WILSON FISK,CA 374;
KINGPIN/WILSON FISK,CA 375;
KINGPIN/WILSON FISK,CA 376;
KINGPIN/WILSON FISK,CA 377;
KINGPIN/WILSON FISK,CA 378;
KINGPIN/WILSON FISK,C&D3 6;
KINGPIN/WILSON FISK,C&D3 7;
KINGPIN/WILSON FISK,DAMCON2 1;
KINGPIN/WILSON FISK,DAMCON2 4;
KINGPIN/WILSON FISK,DD 170;
KINGPIN/WILSON FISK,DD 171;
KINGPIN/WILSON FISK,DD 172;
KINGPIN/WILSON FISK,DD 174;
KINGPIN/WILSON FISK,DD 175;
KINGPIN/WILSON FISK,DD 177;
KINGPIN/WILSON FISK,DD 178;
KINGPIN/WILSON FISK,DD 179;
KINGPIN/WILSON FISK,DD 180;
KINGPIN/WILSON FISK,DD 181;
KINGPIN/WILSON FISK,DD 182;
KINGPIN/WILSON FISK,DD 185;
KINGPIN/WILSON FISK,DD 186;
KINGPIN/WILSON FISK,DD 188;
KINGPIN/WILSON FISK,DD 190;
KINGPIN/WILSON FISK,DD 192;
KINGPIN/WILSON FISK,DD 194;
KINGPIN/WILSON FISK,DD 196;
KINGPIN/WILSON FISK,DD 200;
KINGPIN/WILSON FISK,DD 206;
KINGPIN/WILSON FISK,DD 210;
KINGPIN/WILSON FISK,DD2 10;
KINGPIN/WILSON FISK,DD 211;
KINGPIN/WILSON FISK,DD 212;
KINGPIN/WILSON FISK,DD 213;
KINGPIN/WILSON FISK,DD2 13;
KINGPIN/WILSON FISK,DD 214;
KINGPIN/WILSON FISK,DD2 14;
KINGPIN/WILSON FISK,DD2 15;
KINGPIN/WILSON FISK,DD 216;
KINGPIN/WILSON FISK,DD2 18;
KINGPIN/WILSON FISK,DD 227;
KINGPIN/WILSON FISK,DD 228;
KINGPIN/WILSON FISK,DD 229;
KINGPIN/WILSON FISK,DD 230;
KINGPIN/WILSON FISK,DD 231;
KINGPIN/WILSON FISK,DD 232;
KINGPIN/WILSON FISK,DD 233;
KINGPIN/WILSON FISK,DD 248;
KINGPIN/WILSON FISK,DD 251;
KINGPIN/WILSON FISK,DD 253;
KINGPIN/WILSON FISK,DD 254;
KINGPIN/WILSON FISK,DD 255;
KINGPIN/WILSON FISK,DD 256;
KINGPIN/WILSON FISK,DD 257;
KINGPIN/WILSON FISK,DD 259;
KINGPIN/WILSON FISK,DD2 6;
KINGPIN/WILSON FISK,DD 261;
KINGPIN/WILSON FISK,DD 263;
KINGPIN/WILSON FISK,DD2 7;
KINGPIN/WILSON FISK,DD 287;
KINGPIN/WILSON FISK,DD 288;
KINGPIN/WILSON FISK,DD 289;
KINGPIN/WILSON FISK,DD2 9;
KINGPIN/WILSON FISK,DD 290;
KINGPIN/WILSON FISK,DD 291;
KINGPIN/WILSON FISK,DD 292;
KINGPIN/WILSON FISK,DD 293;
KINGPIN/WILSON FISK,DD 294;
KINGPIN/WILSON FISK,DD 295;
KINGPIN/WILSON FISK,DD 296;
KINGPIN/WILSON FISK,DD 297;
KINGPIN/WILSON FISK,DD 298;
KINGPIN/WILSON FISK,DD 299;
KINGPIN/WILSON FISK,DD 300;
KINGPIN/WILSON FISK,DD 307;
KINGPIN/WILSON FISK,DD 308;
KINGPIN/WILSON FISK,DD 309;
KINGPIN/WILSON FISK,DD 333;
KINGPIN/WILSON FISK,DD 334;
KINGPIN/WILSON FISK,DD 335;
KINGPIN/WILSON FISK,DD 336;
KINGPIN/WILSON FISK,DD 337;
KINGPIN/WILSON FISK,DD 338;
KINGPIN/WILSON FISK,DD 339;
KINGPIN/WILSON FISK,DD 340;
KINGPIN/WILSON FISK,DD 341;
KINGPIN/WILSON FISK,DD 342;
KINGPIN/WILSON FISK,DD 375;
KINGPIN/WILSON FISK,DD 376;
KINGPIN/WILSON FISK,DD 377;
KINGPIN/WILSON FISK,DD 378;
KINGPIN/WILSON FISK,DD 379;
KINGPIN/WILSON FISK,DD 380;
KINGPIN/WILSON FISK,DD 7/2;
KINGPIN/WILSON FISK,DD/SM 1;
KINGPIN/WILSON FISK,DD/SM 2;
KINGPIN/WILSON FISK,DFSM 1;
KINGPIN/WILSON FISK,DFSM 2;
KINGPIN/WILSON FISK,DFSM 4;
KINGPIN/WILSON FISK,ELEK 16;
KINGPIN/WILSON FISK,GR3 1;
KINGPIN/WILSON FISK,GR3 3;
KINGPIN/WILSON FISK,IFW 1;
KINGPIN/WILSON FISK,IM3 37;
KINGPIN/WILSON FISK,M/CP 91/4;
KINGPIN/WILSON FISK,M/GN 24;
KINGPIN/WILSON FISK,MK 27;
KINGPIN/WILSON FISK,M/SH3 4/2;
KINGPIN/WILSON FISK,M/TU 141;
KINGPIN/WILSON FISK,M/TU 4;
KINGPIN/WILSON FISK,P:POV 1;
KINGPIN/WILSON FISK,P:POV 2;
KINGPIN/WILSON FISK,P:POV 3;
KINGPIN/WILSON FISK,P:POV 4;
KINGPIN/WILSON FISK,PPSM2 13;
KINGPIN/WILSON FISK,PPSM2 6;
KINGPIN/WILSON FISK,PPSM2 7;
KINGPIN/WILSON FISK,PPSM2 8;
KINGPIN/WILSON FISK,PPTSS 100;
KINGPIN/WILSON FISK,PPTSS 109;
KINGPIN/WILSON FISK,PPTSS 11;
KINGPIN/WILSON FISK,PPTSS 118;
KINGPIN/WILSON FISK,PPTSS 130;
KINGPIN/WILSON FISK,PPTSS 133;
KINGPIN/WILSON FISK,PPTSS 143;
KINGPIN/WILSON FISK,PPTSS 150;
KINGPIN/WILSON FISK,PPTSS 158;
KINGPIN/WILSON FISK,PPTSS 160;
KINGPIN/WILSON FISK,PPTSS 164;
KINGPIN/WILSON FISK,PPTSS 165;
KINGPIN/WILSON FISK,PPTSS 166;
KINGPIN/WILSON FISK,PPTSS 167;
KINGPIN/WILSON FISK,PPTSS 168;
KINGPIN/WILSON FISK,PPTSS 2;
KINGPIN/WILSON FISK,PPTSS 67;
KINGPIN/WILSON FISK,PPTSS 69;
KINGPIN/WILSON FISK,PPTSS 70;
KINGPIN/WILSON FISK,PPTSS 74;
KINGPIN/WILSON FISK,PPTSS 75;
KINGPIN/WILSON FISK,PPTSS 80;
KINGPIN/WILSON FISK,PPTSS 82;
KINGPIN/WILSON FISK,PPTSS 89;
KINGPIN/WILSON FISK,PPTSS 92;
KINGPIN/WILSON FISK,PPTSS 93;
KINGPIN/WILSON FISK,PPTSS 94;
KINGPIN/WILSON FISK,PPTSS 95;
KINGPIN/WILSON FISK,PPTSS 96;
KINGPIN/WILSON FISK,PPTSS 97;
KINGPIN/WILSON FISK,PPTSS 98;
KINGPIN/WILSON FISK,PPTSS 99;
KINGPIN/WILSON FISK,PUN2 15;
KINGPIN/WILSON FISK,PUN2 16;
KINGPIN/WILSON FISK,PUN2 17;
KINGPIN/WILSON FISK,PUN2 18;
KINGPIN/WILSON FISK,PUN2 28;
KINGPIN/WILSON FISK,PUN2 29;
KINGPIN/WILSON FISK,PUN2 53;
KINGPIN/WILSON FISK,PUN2 54;
KINGPIN/WILSON FISK,PUN2 55;
KINGPIN/WILSON FISK,PUN2 58;
KINGPIN/WILSON FISK,PUN2 59;
KINGPIN/WILSON FISK,PUN2 64;
KINGPIN/WILSON FISK,PUN2 65;
KINGPIN/WILSON FISK,PUN2 66;
KINGPIN/WILSON FISK,PUN2 69;
KINGPIN/WILSON FISK,PUN2 70;
KINGPIN/WILSON FISK,PWJ 1;
KINGPIN/WILSON FISK,PWJ 12;
KINGPIN/WILSON FISK,PWJ 13;
KINGPIN/WILSON FISK,PWJ 17;
KINGPIN/WILSON FISK,PWZ 4;
KINGPIN/WILSON FISK,SLEEP 5;
KINGPIN/WILSON FISK,SLEEP 6;
KINGPIN/WILSON FISK,S-M 94;
KINGPIN/WILSON FISK,S-M 95;
KINGPIN/WILSON FISK,SMMM;
KINGPIN/WILSON FISK,ST2 12;
KINGPIN/WILSON FISK,ST2 13;
KINGPIN/WILSON FISK,ST2 14;
KINGPIN/WILSON FISK,SWII 3;
KINGPIN/WILSON FISK,W2 19;
KINGPIN/WILSON FISK,WCA 55;
KINGPIN/WILSON FISK,WOSM 2;
KINGPIN/WILSON FISK,WOSM 30;
KINGPIN/WILSON FISK,WOSM 4;
KINGPIN/WILSON FISK,WOSM 48;
KINGPIN/WILSON FISK,WOSM 53;
KINGPIN/WILSON FISK,WOSM 54;
KINGPIN/WILSON FISK,WOSM 55;
KINGPIN/WILSON FISK,WOSM 6;
KINGPIN/WILSON FISK,WOSM 60;
KINGPIN/WILSON FISK,WOSM 61;
KINGPIN/WILSON FISK,WOSM 65;
KINGPIN/WILSON FISK,WOSM 7;
KINGPIN/WILSON FISK,WOSM 84;
KINGPIN/WILSON FISK,WOSM 85;
KINGPIN/WILSON FISK,WOSM 86;
KINGPIN/WILSON FISK,X 62;
KINGPIN/WILSON FISK,X 63;
KINGPIN/WILSON FISK,X 64;
KINGSIZE,M/SH3 3/2;
KINGSLEY, DANIEL,ASM 249;
KINGSLEY, DANIEL,ASM 250;
KINGSLEY, DANIEL,ASM 280;
KINGSLEY, DANIEL,ASM 283;
KINGSLEY, DANIEL,ASM 284;
KINGSLEY, DANIEL,PPTSS 260;
KINGSLEY, DANIEL,PPTSS 261;
KINGSLEY, DANIEL,WOSM 29;
KINLAN KARTH KITH,BSHP2 13;
KINLAN KARTH KITH,BSHP2 5;
KINLAN KARTH KITH,BSHP2 6;
KIRBY, JACK,FF 10;
KIRBY, JACK,FF 176;
KIRBY, JACK,FF 3;
KIRBY, JACK,IM 85;
KIRBY, JACK,SUB-M 19;
KIRBY, JACK,UX 98;
KIRIGI,DD 174;
KIRIGI,DD 175;
KIRIGI,DD 176;
KIRIN,IM 327;
KIRKEGAARD,XCAL -1;
KISMET/J'RIDIA STARD,A 345;
KISMET/J'RIDIA STARD,AF 100;
KISMET/J'RIDIA STARD,AF 101;
KISMET/J'RIDIA STARD,AF 97;
KISMET/J'RIDIA STARD,AF 98;
KISMET/J'RIDIA STARD,AF 99;
KISMET/J'RIDIA STARD,AWC 81;
KISMET/J'RIDIA STARD,CPU 2;
KISMET/J'RIDIA STARD,CPU 2/2;
KISMET/J'RIDIA STARD,DAMCON3 4;
KISMET/J'RIDIA STARD,H 6;
KISMET/J'RIDIA STARD,M/CP 35/4;
KISMET/J'RIDIA STARD,M/TIO 61;
KISMET/J'RIDIA STARD,M/TIO 62;
KISMET/J'RIDIA STARD,M/TIO 63;
KISMET/J'RIDIA STARD,Q 26;
KISMET/J'RIDIA STARD,Q 27;
KISMET/J'RIDIA STARD,Q 28;
KISMET/J'RIDIA STARD,Q 29;
KISMET/J'RIDIA STARD,Q 30;
KISMET/J'RIDIA STARD,Q 31;
KISMET/J'RIDIA STARD,Q 33;
KISMET/J'RIDIA STARD,Q 34;
KISMET/J'RIDIA STARD,Q 35;
KISMET/J'RIDIA STARD,Q 36;
KISMET/J'RIDIA STARD,Q 37;
KISMET/J'RIDIA STARD,Q 39;
KISMET/J'RIDIA STARD,Q 40;
KISMET/J'RIDIA STARD,Q 41;
KISMET/J'RIDIA STARD,Q 43;
KISMET/J'RIDIA STARD,Q 60;
KISMET/J'RIDIA STARD,SLEEP 7;
KITAGOWA, DR. KITTY,INV 31;
KITANG,I:GR;
KITCHENER, CHIEF INS,N 12;
KLAER,CM4 2;
KLAW/ULYSSES KLAW,A 126;
KLAW/ULYSSES KLAW,A 19/3;
KLAW/ULYSSES KLAW,A 54;
KLAW/ULYSSES KLAW,A 55;
KLAW/ULYSSES KLAW,A 83;
KLAW/ULYSSES KLAW,ASPOT 26;
KLAW/ULYSSES KLAW,ASPOT 29/2;
KLAW/ULYSSES KLAW,AUP 4;
KLAW/ULYSSES KLAW,BP 14;
KLAW/ULYSSES KLAW,BP 15;
KLAW/ULYSSES KLAW,BP3 26;
KLAW/ULYSSES KLAW,BP3 27;
KLAW/ULYSSES KLAW,BP3 28;
KLAW/ULYSSES KLAW,BP3 29;
KLAW/ULYSSES KLAW,BP3 5;
KLAW/ULYSSES KLAW,C2 54;
KLAW/ULYSSES KLAW,CA3 21;
KLAW/ULYSSES KLAW,CA3 22;
KLAW/ULYSSES KLAW,DAZZ 9;
KLAW/ULYSSES KLAW,DD 237;
KLAW/ULYSSES KLAW,FF 119;
KLAW/ULYSSES KLAW,FF 187;
KLAW/ULYSSES KLAW,FF 188;
KLAW/ULYSSES KLAW,FF 24/2;
KLAW/ULYSSES KLAW,FF 326;
KLAW/ULYSSES KLAW,FF 327;
KLAW/ULYSSES KLAW,FF 328;
KLAW/ULYSSES KLAW,FF 329;
KLAW/ULYSSES KLAW,FF 330;
KLAW/ULYSSES KLAW,FF 331;
KLAW/ULYSSES KLAW,FF 332;
KLAW/ULYSSES KLAW,FF 333;
KLAW/ULYSSES KLAW,FF 53;
KLAW/ULYSSES KLAW,FF 56;
KLAW/ULYSSES KLAW,FFOR 1;
KLAW/ULYSSES KLAW,HFH 1;
KLAW/ULYSSES KLAW,KZ2 14;
KLAW/ULYSSES KLAW,KZ2 15;
KLAW/ULYSSES KLAW,KZ2 16;
KLAW/ULYSSES KLAW,KZ2 17;
KLAW/ULYSSES KLAW,KZ2 18;
KLAW/ULYSSES KLAW,KZ2 19;
KLAW/ULYSSES KLAW,KZ2 20;
KLAW/ULYSSES KLAW,M/FAN 14;
KLAW/ULYSSES KLAW,M/SHSW 10;
KLAW/ULYSSES KLAW,M/SHSW 11;
KLAW/ULYSSES KLAW,M/SHSW 12;
KLAW/ULYSSES KLAW,M/SHSW 6;
KLAW/ULYSSES KLAW,M/SHSW 7;
KLAW/ULYSSES KLAW,M/SHSW 8;
KLAW/ULYSSES KLAW,M/SHSW 9;
KLAW/ULYSSES KLAW,M/TIO 57;
KLAW/ULYSSES KLAW,M/TIO 58;
KLAW/ULYSSES KLAW,M/TIO 6;
KLAW/ULYSSES KLAW,OE 6;
KLAW/ULYSSES KLAW,Q 6;
KLAW/ULYSSES KLAW,TB 18;
KLAW/ULYSSES KLAW,TB 19;
KLAW/ULYSSES KLAW,TB 20;
KLAW/ULYSSES KLAW,TB 23;
KLAW/ULYSSES KLAW,TB 24;
KLAW/ULYSSES KLAW,TB 25;
KLAW/ULYSSES KLAW,TB 3;
KLAW/ULYSSES KLAW,TB 33;
KLEB, ROSA,NF3 21;
KLEB, ROSA,NF3 22;
KLEB, ROSA,NF3 23;
KLEIN, CAMERON,CA3 32;
KLEIN, CAMERON,CA3 37;
KLEIN, CAMERON,CA3 38;
KLEIN, CAMERON,CA3 39;
KLEIN, CAMERON,CA3 40;
KLEINFELDT, LORNA,SSWP 1;
KLEINFELDT, LORNA,SSWP 2;
KLEINFELDT, LORNA,SSWP 3;
KLEINFELDT, LORNA,SSWP 6;
KLEINFELDT, LORNA,SSWP 7;
KLEIN, SHIRLEY,CA3 25;
KLEIN, SHIRLEY,CA3 32;
KLEIN, STANLEY,CA3 25;
KLEIN, STANLEY,CA3 32;
KLEINSTOCK, HARLAN,HFH 16;
KLEINSTOCK, HARLAN,HFH 8;
KLEINSTOCK, HARLAN,M:DS 1;
KLEINSTOCK, HARLAN,M:DS 2;
KLEINSTOCK, HARLAN,QS 1;
KLEINSTOCK, HARLAN,QS 11;
KLEINSTOCK, HARLAN,QS 12;
KLEINSTOCK, HARLAN,X 43;
KLEINSTOCK, HARLAN,X 44;
KLEINSTOCK, HARLAN,X:MW 1;
KLEINSTOCK, SVEN,HFH 16;
KLEINSTOCK, SVEN,HFH 8;
KLEINSTOCK, SVEN,M:DS 1;
KLEINSTOCK, SVEN,M:DS 2;
KLEINSTOCK, SVEN,QS 1;
KLEINSTOCK, SVEN,QS 11;
KLEINSTOCK, SVEN,QS 12;
KLEINSTOCK, SVEN,X 43;
KLEINSTOCK, SVEN,X 44;
KLEINSTOCK, SVEN,X:MW 1;
KLEIN, SUMMER,JIM 520;
KLIGGER/SEN. EUGENE,CA 213;
KLIGGER/SEN. EUGENE,CA 217;
KLIGGER/SEN. EUGENE,CA 220;
KLIGGER/SEN. EUGENE,CA 222;
KLIGGER/SEN. EUGENE,CA 223;
KLIGGER/SEN. EUGENE,CA 225;
KLIGGER/SEN. EUGENE,CA 228;
KLIGGER/SEN. EUGENE,CA 230;
KLIGGER/SEN. EUGENE,CA 231;
KLIGGER/SEN. EUGENE,M/PRM 39;
KLIGGER/SEN. EUGENE,M/PRM 40;
KLINE, MR.,DD 79;
KLINE, MR.,DD 80;
KLINE, MR.,DD 81;
KLINE, MR.,DD 82;
KLINE, MR.,DD 83;
KLINE, MR.,DD 84;
KLINE, MR.,IM 41;
KLINE, MR.,IM 42;
KLINE, MR.,IM 43;
KLINE, MR.,IM 44;
KLINE, MR.,IM 45;
KLOSS, BERNARD,KZ2 20;
KLOSS, BERNARD,UX 115;
KNAVE,XCAL 52;
KNAVE,XCAL 54;
KNICK KNACK,ASPOT 23;
KNICK KNACK,ASPOT 24;
KNICK KNACK,ASPOT 25;
KNICK KNACK,CA 317;
KNIGHT ERRANT II,HFH 12;
KNIGHT ERRANT/MATSON,XCAL 59;
KNIGHT ERRANT/MATSON,XCAL 60;
KNIGHT, LEO,PPTSS 166;
KNIGHT, LEO,PPTSS 167;
KNIGHT/MALCOLM KNIGH,PPTSS 165;
KNIGHT/MALCOLM KNIGH,PPTSS 166;
KNIGHT/MALCOLM KNIGH,PPTSS 167;
KNIGHT, MISTY,ASMU 13;
KNIGHT, MISTY,BIZADV 25/3;
KNIGHT, MISTY,CX 13/2;
KNIGHT, MISTY,CX 2/2;
KNIGHT, MISTY,CX 25;
KNIGHT, MISTY,DAZZ 21;
KNIGHT, MISTY,DD 353;
KNIGHT, MISTY,DD 357;
KNIGHT, MISTY,DD 363;
KNIGHT, MISTY,DD 364;
KNIGHT, MISTY,DHKF 31;
KNIGHT, MISTY,DHKF 32;
KNIGHT, MISTY,DHKF 33/2;
KNIGHT, MISTY,DLOK2 2;
KNIGHT, MISTY,DLOK2 3;
KNIGHT, MISTY,DLOK2 4;
KNIGHT, MISTY,DLOK2 5;
KNIGHT, MISTY,FF3 6;
KNIGHT, MISTY,HFH 10;
KNIGHT, MISTY,HFH 11;
KNIGHT, MISTY,HFH 13;
KNIGHT, MISTY,HFH 14;
KNIGHT, MISTY,HFH 4;
KNIGHT, MISTY,HFH 8;
KNIGHT, MISTY,IF 1;
KNIGHT, MISTY,IF 10;
KNIGHT, MISTY,IF 11;
KNIGHT, MISTY,IF 12;
KNIGHT, MISTY,IF 13;
KNIGHT, MISTY,IF 15;
KNIGHT, MISTY,IF 2;
KNIGHT, MISTY,IF 3;
KNIGHT, MISTY,IF 6;
KNIGHT, MISTY,IF 7;
KNIGHT, MISTY,IF 8;
KNIGHT, MISTY,IF 9;
KNIGHT, MISTY,IFW 1;
KNIGHT, MISTY,IFW 3;
KNIGHT, MISTY,IFW 4;
KNIGHT, MISTY,M/CP 42/4;
KNIGHT, MISTY,M/CP 80/3;
KNIGHT, MISTY,M/PRM 21;
KNIGHT, MISTY,M/TU 1;
KNIGHT, MISTY,M/TU 105/2;
KNIGHT, MISTY,M/TU 4;
KNIGHT, MISTY,M/TU 63;
KNIGHT, MISTY,M/TU 64;
KNIGHT, MISTY,N 10;
KNIGHT, MISTY,N 11;
KNIGHT, MISTY,N 13;
KNIGHT, MISTY,N 16;
KNIGHT, MISTY,N 17;
KNIGHT, MISTY,N 18;
KNIGHT, MISTY,N 19;
KNIGHT, MISTY,N 20;
KNIGHT, MISTY,N 21;
KNIGHT, MISTY,N 22;
KNIGHT, MISTY,N 23;
KNIGHT, MISTY,N 24;
KNIGHT, MISTY,N 25;
KNIGHT, MISTY,N 26;
KNIGHT, MISTY,N 28;
KNIGHT, MISTY,N 31;
KNIGHT, MISTY,N 32;
KNIGHT, MISTY,N 33;
KNIGHT, MISTY,N 8;
KNIGHT, MISTY,PM 48;
KNIGHT, MISTY,PM&IF 100;
KNIGHT, MISTY,PM&IF 101;
KNIGHT, MISTY,PM&IF 103;
KNIGHT, MISTY,PM&IF 104;
KNIGHT, MISTY,PM&IF 105;
KNIGHT, MISTY,PM&IF 106;
KNIGHT, MISTY,PM&IF 108;
KNIGHT, MISTY,PM&IF 117;
KNIGHT, MISTY,PM&IF 121;
KNIGHT, MISTY,PM&IF 122;
KNIGHT, MISTY,PM&IF 125;
KNIGHT, MISTY,PM&IF 49;
KNIGHT, MISTY,PM&IF 50;
KNIGHT, MISTY,PM&IF 51;
KNIGHT, MISTY,PM&IF 52;
KNIGHT, MISTY,PM&IF 53;
KNIGHT, MISTY,PM&IF 57;
KNIGHT, MISTY,PM&IF 58;
KNIGHT, MISTY,PM&IF 59;
KNIGHT, MISTY,PM&IF 60;
KNIGHT, MISTY,PM&IF 61;
KNIGHT, MISTY,PM&IF 62;
KNIGHT, MISTY,PM&IF 66;
KNIGHT, MISTY,PM&IF 67;
KNIGHT, MISTY,PM&IF 68;
KNIGHT, MISTY,PM&IF 72;
KNIGHT, MISTY,PM&IF 73;
KNIGHT, MISTY,PM&IF 74;
KNIGHT, MISTY,PM&IF 76;
KNIGHT, MISTY,PM&IF 78;
KNIGHT, MISTY,PM&IF 79;
KNIGHT, MISTY,PM&IF 83;
KNIGHT, MISTY,PM&IF 84;
KNIGHT, MISTY,PM&IF 90;
KNIGHT, MISTY,PM&IF 92;
KNIGHT, MISTY,PM&IF 93;
KNIGHT, MISTY,PM&IF 94;
KNIGHT, MISTY,PM&IF 95;
KNIGHT, MISTY,PM&IF 96;
KNIGHT, MISTY,PM&IF 97;
KNIGHT, MISTY,PM&IF 98;
KNIGHT, MISTY,PM&IF 99;
KNIGHT, MISTY,UX 102;
KNIGHT, MISTY,UX 104;
KNIGHT, MISTY,UX 105;
KNIGHT, MISTY,UX 106;
KNIGHT, MISTY,UX 108;
KNIGHT, MISTY,UX 117;
KNIGHT, MISTY,UX 118;
KNIGHT, MISTY,UX 119;
KNIGHT, MISTY,UX 120;
KNIGHT, MISTY,UX 121;
KNIGHT, MISTY,UX 122;
KNIGHT, MISTY,XFOR 80;
KNOBLACH, GERTRUDE H,C2 94;
KNOBLACH, GLORIA,C2 94;
KNOBLACH, HANS,C2 94;
KNOCKABOUT/,NF3 33;
KNOCKABOUT/,NF3 34;
KNOCKABOUT/,NF3 35;
KNOCKABOUT/,NF3 40;
KNOCKABOUT/,NF3 41;
KNOCKABOUT/,NF3 42;
KNOCKOUT,ASM 340;
KNOCKOUT,ASM 343;
KNOCKOUT,CA 389;
KNOCKOUT,CA 390;
KNOCKOUT,CA 391;
KNUTZ, CINDY,AT:WMB 1;
KNUTZ, CINDY,AT:WMB 2;
KNUTZ, CINDY,TM:WY 1;
KOENIG, ERIC,CA 145;
KOENIG, ERIC,CA 146;
KOENIG, ERIC,CA 188;
KOENIG, ERIC,CA 189;
KOENIG, ERIC,CA 190;
KOENIG, ERIC,CA 273;
KOENIG, ERIC,CA 274;
KOENIG, ERIC,FURY 1;
KOENIG, ERIC,H2 434;
KOENIG, ERIC,M/CP 77/3;
KOENIG, ERIC,M/CP 78/2;
KOENIG, ERIC,M/CP 79/2;
KOENIG, ERIC,NFV.S 2;
KOENIG, ERIC,NFV.S 3;
KOENIG, ERIC,RH 4/2;
KOFI [KYMELLIAN],PP 16;
KOFI [KYMELLIAN],PP 17;
KOFI [KYMELLIAN],PP 18;
KOFI [KYMELLIAN],PP 19;
KOFI [KYMELLIAN],PP 22;
KOFI [KYMELLIAN],PP 23;
KOFI [KYMELLIAN],PP 24;
KOFI [KYMELLIAN],PP 25;
KOFI [KYMELLIAN],PP 26;
KOFI [KYMELLIAN],PP 28;
KOFI [KYMELLIAN],PP 43;
KOFI [KYMELLIAN],PP 49;
KOFI [KYMELLIAN],PP 50;
KOFI [KYMELLIAN],PP 51;
KOFI [KYMELLIAN],PP 52;
KOFI [KYMELLIAN],PP:PP 1;
KOFI [KYMELLIAN],PP:PP 2;
KOFI [KYMELLIAN],PP:PP 3;
KOFI [KYMELLIAN],PP:PP 4;
KOFI [KYMELLIAN],SWII 6;
KO-GAR,BFF:RR 1;
KO-GAR,BFF:RR 2;
KO-GAR,BFF:RR 3;
KO'ICHI,XF 63;
KO'ICHI,XF 64;
KOJIRO,W2 56;
KOJIRO,W2 57;
KOLE, JOHN,W2 132;
KOLE, MICHELLE,W2 132;
KOLOMAQ,XM 39;
KOMODO,SSU 1;
KONIEV, DMITRI,UX 384;
KONIEV, IRINI,UX 384;
KONIEV, MRS.,UX 384;
KONO,BP3 21;
KOPPISCH, DR. ERIC,UX 360;
KORATH THE PURSUER,A 346;
KORATH THE PURSUER,A 347;
KORATH THE PURSUER,AWC 82;
KORATH THE PURSUER,CA 399;
KORATH THE PURSUER,Q 32;
KORATH THE PURSUER,Q 35;
KORATH THE PURSUER,T 446;
KORREK,AIF 19;
KORREK,GSM-T 3;
KORREK,HTD 22;
KORREK,HTD 23;
KORREK,HTD 24;
KORREK,M-T 1;
KORREK,M-T 20;
KORVAC, MICHAEL,A 16;
KORVAC, MICHAEL,A 167;
KORVAC, MICHAEL,A 168;
KORVAC, MICHAEL,A 172;
KORVAC, MICHAEL,A 173;
KORVAC, MICHAEL,A 174;
KORVAC, MICHAEL,A 175;
KORVAC, MICHAEL,A 176;
KORVAC, MICHAEL,A 177;
KORVAC, MICHAEL,CA3 14;
KORVAC, MICHAEL,CA3 15;
KORVAC, MICHAEL,CA3 16;
KORVAC, MICHAEL,CA3 17;
KORVAC, MICHAEL,CA3 18;
KORVAC, MICHAEL,CA3 19;
KORVAC, MICHAEL,FF 24;
KORVAC, MICHAEL,GSDEF 3;
KORVAC, MICHAEL,KS;
KORVAC, MICHAEL,T 6;
KOSHIMA,FFOR 13;
KOSINSKI, HARLEY,T 435;
KOSINSKI, HARLEY,T 436;
KOWALSKI, TRISH,SENSM 5;
KRAA,NO 1;
KRAA,NO2 15;
KRAFT, DONNA,MK3 39;
KRAGAR,M/FAN2 4;
KRAGAR,M/FAN2 5;
KRAGG, GEN.,MM '98;
KRAGG,M/CP 10/3;
KRAGG,MM 10;
KRAKEN,CA 319;
KRAKEN,CAT 3;
KRAKEN,IM 93;
KRAKEN,IM 94;
KRAKEN,SUB-M 27;
KRAKOA,GSX 1;
KRAKOA,Q 15;
KRAMER, KENNY,C2 59;
KRAMER, KENNY,C2 60;
KRAMER, KENNY,C2 61;
KRAMER, KENNY,C2 64;
KRAMER, KENNY,C2 66;
KRAMER, KENNY,C2 67;
KRAMER, KENNY,C2 68;
KRAMER, KENNY,C2 70;
KRAMER, KENNY,C2 74;
KRAMER, KENNY,C2 76;
KRAMER, KENNY,C2 '99;
KRAMER, STACEY,C2 55;
KRAMER, STACEY,C2 57;
KRAMER, STACEY,C2 59;
KRAMER, STACEY,C2 60;
KRAMER, STACEY,C2 61;
KRAMER, STACEY,C2 63;
KRAMER, STACEY,C2 64;
KRAMER, STACEY,C2 65;
KRAMER, STACEY,C2 66;
KRAMER, STACEY,C2 67;
KRAMER, STACEY,C2 68;
KRAMER, STACEY,C2 69;
KRAMER, STACEY,C2 70;
KRAMER, STACEY,C2 71;
KRAMER, STACEY,C2 74;
KRAMER, STACEY,C2 76;
KRAMER, STACEY,C2 78;
KRAMER, STACEY,C2 '99;
KRAMER, STACEY,W2 139;
KRAMER, STACEY,XU 23;
KRANG [ATLANTEAN],A 18;
KRANG [ATLANTEAN],CA 181;
KRANG [ATLANTEAN],DD 7;
KRANG [ATLANTEAN],FF 1;
KRANG [ATLANTEAN],IM 10;
KRANG [ATLANTEAN],IM 175;
KRANG [ATLANTEAN],M/:LG 3;
KRANG [ATLANTEAN],S-H2 12;
KRANG [ATLANTEAN],SUB-M 23;
KRANG [ATLANTEAN],SUB-M 24;
KRANG [ATLANTEAN],SUB-M 33;
KRANG [ATLANTEAN],SVTU 13;
KRANG [ATLANTEAN],TOS 79;
KRANG [ATLANTEAN],TOS 80;
KRANG [ATLANTEAN],TTA 70;
KRANG [ATLANTEAN],TTA 71;
KRANG [ATLANTEAN],TTA 72;
KRANG [ATLANTEAN],TTA 73;
KRANG [ATLANTEAN],TTA 74;
KRANG [ATLANTEAN],TTA 75;
KRANG [ATLANTEAN],TTA 76;
KRANG [ATLANTEAN],TTA 79;
KRANG [ATLANTEAN],TTA 80;
KRANG [ATLANTEAN],TTA 81;
KRANG [ATLANTEAN],TTA 82;
KRANG [ATLANTEAN],TTA 83;
KRANG [ATLANTEAN],TTA 84;
KRANG [ATLANTEAN],TTA 85;
KRANG [ATLANTEAN],TTA 86;
KRANG [ATLANTEAN],TTA 87;
KRANG [ATLANTEAN],TTA 91;
KRANG II,MASTERS OF EVIL;
KRAUS, DR. FREIDERIC,N 10;
KRAUS, DR. FREIDERIC,N 11;
KRAUS, DR. FREIDERIC,N 12;
KRAUS, DR. FREIDERIC,N 6;
KRAUS, DR. FREIDERIC,N 8;
KRAVEN THE HUNTER II,ASM2 12;
KRAVEN THE HUNTER II,BP3 6;
KRAVEN THE HUNTER II,BP3 7;
KRAVEN THE HUNTER II,FF3 9;
KRAVEN THE HUNTER II,PPSM2 12;
KRAVEN THE HUNTER II,PPSM2 17;
KRAVEN THE HUNTER II,PPTSS 246;
KRAVEN THE HUNTER II,PPTSS 248;
KRAVEN THE HUNTER II,PPTSS 249;
KRAVEN THE HUNTER II,PPTSS 250;
KRAVEN THE HUNTER II,PPTSS 251;
KRAVEN THE HUNTER II,PPTSS 252;
KRAVEN THE HUNTER II,PPTSS 253;
KRAVEN THE HUNTER/SE,ASM 1;
KRAVEN THE HUNTER/SE,ASM 103;
KRAVEN THE HUNTER/SE,ASM 104;
KRAVEN THE HUNTER/SE,ASM 110;
KRAVEN THE HUNTER/SE,ASM 111;
KRAVEN THE HUNTER/SE,ASM 15;
KRAVEN THE HUNTER/SE,ASM 18;
KRAVEN THE HUNTER/SE,ASM 209;
KRAVEN THE HUNTER/SE,ASM 293;
KRAVEN THE HUNTER/SE,ASM 294;
KRAVEN THE HUNTER/SE,ASM 34;
KRAVEN THE HUNTER/SE,ASM 47;
KRAVEN THE HUNTER/SE,ASM 49;
KRAVEN THE HUNTER/SE,ASM '96;
KRAVEN THE HUNTER/SE,AT 1;
KRAVEN THE HUNTER/SE,AT 2;
KRAVEN THE HUNTER/SE,COTL 32;
KRAVEN THE HUNTER/SE,COTL 33;
KRAVEN THE HUNTER/SE,DD 104;
KRAVEN THE HUNTER/SE,DD 105;
KRAVEN THE HUNTER/SE,KZ3 19;
KRAVEN THE HUNTER/SE,KZ3 20;
KRAVEN THE HUNTER/SE,KZ3 21;
KRAVEN THE HUNTER/SE,M/CHILL 4;
KRAVEN THE HUNTER/SE,M/TU 67;
KRAVEN THE HUNTER/SE,PPTSS 131;
KRAVEN THE HUNTER/SE,PPTSS 2;
KRAVEN THE HUNTER/SE,PPTSS 65;
KRAVEN THE HUNTER/SE,SENSM '96;
KRAVEN THE HUNTER/SE,S-M 4;
KRAVEN THE HUNTER/SE,S-M 50;
KRAVEN THE HUNTER/SE,SWII 7;
KRAVEN THE HUNTER/SE,TOS 58;
KRAVEN THE HUNTER/SE,WCA2 3;
KRAVEN THE HUNTER/SE,WOSM 31;
KRAVEN THE HUNTER/SE,WOSM 32;
KRAVEN THE HUNTER/SE,X:HY 16;
KRAVEN THE HUNTER/SE,X:HY 17;
KRAY, D'VON,W/C;
KREA, BRUNO,NF3 15;
KREA, BRUNO,NF3 16;
KREA, BRUNO,NF3 17;
KREA, BRUNO,NF3 18;
KREA, BRUNO,NF3 19;
KREA, BRUNO,NF3 20;
KREA, BRUNO,NF3 25;
KREA, BRUNO,NF3 26;
KREDDICK,MAXSEC 2;
KREDDICK,MAXSEC 3;
KREDDICK,MAXSEC:DP;
KREE CAPTAIN AMERICA,FF3 16;
KREE GIANT MAN [KREE,FF3 16;
KREE IRON MAN [KREE],FF3 16;
KREE SCARLET WITCH [,FF3 16;
KREIGER, SIMON,IM:IA 1;
KREIGER, SIMON,IM:IA 2;
KREIGKOPH, GEN.,PUN6 2;
KRIEGHUND, COL.,GSINV 1;
KRIEGHUND, COL.,INV 6;
KRIEGHUND, COL.,M/PRM 30;
K'RIN,A 389;
KRISTA,T 217;
KRISTA,T 218;
KRISTA,T 219;
KRISTA,T 221;
KRISTA,T 222;
KRISTA,T 223;
KRISTA,T 224;
KRISTA,T 225;
KRISTA,T 227;
KRISTA,T 228;
KRISTA,T 230;
KRISTA,T 231;
KRISTA,T 232;
KRISTA,T 234;
KRISTA,T 248;
KRISTA,T 311/2;
KRISTA,T 312/2;
KRISTA,T 313/2;
KRISTOFF/KRISTOFF VE,AR 1;
KRISTOFF/KRISTOFF VE,AR 2;
KRISTOFF/KRISTOFF VE,DLOK2 4;
KRISTOFF/KRISTOFF VE,FF 20;
KRISTOFF/KRISTOFF VE,FF 247;
KRISTOFF/KRISTOFF VE,FF 258;
KRISTOFF/KRISTOFF VE,FF 278;
KRISTOFF/KRISTOFF VE,FF 279;
KRISTOFF/KRISTOFF VE,FF 293;
KRISTOFF/KRISTOFF VE,FF 304;
KRISTOFF/KRISTOFF VE,FF 305;
KRISTOFF/KRISTOFF VE,FF 312;
KRISTOFF/KRISTOFF VE,FF 320;
KRISTOFF/KRISTOFF VE,FF 330;
KRISTOFF/KRISTOFF VE,FF 350;
KRISTOFF/KRISTOFF VE,FF 352;
KRISTOFF/KRISTOFF VE,FF 397;
KRISTOFF/KRISTOFF VE,FF 398;
KRISTOFF/KRISTOFF VE,FF 399;
KRISTOFF/KRISTOFF VE,FF 400;
KRISTOFF/KRISTOFF VE,FF 400/2;
KRISTOFF/KRISTOFF VE,FF 401;
KRISTOFF/KRISTOFF VE,FF 402;
KRISTOFF/KRISTOFF VE,FF 403;
KRISTOFF/KRISTOFF VE,FF 404;
KRISTOFF/KRISTOFF VE,FF 405;
KRISTOFF/KRISTOFF VE,FF 406;
KRISTOFF/KRISTOFF VE,FF 407;
KRISTOFF/KRISTOFF VE,FF 408;
KRISTOFF/KRISTOFF VE,FF 409;
KRISTOFF/KRISTOFF VE,FF 410;
KRISTOFF/KRISTOFF VE,FF 411;
KRISTOFF/KRISTOFF VE,FF 414;
KRISTOFF/KRISTOFF VE,FF 416;
KRISTOFF/KRISTOFF VE,FFOR 7;
KRISTOFF/KRISTOFF VE,FFU 12;
KRISTOFF/KRISTOFF VE,FFUP 3;
KRISTOFF/KRISTOFF VE,PUN2 28;
KRISTOFF/KRISTOFF VE,PUN2 29;
KRISTOFF/KRISTOFF VE,T 410;
KRISTOFF/KRISTOFF VE,TM/U 1;
KRISTOFF/KRISTOFF VE,WCA2 35;
KRIVEN,C2 78;
KRIVEN,C2 79;
K'RK [SHI'AR],CX 14/2;
K'RK [SHI'AR],UX 105;
K'RK [SHI'AR],UX 157;
KRO [DEVIANT],A 17;
KRO [DEVIANT],BP3 27;
KRO [DEVIANT],BP3 28;
KRO [DEVIANT],E 1;
KRO [DEVIANT],E 10;
KRO [DEVIANT],E 13;
KRO [DEVIANT],E 2;
KRO [DEVIANT],E2 10;
KRO [DEVIANT],E2 11;
KRO [DEVIANT],E2 12;
KRO [DEVIANT],E2 2;
KRO [DEVIANT],E2 3;
KRO [DEVIANT],E2 4;
KRO [DEVIANT],E2 5;
KRO [DEVIANT],E2 6;
KRO [DEVIANT],E2 7;
KRO [DEVIANT],E2 8;
KRO [DEVIANT],E2 9;
KRO [DEVIANT],E 3;
KRO [DEVIANT],E 4;
KRO [DEVIANT],E 5;
KRO [DEVIANT],E 6;
KRO [DEVIANT],E 8;
KRO [DEVIANT],E 9;
KRO [DEVIANT],E:HEROD;
KRO [DEVIANT],FFU 10;
KRO [DEVIANT],HFH 5;
KRO [DEVIANT],HFH 6;
KRO [DEVIANT],HFH 7;
KRO [DEVIANT],IM 6;
KRO [DEVIANT],M/:LG 10;
KRO [DEVIANT],M/U 5;
KRO [DEVIANT],M/U 6;
KRO [DEVIANT],M/U 7;
KRO [DEVIANT],Q 12;
KRO [DEVIANT],RED RAVEN COMICS 1;
KRO [DEVIANT],T 284;
KRO [DEVIANT],T 285;
KRO [DEVIANT],T 286;
KRONITT,T '01;
KRONOS,CM 29;
KRONOS,CM 31;
KRONOS,IG 3;
KRONOS,IG 4;
KRONOS,IG 5;
KRONOS,IG 6;
KRONOS,IM 55;
KRONOS,Q 19;
KRONOS,Q 25;
KROTOK,XFOR 81;
KRUEGER,X:HY 11;
KRUEGER,X:HY 12;
KRUEGER,X:HY 13;
KRUEGER,X:HY 14;
KRUEGER,X:HY 8;
KRUELLA,XFOR 85;
KRUEL/VICTOR KRUELLE,DD 338;
KRUEL/VICTOR KRUELLE,DD 339;
KRUEL/VICTOR KRUELLE,DD 340;
KRUEL/VICTOR KRUELLE,DD 341;
KRUEL/VICTOR KRUELLE,DD 342;
KRUGGAR,Q 39;
KRUMA, TALIA,A 345;
KRUMA, TALIA,A 346;
KRUMA, TALIA,BG 2;
KRUMA, TALIA,M/TIO 85;
KRUMA, TALIA,Q 32;
KRUSH,I:GR;
KRYPT, DR.,AF2 1;
KRYZEWSKI, LEONARD M,A 341;
KRYZEWSKI, LEONARD M,A 342;
KUBIK,A 289;
KUBIK,A 290;
KUBIK,DEF 150;
KUBIK,FF 23/3;
KUBIK,FF 27/2;
KUBIK,FF 319;
KUBIK,FF 351;
KUKULCAN/VIRAKO/QUET,T 300;
KUKULCAN/VIRAKO/QUET,UX 25;
KUKULCAN/VIRAKO/QUET,UX 26;
KULAN GATH,A3 29;
KULAN GATH,A3 30;
KULAN GATH,CTB 14;
KULAN GATH,CTB 15;
KULAN GATH,M/TU 79;
KULAN GATH,UX 190;
KULAN GATH,UX 191;
KULL,SSOC 213/2;
KULL,UX 13/3;
KURAGARI,CD 2;
KURAGARI,CD 3;
KURAGARI,CD 4;
KURASOV, SIMYON BORI,UX 383;
KURASOV, SIMYON BORI,UX 384;
KURLYCHEK, PATTY,M/CP 71/4;
KUROKO/,AWC 69;
KUROKO/,AWC 70;
KUROKO/,AWC 72;
KUROKO/,AWC 73;
KUROKO/,AWC 74;
KUROV, WASSILY,SKK 2;
KUROV, WASSILY,SKK 3;
KUROYAMA,ELEK 14;
KUROYAMA,ELEK 17;
KUROYAMA,ELEK 19;
KURRGO,FF 7;
KURRGO,M/FEA 11;
KURSE/ALGRIM [ASGARD,PP 18;
KURSE/ALGRIM [ASGARD,SWII 4;
KURSE/ALGRIM [ASGARD,SWII 5;
KURSE/ALGRIM [ASGARD,SWII 6;
KURSE/ALGRIM [ASGARD,T2 14;
KURSE/ALGRIM [ASGARD,T2 31;
KURSE/ALGRIM [ASGARD,T2 32;
KURSE/ALGRIM [ASGARD,T2 39;
KURSE/ALGRIM [ASGARD,T 347;
KURSE/ALGRIM [ASGARD,T 348;
KURSE/ALGRIM [ASGARD,T 363;
KURSE/ALGRIM [ASGARD,T 366;
KURSE/ALGRIM [ASGARD,T 367;
KURSE/ALGRIM [ASGARD,T 368;
KURSE/ALGRIM [ASGARD,T 379;
KURSE/ALGRIM [ASGARD,T 381;
KURSE/ALGRIM [ASGARD,T 382;
KURSE/ALGRIM [ASGARD,T 485;
KURSE/ALGRIM [ASGARD,T 486;
KURSE/ALGRIM [ASGARD,T 487;
KURSE/ALGRIM [ASGARD,T 488;
KURSE/ALGRIM [ASGARD,T 489;
KUTUZOV, COL.,UX 99;
KWANNON,UX 256;
KWANNON,X 17;
KWANNON,X 31;
KWAN, TERRY,ASM2 1;
KWAN, TERRY,ASM2 16;
KWAN, TERRY,ASM2 2;
KWAN, TERRY,ASM2 3;
KWAN, TERRY,PPSM2 3;
KYLUN/COLIN MCKAY,XCAL 125;
KYLUN/COLIN MCKAY,XCAL 2;
KYLUN/COLIN MCKAY,XCAL 42;
KYLUN/COLIN MCKAY,XCAL 43;
KYLUN/COLIN MCKAY,XCAL 44;
KYLUN/COLIN MCKAY,XCAL 45;
KYLUN/COLIN MCKAY,XCAL 46;
KYLUN/COLIN MCKAY,XCAL 47;
KYLUN/COLIN MCKAY,XCAL 48;
KYLUN/COLIN MCKAY,XCAL 49;
KYLUN/COLIN MCKAY,XCAL 50;
KYLUN/COLIN MCKAY,XCAL 51;
KYLUN/COLIN MCKAY,XCAL 54;
KYLUN/COLIN MCKAY,XCAL 55;
KYMRI,X 104;
KYMRI,XCAL 16;
KYMRI,XCAL 17;
KYSA,XU 31/3;
LA BANDERA,W2 22;
LA BANDERA,W2 23;
LACE/,WOSSSS 1/2;
LACOSTE, RAE,IM 223;
LACOSTE, RAE,IM 226;
LACOSTE, RAE,IM 233;
LACOSTE, RAE,IM 235;
LACOSTE, RAE,IM 236;
LACOSTE, RAE,IM 239;
LACOSTE, RAE,IM 243;
LACOSTE, RAE,IM 244;
LACOSTE, RAE,IM 245;
LACOSTE, RAE,IM 246;
LACOSTE, RAE,IM 248;
LACOSTE, RAE,IM 249;
LACOSTE, RAE,IM 254;
LACOSTE, RAE,IM 286;
LACOSTE, RAE,IM 287;
LACOSTE, RAE,WARM 11;
LACOSTE, RAE,WARM 12;
LACOSTE, RAE,WARM 13;
LACOSTE, RAE,WARM 19;
LACOSTE, RAE,WARM 4;
LACOSTE, RAE,WARM 5;
LADONNA, HOLLY,V&SW 1;
LADONNA, HOLLY,V&SW2 11;
LADONNA, HOLLY,V&SW2 12;
LADONNA, HOLLY,V&SW2 5;
LADONNA, HOLLY,V&SW2 6;
LADONNA, HOLLY,V&SW2 7;
LADONNA, HOLLY,V&SW2 8;
LADY DEATHSTRIKE/YUR,AF 33;
LADY DEATHSTRIKE/YUR,AF 34;
LADY DEATHSTRIKE/YUR,CA3 1;
LADY DEATHSTRIKE/YUR,DD 197;
LADY DEATHSTRIKE/YUR,DD 198;
LADY DEATHSTRIKE/YUR,DD 199;
LADY DEATHSTRIKE/YUR,PUN2 33;
LADY DEATHSTRIKE/YUR,PUN2 34;
LADY DEATHSTRIKE/YUR,UX 205;
LADY DEATHSTRIKE/YUR,UX 247;
LADY DEATHSTRIKE/YUR,UX 248;
LADY DEATHSTRIKE/YUR,UX 249;
LADY DEATHSTRIKE/YUR,UX 251;
LADY DEATHSTRIKE/YUR,UX 252;
LADY DEATHSTRIKE/YUR,UX 253;
LADY DEATHSTRIKE/YUR,UX 255;
LADY DEATHSTRIKE/YUR,UX 261;
LADY DEATHSTRIKE/YUR,UX 262;
LADY DEATHSTRIKE/YUR,UX 269;
LADY DEATHSTRIKE/YUR,UX 281;
LADY DEATHSTRIKE/YUR,W2 35;
LADY DEATHSTRIKE/YUR,W2 36;
LADY DEATHSTRIKE/YUR,W2 37;
LADY DEATHSTRIKE/YUR,W2 38;
LADY DEATHSTRIKE/YUR,W2 43;
LADY DEATHSTRIKE/YUR,W2 45;
LADY DEATHSTRIKE/YUR,W2 46;
LADY DEATHSTRIKE/YUR,W2 76;
LADY DEATHSTRIKE/YUR,X '00;
LADY LARK/LINDA LEWI,A 141;
LADY LARK/LINDA LEWI,A 142;
LADY LARK/LINDA LEWI,A 144;
LADY LARK/LINDA LEWI,A 147;
LADY LARK/LINDA LEWI,A 148;
LADY LARK/LINDA LEWI,A 149;
LADY LARK/LINDA LEWI,A3 5;
LADY LARK/LINDA LEWI,A3 6;
LADY LARK/LINDA LEWI,A 85;
LADY LARK/LINDA LEWI,A '98;
LADY LARK/LINDA LEWI,DEF 112;
LADY LARK/LINDA LEWI,DEF 113;
LADY LARK/LINDA LEWI,DEF 114;
LADY LARK/LINDA LEWI,Q 13;
LADY LARK/LINDA LEWI,Q 14;
LADY LARK/LINDA LEWI,Q 15;
LADY LARK/LINDA LEWI,Q 16;
LADY LARK/LINDA LEWI,Q 17;
LADY LARK/LINDA LEWI,Q 19;
LADY LARK/LINDA LEWI,Q 27;
LADY LARK/LINDA LEWI,SQS 1;
LADY LARK/LINDA LEWI,SQS 12;
LADY LARK/LINDA LEWI,SQS 2;
LADY LARK/LINDA LEWI,SQS 3;
LADY LARK/LINDA LEWI,SQS 4;
LADY LARK/LINDA LEWI,SQS 5;
LADY LARK/LINDA LEWI,SQS 6;
LADY LARK/LINDA LEWI,SQS:NWO;
LADY LARK/LINDA LEWI,T 280;
LADY LOTUS,INV 37;
LADY LOTUS,INV 38;
LADY LOTUS,INV 39;
LADY LOTUS,INV 40;
LADY LOTUS,INV 41;
LADY OF THE LAKE,HFH 2;
LADY OF THE LAKE,HFH 8;
LADY OF THE LAKE,XCAL 37;
LADY OF THE LAKE,XCAL 38;
LAMBERT, WILSON,AWC 84;
LAMBERT, WILSON,AWC 85;
LAMBERT, WILSON,AWC 86;
LAMENT/,UX 382;
LAMY, KELLY,DD2 8;
LANCELOT, SIR,DHKF 21;
LANCELOT, SIR,DHKF 22;
LANCELOT, SIR,DHKF 24;
LANCER/SAMANTHA DUNB,ASHEMA;
LANCER/SAMANTHA DUNB,DOOM;
LANCER/SAMANTHA DUNB,DOOM2 1;
LANCER/SAMANTHA DUNB,DOOM2 2;
LANCER/SAMANTHA DUNB,DOOM2 3;
LANCER/SAMANTHA DUNB,DOOMSDAY;
LANCER/SAMANTHA DUNB,FF3 25;
LANCER/SAMANTHA DUNB,FF3 26;
LANCER/SAMANTHA DUNB,FF3 28;
LANDA,FF 363;
LANDA,FF 364;
LANDA,FF 365;
LANDERS, DR.,H2 451;
LANDERS, GENA,HMAG 13/2;
LANDERS, GENA,HMAG 17/2;
LANDERS, GENA,M/FAN 39/2;
LANDERS, GENA,MK 1;
LANDERS, GENA,MK 10;
LANDERS, GENA,MK 11;
LANDERS, GENA,MK 13;
LANDERS, GENA,MK 15;
LANDERS, GENA,MK 2;
LANDERS, GENA,MK 22;
LANDERS, GENA,MK 25;
LANDERS, GENA,MK 29;
LANDERS, GENA,MK 3;
LANDERS, GENA,MK 30;
LANDERS, GENA,MK3 26;
LANDERS, GENA,MK 33;
LANDERS, GENA,MK 34;
LANDERS, GENA,MK 34/2;
LANDERS, GENA,MK 35;
LANDERS, GENA,MK 4;
LANDERS, GENA,MK4 2;
LANDERS, GENA,MK4 4;
LANDERS, GENA,MK 6;
LANDERS, GENA,MK 7;
LANDERS, GENA,M/SH3 1;
LANDERS, RAY,MK 10;
LANDERS, RAY,MK 2;
LANDERS, RAY,MK 31;
LANDERS, RAY,MK 34/2;
LANDERS, RAY,MK 4;
LANDERS, RAY,MK4 4;
LANDERS, RAY,MK 6;
LANDERS, RICKY,MK 10;
LANDERS, RICKY,MK 2;
LANDERS, RICKY,MK 31;
LANDERS, RICKY,MK 34/2;
LANDERS, RICKY,MK 4;
LANDERS, RICKY,MK4 4;
LANDERS, RICKY,MK 6;
LANDSCAPE/BRETT,UX 347;
LANDSLIDE,H2 263;
LANDSLIDE II/LEE BRO,UX 360;
LANDSLIDE II/LEE BRO,X 80;
LANDSLIDE,IM 12;
LANDSLIDE,M/TE 25;
LANDSLIDE,ROM 28;
LANE, LOIS,A 296;
LANE, LOIS,DD 353;
LANE, LOIS,MARVELS 4;
LANE, LOIS,T 341;
LANE, LOIS,T 476;
LANE, LOIS,UX 10;
LANE, LOIS,UX 141;
LANE, LOIS,UX 98;
LANE, LOIS,WOSM 75;
LANE, LOIS,XCAL 8;
LANE, SILAS,ROM 10;
LANE, SILAS,ROM 15;
LANE, SILAS,ROM 17;
LANE, SILAS,ROM 19;
LANE, SILAS,ROM 22;
LANE, SILAS,ROM 29;
LANE, SILAS,ROM 8;
LANE, SILAS,ROM 9;
LANG, ALLISON,DD2 16;
LANG, ALLISON,DD2 18;
LANG, CASSANDRA CASS,A 223;
LANG, CASSANDRA CASS,A3 26;
LANG, CASSANDRA CASS,A '99;
LANG, CASSANDRA CASS,FF 403;
LANG, CASSANDRA CASS,FF 404;
LANG, CASSANDRA CASS,FF 405;
LANG, CASSANDRA CASS,FF 407;
LANG, CASSANDRA CASS,FF 408;
LANG, CASSANDRA CASS,FF 409;
LANG, CASSANDRA CASS,FF 410;
LANG, CASSANDRA CASS,FF 411;
LANG, CASSANDRA CASS,FF 416;
LANG, CASSANDRA CASS,FFU 12;
LANG, CASSANDRA CASS,HFH 10;
LANG, CASSANDRA CASS,HFH 7;
LANG, CASSANDRA CASS,IM 137;
LANG, CASSANDRA CASS,IM 155;
LANG, CASSANDRA CASS,IM 224;
LANG, CASSANDRA CASS,IM 225;
LANG, CASSANDRA CASS,IM 233;
LANG, CASSANDRA CASS,IM 243;
LANG, CASSANDRA CASS,M/CP 11/3;
LANG, CASSANDRA CASS,M/CP 81/3;
LANG, CASSANDRA CASS,MICRO 19;
LANG, CASSANDRA CASS,M/PRM 47;
LANG, CASSANDRA CASS,M/TIO 87;
LANG, CASSANDRA CASS,M/TU 103;
LANG, CASSANDRA CASS,TM/U 1;
LANG, DR. STEVEN,C2 16;
LANG, DR. STEVEN,CX 7;
LANG, DR. STEVEN,CX 8;
LANG, DR. STEVEN,UX 100;
LANG, DR. STEVEN,UX 311;
LANG, DR. STEVEN,UX 316;
LANG, DR. STEVEN,UX 317;
LANG, DR. STEVEN,UX 343;
LANG, DR. STEVEN,UX 344;
LANG, DR. STEVEN,UX 96;
LANG, DR. STEVEN,UX 97;
LANG, DR. STEVEN,UX 98;
LANG, DR. STEVEN,UX 99;
LANG, DR. STEVEN,W2 85;
LANG, DR. STEVEN,X 36;
LANG, DR. STEVEN,XCAL 82;
LANG, DR. STEVEN,XF 106;
LANG, DR. STEVEN,XFOR 38;
LANGFORD, DR. DAVID,MORBIUS 1;
LANGSTROM, LIEUTENAN,N 54;
LANGSTROM, LIEUTENAN,N 55;
LANGSTROM, LIEUTENAN,N 56;
LANGSTROM, LIEUTENAN,N 57;
LANGSTROM, LIEUTENAN,N 58;
LANG, TIMMY,DD2 16;
LANG, TIMMY,DD2 17;
LANG, TIMMY,DD2 18;
LANG, TIMMY,DD2 19;
LANGTREE, GINA,GR2 41;
LANGTREE, GINA,GR2 42;
LANGTREE, GINA,GR2 54;
LANGTREE, GINA,GR2 55;
LANGTREE, GINA,GR2 56;
LANIEGE, BIANCA,GENX 40;
LANIEGE, BIANCA,GENX 42;
LANIEGE, BIANCA,GENX 43;
LANIEGE, BIANCA,GENX 44;
LANN,A 30;
LANN,A 31;
LANN,H2 209;
LANN,H2 238;
LANN,H2 239;
LANN,H2 240;
LANN,H2 241;
LANNING, DR.,S-M 76;
LANSING, CHERYL,S-W3 12;
LANSING, CHERYL,S-W3 13;
LANSING, CHERYL,S-W3 15;
LANSING, CHERYL,S-W3 18;
LANSING, CHERYL,S-W3 5;
LA NUIT,XFOR 116;
LAO-TSE, GEN.,BFF:RR 1;
LAO-TSE, GEN.,BFF:RR 3;
LAPIN, EMIL,GAM3 17;
LAPIN, EMIL,GAM3 19;
LAPIN, EMIL,GAM3 21;
LAPIN, EMIL,GAM3 22;
LAPIN, EMIL,GAM3 23;
LARGO, CHIEF,H2 427;
LARGO, CHIEF,H2 428;
LARGO, CHIEF,H2 429;
LARGO, CHIEF,H2 430;
LARGO, CHIEF,H2 436;
LARGO, CHIEF,H2 437;
LARGO, CHIEF,H2 438;
LARGO, CHIEF,H2 439;
LARGO, CHIEF,H2 440;
LARROCA, SALVADORE,FF3 23;
LASHER/,ASM 411;
LASHER/,PPTSS 234;
LASHER/,S-M 68;
LASHER/,S-M 69;
LATHAM, JORGE,A 233;
LATHAM, JORGE,HAWK 1;
LAU, KING,ELEK 1;
LAU, KING,ELEK 11;
LAU, KING,ELEK 12;
LAU, KING,ELEK 13;
LAVEAU, MARIE,BLADE;
LAVEAU, MARIE,DL 2/5;
LAVEAU, MARIE,DRSTR3 14;
LAVEAU, MARIE,DRSTR3 15;
LAVEAU, MARIE,DRSTR3 16;
LAVEAU, MARIE,DRSTR3 17;
LAVEAU, MARIE,DRSTR3 18;
LAVEAU, MARIE,M/FAN 42/2;
LAVEAU, MARIE,M/TU 76;
LAVEAU, MARIE,M/TU 77;
LAVENDER, MAXINE,DD 175;
LAVENDER, MAXINE,DD 186;
LAVENDER, MAXINE,DD 192;
LAVENDER, MAXINE,PM&IF 101;
LAYLA,M/CP 55/2;
LAYLA,M/CP 56/2;
LAYLA,M/CP 57/2;
LAYLA,M/CP 58/2;
LAYLA,M/CP 59/2;
LAYLA,WBN 6;
LEADER/SAM STERNS,A 17;
LEADER/SAM STERNS,C&D3 9;
LEADER/SAM STERNS,H 11;
LEADER/SAM STERNS,H2 115;
LEADER/SAM STERNS,H2 116;
LEADER/SAM STERNS,H2 117;
LEADER/SAM STERNS,H2 123;
LEADER/SAM STERNS,H2 124;
LEADER/SAM STERNS,H2 129;
LEADER/SAM STERNS,H2 139;
LEADER/SAM STERNS,H2 146;
LEADER/SAM STERNS,H2 147;
LEADER/SAM STERNS,H2 157;
LEADER/SAM STERNS,H2 158;
LEADER/SAM STERNS,H2 159;
LEADER/SAM STERNS,H2 208;
LEADER/SAM STERNS,H2 209;
LEADER/SAM STERNS,H2 213;
LEADER/SAM STERNS,H2 216;
LEADER/SAM STERNS,H2 221;
LEADER/SAM STERNS,H2 223;
LEADER/SAM STERNS,H2 224;
LEADER/SAM STERNS,H2 225;
LEADER/SAM STERNS,H2 277;
LEADER/SAM STERNS,H2 278;
LEADER/SAM STERNS,H2 279;
LEADER/SAM STERNS,H2 280;
LEADER/SAM STERNS,H2 281;
LEADER/SAM STERNS,H2 282;
LEADER/SAM STERNS,H2 284;
LEADER/SAM STERNS,H2 331;
LEADER/SAM STERNS,H2 332;
LEADER/SAM STERNS,H2 338;
LEADER/SAM STERNS,H2 339;
LEADER/SAM STERNS,H2 340;
LEADER/SAM STERNS,H2 341;
LEADER/SAM STERNS,H2 342;
LEADER/SAM STERNS,H2 343;
LEADER/SAM STERNS,H2 344;
LEADER/SAM STERNS,H2 345;
LEADER/SAM STERNS,H2 346;
LEADER/SAM STERNS,H2 366;
LEADER/SAM STERNS,H2 367;
LEADER/SAM STERNS,H2 397;
LEADER/SAM STERNS,H2 398;
LEADER/SAM STERNS,H2 399;
LEADER/SAM STERNS,H2 400;
LEADER/SAM STERNS,H2 436;
LEADER/SAM STERNS,H2 437;
LEADER/SAM STERNS,H2 438;
LEADER/SAM STERNS,H2 440;
LEADER/SAM STERNS,H2 441;
LEADER/SAM STERNS,H2 442;
LEADER/SAM STERNS,H3 30;
LEADER/SAM STERNS,M/FEA 11;
LEADER/SAM STERNS,TTA 62/2;
LEADER/SAM STERNS,TTA 63/2;
LEADER/SAM STERNS,TTA 64/2;
LEADER/SAM STERNS,TTA 65/2;
LEADER/SAM STERNS,TTA 66/2;
LEADER/SAM STERNS,TTA 68/2;
LEADER/SAM STERNS,TTA 69/2;
LEADER/SAM STERNS,TTA 70/2;
LEADER/SAM STERNS,TTA 71/2;
LEADER/SAM STERNS,TTA 72/2;
LEADER/SAM STERNS,TTA 73/2;
LEADER/SAM STERNS,TTA 74/2;
LEADER/SAM STERNS,W2 144;
LEAD-IN,UX 16;
LEAP FROG/LANG,DD2 19;
LEAP-FROG/VINCENT PA,DD 1;
LEAP-FROG/VINCENT PA,DD 25;
LEAP-FROG/VINCENT PA,DD 26;
LEAP-FROG/VINCENT PA,DEF 131;
LEAP-FROG/VINCENT PA,DEF 64;
LEAP-FROG/VINCENT PA,IM 126;
LEAP-FROG/VINCENT PA,IM 127;
LEAP-FROG/VINCENT PA,M/FAN 31;
LEAP-FROG/VINCENT PA,M/FAN 32;
LEAP-FROG/VINCENT PA,M/TU 121;
LEAP-FROG/VINCENT PA,M/TU 131;
LEAP-FROG/VINCENT PA,PPTSS 185;
LEASH, MICAH,XF 145;
LEATHER/,WOSSSS 1/2;
LEBEAU, JACQUE,GAM3 12;
LEBEAU, JACQUE,GAM3 13;
LEBEAU, JACQUE,GAM3 14;
LEBEAU, JACQUE,GAM3 22;
LEBEAU, JEAN-LUC,GAM '00/2;
LEBEAU, JEAN-LUC,GAM3 1;
LEBEAU, JEAN-LUC,GAM3 12;
LEBEAU, JEAN-LUC,GAM3 13;
LEBEAU, JEAN-LUC,GAM3 14;
LEBEAU, JEAN-LUC,GAM3 15;
LEBEAU, JEAN-LUC,GAM3 21;
LEBEAU, JEAN-LUC,GAM3 22;
LEBEAU, MERCY,GAM3 17;
LEBEAU, MERCY,GAM3 19;
LEBEAU, MERCY,GAM3 21;
LEBEAU, MERCY,GAM3 22;
LEBEAU, MERCY,GAM3 23;
LECLAIRE, PROFESSOR,A 250;
LECLAIRE, PROFESSOR,ASM 16;
LECLAIRE, PROFESSOR,SOLOA 2/2;
LEEBRE, VEEDA,CM4 5;
LEEBRE, VEEDA,CM4 6;
LEECH,DAYD 1;
LEECH,DAYD 2;
LEECH,DAYD 3;
LEECH,GENX 13;
LEECH,GENX 23;
LEECH,GENX 25;
LEECH,GENX 36;
LEECH,GENX 37;
LEECH,GENX 38;
LEECH,GENX 39;
LEECH,GENX 44;
LEECH,GENX 45;
LEECH,GENX 47;
LEECH,GENX 51;
LEECH,GENX 52;
LEECH,GENX 57;
LEECH,GENX 59;
LEECH,GENX 6;
LEECH,GENX 60;
LEECH,GENX 68;
LEECH,GENX 7;
LEECH,GENX '95;
LEECH,H '97/2;
LEECH,NM 7;
LEECH,NM 72;
LEECH,NM 7/3;
LEECH,NM 73;
LEECH,NM 74;
LEECH,PP 12;
LEECH,PP 19;
LEECH,PP 27;
LEECH,UX 179;
LEECH,UX 195;
LEECH,XF 10;
LEECH,XF 11;
LEECH,XF 12;
LEECH,XF 15;
LEECH,XF 17;
LEECH,XF 18;
LEECH,XF 19;
LEECH,XF 2;
LEECH,XF 20;
LEECH,XF 21;
LEECH,XF 22;
LEECH,XF 23;
LEECH,XF 27;
LEECH,XF 28;
LEECH,XF 29;
LEECH,XF 30;
LEECH,XF 31;
LEECH,XF 3/2;
LEECH,XF 32;
LEECH,XF 33;
LEECH,XF 40;
LEECH,XF 9;
LEECH,XFOR 1/2;
LEECH,XTERM 1;
LEECH,XTERM 2;
LEECH,XTERM 3;
LEECH,XTERM 4;
LEEDS, BETTY BRANT,ASM 1;
LEEDS, BETTY BRANT,ASM 10;
LEEDS, BETTY BRANT,ASM 11;
LEEDS, BETTY BRANT,ASM 112;
LEEDS, BETTY BRANT,ASM 113;
LEEDS, BETTY BRANT,ASM 115;
LEEDS, BETTY BRANT,ASM 116;
LEEDS, BETTY BRANT,ASM 119;
LEEDS, BETTY BRANT,ASM 12;
LEEDS, BETTY BRANT,ASM 123;
LEEDS, BETTY BRANT,ASM 129;
LEEDS, BETTY BRANT,ASM 13;
LEEDS, BETTY BRANT,ASM 130;
LEEDS, BETTY BRANT,ASM 131;
LEEDS, BETTY BRANT,ASM 132;
LEEDS, BETTY BRANT,ASM 134;
LEEDS, BETTY BRANT,ASM 135;
LEEDS, BETTY BRANT,ASM 136;
LEEDS, BETTY BRANT,ASM 139;
LEEDS, BETTY BRANT,ASM 14;
LEEDS, BETTY BRANT,ASM 140;
LEEDS, BETTY BRANT,ASM 141;
LEEDS, BETTY BRANT,ASM 142;
LEEDS, BETTY BRANT,ASM 143;
LEEDS, BETTY BRANT,ASM 145;
LEEDS, BETTY BRANT,ASM 149;
LEEDS, BETTY BRANT,ASM 15;
LEEDS, BETTY BRANT,ASM 151;
LEEDS, BETTY BRANT,ASM 156;
LEEDS, BETTY BRANT,ASM 16;
LEEDS, BETTY BRANT,ASM 17;
LEEDS, BETTY BRANT,ASM 18;
LEEDS, BETTY BRANT,ASM 182;
LEEDS, BETTY BRANT,ASM 184;
LEEDS, BETTY BRANT,ASM 185/2;
LEEDS, BETTY BRANT,ASM 186;
LEEDS, BETTY BRANT,ASM 188;
LEEDS, BETTY BRANT,ASM 189;
LEEDS, BETTY BRANT,ASM 19;
LEEDS, BETTY BRANT,ASM 191;
LEEDS, BETTY BRANT,ASM 192;
LEEDS, BETTY BRANT,ASM 193;
LEEDS, BETTY BRANT,ASM 194;
LEEDS, BETTY BRANT,ASM 195;
LEEDS, BETTY BRANT,ASM 196;
LEEDS, BETTY BRANT,ASM 197;
LEEDS, BETTY BRANT,ASM 20;
LEEDS, BETTY BRANT,ASM 21;
LEEDS, BETTY BRANT,ASM2 1;
LEEDS, BETTY BRANT,ASM2 18;
LEEDS, BETTY BRANT,ASM 22;
LEEDS, BETTY BRANT,ASM 229;
LEEDS, BETTY BRANT,ASM 23;
LEEDS, BETTY BRANT,ASM 230;
LEEDS, BETTY BRANT,ASM 231;
LEEDS, BETTY BRANT,ASM 234;
LEEDS, BETTY BRANT,ASM 238;
LEEDS, BETTY BRANT,ASM 24;
LEEDS, BETTY BRANT,ASM 245;
LEEDS, BETTY BRANT,ASM 25;
LEEDS, BETTY BRANT,ASM2 5;
LEEDS, BETTY BRANT,ASM 253;
LEEDS, BETTY BRANT,ASM 254;
LEEDS, BETTY BRANT,ASM 256;
LEEDS, BETTY BRANT,ASM 260;
LEEDS, BETTY BRANT,ASM 268;
LEEDS, BETTY BRANT,ASM 27;
LEEDS, BETTY BRANT,ASM 270;
LEEDS, BETTY BRANT,ASM 271;
LEEDS, BETTY BRANT,ASM 273;
LEEDS, BETTY BRANT,ASM 275;
LEEDS, BETTY BRANT,ASM 276;
LEEDS, BETTY BRANT,ASM 280;
LEEDS, BETTY BRANT,ASM 282;
LEEDS, BETTY BRANT,ASM 283;
LEEDS, BETTY BRANT,ASM 284;
LEEDS, BETTY BRANT,ASM 288;
LEEDS, BETTY BRANT,ASM 289;
LEEDS, BETTY BRANT,ASM 29;
LEEDS, BETTY BRANT,ASM 30;
LEEDS, BETTY BRANT,ASM 31;
LEEDS, BETTY BRANT,ASM 32;
LEEDS, BETTY BRANT,ASM 33;
LEEDS, BETTY BRANT,ASM 34;
LEEDS, BETTY BRANT,ASM 4;
LEEDS, BETTY BRANT,ASM 40;
LEEDS, BETTY BRANT,ASM 400;
LEEDS, BETTY BRANT,ASM 41;
LEEDS, BETTY BRANT,ASM 42;
LEEDS, BETTY BRANT,ASM 43;
LEEDS, BETTY BRANT,ASM 432;
LEEDS, BETTY BRANT,ASM 44;
LEEDS, BETTY BRANT,ASM 45;
LEEDS, BETTY BRANT,ASM 47;
LEEDS, BETTY BRANT,ASM 49;
LEEDS, BETTY BRANT,ASM 5;
LEEDS, BETTY BRANT,ASM 50;
LEEDS, BETTY BRANT,ASM 51;
LEEDS, BETTY BRANT,ASM 52;
LEEDS, BETTY BRANT,ASM 54;
LEEDS, BETTY BRANT,ASM 56;
LEEDS, BETTY BRANT,ASM 58;
LEEDS, BETTY BRANT,ASM 6;
LEEDS, BETTY BRANT,ASM 60;
LEEDS, BETTY BRANT,ASM 63;
LEEDS, BETTY BRANT,ASM 64;
LEEDS, BETTY BRANT,ASM 66;
LEEDS, BETTY BRANT,ASM 67;
LEEDS, BETTY BRANT,ASM 7;
LEEDS, BETTY BRANT,ASM 71;
LEEDS, BETTY BRANT,ASM 83;
LEEDS, BETTY BRANT,ASM 88;
LEEDS, BETTY BRANT,ASM 9;
LEEDS, BETTY BRANT,ASM 94;
LEEDS, BETTY BRANT,ASM '96;
LEEDS, BETTY BRANT,ASM 96;
LEEDS, BETTY BRANT,ASM '99;
LEEDS, BETTY BRANT,ASM:FO 1;
LEEDS, BETTY BRANT,ASMU 14;
LEEDS, BETTY BRANT,ASMU 16;
LEEDS, BETTY BRANT,ASMU 17;
LEEDS, BETTY BRANT,ASMU 22;
LEEDS, BETTY BRANT,DB 1;
LEEDS, BETTY BRANT,DB 2;
LEEDS, BETTY BRANT,DB 3;
LEEDS, BETTY BRANT,DHKF 22/2;
LEEDS, BETTY BRANT,GSS-M 5;
LEEDS, BETTY BRANT,M/FAN 42;
LEEDS, BETTY BRANT,M/TU 144;
LEEDS, BETTY BRANT,PPSM2 1;
LEEDS, BETTY BRANT,PPSM2 11;
LEEDS, BETTY BRANT,PPSM2 14;
LEEDS, BETTY BRANT,PPSM2 19;
LEEDS, BETTY BRANT,PPSM2 3;
LEEDS, BETTY BRANT,PPSM2 4;
LEEDS, BETTY BRANT,PPSM2 5;
LEEDS, BETTY BRANT,PPSM2 6;
LEEDS, BETTY BRANT,PPSM2 8;
LEEDS, BETTY BRANT,PPTSS 100;
LEEDS, BETTY BRANT,PPTSS 101;
LEEDS, BETTY BRANT,PPTSS 103;
LEEDS, BETTY BRANT,PPTSS 109;
LEEDS, BETTY BRANT,PPTSS 110;
LEEDS, BETTY BRANT,PPTSS 128;
LEEDS, BETTY BRANT,PPTSS 129;
LEEDS, BETTY BRANT,PPTSS 148;
LEEDS, BETTY BRANT,PPTSS 150;
LEEDS, BETTY BRANT,PPTSS 151;
LEEDS, BETTY BRANT,PPTSS 156;
LEEDS, BETTY BRANT,PPTSS 173;
LEEDS, BETTY BRANT,PPTSS 175;
LEEDS, BETTY BRANT,PPTSS 22;
LEEDS, BETTY BRANT,PPTSS 23;
LEEDS, BETTY BRANT,PPTSS 24;
LEEDS, BETTY BRANT,PPTSS 243;
LEEDS, BETTY BRANT,PPTSS 244;
LEEDS, BETTY BRANT,PPTSS 246;
LEEDS, BETTY BRANT,PPTSS 247;
LEEDS, BETTY BRANT,PPTSS 249;
LEEDS, BETTY BRANT,PPTSS 251;
LEEDS, BETTY BRANT,PPTSS 255;
LEEDS, BETTY BRANT,PPTSS 257;
LEEDS, BETTY BRANT,PPTSS 259;
LEEDS, BETTY BRANT,PPTSS 26;
LEEDS, BETTY BRANT,PPTSS 260;
LEEDS, BETTY BRANT,PPTSS 261;
LEEDS, BETTY BRANT,PPTSS 263;
LEEDS, BETTY BRANT,PPTSS 27;
LEEDS, BETTY BRANT,PPTSS 28;
LEEDS, BETTY BRANT,PPTSS 29;
LEEDS, BETTY BRANT,PPTSS 71;
LEEDS, BETTY BRANT,PPTSS 85;
LEEDS, BETTY BRANT,PPTSS 91;
LEEDS, BETTY BRANT,PPTSS 9/3;
LEEDS, BETTY BRANT,PPTSS 95;
LEEDS, BETTY BRANT,PPTSS 96;
LEEDS, BETTY BRANT,PPTSS 97;
LEEDS, BETTY BRANT,PPTSS 98;
LEEDS, BETTY BRANT,PPTSS 99;
LEEDS, BETTY BRANT,PWJ 15;
LEEDS, BETTY BRANT,SENSM 11;
LEEDS, BETTY BRANT,SENSM 20;
LEEDS, BETTY BRANT,SENSM 25;
LEEDS, BETTY BRANT,SENSM 7;
LEEDS, BETTY BRANT,SENSM '96;
LEEDS, BETTY BRANT,S-M 23;
LEEDS, BETTY BRANT,S-M 54;
LEEDS, BETTY BRANT,S-M 69;
LEEDS, BETTY BRANT,S-M 75;
LEEDS, BETTY BRANT,S-M 76;
LEEDS, BETTY BRANT,S-M 77;
LEEDS, BETTY BRANT,S-M 78;
LEEDS, BETTY BRANT,S-M 79;
LEEDS, BETTY BRANT,S-M 81;
LEEDS, BETTY BRANT,S-M 94;
LEEDS, BETTY BRANT,S-M 95;
LEEDS, BETTY BRANT,S-M 98;
LEEDS, BETTY BRANT,SM:FA 3;
LEEDS, BETTY BRANT,SM:FA 4;
LEEDS, BETTY BRANT,SM:PL;
LEEDS, BETTY BRANT,SMTU 5/5;
LEEDS, BETTY BRANT,SM:VA;
LEEDS, BETTY BRANT,SPECSM 1;
LEEDS, BETTY BRANT,UTSM 1;
LEEDS, BETTY BRANT,UTSM 10;
LEEDS, BETTY BRANT,UTSM 11;
LEEDS, BETTY BRANT,UTSM 12;
LEEDS, BETTY BRANT,UTSM 13;
LEEDS, BETTY BRANT,UTSM 14;
LEEDS, BETTY BRANT,UTSM 15;
LEEDS, BETTY BRANT,UTSM 16;
LEEDS, BETTY BRANT,UTSM 17;
LEEDS, BETTY BRANT,UTSM 18;
LEEDS, BETTY BRANT,UTSM 19;
LEEDS, BETTY BRANT,UTSM 2;
LEEDS, BETTY BRANT,UTSM 20;
LEEDS, BETTY BRANT,UTSM 21;
LEEDS, BETTY BRANT,UTSM 23;
LEEDS, BETTY BRANT,UTSM 3;
LEEDS, BETTY BRANT,UTSM 4;
LEEDS, BETTY BRANT,UTSM 5;
LEEDS, BETTY BRANT,UTSM 6;
LEEDS, BETTY BRANT,UTSM 7;
LEEDS, BETTY BRANT,UTSM '96;
LEEDS, BETTY BRANT,UTSM '97;
LEEDS, BETTY BRANT,UTSM:SE;
LEEDS, BETTY BRANT,WOSM 114;
LEEDS, BETTY BRANT,WOSM 115;
LEEDS, BETTY BRANT,WOSM 116;
LEEDS, BETTY BRANT,WOSM 118;
LEEDS, BETTY BRANT,WOSM 12;
LEEDS, BETTY BRANT,WOSM 120;
LEEDS, BETTY BRANT,WOSM 124;
LEEDS, BETTY BRANT,WOSM 29;
LEEDS, BETTY BRANT,WOSM 38;
LEEDS, BETTY BRANT,WOSM 4;
LEEDS, BETTY BRANT,WOSM 40;
LEEDS, BETTY BRANT,WOSM 41;
LEEDS, BETTY BRANT,WOSM 42;
LEEDS, BETTY BRANT,WOSM 43;
LEEDS, BETTY BRANT,WOSM 63;
LEEDS, BETTY BRANT,WOSM 66;
LEEDS, BETTY BRANT,WOSM 69;
LEEDS, BETTY BRANT,WOSM 70;
LEEDS, BETTY BRANT,WOSM 77;
LEEDS, BETTY BRANT,WOSM 78;
LEEDS, BETTY BRANT,WOSM 91;
LEEDS, BETTY BRANT,WOSM 92;
LEEDS, BETTY BRANT,WOSM 94;
LEEDS, NED,ASM 113;
LEEDS, NED,ASM 115;
LEEDS, NED,ASM 119;
LEEDS, NED,ASM 128;
LEEDS, NED,ASM 130;
LEEDS, NED,ASM 131;
LEEDS, NED,ASM 132;
LEEDS, NED,ASM 133;
LEEDS, NED,ASM 140;
LEEDS, NED,ASM 141;
LEEDS, NED,ASM 142;
LEEDS, NED,ASM 145;
LEEDS, NED,ASM 147;
LEEDS, NED,ASM 148;
LEEDS, NED,ASM 149;
LEEDS, NED,ASM 151;
LEEDS, NED,ASM 153;
LEEDS, NED,ASM 156;
LEEDS, NED,ASM 17;
LEEDS, NED,ASM 18;
LEEDS, NED,ASM 19;
LEEDS, NED,ASM 193;
LEEDS, NED,ASM 194;
LEEDS, NED,ASM 195;
LEEDS, NED,ASM 20;
LEEDS, NED,ASM 231;
LEEDS, NED,ASM 232;
LEEDS, NED,ASM 233;
LEEDS, NED,ASM 234;
LEEDS, NED,ASM 235;
LEEDS, NED,ASM 268;
LEEDS, NED,ASM 271;
LEEDS, NED,ASM 273;
LEEDS, NED,ASM 275;
LEEDS, NED,ASM 276;
LEEDS, NED,ASM 278;
LEEDS, NED,ASM 280;
LEEDS, NED,ASM 284;
LEEDS, NED,ASM 285;
LEEDS, NED,ASM 286;
LEEDS, NED,ASM 287;
LEEDS, NED,ASM 288;
LEEDS, NED,ASM 289;
LEEDS, NED,ASM 29;
LEEDS, NED,ASM 30;
LEEDS, NED,ASM 31;
LEEDS, NED,ASM 32;
LEEDS, NED,ASM 38;
LEEDS, NED,ASM 39;
LEEDS, NED,ASM 40;
LEEDS, NED,ASM 41;
LEEDS, NED,ASM 42;
LEEDS, NED,ASM 43;
LEEDS, NED,ASM 45;
LEEDS, NED,ASM 47;
LEEDS, NED,ASM 51;
LEEDS, NED,ASM 52;
LEEDS, NED,ASM 55;
LEEDS, NED,ASM 58;
LEEDS, NED,ASM 64;
LEEDS, NED,ASM 66;
LEEDS, NED,ASM 67;
LEEDS, NED,ASM 70;
LEEDS, NED,ASM 71;
LEEDS, NED,ASM '96;
LEEDS, NED,ASMV.W 1;
LEEDS, NED,M/TU 138;
LEEDS, NED,M/TU 27;
LEEDS, NED,PP 29;
LEEDS, NED,PPTSS 103;
LEEDS, NED,PPTSS 110;
LEEDS, NED,PPTSS 130;
LEEDS, NED,PPTSS 2;
LEEDS, NED,SWII 7;
LEEDS, NED,WOSM 24;
LEEDS, NED,WOSM 29;
LEEDS, NED,WOSM 30;
LEEDS, NED,WOSM 86;
LEE, LITTLE LARRY,FF 361;
LEESHA,H2 454;
LEE, STAN,A 332;
LEE, STAN,ASM 169;
LEE, STAN,DD2 8;
LEE, STAN,DD 29;
LEE, STAN,DD 79;
LEE, STAN,FF 10;
LEE, STAN,FF 176;
LEE, STAN,FF 3;
LEE, STAN,IM 85;
LEE, STAN,M/TU 137;
LEE, STAN,M/TU 74;
LEE, STAN,NO 5;
LEE, STAN,SS3 -1;
LEE, STAN,ST 123;
LEE, STAN,SUB-M 19;
LEE, STAN,UX 98;
LEE, STAN,WOSM 73;
LE FEY, MORGAN,A 187;
LE FEY, MORGAN,A 240;
LE FEY, MORGAN,A 241;
LE FEY, MORGAN,A3 1;
LE FEY, MORGAN,A3 2;
LE FEY, MORGAN,A3 3;
LE FEY, MORGAN,AR 1;
LE FEY, MORGAN,AR 2;
LE FEY, MORGAN,BK2 1;
LE FEY, MORGAN,BK2 2;
LE FEY, MORGAN,BK2 3;
LE FEY, MORGAN,BK2 4;
LE FEY, MORGAN,FF 401;
LE FEY, MORGAN,FF 402;
LE FEY, MORGAN,FFOR 9;
LE FEY, MORGAN,IM 150;
LE FEY, MORGAN,IM 209;
LE FEY, MORGAN,N 61;
LE FEY, MORGAN,N 62;
LE FEY, MORGAN,S-W 2;
LE FEY, MORGAN,S-W 37;
LE FEY, MORGAN,S-W 39;
LE FEY, MORGAN,S-W 40;
LE FEY, MORGAN,S-W 41;
LE FEY, MORGAN,S-W 44;
LE FEY, MORGAN,S-W 5;
LE FEY, MORGAN,S-W 50;
LE FEY, MORGAN,S-W 6;
LEFLER, BOB,TM:WY 1;
LEFT HAND/DIEGO CASS,NW 16;
LEFT HAND/DIEGO CASS,NW 17;
LEFT HAND/DIEGO CASS,NW 19;
LEFT HAND/DIEGO CASS,NW 21;
LEFT HAND/DIEGO CASS,NW 22;
LEFT HAND/DIEGO CASS,NW 23;
LEFT HAND/DIEGO CASS,NW 24;
LEFT HAND/DIEGO CASS,NW 25;
LEFT-WINGER/HECTOR L,AWC 61;
LEFT-WINGER/HECTOR L,CA 323;
LEFT-WINGER/HECTOR L,CA 333;
LEFT-WINGER/HECTOR L,CA 334;
LEFT-WINGER/HECTOR L,CA 341/2;
LEFT-WINGER/HECTOR L,CA 347;
LEFT-WINGER/HECTOR L,CA 381/2;
LEFT-WINGER/HECTOR L,CA 383/3;
LEGAULT,GENX 50;
LEGAULT,GENX 51;
LEGAULT,GENX '99;
LEGION,GR2 17;
LEGION II/DAVID HALL,FF3 16;
LEGION II/DAVID HALL,NM 26;
LEGION II/DAVID HALL,NM 27;
LEGION II/DAVID HALL,NM 28;
LEGION II/DAVID HALL,NM 43;
LEGION II/DAVID HALL,NM 89;
LEGION II/DAVID HALL,SWII 1;
LEGION II/DAVID HALL,UX 15;
LEGION II/DAVID HALL,UX 254;
LEGION II/DAVID HALL,UX 255;
LEGION II/DAVID HALL,UX 257;
LEGION II/DAVID HALL,UX 258;
LEGION II/DAVID HALL,UX 259;
LEGION II/DAVID HALL,UX 269;
LEGION II/DAVID HALL,UX 278;
LEGION II/DAVID HALL,UX 280;
LEGION II/DAVID HALL,UX 319;
LEGION II/DAVID HALL,UX 320;
LEGION II/DAVID HALL,UX 321;
LEGION II/DAVID HALL,X 39;
LEGION II/DAVID HALL,X 40;
LEGION II/DAVID HALL,X 41;
LEGION II/DAVID HALL,XF 108;
LEGION II/DAVID HALL,XF 109;
LEGION II/DAVID HALL,XF 6;
LEGION II/DAVID HALL,XF 69;
LEGION II/DAVID HALL,XF 70;
LEGION II/DAVID HALL,XFOR 39;
LEGION II/DAVID HALL,XMF 2;
LEGS II/,CAGE 5;
LEGS/,NOM2 3;
LEGS/,NOM2 4;
LEGS/,NOM2 5;
LEIGHTON, BRIAN,S-W3 10;
LEIGHTON, BRIAN,S-W3 11;
LEI KUNG, THE THUNDE,DHKF 20;
LEI KUNG, THE THUNDE,IF 3;
LEI KUNG, THE THUNDE,IF 6;
LEI KUNG, THE THUNDE,M/PRM 16;
LEI KUNG, THE THUNDE,M/PRM 18;
LEI KUNG, THE THUNDE,M/PRM 22;
LEI KUNG, THE THUNDE,M/PRM 23;
LEI KUNG, THE THUNDE,M/TU 64;
LEI KUNG, THE THUNDE,N 21;
LEI KUNG, THE THUNDE,N 22;
LEI KUNG, THE THUNDE,N 23;
LEI KUNG, THE THUNDE,PM&IF 118;
LEI KUNG, THE THUNDE,PM&IF 119;
LEI KUNG, THE THUNDE,PM&IF 120;
LEI KUNG, THE THUNDE,PM&IF 74;
LEI KUNG, THE THUNDE,PM&IF 75;
LEIR,M/CP 30/4;
LEIR,T 386;
LEIR,T 398;
LEIR,T 399;
LEIR,T 400;
LEIR,T 417/2;
LEIR,T 418/2;
LEIR,T 423;
LEIR,T 425;
LEIR,T 426;
LEIR,WCA2 41;
LELAND, HARRY,M/SH3 11/3;
LELAND, HARRY,NM 22;
LELAND, HARRY,S-H2 34;
LELAND, HARRY,S-H2 35;
LELAND, HARRY,UX 129;
LELAND, HARRY,UX 132;
LELAND, HARRY,UX 133;
LELAND, HARRY,UX 134;
LELAND, HARRY,UX 135;
LELAND, HARRY,UX 152;
LELAND, HARRY,UX 189;
LELAND, HARRY,UX 207;
LELAND, HARRY,UX 208;
LELAND, HARRY,UX 209;
LELAND, HARRY,X:HC 4;
LENO, JAY,INH2 4;
LEO/DANIEL RADFORD,A 120;
LEO/DANIEL RADFORD,A 121;
LEO/DANIEL RADFORD,A 122;
LEO/DANIEL RADFORD,A 72;
LEO/DANIEL RADFORD,GR2 7;
LEO/DANIEL RADFORD,IM 184;
LEO/DANIEL RADFORD,WCA2 26;
LEO II/,AF2 12;
LEONARD, DR.,XFOR 85;
LEONINUS,M/CP 76/4;
LEONUS/LIONUS [INHUM,AA2 1;
LEONUS/LIONUS [INHUM,AA2 2;
LEONUS/LIONUS [INHUM,AR 1;
LEONUS/LIONUS [INHUM,FF 401;
LEONUS/LIONUS [INHUM,FF 83;
LEONUS/LIONUS [INHUM,H 1;
LEONUS/LIONUS [INHUM,H2 119;
LEONUS/LIONUS [INHUM,H2 120;
LEONUS/LIONUS [INHUM,INH 1;
LEONUS/LIONUS [INHUM,INH 2;
LEONUS/LIONUS [INHUM,INH 4;
LEONUS/LIONUS [INHUM,INH 5;
LEONUS/LIONUS [INHUM,INH 6;
LEONUS/LIONUS [INHUM,SS 18;
LEOPOLD, ARCHER,H3 10;
LEOPOLD, ARCHER,H3 11;
LEOPOLD, ARCHER,H3 9;
LEQUARRE, GERRY,DPOOL3 13;
LEQUARRE, GERRY,DPOOL3 21;
LEQUARRE, GERRY,DPOOL3 23;
LEQUARRE, GERRY,DPOOL3 24;
LEQUARRE, GERRY,DPOOL3 25;
LESTRADE, DR.,BFF:RR 1;
LETHA,CA 319;
LETHA,DAZZ 13;
LETHA,M/TIO 54;
LETHA,M/TIO 56;
LETHA,M/TIO 96;
LETTERMAN, DAVID,A 239;
LETTERMAN, DAVID,DN 2;
LETTERMAN, DAVID,P:P;
LEVAN,A 255;
LEVAN,A 256;
LEVAN,A 257;
LEVAN,A 258;
LEVAN,A 259;
LEVAN,A 260;
LEVESSEUR, LARENT,FF3 1;
LEVIATHAN II/EDWARD,ASPOT 28;
LEVIATHAN II/EDWARD,CA 338;
LEVIATHAN II/EDWARD,DEF 126;
LEVIATHAN II/EDWARD,DEF 128;
LEVIATHAN IV,NF3 10;
LEVIATHAN IV,NF3 20;
LEVIATHAN IV,NF3 30;
LEVIATHAN IV,NF3 31;
LEVIATHAN IV,NF3 7;
LEVIATHAN IV,NF3 8;
LEVIATHAN IV,NF3 9;
LEVIATHAN,SUB-M 3;
LEVIATHAN VI,N 4;
LEVIATHAN V,SOV 1;
LEVINE, ABBY,S-M 75;
LEVIN, MAJOR DEBRA,UX 263;
LEVIN, MAJOR DEBRA,UX 264;
LEVIN, MAJOR DEBRA,UX 383;
LEVIN, MAJOR DEBRA,UX 384;
LEVIN, MAJOR DEBRA,XCAL 33;
LEVITICUS,WARM 6;
LEWIS, DET. GARON,ASM 413;
LEWIS, DET. GARON,ASM 414;
LEWIS, DET. GARON,ASM 420;
LEWIS, DET. GARON,ASM 422;
LEWIS, DEVON,ASM 411;
LEWIS, DEVON,ASM 413;
LEWIS, DEVON,ASM 414;
LEWIS, DEVON,ASM 415;
LEWIS, DEVON,ASMU 14;
LEWIS, DEVON,PPTSS 230;
LEWIS, DEVON,PPTSS 231;
LEWIS, DEVON,SENSM 0;
LEWIS, DEVON,SENSM 11;
LEWIS, DEVON,SENSM 2;
LEWIS, DEVON,SENSM 3;
LEWIS, DEVON,S-M 64;
LEWIS, DEVON,S-M 65;
LEWIS, DEVON,S-M 68;
LEWIS, DEVON,S-M 69;
LEWIS, DEVON,S-M 75;
LEWIS, DEVON,S-M 88;
LEWIS, SHIRLEY WASHI,ASM 407;
LEWIS, SHIRLEY WASHI,ASM 410;
LEWIS, SHIRLEY WASHI,ASM 411;
LEWIS, SHIRLEY WASHI,ASM 413;
LEWIS, SHIRLEY WASHI,ASM 414;
LEWIS, SHIRLEY WASHI,ASM 415;
LEWIS, SHIRLEY WASHI,ASMU 13;
LEWIS, SHIRLEY WASHI,NW 67;
LEWIS, SHIRLEY WASHI,PPTSS 230;
LEWIS, SHIRLEY WASHI,PPTSS 231;
LEWIS, SHIRLEY WASHI,PPTSS 240;
LEWIS, SHIRLEY WASHI,SENSM 0;
LEWIS, SHIRLEY WASHI,SENSM 1;
LEWIS, SHIRLEY WASHI,SENSM 11;
LEWIS, SHIRLEY WASHI,SENSM 2;
LEWIS, SHIRLEY WASHI,SENSM 21;
LEWIS, SHIRLEY WASHI,SENSM 29;
LEWIS, SHIRLEY WASHI,SENSM 3;
LEWIS, SHIRLEY WASHI,SENSM 4;
LEWIS, SHIRLEY WASHI,SENSM 5;
LEWIS, SHIRLEY WASHI,SENSM 9;
LEWIS, SHIRLEY WASHI,S-M 64;
LEWIS, SHIRLEY WASHI,S-M 65;
LEWIS, SHIRLEY WASHI,S-M 68;
LEWIS, SHIRLEY WASHI,S-M 69;
LEWIS, SHIRLEY WASHI,S-M 70;
LEWIS, SHIRLEY WASHI,S-M 75;
LEWIS, SHIRLEY WASHI,S-M 88;
LEWIS, SHIRLEY WASHI,SMTU 4;
LEWIS, SHIRLEY WASHI,V:ACS 1;
LIBERATOR/PRINCE TRI,SK 1;
LIBERATOR/PRINCE TRI,SK 2;
LIBERATOR/PRINCE TRI,SK 3;
LIBERATOR/PRINCE TRI,SK 4;
LIBERATOR/PRINCE TRI,SK 5;
LIBERTY GIRL/BEV,M/:LG 2;
LIBERTY GIRL/BEV,M/:LG 3;
LIBERTY GIRL/BEV,M/:LG 4;
LIBRA/GUSTAV BRANDT,A 120;
LIBRA/GUSTAV BRANDT,A 121;
LIBRA/GUSTAV BRANDT,A 122;
LIBRA/GUSTAV BRANDT,A 123;
LIBRA/GUSTAV BRANDT,A 124;
LIBRA/GUSTAV BRANDT,A 125;
LIBRA/GUSTAV BRANDT,A 130;
LIBRA/GUSTAV BRANDT,A 131;
LIBRA/GUSTAV BRANDT,A 132;
LIBRA/GUSTAV BRANDT,A 133;
LIBRA/GUSTAV BRANDT,A 134;
LIBRA/GUSTAV BRANDT,A 135;
LIBRA/GUSTAV BRANDT,A 72;
LIBRA/GUSTAV BRANDT,AVF 1;
LIBRA/GUSTAV BRANDT,AVF 11;
LIBRA/GUSTAV BRANDT,AVF 12;
LIBRA/GUSTAV BRANDT,AVF 2;
LIBRA/GUSTAV BRANDT,AVF 3;
LIBRA/GUSTAV BRANDT,AVF 4;
LIBRA/GUSTAV BRANDT,AVF 7;
LIBRA/GUSTAV BRANDT,AVF 9;
LIBRA/GUSTAV BRANDT,DEF 64;
LIBRA/GUSTAV BRANDT,GSA 3;
LIBRA/GUSTAV BRANDT,GSA 4;
LIBRA/GUSTAV BRANDT,IM 184;
LIBRA/GUSTAV BRANDT,IM 35;
LIBRA/GUSTAV BRANDT,WCA2 26;
LIBRA III/,A 396;
LIBRA IV/,AF2 12;
LIBRITO,ABOM 1;
LIBRITO,ABOM 2;
LIBRITO,ABOM 3;
LICH,FW 6;
LICH,IM 312;
LICH,WARM 9;
LIFEFORCE,C2 17;
LIFEFORCE,C2 18;
LIFEFORCE,C2 19;
LIFEFORCE,W2 100;
LIFEFORCE,W2 93;
LIFEFORCE,W2 95;
LIFEFORCE,W2 96;
LIFEFORCE,X '95;
LIFELINE/DEACON,UX 261;
LIGHTMASTER/EDWARD L,ASM 203;
LIGHTMASTER/EDWARD L,ASM 26/5;
LIGHTMASTER/EDWARD L,M/TU 113;
LIGHTMASTER/EDWARD L,PPTSS 1;
LIGHTMASTER/EDWARD L,PPTSS 12/5;
LIGHTMASTER/EDWARD L,PPTSS 19;
LIGHTMASTER/EDWARD L,PPTSS 2;
LIGHTMASTER/EDWARD L,PPTSS 20;
LIGHTMASTER/EDWARD L,PPTSS 3;
LIGHTMASTER/EDWARD L,S-H2 24;
LIGHTMASTER/EDWARD L,WOSM 8/5;
LIGHTNINGBOLT II/RAN,SK 2;
LIGHTNING FIST,PPSM2 16;
LIGHT,NW 54;
LIGHT,NW 55;
LIGHT,NW 56;
LIGHT,NW 65;
LIGHTSPEED/JULIE POW,FF 23;
LIGHTSPEED/JULIE POW,M/FAN 55;
LIGHTSPEED/JULIE POW,M/SH3 6/2;
LIGHTSPEED/JULIE POW,NW 48;
LIGHTSPEED/JULIE POW,NW 51;
LIGHTSPEED/JULIE POW,NW 55;
LIGHTSPEED/JULIE POW,NW 57;
LIGHTSPEED/JULIE POW,PP 1;
LIGHTSPEED/JULIE POW,PP 10;
LIGHTSPEED/JULIE POW,PP 11;
LIGHTSPEED/JULIE POW,PP 12;
LIGHTSPEED/JULIE POW,PP 13;
LIGHTSPEED/JULIE POW,PP 14;
LIGHTSPEED/JULIE POW,PP 15;
LIGHTSPEED/JULIE POW,PP 16;
LIGHTSPEED/JULIE POW,PP 17;
LIGHTSPEED/JULIE POW,PP 18;
LIGHTSPEED/JULIE POW,PP 19;
LIGHTSPEED/JULIE POW,PP 2;
LIGHTSPEED/JULIE POW,PP 20;
LIGHTSPEED/JULIE POW,PP 21;
LIGHTSPEED/JULIE POW,PP 22;
LIGHTSPEED/JULIE POW,PP 23;
LIGHTSPEED/JULIE POW,PP 24;
LIGHTSPEED/JULIE POW,PP 25;
LIGHTSPEED/JULIE POW,PP 26;
LIGHTSPEED/JULIE POW,PP 27;
LIGHTSPEED/JULIE POW,PP 28;
LIGHTSPEED/JULIE POW,PP 29;
LIGHTSPEED/JULIE POW,PP 3;
LIGHTSPEED/JULIE POW,PP 30;
LIGHTSPEED/JULIE POW,PP 31;
LIGHTSPEED/JULIE POW,PP 32;
LIGHTSPEED/JULIE POW,PP 33;
LIGHTSPEED/JULIE POW,PP 34;
LIGHTSPEED/JULIE POW,PP 35;
LIGHTSPEED/JULIE POW,PP 36;
LIGHTSPEED/JULIE POW,PP 37;
LIGHTSPEED/JULIE POW,PP 38;
LIGHTSPEED/JULIE POW,PP 39;
LIGHTSPEED/JULIE POW,PP 4;
LIGHTSPEED/JULIE POW,PP 40;
LIGHTSPEED/JULIE POW,PP 41;
LIGHTSPEED/JULIE POW,PP 42;
LIGHTSPEED/JULIE POW,PP 43;
LIGHTSPEED/JULIE POW,PP 44;
LIGHTSPEED/JULIE POW,PP 45;
LIGHTSPEED/JULIE POW,PP 46;
LIGHTSPEED/JULIE POW,PP 47;
LIGHTSPEED/JULIE POW,PP 48;
LIGHTSPEED/JULIE POW,PP 49;
LIGHTSPEED/JULIE POW,PP 5;
LIGHTSPEED/JULIE POW,PP 50;
LIGHTSPEED/JULIE POW,PP 51;
LIGHTSPEED/JULIE POW,PP 52;
LIGHTSPEED/JULIE POW,PP 53;
LIGHTSPEED/JULIE POW,PP 54;
LIGHTSPEED/JULIE POW,PP 55;
LIGHTSPEED/JULIE POW,PP 56;
LIGHTSPEED/JULIE POW,PP 57;
LIGHTSPEED/JULIE POW,PP 58;
LIGHTSPEED/JULIE POW,PP 59;
LIGHTSPEED/JULIE POW,PP 6;
LIGHTSPEED/JULIE POW,PP 60;
LIGHTSPEED/JULIE POW,PP 61;
LIGHTSPEED/JULIE POW,PP 62;
LIGHTSPEED/JULIE POW,PP 7;
LIGHTSPEED/JULIE POW,PP 8;
LIGHTSPEED/JULIE POW,PP 9;
LIGHTSPEED/JULIE POW,PPCDGN;
LIGHTSPEED/JULIE POW,PP:PP 1;
LIGHTSPEED/JULIE POW,PP:PP 2;
LIGHTSPEED/JULIE POW,PP:PP 3;
LIGHTSPEED/JULIE POW,PP:PP 4;
LIGHTSPEED/JULIE POW,ST2 12;
LIGHTSPEED/JULIE POW,ST2 13;
LIGHTSPEED/JULIE POW,ST2 14;
LIGHTSPEED/JULIE POW,SWII 6;
LIGHTSPEED/JULIE POW,T 357;
LIGHTSPEED/JULIE POW,T 363;
LIGHTSPEED/JULIE POW,UX 195;
LIGHTSPEED/JULIE POW,XCAL 29;
LIGHTSPEED/JULIE POW,XF 2;
LIGHTSPEED/JULIE POW,XF 25;
LILANDRA NERAMANI [S,A3 35;
LILANDRA NERAMANI [S,A 345;
LILANDRA NERAMANI [S,A 347;
LILANDRA NERAMANI [S,A 389;
LILANDRA NERAMANI [S,A 398;
LILANDRA NERAMANI [S,AWC 82;
LILANDRA NERAMANI [S,C2 20;
LILANDRA NERAMANI [S,CX 10;
LILANDRA NERAMANI [S,CX 11;
LILANDRA NERAMANI [S,CX 13;
LILANDRA NERAMANI [S,CX 14;
LILANDRA NERAMANI [S,CX 14/2;
LILANDRA NERAMANI [S,CX 15;
LILANDRA NERAMANI [S,CX 16;
LILANDRA NERAMANI [S,CX 21;
LILANDRA NERAMANI [S,CX 31/2;
LILANDRA NERAMANI [S,FF 261;
LILANDRA NERAMANI [S,FF 262;
LILANDRA NERAMANI [S,GAL 5;
LILANDRA NERAMANI [S,GAL 6;
LILANDRA NERAMANI [S,GUARD 1;
LILANDRA NERAMANI [S,GUARD 2;
LILANDRA NERAMANI [S,IF 15;
LILANDRA NERAMANI [S,INH3 4;
LILANDRA NERAMANI [S,MAXSEC 3;
LILANDRA NERAMANI [S,MAXSEC:DP;
LILANDRA NERAMANI [S,NM 13;
LILANDRA NERAMANI [S,NM 19;
LILANDRA NERAMANI [S,NM 4;
LILANDRA NERAMANI [S,NM 5;
LILANDRA NERAMANI [S,NM 50;
LILANDRA NERAMANI [S,NM 51;
LILANDRA NERAMANI [S,NM 6;
LILANDRA NERAMANI [S,NM 7;
LILANDRA NERAMANI [S,NM 8;
LILANDRA NERAMANI [S,Q 33;
LILANDRA NERAMANI [S,SEX 1;
LILANDRA NERAMANI [S,T 446;
LILANDRA NERAMANI [S,UX 102;
LILANDRA NERAMANI [S,UX 104;
LILANDRA NERAMANI [S,UX 105;
LILANDRA NERAMANI [S,UX 107;
LILANDRA NERAMANI [S,UX 108;
LILANDRA NERAMANI [S,UX 109;
LILANDRA NERAMANI [S,UX 113;
LILANDRA NERAMANI [S,UX 114;
LILANDRA NERAMANI [S,UX 117;
LILANDRA NERAMANI [S,UX 118;
LILANDRA NERAMANI [S,UX 122;
LILANDRA NERAMANI [S,UX 125;
LILANDRA NERAMANI [S,UX 135;
LILANDRA NERAMANI [S,UX 136;
LILANDRA NERAMANI [S,UX 137;
LILANDRA NERAMANI [S,UX 138;
LILANDRA NERAMANI [S,UX 154;
LILANDRA NERAMANI [S,UX 156;
LILANDRA NERAMANI [S,UX 157;
LILANDRA NERAMANI [S,UX 158;
LILANDRA NERAMANI [S,UX 161;
LILANDRA NERAMANI [S,UX 162;
LILANDRA NERAMANI [S,UX 163;
LILANDRA NERAMANI [S,UX 164;
LILANDRA NERAMANI [S,UX 165;
LILANDRA NERAMANI [S,UX 166;
LILANDRA NERAMANI [S,UX 167;
LILANDRA NERAMANI [S,UX 168;
LILANDRA NERAMANI [S,UX 171;
LILANDRA NERAMANI [S,UX 173;
LILANDRA NERAMANI [S,UX 174;
LILANDRA NERAMANI [S,UX 175;
LILANDRA NERAMANI [S,UX 177;
LILANDRA NERAMANI [S,UX 200;
LILANDRA NERAMANI [S,UX 201;
LILANDRA NERAMANI [S,UX 203;
LILANDRA NERAMANI [S,UX 275;
LILANDRA NERAMANI [S,UX 276;
LILANDRA NERAMANI [S,UX 277;
LILANDRA NERAMANI [S,UX 320;
LILANDRA NERAMANI [S,UX 344;
LILANDRA NERAMANI [S,UX 345;
LILANDRA NERAMANI [S,UX 387;
LILANDRA NERAMANI [S,UX 97;
LILANDRA NERAMANI [S,UX 98;
LILANDRA NERAMANI [S,UXA 7;
LILANDRA NERAMANI [S,WM2 8;
LILANDRA NERAMANI [S,WM2 9;
LILANDRA NERAMANI [S,X 40;
LILANDRA NERAMANI [S,X 41;
LILANDRA NERAMANI [S,XCAL 116;
LILANDRA NERAMANI [S,XCAL 17;
LILANDRA NERAMANI [S,XF 50;
LILANDRA NERAMANI [S,XSOS 1;
LILANDRA NERAMANI [S,XSOS 2;
LILANDRA NERAMANI [S,XU 5;
LILITH/ANGEL O'HARA/,ASMU 20;
LILITH/ANGEL O'HARA/,DL 10/3;
LILITH/ANGEL O'HARA/,DL 11/4;
LILITH/ANGEL O'HARA/,D:LU 1;
LILITH/ANGEL O'HARA/,D:LU 2;
LILITH/ANGEL O'HARA/,D:LU 3;
LILITH/ANGEL O'HARA/,DRSTR2 62;
LILITH/ANGEL O'HARA/,GR3 85;
LILITH/ANGEL O'HARA/,GSCH 1;
LILITH/ANGEL O'HARA/,M/PRV 12;
LILITH/ANGEL O'HARA/,M/PRV 16/3;
LILITH/ANGEL O'HARA/,TOD 28;
LILITH/ANGEL O'HARA/,TOD 60;
LILITH/ANGEL O'HARA/,TOD 66;
LILITH/ANGEL O'HARA/,TOD 67;
LILITH/ANGEL O'HARA/,TOD MAG 5;
LILITH/ANGEL O'HARA/,TOD MAG 6/2;
LILITH/ANGEL O'HARA/,UX 6;
LILITH/ANGEL O'HARA/,VT 6;
LILITH II,DHOLD 1;
LILITH II,GR3 31;
LILITH II,MORBIUS 1;
LILITH II,NS 1;
LILITH II,SOV 1;
LILITH II,SOV 2;
LILITH II,SOV 3;
LILLIAN, BEA,LSHOT2 1;
LINAK,X:HY 3;
LINCOLN, WILLIAM WIL,DD 258;
LINCOLN, WILLIAM WIL,DD 47;
LINCOLN, WILLIAM WIL,DD 49;
LINCOLN, WILLIAM WIL,DD 57;
LINCOLN, WILLIAM WIL,DD 58;
LINCOLN, WILLIAM WIL,DD 59;
LINK,BSHP2 10;
LINK,BSHP2 11;
LINK,BSHP2 12;
LINK,BSHP2 13;
LINK,BSHP2 14;
LINK,BSHP2 2;
LINK,BSHP2 3;
LINK,BSHP2 4;
LINK,BSHP2 5;
LINK,BSHP2 6;
LINK,BSHP2 7;
LINK,BSHP2 8;
LINK,BSHP2 9;
LIN, MEI,GR3 8;
LIN, PAULA,WARM 11;
LIN, PAULA,WARM 5;
LIONMANE/GEN. LO CHI,HFH 18;
LIONMANE/GEN. LO CHI,HFH 19;
LIPSCOMB, DR. ANGELA,A3 39;
LIPSCOMB, DR. ANGELA,H3 12;
LIPSCOMB, DR. ANGELA,H3 13;
LIPSCOMB, DR. ANGELA,H3 14;
LIPSCOMB, DR. ANGELA,H3 15;
LIPSCOMB, DR. ANGELA,H3 16;
LIPSCOMB, DR. ANGELA,H3 17;
LIPSCOMB, DR. ANGELA,H3 18;
LIPSCOMB, DR. ANGELA,H3 19;
LIPSCOMB, DR. ANGELA,H3 20;
LIPSCOMB, DR. ANGELA,H3 24;
LIPSCOMB, DR. ANGELA,H3 25;
LIPSCOMB, DR. ANGELA,H3 26;
LIPSCOMB, DR. ANGELA,H3 29;
LIPSCOMB, DR. ANGELA,H3 30;
LIPTON, LAURA,A 348;
LIPTON, LAURA,V 3;
LIPTON, LAURA,V 4;
LIPTON, MILES,A 348;
LIPTON, TRENTON III,S-M 64;
LITTLE, ABNER,BP 1;
LITTLE, ABNER,BP 2;
LITTLE, ABNER,BP 3;
LITTLE, ABNER,BP 4;
LITTLE, ABNER,BP 5;
LITTLE, ABNER,BP 6;
LITTLE, ABNER,BP 7;
LITTLE, ABNER,IM3 18;
LITTLE, ABNER,IM3 21/2;
LITTLE, ABNER,IM3 22;
LITTLETREE, LINDA,GR2 1;
LITTLETREE, LINDA,GR2 2;
LITTLETREE, LINDA,GR2 3;
LITTLETREE, LINDA,GR2 4;
LITTLETREE, LINDA,M/SPT 10;
LITTLETREE, LINDA,M/SPT 11;
LITTLETREE, LINDA,M/SPT 12;
LITTLEWING, SUSIE,XFOR -1;
LIVEWIRE/RANCE PREST,ASM '98;
LIVEWIRE/RANCE PREST,FF 5;
LIVEWIRE/RANCE PREST,GR2 72;
LIVEWIRE/RANCE PREST,GR2 73;
LIVEWIRE/RANCE PREST,H2 292;
LIVEWIRE/RANCE PREST,HTD 27;
LIVEWIRE/RANCE PREST,M/TIO 70;
LIVEWIRE/RANCE PREST,M/TIO 76;
LIVEWIRE/RANCE PREST,PM 24;
LIVEWIRE/RANCE PREST,PM 25;
LIVEWIRE/RANCE PREST,PP 59;
LIVING ERASER,M/TIO 15;
LIVING ERASER,S-H2 37;
LIVING ERASER,TTA 49;
LIVING LASER/ARTHUR,A 1;
LIVING LASER/ARTHUR,A 151;
LIVING LASER/ARTHUR,A 153;
LIVING LASER/ARTHUR,A 164;
LIVING LASER/ARTHUR,A 166;
LIVING LASER/ARTHUR,A 34;
LIVING LASER/ARTHUR,A 35;
LIVING LASER/ARTHUR,A 6;
LIVING LASER/ARTHUR,A 78;
LIVING LASER/ARTHUR,A 79;
LIVING LASER/ARTHUR,CA 105;
LIVING LASER/ARTHUR,IM 152;
LIVING LASER/ARTHUR,IM 153;
LIVING LASER/ARTHUR,IM 211;
LIVING LASER/ARTHUR,IM 259;
LIVING LASER/ARTHUR,IM 260;
LIVING LASER/ARTHUR,IM 263;
LIVING LASER/ARTHUR,IM 288;
LIVING LASER/ARTHUR,Q 30;
LIVING LASER/ARTHUR,Q 6;
LIVING LIGHTNING/MIG,A3 1;
LIVING LIGHTNING/MIG,A3 2;
LIVING LIGHTNING/MIG,A3 27;
LIVING LIGHTNING/MIG,A3 3;
LIVING LIGHTNING/MIG,A3 38;
LIVING LIGHTNING/MIG,A 345;
LIVING LIGHTNING/MIG,A 347;
LIVING LIGHTNING/MIG,AWC 6;
LIVING LIGHTNING/MIG,AWC 63;
LIVING LIGHTNING/MIG,AWC 6/4;
LIVING LIGHTNING/MIG,AWC 7;
LIVING LIGHTNING/MIG,AWC 70;
LIVING LIGHTNING/MIG,AWC 71;
LIVING LIGHTNING/MIG,AWC 72;
LIVING LIGHTNING/MIG,AWC 73;
LIVING LIGHTNING/MIG,AWC 7/4;
LIVING LIGHTNING/MIG,AWC 74;
LIVING LIGHTNING/MIG,AWC 7/5;
LIVING LIGHTNING/MIG,AWC 75;
LIVING LIGHTNING/MIG,AWC 76;
LIVING LIGHTNING/MIG,AWC 77;
LIVING LIGHTNING/MIG,AWC 78;
LIVING LIGHTNING/MIG,AWC 79;
LIVING LIGHTNING/MIG,AWC 80;
LIVING LIGHTNING/MIG,AWC 82;
LIVING LIGHTNING/MIG,AWC 84;
LIVING LIGHTNING/MIG,AWC 85;
LIVING LIGHTNING/MIG,AWC 86;
LIVING LIGHTNING/MIG,AWC 87;
LIVING LIGHTNING/MIG,AWC 88;
LIVING LIGHTNING/MIG,AWC 89;
LIVING LIGHTNING/MIG,AWC 90;
LIVING LIGHTNING/MIG,CA 401;
LIVING LIGHTNING/MIG,DHAWK 1;
LIVING LIGHTNING/MIG,DHOLD 3;
LIVING LIGHTNING/MIG,FF 367;
LIVING LIGHTNING/MIG,FF 368;
LIVING LIGHTNING/MIG,FF 369;
LIVING LIGHTNING/MIG,FF 370;
LIVING LIGHTNING/MIG,FW 10/2;
LIVING LIGHTNING/MIG,FW 8;
LIVING LIGHTNING/MIG,IM 13;
LIVING LIGHTNING/MIG,IM 284;
LIVING LIGHTNING/MIG,IM 285;
LIVING LIGHTNING/MIG,IM 286;
LIVING LIGHTNING/MIG,IW 1;
LIVING LIGHTNING/MIG,IW 2;
LIVING LIGHTNING/MIG,IW 3;
LIVING LIGHTNING/MIG,IW 4;
LIVING LIGHTNING/MIG,IW 6;
LIVING LIGHTNING/MIG,MK3 41;
LIVING LIGHTNING/MIG,Q 33;
LIVING LIGHTNING/MIG,Q 38;
LIVING LIGHTNING/MIG,T 445;
LIVING LIGHTNING/MIG,T 446;
LIVING LIGHTNING/MIG,WM2 12;
LIVING LIGHTNING/MIG,WM2 15;
LIVING LIGHTNING/MIG,WM2 16;
LIVING LIGHTNING/MIG,WM2 17;
LIVING LIGHTNING/MIG,WM2 18;
LIVING LIGHTNING/MIG,WM2 8;
LIVING LIGHTNING/MIG,WM2 9;
LIVING MONOLITH/AHME,C2 76;
LIVING MONOLITH/AHME,M/CP 25;
LIVING MONOLITH/AHME,M/GN 17;
LIVING MONOLITH/AHME,M/TU 69;
LIVING MONOLITH/AHME,M/TU 70;
LIVING MONOLITH/AHME,PM&IF 56;
LIVING MONOLITH/AHME,PM&IF 57;
LIVING MONOLITH/AHME,SENSM 18;
LIVING MONOLITH/AHME,SENSM 19;
LIVING MONOLITH/AHME,SENSM 20;
LIVING MONOLITH/AHME,SUPTHR 9;
LIVING MONOLITH/AHME,UX 376;
LIVING MONOLITH/AHME,UX 377;
LIVING MONOLITH/AHME,UX 54;
LIVING MONOLITH/AHME,UX 55;
LIVING MONOLITH/AHME,UX 56;
LIVING MONOLITH/AHME,UX 57;
LIVING MONOLITH/AHME,UX 58;
LIVING MONOLITH/AHME,UX 60;
LIVING MONOLITH/AHME,X 97;
LIVING MONOLITH/AHME,X 98;
LIVING MUMMY,CA 361;
LIVING MUMMY,COC 1;
LIVING MUMMY,M/TIO 95;
LIVING MUMMY,SUPTHR 10;
LIVING MUMMY,SUPTHR 11;
LIVING MUMMY,SUPTHR 12;
LIVING MUMMY,SUPTHR 13;
LIVING MUMMY,SUPTHR 14;
LIVING MUMMY,SUPTHR 15;
LIVING MUMMY,SUPTHR 5;
LIVING MUMMY,SUPTHR 7;
LIVING MUMMY,SUPTHR 8;
LIVING MUMMY,SUPTHR 9;
LIVING TRIBUNAL,FF 27;
LIVING TRIBUNAL,IG 3;
LIVING TRIBUNAL,IW 3;
LIVING TRIBUNAL,IW 4;
LIVING TRIBUNAL,IW 5;
LIVING TRIBUNAL,MEPHV. 4;
LIVING TRIBUNAL,Q 26;
LIVING TRIBUNAL,Q 58;
LIVING TRIBUNAL,ROM 41;
LIVING TRIBUNAL,SS3 31;
LIVING TRIBUNAL,SS/RUNE;
LIVING TRIBUNAL,ST 157/2;
LIVING TRIBUNAL,ST 158/2;
LIVING TRIBUNAL,ST 160/2;
LIVING TRIBUNAL,ST 163/2;
LIVING TRIBUNAL,SWII 6;
LIVING TRIBUNAL,WIW 1;
LIVING TRIBUNAL,WIW 11;
LIVING TRIBUNAL,WIW 9;
LIZARD/DR. CURTIS CO,ASM 101;
LIZARD/DR. CURTIS CO,ASM 102;
LIZARD/DR. CURTIS CO,ASM 106;
LIZARD/DR. CURTIS CO,ASM 150;
LIZARD/DR. CURTIS CO,ASM 164;
LIZARD/DR. CURTIS CO,ASM 165;
LIZARD/DR. CURTIS CO,ASM 166;
LIZARD/DR. CURTIS CO,ASM 192;
LIZARD/DR. CURTIS CO,ASM 243;
LIZARD/DR. CURTIS CO,ASM 252;
LIZARD/DR. CURTIS CO,ASM 301;
LIZARD/DR. CURTIS CO,ASM 311;
LIZARD/DR. CURTIS CO,ASM 312;
LIZARD/DR. CURTIS CO,ASM 313;
LIZARD/DR. CURTIS CO,ASM 32;
LIZARD/DR. CURTIS CO,ASM 33;
LIZARD/DR. CURTIS CO,ASM 365;
LIZARD/DR. CURTIS CO,ASM 414;
LIZARD/DR. CURTIS CO,ASM 43;
LIZARD/DR. CURTIS CO,ASM 44;
LIZARD/DR. CURTIS CO,ASM 45;
LIZARD/DR. CURTIS CO,ASM 6;
LIZARD/DR. CURTIS CO,ASM 73;
LIZARD/DR. CURTIS CO,ASM 74;
LIZARD/DR. CURTIS CO,ASM 75;
LIZARD/DR. CURTIS CO,ASM 76;
LIZARD/DR. CURTIS CO,ASM 77;
LIZARD/DR. CURTIS CO,ASMSS 1/3;
LIZARD/DR. CURTIS CO,GSS-M 5;
LIZARD/DR. CURTIS CO,M/SHSW 1;
LIZARD/DR. CURTIS CO,M/SHSW 10;
LIZARD/DR. CURTIS CO,M/SHSW 11;
LIZARD/DR. CURTIS CO,M/SHSW 12;
LIZARD/DR. CURTIS CO,M/SHSW 2;
LIZARD/DR. CURTIS CO,M/SHSW 3;
LIZARD/DR. CURTIS CO,M/SHSW 4;
LIZARD/DR. CURTIS CO,M/SHSW 5;
LIZARD/DR. CURTIS CO,M/SHSW 6;
LIZARD/DR. CURTIS CO,M/SHSW 7;
LIZARD/DR. CURTIS CO,M/SHSW 8;
LIZARD/DR. CURTIS CO,M/SHSW 9;
LIZARD/DR. CURTIS CO,M/TU 19;
LIZARD/DR. CURTIS CO,M/TU 20;
LIZARD/DR. CURTIS CO,PPTSS 127;
LIZARD/DR. CURTIS CO,PPTSS 130;
LIZARD/DR. CURTIS CO,PPTSS 2;
LIZARD/DR. CURTIS CO,PPTSS 237;
LIZARD/DR. CURTIS CO,PPTSS 238;
LIZARD/DR. CURTIS CO,PPTSS 239;
LIZARD/DR. CURTIS CO,PPTSS 3;
LIZARD/DR. CURTIS CO,PPTSS 32;
LIZARD/DR. CURTIS CO,PPTSS 33;
LIZARD/DR. CURTIS CO,PPTSS 34;
LIZARD/DR. CURTIS CO,PPTSS 36;
LIZARD/DR. CURTIS CO,PPTSS 38;
LIZARD/DR. CURTIS CO,PPTSS 39;
LIZARD/DR. CURTIS CO,PPTSS 40;
LIZARD/DR. CURTIS CO,PPTSS 42;
LIZARD/DR. CURTIS CO,PPTSS 61;
LIZARD/DR. CURTIS CO,PPTSSSS 1/3;
LIZARD/DR. CURTIS CO,SENSM 7;
LIZARD/DR. CURTIS CO,S-M 1;
LIZARD/DR. CURTIS CO,S-M 2;
LIZARD/DR. CURTIS CO,S-M 3;
LIZARD/DR. CURTIS CO,S-M 4;
LIZARD/DR. CURTIS CO,S-M 5;
LIZARD/DR. CURTIS CO,S-M 71;
LIZARD/DR. CURTIS CO,SM:L 1;
LIZARD/DR. CURTIS CO,SM:L 2;
LIZARD/DR. CURTIS CO,SM:L 3;
LIZARD/DR. CURTIS CO,WOSM 48;
LIZARD/DR. CURTIS CO,WOSMSS 1/3;
LIZARD II,PPTSS 237;
LIZARD II,PPTSS 238;
L'KLEKK'TAK,TB 14;
LLAN,AF 83;
LLAN,AF 84;
LLAN,AF 85;
LLAN,AF 86;
LLOIGOROTH,A 352;
LLOIGOROTH,A 354;
LLYRA/LLYRA MORRIS,A 18;
LLYRA/LLYRA MORRIS,ASM 213;
LLYRA/LLYRA MORRIS,ASM 214;
LLYRA/LLYRA MORRIS,ASM 215;
LLYRA/LLYRA MORRIS,ASM 23;
LLYRA/LLYRA MORRIS,AWC 52;
LLYRA/LLYRA MORRIS,FF 22;
LLYRA/LLYRA MORRIS,FFU 11/2;
LLYRA/LLYRA MORRIS,H2 160;
LLYRA/LLYRA MORRIS,IM 10;
LLYRA/LLYRA MORRIS,N 51;
LLYRA/LLYRA MORRIS,N 52;
LLYRA/LLYRA MORRIS,N 53;
LLYRA/LLYRA MORRIS,N 54;
LLYRA/LLYRA MORRIS,N 55;
LLYRA/LLYRA MORRIS,N 56;
LLYRA/LLYRA MORRIS,N 57;
LLYRA/LLYRA MORRIS,NM 5;
LLYRA/LLYRA MORRIS,SS 2;
LLYRA/LLYRA MORRIS,SUB-M 32;
LLYRA/LLYRA MORRIS,SUB-M 36;
LLYRA/LLYRA MORRIS,SUB-M 37;
LLYRA/LLYRA MORRIS,SUB-M 43;
LLYRA/LLYRA MORRIS,SUB-M 44;
LLYRA/LLYRA MORRIS,SUB-M 45;
LLYRA/LLYRA MORRIS,SUB-M 46;
LLYRA/LLYRA MORRIS,SUB-M 50;
LLYRA/LLYRA MORRIS,UX 13;
LLYRA/LLYRA MORRIS,WOSM 5;
LLYRON,AR 1;
LLYRON,AR 2;
LLYRON,FF 402;
LLYRON,FFU 11/2;
LLYRON,N 54;
LLYRON,N 55;
LLYRON,N 56;
LLYRON,N 57;
LLYRON,N 61;
LLYRON,N 62;
LOBLOLLY/,TB 31;
LOBLOLLY/,TB 32;
LOBO,A 80;
LOBO,A 81;
LOBO, CARLOS,PPTSS 143;
LOBO, CARLOS,PPTSS 152;
LOBO, CARLOS,WOSM 50;
LOBO, CARLOS,WOSM 53;
LOBO, CARLOS,WOSM 54;
LOBO, CARLOS,WOSM 55;
LOBO,COC 1;
LOBO, EDUARDO,ASM 316;
LOBO, EDUARDO,PPTSS 143;
LOBO, EDUARDO,PPTSS 146;
LOBO, EDUARDO,PPTSS 149;
LOBO, EDUARDO,PPTSS 150;
LOBO, EDUARDO,PPTSS 151;
LOBO, EDUARDO,PPTSS 152;
LOBO, EDUARDO,PPTSS 154;
LOBO, EDUARDO,WOSM 47;
LOBO, EDUARDO,WOSM 48;
LOBO, EDUARDO,WOSM 50;
LOBO, EDUARDO,WOSM 51;
LOBO, EDUARDO,WOSM 53;
LOBO, EDUARDO,WOSM 54;
LOBO, EDUARDO,WOSM 55;
LOBO,H2 265;
LOBO II,DRSTR3 25;
LOBO III,NW2 3;
LOBO II,M/CP 72/4;
LOBO, LUCKY,ASM '97;
LOBO,M/CHILL 3;
LOBO,M/CHILL 5;
LOBO,M/CHILL 6;
LOBO,M/CHILL 7;
LOBO,M/SH3 2/6;
LOBO,RW 7;
LOBO,WCA2 8;
LOBO,WCA2 9;
LOCKDOWN,FF3 17;
LOCKDOWN,FF3 18;
LOCKE, DR. ALEXANDER,M/:LG 1;
LOCKE, DR. ALEXANDER,M/:LG 2;
LOCKE, DR. ALEXANDER,M/:LG 6;
LOCKE, DR. ALEXANDER,M/:LG 7;
LOCKE, DR. ALEXANDER,M/:LG 8;
LOCKE, DR. CASSANDRA,ASM2 16;
LOCKE, DR. CASSANDRA,M/:LG 1;
LOCKE, DR. CASSANDRA,M/:LG 10;
LOCKE, DR. CASSANDRA,M/:LG 12;
LOCKE, DR. CASSANDRA,M/:LG 3;
LOCKE, DR. CASSANDRA,M/:LG 4;
LOCKE, DR. CASSANDRA,M/:LG 7;
LOCKE, DR. CASSANDRA,M/:LG 8;
LOCKE, DR. CASSANDRA,M/:LG 9;
LOCKER, MR.,ASM 403;
LOCKER, MR.,PPTSS 226;
LOCKER, MR.,S-M 60;
LOCKER, MR.,WOSM 126;
LOCKHART,DE:O;
LOCKHEED,FFV.X 3;
LOCKHEED,FFV.X 4;
LOCKHEED,KPAOS 2;
LOCKHEED,KPAOS 3;
LOCKHEED,M/CP 31/4;
LOCKHEED,M/CP 32;
LOCKHEED,M/CP 37;
LOCKHEED,M/CP 38;
LOCKHEED,M/SHSW 1;
LOCKHEED,M/SHSW 12;
LOCKHEED,M/SHSW 2;
LOCKHEED | MUTANT X-,MX 14;
LOCKHEED,NC 1;
LOCKHEED,NC 2;
LOCKHEED,NC 3;
LOCKHEED,NC 4;
LOCKHEED,NM 18;
LOCKHEED,NM 21;
LOCKHEED,NM 46;
LOCKHEED,NM 63;
LOCKHEED,NM 65;
LOCKHEED,PP 12;
LOCKHEED,S-H2 26;
LOCKHEED,T 427;
LOCKHEED,T 428;
LOCKHEED,T 429;
LOCKHEED,UX 10;
LOCKHEED,UX 166;
LOCKHEED,UX 168;
LOCKHEED,UX 169;
LOCKHEED,UX 172;
LOCKHEED,UX 173;
LOCKHEED,UX 174;
LOCKHEED,UX 175;
LOCKHEED,UX 181;
LOCKHEED,UX 183;
LOCKHEED,UX 189;
LOCKHEED,UX 192;
LOCKHEED,UX 193;
LOCKHEED,UX 194;
LOCKHEED,UX 210;
LOCKHEED,UX 211;
LOCKHEED,UX 213;
LOCKHEED,UX 227;
LOCKHEED,UX 7;
LOCKHEED,UX 8;
LOCKHEED,UX 9;
LOCKHEED,W2 125;
LOCKHEED,W2 126;
LOCKHEED,X&AF 1;
LOCKHEED,X&AF 2;
LOCKHEED,X&AF2 1;
LOCKHEED,XCAL 100;
LOCKHEED,XCAL 101;
LOCKHEED,XCAL 102;
LOCKHEED,XCAL 11;
LOCKHEED,XCAL 113;
LOCKHEED,XCAL 114;
LOCKHEED,XCAL 117;
LOCKHEED,XCAL 118;
LOCKHEED,XCAL 119;
LOCKHEED,XCAL 12;
LOCKHEED,XCAL 120;
LOCKHEED,XCAL 124;
LOCKHEED,XCAL 125;
LOCKHEED,XCAL 13;
LOCKHEED,XCAL 14;
LOCKHEED,XCAL 15;
LOCKHEED,XCAL 16;
LOCKHEED,XCAL 17;
LOCKHEED,XCAL 18;
LOCKHEED,XCAL 19;
LOCKHEED,XCAL 20;
LOCKHEED,XCAL 21;
LOCKHEED,XCAL 22;
LOCKHEED,XCAL  2/3;
LOCKHEED,XCAL 23;
LOCKHEED,XCAL 24;
LOCKHEED,XCAL 25;
LOCKHEED,XCAL 26;
LOCKHEED,XCAL 29;
LOCKHEED,XCAL 3;
LOCKHEED,XCAL 30;
LOCKHEED,XCAL 33;
LOCKHEED,XCAL 34;
LOCKHEED,XCAL 37;
LOCKHEED,XCAL 39;
LOCKHEED,XCAL 4;
LOCKHEED,XCAL 40;
LOCKHEED,XCAL 41;
LOCKHEED,XCAL 42;
LOCKHEED,XCAL 43;
LOCKHEED,XCAL 44;
LOCKHEED,XCAL 45;
LOCKHEED,XCAL 47;
LOCKHEED,XCAL 48;
LOCKHEED,XCAL 49;
LOCKHEED,XCAL 5;
LOCKHEED,XCAL 50;
LOCKHEED,XCAL 54;
LOCKHEED,XCAL 55;
LOCKHEED,XCAL 56;
LOCKHEED,XCAL 59;
LOCKHEED,XCAL 6;
LOCKHEED,XCAL 60;
LOCKHEED,XCAL 9;
LOCKHEED,XCAL 96;
LOCKHEED,XCAL 97;
LOCKHEED,XCAL:AA;
LOCKHEED,XCALGN;
LOCKHEED,XCAL:MM;
LOCKHEED,XCALSE;
LOCKHEED,X&M 1;
LOCKHEED,X&M 4;
LOCKHEED,XSOS 2;
LOCKJAW [INHUMAN],A 110;
LOCKJAW [INHUMAN],A 12;
LOCKJAW [INHUMAN],A 127;
LOCKJAW [INHUMAN],A 244;
LOCKJAW [INHUMAN],A 245;
LOCKJAW [INHUMAN],A 247;
LOCKJAW [INHUMAN],A 334;
LOCKJAW [INHUMAN],A 336;
LOCKJAW [INHUMAN],A 337;
LOCKJAW [INHUMAN],A 338;
LOCKJAW [INHUMAN],A 343;
LOCKJAW [INHUMAN],A 351;
LOCKJAW [INHUMAN],A 356;
LOCKJAW [INHUMAN],A 357;
LOCKJAW [INHUMAN],A 390;
LOCKJAW [INHUMAN],AA2 2;
LOCKJAW [INHUMAN],AR 1;
LOCKJAW [INHUMAN],AR 2;
LOCKJAW [INHUMAN],AWC 56;
LOCKJAW [INHUMAN],AWC 60;
LOCKJAW [INHUMAN],AWC 61;
LOCKJAW [INHUMAN],AWC 62;
LOCKJAW [INHUMAN],CM 53;
LOCKJAW [INHUMAN],COC 1;
LOCKJAW [INHUMAN],DAZZ 19;
LOCKJAW [INHUMAN],DAZZ 32;
LOCKJAW [INHUMAN],DD 275;
LOCKJAW [INHUMAN],FF 105;
LOCKJAW [INHUMAN],FF 117;
LOCKJAW [INHUMAN],FF 118;
LOCKJAW [INHUMAN],FF 118/2;
LOCKJAW [INHUMAN],FF 12;
LOCKJAW [INHUMAN],FF 131;
LOCKJAW [INHUMAN],FF 150;
LOCKJAW [INHUMAN],FF 160;
LOCKJAW [INHUMAN],FF 161;
LOCKJAW [INHUMAN],FF 18;
LOCKJAW [INHUMAN],FF 21;
LOCKJAW [INHUMAN],FF2 10;
LOCKJAW [INHUMAN],FF 21/2;
LOCKJAW [INHUMAN],FF 22/2;
LOCKJAW [INHUMAN],FF 239;
LOCKJAW [INHUMAN],FF 240;
LOCKJAW [INHUMAN],FF 248;
LOCKJAW [INHUMAN],FF2 8;
LOCKJAW [INHUMAN],FF 306;
LOCKJAW [INHUMAN],FF 4;
LOCKJAW [INHUMAN],FF 402;
LOCKJAW [INHUMAN],FF 415;
LOCKJAW [INHUMAN],FF 45;
LOCKJAW [INHUMAN],FF 46;
LOCKJAW [INHUMAN],FF 47;
LOCKJAW [INHUMAN],FF 48;
LOCKJAW [INHUMAN],FF 5;
LOCKJAW [INHUMAN],FF 55;
LOCKJAW [INHUMAN],FF 56;
LOCKJAW [INHUMAN],FF 57;
LOCKJAW [INHUMAN],FF 58;
LOCKJAW [INHUMAN],FF 61;
LOCKJAW [INHUMAN],FF 62;
LOCKJAW [INHUMAN],FF 64;
LOCKJAW [INHUMAN],FF 82;
LOCKJAW [INHUMAN],FFU 11;
LOCKJAW [INHUMAN],H 1;
LOCKJAW [INHUMAN],H2 175;
LOCKJAW [INHUMAN],H2 279;
LOCKJAW [INHUMAN],I:GR;
LOCKJAW [INHUMAN],INH 10;
LOCKJAW [INHUMAN],INH 11;
LOCKJAW [INHUMAN],INH 12;
LOCKJAW [INHUMAN],INH2 1;
LOCKJAW [INHUMAN],INH2 10;
LOCKJAW [INHUMAN],INH2 11;
LOCKJAW [INHUMAN],INH2 12;
LOCKJAW [INHUMAN],INH2 2;
LOCKJAW [INHUMAN],INH2 3;
LOCKJAW [INHUMAN],INH2 4;
LOCKJAW [INHUMAN],INH2 5;
LOCKJAW [INHUMAN],INH2 8;
LOCKJAW [INHUMAN],INH 3;
LOCKJAW [INHUMAN],INH3 2;
LOCKJAW [INHUMAN],INH 4;
LOCKJAW [INHUMAN],INH 5;
LOCKJAW [INHUMAN],INH 7;
LOCKJAW [INHUMAN],INH 8;
LOCKJAW [INHUMAN],INHUMANS GRAPHIC NOV;
LOCKJAW [INHUMAN],I:US 1;
LOCKJAW [INHUMAN],KZ4 10;
LOCKJAW [INHUMAN],M/CP 68/4;
LOCKJAW [INHUMAN],M/TIO 4;
LOCKJAW [INHUMAN],NO2 13;
LOCKJAW [INHUMAN],NW 6;
LOCKJAW [INHUMAN],QS 10;
LOCKJAW [INHUMAN],QS 13;
LOCKJAW [INHUMAN],QS 4;
LOCKJAW [INHUMAN],QS 5;
LOCKJAW [INHUMAN],QS 6;
LOCKJAW [INHUMAN],SS 18;
LOCKJAW [INHUMAN],SS3 60;
LOCKJAW [INHUMAN],SVTU 2;
LOCKJAW [INHUMAN],TG 3;
LOCKJAW [INHUMAN],TG 4;
LOCKJAW [INHUMAN],V&SW 4;
LOCKJAW [INHUMAN],XF 2;
LOCKJAW [INHUMAN],XF 67;
LOCKJAW [INHUMAN],XF 71;
LOCKJAW [INHUMAN],XF 72;
LOCKLIN, BEN,NM 1;
LOCKLIN, BEN,NM 42;
LOCKLIN, BEN,UX 210;
LOCKLIN, BEN,UX 214;
LOCKLIN, GENERAL MER,ROM 3;
LOCKLIN, GENERAL MER,ROM 52;
LOCKLIN, GENERAL MER,ROM 54;
LOCKLIN, GENERAL MER,ROM 55;
LOCKLIN, GENERAL MER,ROM 56;
LOCKLIN, GENERAL MER,ROM 58;
LOCKLIN, GENERAL MER,ROM 59;
LOCKLIN, GENERAL MER,ROM 60;
LOCKLIN, GENERAL MER,ROM 61;
LOCKLIN, GENERAL MER,ROM 62;
LOCKLIN, GENERAL MER,ROM 64;
LOCKLIN, GENERAL MER,ROM 65;
LOCKLIN, GENERAL MER,ROM 66;
LOCOMOTIVE BREATH/LA,WARM 12;
LOCOMOTIVE BREATH/LA,WARM 13;
LOCOMOTIVE BREATH/LA,WARM 14;
LOCUST,H2 194;
LOCUST,UX 24;
LOCUS,XFOR 43;
LOCUS,XFOR 75;
LOCUS,XFOR 78;
LOCUS,XFOR 79;
LOCUS,XFOR 80;
LOCUS,XFOR 85;
LODESTONE/ANDREA,DHAWK 14;
LODESTONE/ANDREA,DHAWK 15;
LODESTONE/ANDREA,DHAWK 7;
LODESTONE/ANDREA,DHAWK 8;
LODESTONE/ANDREA,TB 24;
LODESTONE/ANDREA,TB 25;
LOGA II,FFU 9;
LOGA II,T 473;
LOGA II,T 475;
LOGA II,T 476;
LOGA II,T 477;
LOGA II,T 480;
LOGA II,T 481;
LOGA II,T 482;
LOGA II,T 487;
LOGA II,T 488;
LOGA II,T 489;
LOGA,INV 1;
LOGA,INV 2;
LOGAN, WAYNE,ST 174;
LOGAN, WAYNE,ST 176;
LOGAN, WAYNE,ST 177;
LOGOS,DRSTR2 53-BTS;
LOGOS,FF 19-BTS;
LOGOS,ROA 1;
LOGOS,ROA 2;
LOGOS,ROA 3;
LOHAN, PETER,NF3 15;
LOHAN, PETER,NF3 16;
LOHAN, PETER,NF3 17;
LOHAN, PETER,NF3 18;
LOHAN, PETER,NF3 19;
LO, JIMMY,M/K 1;
LOKI [ASGARDIAN],A 1;
LOKI [ASGARDIAN],A 115;
LOKI [ASGARDIAN],A 116;
LOKI [ASGARDIAN],A 117;
LOKI [ASGARDIAN],A 118;
LOKI [ASGARDIAN],A 119;
LOKI [ASGARDIAN],A 19/3;
LOKI [ASGARDIAN],A 23;
LOKI [ASGARDIAN],A 300/2;
LOKI [ASGARDIAN],A 310;
LOKI [ASGARDIAN],A 311;
LOKI [ASGARDIAN],A 312;
LOKI [ASGARDIAN],A 313;
LOKI [ASGARDIAN],A 400;
LOKI [ASGARDIAN],A 7;
LOKI [ASGARDIAN],AF 50;
LOKI [ASGARDIAN],ASM 329;
LOKI [ASGARDIAN],ASPOT 26;
LOKI [ASGARDIAN],ASPOT 28/2;
LOKI [ASGARDIAN],AWC 53;
LOKI [ASGARDIAN],AWC 54;
LOKI [ASGARDIAN],AWC 55;
LOKI [ASGARDIAN],CA 365;
LOKI [ASGARDIAN],CA 365/2;
LOKI [ASGARDIAN],CA 366;
LOKI [ASGARDIAN],DEF 11;
LOKI [ASGARDIAN],DEF 8/2;
LOKI [ASGARDIAN],DEF 9;
LOKI [ASGARDIAN],DF 1.1;
LOKI [ASGARDIAN],DF 1.2;
LOKI [ASGARDIAN],DF 2.3;
LOKI [ASGARDIAN],DF 2.4;
LOKI [ASGARDIAN],DF 3.5;
LOKI [ASGARDIAN],DF 3.6;
LOKI [ASGARDIAN],DF 4.7;
LOKI [ASGARDIAN],DF 4.8;
LOKI [ASGARDIAN],DPOOL3 35;
LOKI [ASGARDIAN],DPOOL3 36;
LOKI [ASGARDIAN],DPOOL3 37;
LOKI [ASGARDIAN],JIM -1;
LOKI [ASGARDIAN],JIM 100/2;
LOKI [ASGARDIAN],JIM 101;
LOKI [ASGARDIAN],JIM 101/2;
LOKI [ASGARDIAN],JIM 102;
LOKI [ASGARDIAN],JIM 103;
LOKI [ASGARDIAN],JIM 104;
LOKI [ASGARDIAN],JIM 107/2;
LOKI [ASGARDIAN],JIM 108;
LOKI [ASGARDIAN],JIM 110;
LOKI [ASGARDIAN],JIM 111;
LOKI [ASGARDIAN],JIM 111/2;
LOKI [ASGARDIAN],JIM 112/2;
LOKI [ASGARDIAN],JIM 113;
LOKI [ASGARDIAN],JIM 113/2;
LOKI [ASGARDIAN],JIM 114;
LOKI [ASGARDIAN],JIM 115;
LOKI [ASGARDIAN],JIM 115/2;
LOKI [ASGARDIAN],JIM 116;
LOKI [ASGARDIAN],JIM 116/2;
LOKI [ASGARDIAN],JIM 117;
LOKI [ASGARDIAN],JIM 117/2;
LOKI [ASGARDIAN],JIM 118;
LOKI [ASGARDIAN],JIM 118/2;
LOKI [ASGARDIAN],JIM 119;
LOKI [ASGARDIAN],JIM 119/2;
LOKI [ASGARDIAN],JIM 120;
LOKI [ASGARDIAN],JIM 120/2;
LOKI [ASGARDIAN],JIM 121;
LOKI [ASGARDIAN],JIM 121/2;
LOKI [ASGARDIAN],JIM 122;
LOKI [ASGARDIAN],JIM 122/2;
LOKI [ASGARDIAN],JIM 123;
LOKI [ASGARDIAN],JIM 123/2;
LOKI [ASGARDIAN],JIM 124/2;
LOKI [ASGARDIAN],JIM 125/2;
LOKI [ASGARDIAN],JIM 503;
LOKI [ASGARDIAN],JIM 504;
LOKI [ASGARDIAN],JIM 505;
LOKI [ASGARDIAN],JIM 508;
LOKI [ASGARDIAN],JIM 509;
LOKI [ASGARDIAN],JIM 510;
LOKI [ASGARDIAN],JIM 511;
LOKI [ASGARDIAN],JIM 512;
LOKI [ASGARDIAN],JIM 513;
LOKI [ASGARDIAN],JIM 85;
LOKI [ASGARDIAN],JIM 88;
LOKI [ASGARDIAN],JIM 91;
LOKI [ASGARDIAN],JIM 94;
LOKI [ASGARDIAN],JIM 97;
LOKI [ASGARDIAN],M/SH3 9/2;
LOKI [ASGARDIAN],NMSE 1;
LOKI [ASGARDIAN],PPTSS 158;
LOKI [ASGARDIAN],PPTSS 160;
LOKI [ASGARDIAN],PUN2 28;
LOKI [ASGARDIAN],PUN2 29;
LOKI [ASGARDIAN],PWJ 12;
LOKI [ASGARDIAN],PWJ 13;
LOKI [ASGARDIAN],Q 5;
LOKI [ASGARDIAN],SS 4;
LOKI [ASGARDIAN],ST 123/2;
LOKI [ASGARDIAN],T 10;
LOKI [ASGARDIAN],T 126/2;
LOKI [ASGARDIAN],T 127/2;
LOKI [ASGARDIAN],T 128/2;
LOKI [ASGARDIAN],T 129/2;
LOKI [ASGARDIAN],T 142;
LOKI [ASGARDIAN],T 147;
LOKI [ASGARDIAN],T 148;
LOKI [ASGARDIAN],T 149;
LOKI [ASGARDIAN],T 150;
LOKI [ASGARDIAN],T 151;
LOKI [ASGARDIAN],T 152;
LOKI [ASGARDIAN],T 153;
LOKI [ASGARDIAN],T 154;
LOKI [ASGARDIAN],T 155;
LOKI [ASGARDIAN],T 156;
LOKI [ASGARDIAN],T 157;
LOKI [ASGARDIAN],T 158;
LOKI [ASGARDIAN],T 159;
LOKI [ASGARDIAN],T 167;
LOKI [ASGARDIAN],T 170;
LOKI [ASGARDIAN],T 172;
LOKI [ASGARDIAN],T 173;
LOKI [ASGARDIAN],T 175;
LOKI [ASGARDIAN],T 176;
LOKI [ASGARDIAN],T 177;
LOKI [ASGARDIAN],T 179;
LOKI [ASGARDIAN],T 180;
LOKI [ASGARDIAN],T 181;
LOKI [ASGARDIAN],T 184;
LOKI [ASGARDIAN],T 185;
LOKI [ASGARDIAN],T 187;
LOKI [ASGARDIAN],T 188;
LOKI [ASGARDIAN],T 189;
LOKI [ASGARDIAN],T 19;
LOKI [ASGARDIAN],T 190;
LOKI [ASGARDIAN],T 191;
LOKI [ASGARDIAN],T 192;
LOKI [ASGARDIAN],T 193;
LOKI [ASGARDIAN],T 194;
LOKI [ASGARDIAN],T 195;
LOKI [ASGARDIAN],T 197;
LOKI [ASGARDIAN],T 2;
LOKI [ASGARDIAN],T 200;
LOKI [ASGARDIAN],T2 '00;
LOKI [ASGARDIAN],T 206;
LOKI [ASGARDIAN],T 207;
LOKI [ASGARDIAN],T2 1;
LOKI [ASGARDIAN],T2 16;
LOKI [ASGARDIAN],T2 17;
LOKI [ASGARDIAN],T2 18;
LOKI [ASGARDIAN],T2 19;
LOKI [ASGARDIAN],T2 20;
LOKI [ASGARDIAN],T 232;
LOKI [ASGARDIAN],T 233;
LOKI [ASGARDIAN],T 234;
LOKI [ASGARDIAN],T2 36;
LOKI [ASGARDIAN],T2 37;
LOKI [ASGARDIAN],T2 38;
LOKI [ASGARDIAN],T 263;
LOKI [ASGARDIAN],T 264;
LOKI [ASGARDIAN],T 265;
LOKI [ASGARDIAN],T 266;
LOKI [ASGARDIAN],T 267;
LOKI [ASGARDIAN],T 272;
LOKI [ASGARDIAN],T 273;
LOKI [ASGARDIAN],T 274;
LOKI [ASGARDIAN],T 275;
LOKI [ASGARDIAN],T 276;
LOKI [ASGARDIAN],T 277;
LOKI [ASGARDIAN],T 278;
LOKI [ASGARDIAN],T 279;
LOKI [ASGARDIAN],T 301;
LOKI [ASGARDIAN],T 302;
LOKI [ASGARDIAN],T 307/2;
LOKI [ASGARDIAN],T 308;
LOKI [ASGARDIAN],T 313;
LOKI [ASGARDIAN],T 318;
LOKI [ASGARDIAN],T 321;
LOKI [ASGARDIAN],T 323;
LOKI [ASGARDIAN],T 324/2;
LOKI [ASGARDIAN],T 325/2;
LOKI [ASGARDIAN],T 326/2;
LOKI [ASGARDIAN],T 327;
LOKI [ASGARDIAN],T 337;
LOKI [ASGARDIAN],T 338;
LOKI [ASGARDIAN],T 340;
LOKI [ASGARDIAN],T 341;
LOKI [ASGARDIAN],T 344;
LOKI [ASGARDIAN],T 353;
LOKI [ASGARDIAN],T 354;
LOKI [ASGARDIAN],T 355;
LOKI [ASGARDIAN],T 357;
LOKI [ASGARDIAN],T 358;
LOKI [ASGARDIAN],T 359;
LOKI [ASGARDIAN],T 363;
LOKI [ASGARDIAN],T 364;
LOKI [ASGARDIAN],T 365;
LOKI [ASGARDIAN],T 366;
LOKI [ASGARDIAN],T 367;
LOKI [ASGARDIAN],T 368;
LOKI [ASGARDIAN],T 370;
LOKI [ASGARDIAN],T 375;
LOKI [ASGARDIAN],T 376;
LOKI [ASGARDIAN],T 377;
LOKI [ASGARDIAN],T 378;
LOKI [ASGARDIAN],T 379;
LOKI [ASGARDIAN],T 381;
LOKI [ASGARDIAN],T 382;
LOKI [ASGARDIAN],T 397;
LOKI [ASGARDIAN],T 398;
LOKI [ASGARDIAN],T 399;
LOKI [ASGARDIAN],T 400/4;
LOKI [ASGARDIAN],T 410;
LOKI [ASGARDIAN],T 411;
LOKI [ASGARDIAN],T 412;
LOKI [ASGARDIAN],T 413;
LOKI [ASGARDIAN],T 426;
LOKI [ASGARDIAN],T 427;
LOKI [ASGARDIAN],T 429;
LOKI [ASGARDIAN],T 430;
LOKI [ASGARDIAN],T 431;
LOKI [ASGARDIAN],T 432;
LOKI [ASGARDIAN],T 434;
LOKI [ASGARDIAN],T 435;
LOKI [ASGARDIAN],T 440;
LOKI [ASGARDIAN],T 441;
LOKI [ASGARDIAN],T 447;
LOKI [ASGARDIAN],T 448;
LOKI [ASGARDIAN],T 449;
LOKI [ASGARDIAN],T 450;
LOKI [ASGARDIAN],T 451;
LOKI [ASGARDIAN],T 451/2;
LOKI [ASGARDIAN],T 452;
LOKI [ASGARDIAN],T 453;
LOKI [ASGARDIAN],T 453/2;
LOKI [ASGARDIAN],T 454;
LOKI [ASGARDIAN],T 455;
LOKI [ASGARDIAN],T 479;
LOKI [ASGARDIAN],T 483;
LOKI [ASGARDIAN],T 484;
LOKI [ASGARDIAN],T 498;
LOKI [ASGARDIAN],T 9;
LOKI [ASGARDIAN],TS 19;
LOKI [ASGARDIAN],TS 20;
LOKI [ASGARDIAN],TS 21;
LOKI [ASGARDIAN],TTA 101;
LOKI [ASGARDIAN],TTA3;
LOKI [ASGARDIAN],UX 9;
LOKI [ASGARDIAN],VENUS 6;
LOKI [ASGARDIAN],WOSM 61;
LOKI [ASGARDIAN],X&AF 1;
LOKI [ASGARDIAN],X&AF 2;
LOKI [ASGARDIAN],XF 49;
LOKI [ASGARDIAN],XF 50/2;
LOMENZO, NICOLE,XFOR 83;
LOMENZO, NICOLE,XFOR 84;
LONGARM/,S&L 1/3;
LONGBOW/AMELIA GREER,UX 261;
LONGBOW/AMELIA GREER,W2 139;
LONGBOW, DESIREE,FF3 33;
LONGBOW, DESIREE,FF3 34;
LONGSHOT,AF 61;
LONGSHOT,FFV.X 1;
LONGSHOT,FFV.X 2;
LONGSHOT,FFV.X 3;
LONGSHOT,FFV.X 4;
LONGSHOT,H2 340;
LONGSHOT,LSHOT 1;
LONGSHOT,LSHOT 2;
LONGSHOT,LSHOT2 1;
LONGSHOT,LSHOT 3;
LONGSHOT,LSHOT 4;
LONGSHOT,LSHOT 5;
LONGSHOT,LSHOT 6;
LONGSHOT,M/CP 16/3;
LONGSHOT,MEPHV. 3;
LONGSHOT,MEPHV. 4;
LONGSHOT,M/FAN2 4;
LONGSHOT,M/FAN2 5;
LONGSHOT,UX 10;
LONGSHOT,UX 11;
LONGSHOT,UX 12;
LONGSHOT,UX 13;
LONGSHOT,UX 13/2;
LONGSHOT,UX 215;
LONGSHOT,UX 216;
LONGSHOT,UX 217;
LONGSHOT,UX 218;
LONGSHOT,UX 219;
LONGSHOT,UX 221;
LONGSHOT,UX 222;
LONGSHOT,UX 223;
LONGSHOT,UX 224;
LONGSHOT,UX 225;
LONGSHOT,UX 226;
LONGSHOT,UX 227;
LONGSHOT,UX 229;
LONGSHOT,UX 230;
LONGSHOT,UX 231;
LONGSHOT,UX 232;
LONGSHOT,UX 233;
LONGSHOT,UX 234;
LONGSHOT,UX 235;
LONGSHOT,UX 236;
LONGSHOT,UX 237;
LONGSHOT,UX 238;
LONGSHOT,UX 239;
LONGSHOT,UX 240;
LONGSHOT,UX 241;
LONGSHOT,UX 242;
LONGSHOT,UX 243;
LONGSHOT,UX 245;
LONGSHOT,UX 246;
LONGSHOT,UX 247;
LONGSHOT,UX 248;
LONGSHOT,X 10;
LONGSHOT,X 11;
LONGSHOT,X 5;
LONGSHOT,X 6;
LONGSHOT,X 7;
LONGSHOT,XF 38;
LONGSHOT,XF 39;
LONGSHOT,XF 7;
LONGSHOT,XV.A 1;
LONGSHOT,XV.A 2;
LONGSHOT,XV.A 3;
LONGSHOT,XV.A 4;
LONKARR,T2 9;
LOOP,ASMU 11;
LOOP,BCAT 2;
LOOP,BCAT 3;
LOOP,BCAT 4;
LOOPNER, LEXINGTON,S-H2 19;
LOOTER/NORTON G. FES,ASM 26/4;
LOOTER/NORTON G. FES,ASM 36;
LOOTER/NORTON G. FES,ASS 1;
LOOTER/NORTON G. FES,DEF 63;
LOOTER/NORTON G. FES,DEF 64;
LOOTER/NORTON G. FES,M/TU 33;
LOOTER/NORTON G. FES,M/TU 34;
LOOTER/NORTON G. FES,PPTSS 236;
LOOTER/NORTON G. FES,PPTSS 41;
LOOTER/NORTON G. FES,SENSM 27;
LOOTER/NORTON G. FES,SENSM 8;
LOOTER/NORTON G. FES,SSCARSPI 1;
LOOTER/NORTON G. FES,WOSM 39;
LOOTER/NORTON G. FES,WOSS 2;
LOPEZ, ANGELA,ST5 2;
LOPEZ, ANTONIO,M/TU2 7;
LOPEZ, DONNA,DD 350;
LOPEZ, JOSE,M/TU2 7;
LOPEZ, MARIA II,AT:WMB 2;
LOPEZ, MARIA,M/TU2 7;
LOPEZ, SALMA,M/TU2 7;
LORD BALDAR,SK 1;
LORD BALDAR,SK 4;
LORD CHAOS,DAMCON3 3;
LORD CHAOS,DAMCON3 4;
LORD CHAOS,FF 27/2;
LORD CHAOS,IG 3;
LORD CHAOS,IG 4;
LORD CHAOS,IG 5;
LORD CHAOS,IG 6;
LORD CHAOS,KS;
LORD CHAOS,Q 19;
LORD CHAOS,Q 26;
LORD CHAOS,SS3 16;
LORD CHAOS,SS3 17;
LORD CHAOS,SS3 18;
LORD CHAOS,SWII 6;
LORD CHAOS,TQ 1;
LORD CHAOS,WIW 1;
LORD GASPAR,SK 1;
LORD GASPAR,SK 2;
LORD GASPAR,SK 3;
LORD GASPAR,SK 4;
LORD GASPAR,SK 5;
LORD KARNAJ,JA 11;
LORD KARNAJ,JA 17;
LORD LEADER,DRSTR3 26;
LORD LEADER,DRSTR3 27;
LORD OF LIGHT/BOWEN,ST2 1;
LORD OF LIGHT/BOWEN,ST2 2;
LORD TEMPLAR/,A3 13;
LORD TEMPLAR/,A3 14;
LORD TEMPLAR/,A3 15;
LORD TEMPLAR/,A3 26;
LORD TEMPLAR/,A3 36;
LORD TEMPLAR/,A3 37;
LORD YARU,XU 31/3;
LORELEI,A 105;
LORELEI,CHAMP 17;
LORELEI,DEF 15;
LORELEI,DEF 16;
LORELEI II/MELODI [A,DEF2 1;
LORELEI II/MELODI [A,DEF2 2;
LORELEI II/MELODI [A,DEF2 3;
LORELEI II/MELODI [A,DEF2 4;
LORELEI II/MELODI [A,JIM 509;
LORELEI II/MELODI [A,JIM 510;
LORELEI II/MELODI [A,JIM 511;
LORELEI II/MELODI [A,T 337;
LORELEI II/MELODI [A,T 338;
LORELEI II/MELODI [A,T 339;
LORELEI II/MELODI [A,T 340;
LORELEI II/MELODI [A,T 341;
LORELEI II/MELODI [A,T 342;
LORELEI II/MELODI [A,T 343;
LORELEI II/MELODI [A,T 344;
LORELEI II/MELODI [A,T 345;
LORELEI II/MELODI [A,T 346;
LORELEI II/MELODI [A,T 347;
LORELEI II/MELODI [A,T 348;
LORELEI II/MELODI [A,T 349;
LORELEI II/MELODI [A,T 350;
LORELEI II/MELODI [A,T 354;
LORELEI II/MELODI [A,T 355;
LORELEI II/MELODI [A,T 357;
LORELEI II/MELODI [A,T 358;
LORELEI II/MELODI [A,T 359;
LORELEI II/MELODI [A,T 363;
LORELEI II/MELODI [A,T 367;
LORELEI II/MELODI [A,T 368;
LORELEI II/MELODI [A,T 383;
LORELEI II/MELODI [A,T 398;
LORELEI II/MELODI [A,T 399;
LORELEI II/MELODI [A,T 400;
LORELEI II/MELODI [A,T 402;
LORELEI II/MELODI [A,T 437/2;
LORELEI II/MELODI [A,T 438/2;
LORELEI II/MELODI [A,T 439/2;
LORELEI II/MELODI [A,T 440/2;
LORELEI II/MELODI [A,T 441/2;
LORELEI II/MELODI [A,T 476;
LORELEI II/MELODI [A,T 485;
LORELEI II/MELODI [A,T 486;
LORELEI II/MELODI [A,T 487;
LORELEI II/MELODI [A,T 488;
LORELEI,M/FAN 4;
LORELEI,UX 63;
LOR, KONA,A3 7;
LOR, KONA,CA3 8;
LOR, KONA,IM3 7;
LOR, KONA,QS 10;
LORVEX,SUB-M 59;
LORVEX,SUB-M 60;
LOVECCHIO, ARGUS,WM2 4;
LOVE,IG 3;
LOVE,IG 4;
LOVE,IG 5;
LOVE,IG 6;
LOVEJOY, FRANKLIN,SLEEP 9;
LOVE,SS3 66;
LOVE,WIW 1;
LOWELL, DR.,NW2 2;
LUBENSKI, NATE,ASM 216;
LUBENSKI, NATE,ASM 224;
LUBENSKI, NATE,ASM 237;
LUBENSKI, NATE,ASM 238;
LUBENSKI, NATE,ASM 240;
LUBENSKI, NATE,ASM 247;
LUBENSKI, NATE,ASM 252;
LUBENSKI, NATE,ASM 253;
LUBENSKI, NATE,ASM 254;
LUBENSKI, NATE,ASM 255;
LUBENSKI, NATE,ASM 265;
LUBENSKI, NATE,ASM 269;
LUBENSKI, NATE,ASM 271;
LUBENSKI, NATE,ASM 272;
LUBENSKI, NATE,ASM 273;
LUBENSKI, NATE,ASM 274;
LUBENSKI, NATE,ASM 275;
LUBENSKI, NATE,ASM 300;
LUBENSKI, NATE,ASM 308;
LUBENSKI, NATE,ASM 315;
LUBENSKI, NATE,ASM 323;
LUBENSKI, NATE,ASM 326;
LUBENSKI, NATE,ASM 330;
LUBENSKI, NATE,ASM 332;
LUBENSKI, NATE,ASM 333;
LUBENSKI, NATE,ASM 334;
LUBENSKI, NATE,ASM 335;
LUBENSKI, NATE,ASM 336;
LUBENSKI, NATE,ASMV.W 1;
LUBENSKI, NATE,M/TU 114;
LUBENSKI, NATE,M/TU 119;
LUBENSKI, NATE,M/TU 120;
LUBENSKI, NATE,M/TU 124;
LUBENSKI, NATE,M/TU 127;
LUBENSKI, NATE,PPTSS 113;
LUBENSKI, NATE,PPTSS 153;
LUBENSKI, NATE,PPTSS 4;
LUBENSKI, NATE,PPTSS 50;
LUBENSKI, NATE,PPTSS 51;
LUBENSKI, NATE,PPTSS 56;
LUBENSKI, NATE,PPTSS 57;
LUBENSKI, NATE,PPTSS 66;
LUBENSKI, NATE,PPTSS 67;
LUBENSKI, NATE,PPTSS 68;
LUBENSKI, NATE,PPTSS 69;
LUBENSKI, NATE,PPTSS 78;
LUBENSKI, NATE,PPTSS 90;
LUBENSKI, NATE,PPTSS 91;
LUBENSKI, NATE,PPTSS 9/3;
LUBENSKI, NATE,PPTSS 95;
LUBENSKI, NATE,WOSM 14;
LUBENSKI, NATE,WOSM 15;
LUBENSKI, NATE,WOSM 2;
LUBENSKI, NATE,WOSM 24;
LUBENSKI, NATE,WOSM 3;
LUBENSKI, NATE,WOSM 39;
LUBENSKI, NATE,WOSM 47;
LUBENSKI, NATE,WOSM 5;
LUBENSKI, NATE,WOSM 50;
LUBENSKI, NATE,WOSM 54;
LUBENSKI, NATE,WOSM 56;
LUBENSKI, NATE,WOSM 6;
LUBENSKI, NATE,WOSM 60;
LUBOWSKI, LUGWRENCH,FF 361;
LUCAS,FF3 16;
LUCAS, JAMES,CAGE 3;
LUCAS, JAMES JR.,CAGE 10;
LUCAS, JAMES JR.,CAGE 8;
LUCIFER,CA 177;
LUCIFER,CA 178;
LUCIFER II,PUN2 39;
LUCIFER II,PUN2 40;
LUCIFER,IM 20;
LUCIFER, REV.,PUN2 35;
LUCIFER, REV.,PUN2 36;
LUCIFER, REV.,PUN2 37;
LUCIFER, REV.,PUN2 39;
LUCIFER, REV.,PUN2 40;
LUCIFER,UX 20;
LUCIFER,UX 21;
LUCIFER,UX 9;
LUDI,DRSTR2 35;
LUDLUM, ROSS,BHOOD 1;
LUDLUM, ROSS,BHOOD 2;
LULLABY/FELICITY HOP,SLEEP 9;
LUMINOR,FFU 9;
LUMINOR,T 473;
LUMINOR,T 475;
LUMINOR,T 476;
LUMINOR,T 477;
LUMINOR,T 480;
LUMINOR,T 481;
LUMINOR,T 482;
LUMINOR,T 483;
LUMLEY, JUDY,PPSM2 3;
LUMPKIN, WILHEMINA B,FF3 13;
LUMPKIN, WILHEMINA B,FF3 2;
LUMPKIN, WILHEMINA B,FF3 24;
LUMPKIN, WILHEMINA B,FF3 29;
LUMPKIN, WILHEMINA B,FF3 4;
LUMPKIN, WILLIAM WIL,ASM 341;
LUMPKIN, WILLIAM WIL,ASM 343;
LUMPKIN, WILLIAM WIL,ASM 345;
LUMPKIN, WILLIAM WIL,ASM 347;
LUMPKIN, WILLIAM WIL,FF 11;
LUMPKIN, WILLIAM WIL,FF 135;
LUMPKIN, WILLIAM WIL,FF 15;
LUMPKIN, WILLIAM WIL,FF 191;
LUMPKIN, WILLIAM WIL,FF 21;
LUMPKIN, WILLIAM WIL,FF 400/2;
LUMPKIN, WILLIAM WIL,GSFF 2;
LUMPKIN, WILLIAM WIL,H2 279;
LUMPKIN, WILLIAM WIL,M/CP 18/4;
LUMPKIN, WILLIAM WIL,M/TIO 26;
LUMPKIN, WILLIAM WIL,M/TIO 46;
LUMPKIN, WILLIAM WIL,M/TIO 74;
LUMPKIN, WILLIAM WIL,O:MU;
LUMPKIN, WILLIAM WIL,PPTSS 173;
LUMPKIN, WILLIAM WIL,S-M 23;
LUMPKIN, WILLIAM WIL,TG 2;
LUMPKIN, WILLIAM WIL,WOSM 73;
LUMPKIN, WILLIAM WIL,WOSM 77;
LUMPKIN, WILLIAM WIL,WOSM 78;
LUMPKIN, WILLIAM WIL,WOSM 84;
LUMPKIN, WILLIE | TI,A:T;
LUMP,NF3 1;
LUMP,NF3 10;
LUMP,NF3 12;
LUMP,NF3 14;
LUMP,NF3 2;
LUMP,NF3 3;
LUMP,NF3 4;
LUMP,NF3 42;
LUMP,NF3 5;
LUMP,NF3 6;
LUMP,NF3 9;
LU, MR.,M/K 12;
LUNA/LUNA MAXIMOFF [,A 12;
LUNA/LUNA MAXIMOFF [,A 234;
LUNA/LUNA MAXIMOFF [,A 243;
LUNA/LUNA MAXIMOFF [,A3 1;
LUNA/LUNA MAXIMOFF [,A 343;
LUNA/LUNA MAXIMOFF [,A 348;
LUNA/LUNA MAXIMOFF [,A 350;
LUNA/LUNA MAXIMOFF [,A 350/2;
LUNA/LUNA MAXIMOFF [,A 351;
LUNA/LUNA MAXIMOFF [,A 357;
LUNA/LUNA MAXIMOFF [,A 376;
LUNA/LUNA MAXIMOFF [,A 380;
LUNA/LUNA MAXIMOFF [,A 390;
LUNA/LUNA MAXIMOFF [,A 391;
LUNA/LUNA MAXIMOFF [,A 392;
LUNA/LUNA MAXIMOFF [,A 393;
LUNA/LUNA MAXIMOFF [,A 395;
LUNA/LUNA MAXIMOFF [,A:C;
LUNA/LUNA MAXIMOFF [,DAZZ 32;
LUNA/LUNA MAXIMOFF [,FF 18;
LUNA/LUNA MAXIMOFF [,FF 21;
LUNA/LUNA MAXIMOFF [,FF 21/2;
LUNA/LUNA MAXIMOFF [,FF 240;
LUNA/LUNA MAXIMOFF [,FF 248;
LUNA/LUNA MAXIMOFF [,FF 306;
LUNA/LUNA MAXIMOFF [,FF 307;
LUNA/LUNA MAXIMOFF [,H2 279;
LUNA/LUNA MAXIMOFF [,IM 322;
LUNA/LUNA MAXIMOFF [,IM 323;
LUNA/LUNA MAXIMOFF [,INH2 12;
LUNA/LUNA MAXIMOFF [,INHUMANS GRAPHIC NOV;
LUNA/LUNA MAXIMOFF [,QS 1;
LUNA/LUNA MAXIMOFF [,QS 13;
LUNA/LUNA MAXIMOFF [,QS 2;
LUNA/LUNA MAXIMOFF [,QS 4;
LUNA/LUNA MAXIMOFF [,QS 5;
LUNA/LUNA MAXIMOFF [,QS 6;
LUNA/LUNA MAXIMOFF [,QS 7;
LUNA/LUNA MAXIMOFF [,TG 3;
LUNA/LUNA MAXIMOFF [,V&SW 2;
LUNA/LUNA MAXIMOFF [,V&SW2 10;
LUNA/LUNA MAXIMOFF [,V&SW2 6;
LUNA/LUNA MAXIMOFF [,V&SW2 8;
LUNA/LUNA MAXIMOFF [,V&SW 4;
LUNA/LUNA MAXIMOFF [,XCAL 113;
LUNA/LUNA MAXIMOFF [,XF 2;
LUNATIK/ARISEN TYRK,COTL 36;
LUNATIK/ARISEN TYRK,COTL 37;
LUNATIK/ARISEN TYRK,DEF 53;
LUNATIK/ARISEN TYRK,DEF 55;
LUNATIK/ARISEN TYRK,DEF 56;
LUNATIK/ARISEN TYRK,DEF 61;
LUNATIK/ARISEN TYRK,DEF 62;
LUNATIK/ARISEN TYRK,DEF 70;
LUNATIK/ARISEN TYRK,DEF 71;
LUNATIK/ARISEN TYRK,DEF 72;
LUNATIK/ARISEN TYRK,DEF 73;
LUNATIK II,CPU 3/3;
LUPE,M/CP 107/3;
LUPE,M/CP 108/3;
LUPE,M/CP 109/3;
LUPE,M/CP 110/3;
LUPE,M/CP 111/3;
LUPO,A 105;
LUPO,M/FAN 3;
LUPO,M/FAN 4;
LUPO,UX 12;
LUPO,UX 250;
LUPO,UX 274;
LUPO,UX 275;
LUPO,UX 62;
LUPO,UX 63;
LUPO,XU 6;
LURKING UNKNOWN,DRSTR3 31/2;
LURKING UNKNOWN,DRSTR3 32/2;
LURKING UNKNOWN,DRSTR3 33/3;
LURKING UNKNOWN,DRSTR3 38;
LURKING UNKNOWN,T 136;
LYJA LAZERFIST [SKRU,AR 1;
LYJA LAZERFIST [SKRU,AR 2;
LYJA LAZERFIST [SKRU,AUP 3;
LYJA LAZERFIST [SKRU,DAMCON 2;
LYJA LAZERFIST [SKRU,FF 19;
LYJA LAZERFIST [SKRU,FF 265;
LYJA LAZERFIST [SKRU,FF 266;
LYJA LAZERFIST [SKRU,FF 267;
LYJA LAZERFIST [SKRU,FF 269;
LYJA LAZERFIST [SKRU,FF 270;
LYJA LAZERFIST [SKRU,FF 271;
LYJA LAZERFIST [SKRU,FF 274;
LYJA LAZERFIST [SKRU,FF 275;
LYJA LAZERFIST [SKRU,FF 276;
LYJA LAZERFIST [SKRU,FF 277;
LYJA LAZERFIST [SKRU,FF 278;
LYJA LAZERFIST [SKRU,FF 280;
LYJA LAZERFIST [SKRU,FF 281;
LYJA LAZERFIST [SKRU,FF 285;
LYJA LAZERFIST [SKRU,FF 287;
LYJA LAZERFIST [SKRU,FF 291;
LYJA LAZERFIST [SKRU,FF 293;
LYJA LAZERFIST [SKRU,FF 296;
LYJA LAZERFIST [SKRU,FF 297;
LYJA LAZERFIST [SKRU,FF 298;
LYJA LAZERFIST [SKRU,FF 300;
LYJA LAZERFIST [SKRU,FF 301;
LYJA LAZERFIST [SKRU,FF 302;
LYJA LAZERFIST [SKRU,FF 304;
LYJA LAZERFIST [SKRU,FF 305;
LYJA LAZERFIST [SKRU,FF 306;
LYJA LAZERFIST [SKRU,FF 307;
LYJA LAZERFIST [SKRU,FF 309;
LYJA LAZERFIST [SKRU,FF 310;
LYJA LAZERFIST [SKRU,FF 314;
LYJA LAZERFIST [SKRU,FF 316;
LYJA LAZERFIST [SKRU,FF 317;
LYJA LAZERFIST [SKRU,FF 318;
LYJA LAZERFIST [SKRU,FF 319;
LYJA LAZERFIST [SKRU,FF 320;
LYJA LAZERFIST [SKRU,FF 321;
LYJA LAZERFIST [SKRU,FF 322;
LYJA LAZERFIST [SKRU,FF 325;
LYJA LAZERFIST [SKRU,FF 326;
LYJA LAZERFIST [SKRU,FF 327;
LYJA LAZERFIST [SKRU,FF 328;
LYJA LAZERFIST [SKRU,FF 329;
LYJA LAZERFIST [SKRU,FF 333;
LYJA LAZERFIST [SKRU,FF 334;
LYJA LAZERFIST [SKRU,FF 337;
LYJA LAZERFIST [SKRU,FF 342;
LYJA LAZERFIST [SKRU,FF 347;
LYJA LAZERFIST [SKRU,FF 348;
LYJA LAZERFIST [SKRU,FF 349;
LYJA LAZERFIST [SKRU,FF 350;
LYJA LAZERFIST [SKRU,FF 356;
LYJA LAZERFIST [SKRU,FF 357;
LYJA LAZERFIST [SKRU,FF 358;
LYJA LAZERFIST [SKRU,FF 366;
LYJA LAZERFIST [SKRU,FF 369;
LYJA LAZERFIST [SKRU,FF 370;
LYJA LAZERFIST [SKRU,FF 371;
LYJA LAZERFIST [SKRU,FF 372;
LYJA LAZERFIST [SKRU,FF 389;
LYJA LAZERFIST [SKRU,FF 390;
LYJA LAZERFIST [SKRU,FF 391;
LYJA LAZERFIST [SKRU,FF 392;
LYJA LAZERFIST [SKRU,FF 393;
LYJA LAZERFIST [SKRU,FF 394;
LYJA LAZERFIST [SKRU,FF 395;
LYJA LAZERFIST [SKRU,FF 396;
LYJA LAZERFIST [SKRU,FF 397;
LYJA LAZERFIST [SKRU,FF 400;
LYJA LAZERFIST [SKRU,FF 400/2;
LYJA LAZERFIST [SKRU,FF 403;
LYJA LAZERFIST [SKRU,FF 404;
LYJA LAZERFIST [SKRU,FF 405;
LYJA LAZERFIST [SKRU,FF 406;
LYJA LAZERFIST [SKRU,FF 407;
LYJA LAZERFIST [SKRU,FF 408;
LYJA LAZERFIST [SKRU,FF 409;
LYJA LAZERFIST [SKRU,FF 410;
LYJA LAZERFIST [SKRU,FF 411;
LYJA LAZERFIST [SKRU,FF 412;
LYJA LAZERFIST [SKRU,FF 414;
LYJA LAZERFIST [SKRU,FF 415;
LYJA LAZERFIST [SKRU,FF 416;
LYJA LAZERFIST [SKRU,FFOR 7;
LYJA LAZERFIST [SKRU,FFOR 8;
LYJA LAZERFIST [SKRU,FFOR 9;
LYJA LAZERFIST [SKRU,FFU 12;
LYJA LAZERFIST [SKRU,FFUP 2;
LYJA LAZERFIST [SKRU,FFUP 3;
LYJA LAZERFIST [SKRU,FFV.X 3;
LYJA LAZERFIST [SKRU,FFV.X 4;
LYJA LAZERFIST [SKRU,M/CP 18/4;
LYJA LAZERFIST [SKRU,M/CP 74/4;
LYJA LAZERFIST [SKRU,MEPHV. 1;
LYJA LAZERFIST [SKRU,M/TU 148;
LYJA LAZERFIST [SKRU,QP 3;
LYJA LAZERFIST [SKRU,SWII 2;
LYJA LAZERFIST [SKRU,TM/U 1;
LYJA LAZERFIST [SKRU,WOSM 73;
LYLLA,H2 271;
LYLLA,ROCRAC 1;
LYLLA,ROCRAC 2;
LYLLA,ROCRAC 3;
LYLLA,ROCRAC 4;
LYNNE, MONICA,A 73;
LYNNE, MONICA,A 74;
LYNNE, MONICA,A 78;
LYNNE, MONICA,A 79;
LYNNE, MONICA,BP 14;
LYNNE, MONICA,BP 15;
LYNNE, MONICA,BP3 10;
LYNNE, MONICA,BP3 11;
LYNNE, MONICA,BP3 13;
LYNNE, MONICA,BP3 15;
LYNNE, MONICA,BP3 16;
LYNNE, MONICA,BP3 18;
LYNNE, MONICA,BP3 19;
LYNNE, MONICA,BP3 20;
LYNNE, MONICA,BP3 21;
LYNNE, MONICA,BP3 22;
LYNNE, MONICA,BP3 24;
LYNNE, MONICA,BP3 26;
LYNNE, MONICA,BP3 27;
LYNNE, MONICA,BP3 28;
LYNNE, MONICA,BP3 30;
LYNNE, MONICA,BP3 32;
LYNNE, MONICA,BP3 33;
LYNNE, MONICA,BP3 4;
LYNNE, MONICA,BP3 6;
LYNNE, MONICA,BP3 8;
LYNNE, MONICA,BP3 9;
LYNNE, MONICA,JA 10;
LYNNE, MONICA,JA 11;
LYNNE, MONICA,JA 12;
LYNNE, MONICA,JA 13;
LYNNE, MONICA,JA 14;
LYNNE, MONICA,JA 15;
LYNNE, MONICA,JA 16;
LYNNE, MONICA,JA 17;
LYNNE, MONICA,JA 18;
LYNNE, MONICA,JA 19;
LYNNE, MONICA,JA 20;
LYNNE, MONICA,JA 21;
LYNNE, MONICA,JA 22;
LYNNE, MONICA,JA 24;
LYNNE, MONICA,JA 6;
LYNNE, MONICA,JA 7;
LYNNE, MONICA,JA 8;
LYNNE, MONICA,JA 9;
LYNNE, MONICA,M/PRM 51;
LYNNE, MONICA,M/PRM 52;
LYNNE, MONICA,M/PRM 53;
LYNN, NORMA,ASM 422;
LYTH'KA, COMMANDER,CM4 1;
M-80/SAYURI KYOTO,CA '00/2;
MAA-GOR,AA 11;
MAA-GOR,AT 11;
MAA-GOR,AT 20;
MAA-GOR,DD 12;
MAA-GOR,DD 13;
MAA-GOR,KZ3 15/2;
MAA-GOR,KZ3 22/2;
MAA-GOR,KZ3 23/2;
MAA-GOR,KZ3 24/2;
MAA-GOR,KZ3 25/2;
MAA-GOR,KZ3 26/2;
MAA-GOR,UX 10;
MACENDALE, JASON JR.,S-M 49;
MACENDALE, KAREN,S-M 49;
MACE,PM 23;
MACE,PM 43;
MACE,PM 44;
MACE,PM 45;
MACE,PPTSS 50/2;
MACE,PPTSS 51/2;
MACE,PPTSS 52;
MACHETE/FERDINAND LO,CA 302;
MACHETE/FERDINAND LO,CA 303;
MACHETE/FERDINAND LO,CA 357/2;
MACHETE/FERDINAND LO,CA 358;
MACHETE/FERDINAND LO,CA 359;
MACHETE/FERDINAND LO,CA 360;
MACHETE/FERDINAND LO,CA 361;
MACHETE/FERDINAND LO,CA 362;
MACHETE/FERDINAND LO,HAWK2;
MACHETE/FERDINAND LO,SOLOA 3;
MACHETE/FERDINAND LO,USA2 1;
MACHINE MAN/X-51,2001 10;
MACHINE MAN/X-51,2001 8;
MACHINE MAN/X-51,2001 9;
MACHINE MAN/X-51,A 19;
MACHINE MAN/X-51,A 287;
MACHINE MAN/X-51,A 288;
MACHINE MAN/X-51,A 289;
MACHINE MAN/X-51,A 290;
MACHINE MAN/X-51,A3 1;
MACHINE MAN/X-51,A3 2;
MACHINE MAN/X-51,A3 3;
MACHINE MAN/X-51,A3 4;
MACHINE MAN/X-51,AWC 5;
MACHINE MAN/X-51,AWC 83;
MACHINE MAN/X-51,C2 '98;
MACHINE MAN/X-51,CA3 3;
MACHINE MAN/X-51,COC 1;
MACHINE MAN/X-51,DLOK2 2;
MACHINE MAN/X-51,DLOK2 3;
MACHINE MAN/X-51,DLOK2 4;
MACHINE MAN/X-51,DLOK2 5;
MACHINE MAN/X-51,H2 235;
MACHINE MAN/X-51,H2 236;
MACHINE MAN/X-51,H2 237;
MACHINE MAN/X-51,H2 278;
MACHINE MAN/X-51,H2 279;
MACHINE MAN/X-51,IM 11;
MACHINE MAN/X-51,IM 168;
MACHINE MAN/X-51,M/CP 10/3;
MACHINE MAN/X-51,M/GN 27;
MACHINE MAN/X-51,MM 1;
MACHINE MAN/X-51,MM 10;
MACHINE MAN/X-51,MM 11;
MACHINE MAN/X-51,MM 12;
MACHINE MAN/X-51,MM 13;
MACHINE MAN/X-51,MM 14;
MACHINE MAN/X-51,MM 15;
MACHINE MAN/X-51,MM 16;
MACHINE MAN/X-51,MM 17;
MACHINE MAN/X-51,MM 18;
MACHINE MAN/X-51,MM 19;
MACHINE MAN/X-51,MM 2;
MACHINE MAN/X-51,MM 3;
MACHINE MAN/X-51,MM 4;
MACHINE MAN/X-51,MM 5;
MACHINE MAN/X-51,MM 6;
MACHINE MAN/X-51,MM 7;
MACHINE MAN/X-51,MM 8;
MACHINE MAN/X-51,MM 9;
MACHINE MAN/X-51,M/TIO 93;
MACHINE MAN/X-51,M/TU 3;
MACHINE MAN/X-51,M/TU 99;
MACHINE MAN/X-51,T 15;
MACHINE MAN/X-51,TB 29;
MACHINE MAN/X-51,UX 371;
MACHINE MAN/X-51,X51 2;
MACHINE MAN/X-51,X51 6;
MACHINE MAN/X-51,X 91;
MACHINE MAN/X-51,X '99;
MACINTOSH, ANN,ASM 18;
MACINTOSH, ANN,ASM 260;
MACINTOSH, ANN,ASM 285;
MACINTOSH, ANN,DB 3;
MACINTOSH, ANN,PPTSS 115;
MACINTOSH, ANN,S-M 69;
MACKAY, AILSA,NF3 11;
MACKAY, MURDO,NF3 11;
MACKENZIE, AL,DLOK 3;
MACKENZIE, AL,DLOK 4;
MACKENZIE, AL,NF3 1;
MACKENZIE, AL,NF3 10;
MACKENZIE, AL,NF3 12;
MACKENZIE, AL,NF3 13;
MACKENZIE, AL,NF3 14;
MACKENZIE, AL,NF3 15;
MACKENZIE, AL,NF3 16;
MACKENZIE, AL,NF3 17;
MACKENZIE, AL,NF3 18;
MACKENZIE, AL,NF3 19;
MACKENZIE, AL,NF3 2;
MACKENZIE, AL,NF3 20;
MACKENZIE, AL,NF3 22;
MACKENZIE, AL,NF3 25;
MACKENZIE, AL,NF3 27;
MACKENZIE, AL,NF3 3;
MACKENZIE, AL,NF3 4;
MACKENZIE, AL,NF3 5;
MACKENZIE, AL,NF3 6;
MACKENZIE, AL,NF3 7;
MACKENZIE, AL,NF3 8;
MACKENZIE, AL,NF3 9;
MACKENZIE, AL,NFV.S 3;
MACKENZIE, AL,NFV.S 4;
MACKENZIE, AL,NFV.S 5;
MACKENZIE, AL,NFV.S 6;
MACKENZIE, AL,PUN2 41;
MACKENZIE, DR. NEIL,CB 5;
MACLAIN, DR. MYRON,A 66;
MACLAIN, DR. MYRON,A 68;
MACLAIN, DR. MYRON,AWC 89;
MACLAIN, DR. MYRON,AWC 90;
MACLAIN, DR. MYRON,AWC 91;
MACLAIN, DR. MYRON,CA 303;
MACLAIN, DR. MYRON,CA 304;
MACLAIN, DR. MYRON,W2 -1;
MACON, ANGELO,M/GN 4;
MACON, ANGELO,UX 133;
MACON, ANGELO,UX 152;
MACON, ANGELO,UX 205;
MACON, ANGELO,UX 248;
MACON, ANGELO,UX 251;
MACON, ANGELO,UX 252;
MACON, ANGELO,UX 253;
MACON, ANGELO,UX 254;
MACON, ANGELO,UX 255;
MACON, ANGELO,UX 262;
MACON, ANGELO,UX 269;
MACON, ANGELO,UX 281;
MACRAE, TRUTH,M/:LG 8;
MACRAE, TRUTH,M/:LG 9;
MACTAGGART, JOE,UX 389;
MACTAGGART, MOIRA |,MX 21;
MACTAGGERT, MOIRA KI,AF 88;
MACTAGGERT, MOIRA KI,BSHP2 16;
MACTAGGERT, MOIRA KI,C2 21;
MACTAGGERT, MOIRA KI,C2 29;
MACTAGGERT, MOIRA KI,C2 39;
MACTAGGERT, MOIRA KI,CX 10;
MACTAGGERT, MOIRA KI,CX 11;
MACTAGGERT, MOIRA KI,CX 2;
MACTAGGERT, MOIRA KI,CX 26;
MACTAGGERT, MOIRA KI,CX 36/2;
MACTAGGERT, MOIRA KI,CX 4;
MACTAGGERT, MOIRA KI,CX 6;
MACTAGGERT, MOIRA KI,CX 9/2;
MACTAGGERT, MOIRA KI,FA 1;
MACTAGGERT, MOIRA KI,FA 2;
MACTAGGERT, MOIRA KI,FFV.X 1;
MACTAGGERT, MOIRA KI,FFV.X 2;
MACTAGGERT, MOIRA KI,GAM3 2;
MACTAGGERT, MOIRA KI,GENX 32;
MACTAGGERT, MOIRA KI,GENX 33;
MACTAGGERT, MOIRA KI,GENX '95;
MACTAGGERT, MOIRA KI,IF 15;
MACTAGGERT, MOIRA KI,M/CP 17/4;
MACTAGGERT, MOIRA KI,M/CP 18;
MACTAGGERT, MOIRA KI,M/CP 19;
MACTAGGERT, MOIRA KI,M/CP 20;
MACTAGGERT, MOIRA KI,M/CP 21;
MACTAGGERT, MOIRA KI,M/CP 22;
MACTAGGERT, MOIRA KI,M/CP 22/3;
MACTAGGERT, MOIRA KI,M/CP 23;
MACTAGGERT, MOIRA KI,M/CP 23/2;
MACTAGGERT, MOIRA KI,M/CP 24;
MACTAGGERT, MOIRA KI,M/GN 4;
MACTAGGERT, MOIRA KI,MR 1;
MACTAGGERT, MOIRA KI,NM 1;
MACTAGGERT, MOIRA KI,NM 22;
MACTAGGERT, MOIRA KI,NM 23;
MACTAGGERT, MOIRA KI,NM 24;
MACTAGGERT, MOIRA KI,NM 26;
MACTAGGERT, MOIRA KI,NM 27;
MACTAGGERT, MOIRA KI,NM 28;
MACTAGGERT, MOIRA KI,NM 3;
MACTAGGERT, MOIRA KI,NM 44;
MACTAGGERT, MOIRA KI,NM 46;
MACTAGGERT, MOIRA KI,NM 47;
MACTAGGERT, MOIRA KI,NM 88;
MACTAGGERT, MOIRA KI,NM 89;
MACTAGGERT, MOIRA KI,SWII 1;
MACTAGGERT, MOIRA KI,UX 101;
MACTAGGERT, MOIRA KI,UX 104;
MACTAGGERT, MOIRA KI,UX 106;
MACTAGGERT, MOIRA KI,UX 109;
MACTAGGERT, MOIRA KI,UX 110;
MACTAGGERT, MOIRA KI,UX 117;
MACTAGGERT, MOIRA KI,UX 119;
MACTAGGERT, MOIRA KI,UX 122;
MACTAGGERT, MOIRA KI,UX 125;
MACTAGGERT, MOIRA KI,UX 126;
MACTAGGERT, MOIRA KI,UX 127;
MACTAGGERT, MOIRA KI,UX 128;
MACTAGGERT, MOIRA KI,UX 129;
MACTAGGERT, MOIRA KI,UX 133;
MACTAGGERT, MOIRA KI,UX 135;
MACTAGGERT, MOIRA KI,UX 141;
MACTAGGERT, MOIRA KI,UX 142;
MACTAGGERT, MOIRA KI,UX 146;
MACTAGGERT, MOIRA KI,UX 148;
MACTAGGERT, MOIRA KI,UX 15;
MACTAGGERT, MOIRA KI,UX 150;
MACTAGGERT, MOIRA KI,UX 158;
MACTAGGERT, MOIRA KI,UX 159;
MACTAGGERT, MOIRA KI,UX 161;
MACTAGGERT, MOIRA KI,UX 163;
MACTAGGERT, MOIRA KI,UX 165;
MACTAGGERT, MOIRA KI,UX 167;
MACTAGGERT, MOIRA KI,UX 168;
MACTAGGERT, MOIRA KI,UX 175;
MACTAGGERT, MOIRA KI,UX 199;
MACTAGGERT, MOIRA KI,UX 212;
MACTAGGERT, MOIRA KI,UX 213;
MACTAGGERT, MOIRA KI,UX 216;
MACTAGGERT, MOIRA KI,UX 217;
MACTAGGERT, MOIRA KI,UX 227;
MACTAGGERT, MOIRA KI,UX 253;
MACTAGGERT, MOIRA KI,UX 254;
MACTAGGERT, MOIRA KI,UX 255;
MACTAGGERT, MOIRA KI,UX 257;
MACTAGGERT, MOIRA KI,UX 258;
MACTAGGERT, MOIRA KI,UX 259;
MACTAGGERT, MOIRA KI,UX 269;
MACTAGGERT, MOIRA KI,UX 271;
MACTAGGERT, MOIRA KI,UX 273;
MACTAGGERT, MOIRA KI,UX 278;
MACTAGGERT, MOIRA KI,UX 280;
MACTAGGERT, MOIRA KI,UX 295;
MACTAGGERT, MOIRA KI,UX 296;
MACTAGGERT, MOIRA KI,UX 300;
MACTAGGERT, MOIRA KI,UX 326;
MACTAGGERT, MOIRA KI,UX 335;
MACTAGGERT, MOIRA KI,UX 348;
MACTAGGERT, MOIRA KI,UX 375;
MACTAGGERT, MOIRA KI,UX 376;
MACTAGGERT, MOIRA KI,UX 377;
MACTAGGERT, MOIRA KI,UX 388;
MACTAGGERT, MOIRA KI,UX 389;
MACTAGGERT, MOIRA KI,UX 5;
MACTAGGERT, MOIRA KI,UX 96;
MACTAGGERT, MOIRA KI,UX 97;
MACTAGGERT, MOIRA KI,UX 98;
MACTAGGERT, MOIRA KI,W2 146;
MACTAGGERT, MOIRA KI,W2 147;
MACTAGGERT, MOIRA KI,W2 82;
MACTAGGERT, MOIRA KI,X 1;
MACTAGGERT, MOIRA KI,X 108;
MACTAGGERT, MOIRA KI,X 14;
MACTAGGERT, MOIRA KI,X 15;
MACTAGGERT, MOIRA KI,X 2;
MACTAGGERT, MOIRA KI,X 3;
MACTAGGERT, MOIRA KI,X 4;
MACTAGGERT, MOIRA KI,X 95;
MACTAGGERT, MOIRA KI,X 96;
MACTAGGERT, MOIRA KI,XCAL 100;
MACTAGGERT, MOIRA KI,XCAL 101;
MACTAGGERT, MOIRA KI,XCAL 102;
MACTAGGERT, MOIRA KI,XCAL 104;
MACTAGGERT, MOIRA KI,XCAL 105;
MACTAGGERT, MOIRA KI,XCAL 106;
MACTAGGERT, MOIRA KI,XCAL 107;
MACTAGGERT, MOIRA KI,XCAL 109;
MACTAGGERT, MOIRA KI,XCAL 11;
MACTAGGERT, MOIRA KI,XCAL 112;
MACTAGGERT, MOIRA KI,XCAL 113;
MACTAGGERT, MOIRA KI,XCAL 114;
MACTAGGERT, MOIRA KI,XCAL 115;
MACTAGGERT, MOIRA KI,XCAL 117;
MACTAGGERT, MOIRA KI,XCAL 118;
MACTAGGERT, MOIRA KI,XCAL 120;
MACTAGGERT, MOIRA KI,XCAL 121;
MACTAGGERT, MOIRA KI,XCAL 122;
MACTAGGERT, MOIRA KI,XCAL 123;
MACTAGGERT, MOIRA KI,XCAL 124;
MACTAGGERT, MOIRA KI,XCAL 125;
MACTAGGERT, MOIRA KI,XCAL 2;
MACTAGGERT, MOIRA KI,XCAL 26;
MACTAGGERT, MOIRA KI,XCAL 4;
MACTAGGERT, MOIRA KI,XCAL 79;
MACTAGGERT, MOIRA KI,XCAL 80;
MACTAGGERT, MOIRA KI,XCAL 81;
MACTAGGERT, MOIRA KI,XCAL 83;
MACTAGGERT, MOIRA KI,XCAL 84;
MACTAGGERT, MOIRA KI,XCAL 85;
MACTAGGERT, MOIRA KI,XCAL 86;
MACTAGGERT, MOIRA KI,XCAL 87;
MACTAGGERT, MOIRA KI,XCAL 88;
MACTAGGERT, MOIRA KI,XCAL 89;
MACTAGGERT, MOIRA KI,XCAL 90;
MACTAGGERT, MOIRA KI,XCAL 91;
MACTAGGERT, MOIRA KI,XCAL 92;
MACTAGGERT, MOIRA KI,XCAL 93;
MACTAGGERT, MOIRA KI,XCAL 95;
MACTAGGERT, MOIRA KI,XCAL 97;
MACTAGGERT, MOIRA KI,XCAL 98;
MACTAGGERT, MOIRA KI,XCAL: WEIRD WAR III;
MACTAGGERT, MOIRA KI,XF 106;
MACTAGGERT, MOIRA KI,XF 6;
MACTAGGERT, MOIRA KI,XF 69;
MACTAGGERT, MOIRA KI,XF 70;
MACTAGGERT, MOIRA KI,XF 75;
MACTAGGERT, MOIRA KI,XF 86;
MACTAGGERT, MOIRA KI,XFOR 17;
MACTAGGERT, MOIRA KI,XFOR 38;
MACTAGGERT, MOIRA KI,X:HY 10;
MACTAGGERT, MOIRA KI,XM 11;
MACTAGGERT, MOIRA KI,XM 12;
MACTAGGERT, MOIRA KI,X:PRIME;
MACTAGGERT, MOIRA KI,XU 16;
MACTAGGERT, MOIRA KI,XU 21;
MACTAGGERT, MOIRA KI,XU 25;
MACTAGGERT, MOIRA KI,XU 27;
MADAME HYDRA VI,NF3 12;
MADAME HYDRA VI,NF3 13;
MADAME HYDRA VI,NF3 14;
MADAME HYDRA VI,NFV.S 3;
MADAME HYDRA VI,NFV.S 4;
MADAME HYDRA VI,NFV.S 5;
MADAME HYDRA VI,NFV.S 6;
MADAME MASQUE/GIULIE,A3 32;
MADAME MASQUE/GIULIE,A3 33;
MADAME MASQUE/GIULIE,A3 34;
MADAME MASQUE/GIULIE,DD 73;
MADAME MASQUE/GIULIE,IM 1;
MADAME MASQUE/GIULIE,IM 100;
MADAME MASQUE/GIULIE,IM 101;
MADAME MASQUE/GIULIE,IM 102;
MADAME MASQUE/GIULIE,IM 103;
MADAME MASQUE/GIULIE,IM 104;
MADAME MASQUE/GIULIE,IM 105;
MADAME MASQUE/GIULIE,IM 106;
MADAME MASQUE/GIULIE,IM 107;
MADAME MASQUE/GIULIE,IM 108;
MADAME MASQUE/GIULIE,IM 109;
MADAME MASQUE/GIULIE,IM 110;
MADAME MASQUE/GIULIE,IM 111;
MADAME MASQUE/GIULIE,IM 112;
MADAME MASQUE/GIULIE,IM 113;
MADAME MASQUE/GIULIE,IM 114;
MADAME MASQUE/GIULIE,IM 115;
MADAME MASQUE/GIULIE,IM 116;
MADAME MASQUE/GIULIE,IM 138;
MADAME MASQUE/GIULIE,IM 139;
MADAME MASQUE/GIULIE,IM 17;
MADAME MASQUE/GIULIE,IM 18;
MADAME MASQUE/GIULIE,IM 19;
MADAME MASQUE/GIULIE,IM 198;
MADAME MASQUE/GIULIE,IM 201;
MADAME MASQUE/GIULIE,IM 203;
MADAME MASQUE/GIULIE,IM 204;
MADAME MASQUE/GIULIE,IM 238;
MADAME MASQUE/GIULIE,IM 24;
MADAME MASQUE/GIULIE,IM 245;
MADAME MASQUE/GIULIE,IM 3;
MADAME MASQUE/GIULIE,IM3 1;
MADAME MASQUE/GIULIE,IM3 10;
MADAME MASQUE/GIULIE,IM3 11;
MADAME MASQUE/GIULIE,IM 35;
MADAME MASQUE/GIULIE,IM 36;
MADAME MASQUE/GIULIE,IM 6;
MADAME MASQUE/GIULIE,IM 7;
MADAME MASQUE/GIULIE,IM 8;
MADAME MASQUE/GIULIE,IM 91;
MADAME MASQUE/GIULIE,IM 92;
MADAME MASQUE/GIULIE,IM 93;
MADAME MASQUE/GIULIE,IM 94;
MADAME MASQUE/GIULIE,IM 95;
MADAME MASQUE/GIULIE,IM 96;
MADAME MASQUE/GIULIE,IM 97;
MADAME MASQUE/GIULIE,IM 98;
MADAME MASQUE/GIULIE,IM 99;
MADAME MASQUE/GIULIE,IM&SM 1;
MADAME MASQUE/GIULIE,LONGFELLOW;
MADAME MASQUE/GIULIE,TB 44;
MADAME MASQUE/GIULIE,TOS 97;
MADAME MASQUE/GIULIE,TOS 98/2;
MADAME MASQUE/GIULIE,TOS 99;
MADAME MASQUE II/,H2 361;
MADAME MASQUE III,A3 32;
MADAME MASQUE III,A3 33;
MADAME MASQUE III,A3 34;
MADAME MASQUE III,A 393;
MADAME MASQUE III,A 394;
MADAME MASQUE III,A 395;
MADAME MASQUE III,A 397;
MADAME MASQUE III,A 398;
MADAME MASQUE III,A 399;
MADAME MASQUE III,AOI;
MADAME MASQUE III,IM 321;
MADAME MASQUE III,IM 322;
MADAME MASQUE III,IM 323;
MADAME MASQUE III,IM 324;
MADAME MASQUE III,IM 325;
MADAME MASQUE II/,IM 238;
MADAME MASQUE II/,IM 245;
MADAME MASQUE II/,IM 247;
MADAME MASQUE II/,Q 9;
MADAME MASQUE IV,IM3 10;
MADAME MASQUE VI,A3 31;
MADAME MASQUE V,IM3 20;
MADAME MASQUE V,IM3 21;
MADAME MENACE/SUNSET,GR2 63;
MADAME MENACE/SUNSET,IM 11;
MADAME MENACE/SUNSET,IM3 1;
MADAME MENACE/SUNSET,IM3 11;
MADAME MENACE/SUNSET,IM3 12;
MADAME MENACE/SUNSET,IM3 18;
MADAME MENACE/SUNSET,IM3 19;
MADAME MENACE/SUNSET,IM3 20;
MADAME MENACE/SUNSET,IM3 4;
MADAME MENACE/SUNSET,MM 17;
MADAME MENACE/SUNSET,MM 18;
MADAME MENACE/SUNSET,MM2 1;
MADAME MENACE/SUNSET,SOLOA 17;
MADAME QWA,ASM 421;
MADAME QWA,ASM 422;
MADAME QWA,ASM 423;
MADAME QWA,ASM 424;
MADAME QWA,ASM 427;
MADAME QWA,ASM 428;
MADAME ROSE,DHAWK 15;
MADAME SLAY,IM 5;
MADAME WEB/CASSANDRA,ASM 210;
MADAME WEB/CASSANDRA,ASM2 14;
MADAME WEB/CASSANDRA,ASM 216;
MADAME WEB/CASSANDRA,ASM 229;
MADAME WEB/CASSANDRA,ASM 230;
MADAME WEB/CASSANDRA,ASM 239;
MADAME WEB/CASSANDRA,ASM2 6;
MADAME WEB/CASSANDRA,ASM 441;
MADAME WEB/CASSANDRA,S-M 96;
MADAME WEB/CASSANDRA,S-W3 1;
MADAME WEB/CASSANDRA,S-W3 10;
MADAME WEB/CASSANDRA,S-W3 11;
MADAME WEB/CASSANDRA,S-W3 14;
MADAME WEB/CASSANDRA,S-W3 2;
MADAME WEB/CASSANDRA,S-W3 3;
MADAME WEB/CASSANDRA,S-W3 4;
MADAME WEB/CASSANDRA,S-W3 5;
MADAME WEB/CASSANDRA,S-W3 6;
MADAME WEB/CASSANDRA,S-W3 8;
MADAME WEB/CASSANDRA,S-W3 9;
MADCAP,ASPOT 29;
MADCAP,CA 307;
MADCAP,CA 309;
MADCAP,CA 442;
MADCAP,DD 234;
MADCAP,HFH 10;
MADCAP,HFH 11;
MADCAP,IMSVS 1/2;
MADCAP,PP 34;
MADCAP,S-H2 9;
MADCAP,TB '97;
MADDEN, CHET,CA '00;
MADDEN, CHET,CA3 30;
MADDEN, CHET,CA3 31;
MADDEN, CHET,CA3 35;
MADDEN, CHET,CA3 37;
MADDEN, CHET,CA3 38;
MADDEN, CHET,CA3 39;
MADDEN, CHET,CA3 40;
MADDICKS, ARTHUR ART,DAYD 1;
MADDICKS, ARTHUR ART,DAYD 2;
MADDICKS, ARTHUR ART,DAYD 3;
MADDICKS, ARTHUR ART,GENX 13;
MADDICKS, ARTHUR ART,GENX 23;
MADDICKS, ARTHUR ART,GENX 25;
MADDICKS, ARTHUR ART,GENX 36;
MADDICKS, ARTHUR ART,GENX 37;
MADDICKS, ARTHUR ART,GENX 38;
MADDICKS, ARTHUR ART,GENX 39;
MADDICKS, ARTHUR ART,GENX 44;
MADDICKS, ARTHUR ART,GENX 45;
MADDICKS, ARTHUR ART,GENX 47;
MADDICKS, ARTHUR ART,GENX 5;
MADDICKS, ARTHUR ART,GENX 51;
MADDICKS, ARTHUR ART,GENX 52;
MADDICKS, ARTHUR ART,GENX 57;
MADDICKS, ARTHUR ART,GENX 59;
MADDICKS, ARTHUR ART,GENX 6;
MADDICKS, ARTHUR ART,GENX 60;
MADDICKS, ARTHUR ART,GENX 68;
MADDICKS, ARTHUR ART,GENX 7;
MADDICKS, ARTHUR ART,GENX '95;
MADDICKS, ARTHUR ART,H '97/2;
MADDICKS, ARTHUR ART,M/FAN 50;
MADDICKS, ARTHUR ART,NM 7;
MADDICKS, ARTHUR ART,NM 72;
MADDICKS, ARTHUR ART,NM 7/3;
MADDICKS, ARTHUR ART,NM 73;
MADDICKS, ARTHUR ART,NM 74;
MADDICKS, ARTHUR ART,PP 27;
MADDICKS, ARTHUR ART,T 374;
MADDICKS, ARTHUR ART,XF 10;
MADDICKS, ARTHUR ART,XF 11;
MADDICKS, ARTHUR ART,XF 12;
MADDICKS, ARTHUR ART,XF 13;
MADDICKS, ARTHUR ART,XF 15;
MADDICKS, ARTHUR ART,XF 16;
MADDICKS, ARTHUR ART,XF 17;
MADDICKS, ARTHUR ART,XF 18;
MADDICKS, ARTHUR ART,XF 2;
MADDICKS, ARTHUR ART,XF 20;
MADDICKS, ARTHUR ART,XF 21;
MADDICKS, ARTHUR ART,XF 22;
MADDICKS, ARTHUR ART,XF 23;
MADDICKS, ARTHUR ART,XF 27;
MADDICKS, ARTHUR ART,XF 28;
MADDICKS, ARTHUR ART,XF 29;
MADDICKS, ARTHUR ART,XF 3;
MADDICKS, ARTHUR ART,XF 30;
MADDICKS, ARTHUR ART,XF 31;
MADDICKS, ARTHUR ART,XF 3/2;
MADDICKS, ARTHUR ART,XF 32;
MADDICKS, ARTHUR ART,XF 33;
MADDICKS, ARTHUR ART,XF 4;
MADDICKS, ARTHUR ART,XF 40;
MADDICKS, ARTHUR ART,XF 5;
MADDICKS, ARTHUR ART,XF 7;
MADDICKS, ARTHUR ART,XF 8;
MADDICKS, ARTHUR ART,XF 9;
MADDICKS, ARTHUR ART,XFOR 1/2;
MADDICKS, ARTHUR ART,XTERM 1;
MADDICKS, ARTHUR ART,XTERM 2;
MADDICKS, ARTHUR ART,XTERM 3;
MADDICKS, ARTHUR ART,XTERM 4;
MADDICKS, NADINE,H3 26;
MADDICKS, PROFESSOR,AA2 11;
MADDICKS, PROFESSOR,XF 2;
MADDICKS, PROFESSOR,XF 3;
MAD DOG/COLONEL BUZZ,A 141;
MAD DOG/COLONEL BUZZ,A 142;
MAD DOG/COLONEL BUZZ,A 144;
MAD DOG/COLONEL BUZZ,A 147;
MAD DOG/COLONEL BUZZ,A 149;
MAD DOG/COLONEL BUZZ,A 18;
MAD DOG/COLONEL BUZZ,AA2 13;
MAD DOG/COLONEL BUZZ,AA2 14;
MAD DOG/COLONEL BUZZ,AA2 15;
MAD DOG/COLONEL BUZZ,AF 111;
MAD DOG/COLONEL BUZZ,ASM 23;
MAD DOG/COLONEL BUZZ,ASPOT 22;
MAD DOG/COLONEL BUZZ,ASPOT 23;
MAD DOG/COLONEL BUZZ,ASPOT 24;
MAD DOG/COLONEL BUZZ,ASPOT 25;
MAD DOG/COLONEL BUZZ,DD 5;
MAD DOG/COLONEL BUZZ,DEF 125;
MAD DOG/COLONEL BUZZ,DEF 126;
MAD DOG/COLONEL BUZZ,DEF 128;
MAD DOG/COLONEL BUZZ,DEF 129;
MAD DOG/COLONEL BUZZ,DEF 130;
MAD DOG/COLONEL BUZZ,DEF 87;
MAD DOG/COLONEL BUZZ,DEF 89;
MAD DOG/COLONEL BUZZ,FF 335;
MAD DOG/COLONEL BUZZ,NF3 12;
MAD DOG/COLONEL BUZZ,NF3 13;
MAD DOG/COLONEL BUZZ,NF3 14;
MAD DOG/COLONEL BUZZ,NF3 33;
MAD DOG/COLONEL BUZZ,NF3 34;
MAD DOG/COLONEL BUZZ,NF3 35;
MAD DOG/COLONEL BUZZ,NFV.S 3;
MAD DOG/COLONEL BUZZ,NFV.S 4;
MAD DOG/COLONEL BUZZ,NFV.S 5;
MAD DOG/COLONEL BUZZ,NFV.S 6;
MAD DOG/COLONEL BUZZ,PUN 2;
MAD DOG/COLONEL BUZZ,SOLOA 9/2;
MADISON, TAYLOR,A 349;
MADISON, TAYLOR,A 357;
MADISON, TAYLOR,A 380;
MADISON, TAYLOR,A 381;
MADISON, TAYLOR,A 382;
MADISON, TAYLOR,A 384;
MADMAN/PHIL STERNS,H2 362;
MADMAN/PHIL STERNS,H2 363;
MADMAN/PHIL STERNS,H2 364;
MADMAN/PHIL STERNS,H2 366;
MADMAN/PHIL STERNS,H2 367;
MADSDEN, TREVOR,NT 2;
MAD VIKING/KNUT CAIN,TTA3;
MAELEN,UX 122;
MAELEN,UX 135;
MAELSTROM/MALCOLM ST,A 247;
MAELSTROM/MALCOLM ST,A 248;
MAELSTROM/MALCOLM ST,A 249;
MAELSTROM/MALCOLM ST,A 250;
MAELSTROM/MALCOLM ST,FFU 10;
MAELSTROM/MALCOLM ST,M/TIO 71;
MAELSTROM/MALCOLM ST,M/TIO 72;
MAELSTROM/MALCOLM ST,Q 19;
MAELSTROM/MALCOLM ST,Q 20;
MAELSTROM/MALCOLM ST,Q 21;
MAELSTROM/MALCOLM ST,Q 22;
MAELSTROM/MALCOLM ST,Q 23;
MAELSTROM/MALCOLM ST,Q 24;
MAELSTROM/MALCOLM ST,Q 25;
MAESTRO,H2 460;
MAESTRO,H2 461;
MAGDALENE/MARISSA DA,A3 1;
MAGDALENE/MARISSA DA,A3 2;
MAGDALENE/MARISSA DA,A3 3;
MAGDALENE/MARISSA DA,A3 4;
MAGDALENE/MARISSA DA,A 343;
MAGDALENE/MARISSA DA,A 344;
MAGDALENE/MARISSA DA,A 348;
MAGDALENE/MARISSA DA,A 355;
MAGDALENE/MARISSA DA,A 356;
MAGDALENE/MARISSA DA,A 378;
MAGDALENE/MARISSA DA,A 379;
MAGDALENE/MARISSA DA,A 390;
MAGDALENE/MARISSA DA,A 391;
MAGDALENE/MARISSA DA,A '98;
MAGDALENE/MARISSA DA,TB 8;
MAGGOTT/JAPHETH,AF2 9;
MAGGOTT/JAPHETH,GENX 48;
MAGGOTT/JAPHETH,GENX 49;
MAGGOTT/JAPHETH,UX 345;
MAGGOTT/JAPHETH,UX 347;
MAGGOTT/JAPHETH,UX 349;
MAGGOTT/JAPHETH,UX 350;
MAGGOTT/JAPHETH,UX 352;
MAGGOTT/JAPHETH,UX 353;
MAGGOTT/JAPHETH,UX 354;
MAGGOTT/JAPHETH,UX 355;
MAGGOTT/JAPHETH,UX 368;
MAGGOTT/JAPHETH,X 70;
MAGGOTT/JAPHETH,X 71;
MAGGOTT/JAPHETH,X 72;
MAGGOTT/JAPHETH,X 73;
MAGGOTT/JAPHETH,X 74;
MAGGOTT/JAPHETH,X 75;
MAGGOTT/JAPHETH,X 76;
MAGGOTT/JAPHETH,X 77;
MAGGOTT/JAPHETH,X 78;
MAGGOTT/JAPHETH,X 79;
MAGIC,Q 32;
MAGIC,ROM 4;
MAGIC,UX 107;
MAGIK/ILLYANA RASPUT,A 299;
MAGIK/ILLYANA RASPUT,CX 29/2;
MAGIK/ILLYANA RASPUT,FA 1;
MAGIK/ILLYANA RASPUT,FA 2;
MAGIK/ILLYANA RASPUT,FS 2;
MAGIK/ILLYANA RASPUT,GSX 1;
MAGIK/ILLYANA RASPUT,M/AGE 4;
MAGIK/ILLYANA RASPUT,M/FAN 55;
MAGIK/ILLYANA RASPUT,MGK 1;
MAGIK/ILLYANA RASPUT,MGK 2;
MAGIK/ILLYANA RASPUT,MGK 3;
MAGIK/ILLYANA RASPUT,MGK 4;
MAGIK/ILLYANA RASPUT,M/GN 5;
MAGIK/ILLYANA RASPUT,M/SH3 1/6;
MAGIK/ILLYANA RASPUT,M/TU 135;
MAGIK/ILLYANA RASPUT,NC 1;
MAGIK/ILLYANA RASPUT,NC 2;
MAGIK/ILLYANA RASPUT,NC 3;
MAGIK/ILLYANA RASPUT,NC 4;
MAGIK/ILLYANA RASPUT,NM 1;
MAGIK/ILLYANA RASPUT,NM 14;
MAGIK/ILLYANA RASPUT,NM 15;
MAGIK/ILLYANA RASPUT,NM 16;
MAGIK/ILLYANA RASPUT,NM 17;
MAGIK/ILLYANA RASPUT,NM 18;
MAGIK/ILLYANA RASPUT,NM 19;
MAGIK/ILLYANA RASPUT,NM 2;
MAGIK/ILLYANA RASPUT,NM 20;
MAGIK/ILLYANA RASPUT,NM 21;
MAGIK/ILLYANA RASPUT,NM 24;
MAGIK/ILLYANA RASPUT,NM 25;
MAGIK/ILLYANA RASPUT,NM 29;
MAGIK/ILLYANA RASPUT,NM 3;
MAGIK/ILLYANA RASPUT,NM 30;
MAGIK/ILLYANA RASPUT,NM 31;
MAGIK/ILLYANA RASPUT,NM 32;
MAGIK/ILLYANA RASPUT,NM 33;
MAGIK/ILLYANA RASPUT,NM 34;
MAGIK/ILLYANA RASPUT,NM 35;
MAGIK/ILLYANA RASPUT,NM 36;
MAGIK/ILLYANA RASPUT,NM 37;
MAGIK/ILLYANA RASPUT,NM 38;
MAGIK/ILLYANA RASPUT,NM 39;
MAGIK/ILLYANA RASPUT,NM 4;
MAGIK/ILLYANA RASPUT,NM 40;
MAGIK/ILLYANA RASPUT,NM 4/2;
MAGIK/ILLYANA RASPUT,NM 43;
MAGIK/ILLYANA RASPUT,NM 44;
MAGIK/ILLYANA RASPUT,NM 45;
MAGIK/ILLYANA RASPUT,NM 46;
MAGIK/ILLYANA RASPUT,NM 47;
MAGIK/ILLYANA RASPUT,NM 50;
MAGIK/ILLYANA RASPUT,NM 51;
MAGIK/ILLYANA RASPUT,NM 52;
MAGIK/ILLYANA RASPUT,NM 53;
MAGIK/ILLYANA RASPUT,NM 54;
MAGIK/ILLYANA RASPUT,NM 55;
MAGIK/ILLYANA RASPUT,NM 56;
MAGIK/ILLYANA RASPUT,NM 57;
MAGIK/ILLYANA RASPUT,NM 58;
MAGIK/ILLYANA RASPUT,NM 59;
MAGIK/ILLYANA RASPUT,NM 60;
MAGIK/ILLYANA RASPUT,NM 61;
MAGIK/ILLYANA RASPUT,NM 62;
MAGIK/ILLYANA RASPUT,NM 63;
MAGIK/ILLYANA RASPUT,NM 64;
MAGIK/ILLYANA RASPUT,NM 65;
MAGIK/ILLYANA RASPUT,NM 66;
MAGIK/ILLYANA RASPUT,NM 67;
MAGIK/ILLYANA RASPUT,NM 68;
MAGIK/ILLYANA RASPUT,NM 69;
MAGIK/ILLYANA RASPUT,NM 70;
MAGIK/ILLYANA RASPUT,NM 71;
MAGIK/ILLYANA RASPUT,NM 72;
MAGIK/ILLYANA RASPUT,NM 73;
MAGIK/ILLYANA RASPUT,NM 81;
MAGIK/ILLYANA RASPUT,NMSE 1;
MAGIK/ILLYANA RASPUT,NM:TD 1;
MAGIK/ILLYANA RASPUT,NM:TD 2;
MAGIK/ILLYANA RASPUT,NM:TD 3;
MAGIK/ILLYANA RASPUT,PP 40;
MAGIK/ILLYANA RASPUT,PP 42;
MAGIK/ILLYANA RASPUT,ROM 3;
MAGIK/ILLYANA RASPUT,SEX 1;
MAGIK/ILLYANA RASPUT,SPELL 4;
MAGIK/ILLYANA RASPUT,SWII 1;
MAGIK/ILLYANA RASPUT,SWII 8;
MAGIK/ILLYANA RASPUT,SWII 9;
MAGIK/ILLYANA RASPUT,UX 10;
MAGIK/ILLYANA RASPUT,UX 146;
MAGIK/ILLYANA RASPUT,UX 148;
MAGIK/ILLYANA RASPUT,UX 153;
MAGIK/ILLYANA RASPUT,UX 154;
MAGIK/ILLYANA RASPUT,UX 158;
MAGIK/ILLYANA RASPUT,UX 160;
MAGIK/ILLYANA RASPUT,UX 164;
MAGIK/ILLYANA RASPUT,UX 165;
MAGIK/ILLYANA RASPUT,UX 167;
MAGIK/ILLYANA RASPUT,UX 168;
MAGIK/ILLYANA RASPUT,UX 171;
MAGIK/ILLYANA RASPUT,UX 179;
MAGIK/ILLYANA RASPUT,UX 183;
MAGIK/ILLYANA RASPUT,UX 188;
MAGIK/ILLYANA RASPUT,UX 189;
MAGIK/ILLYANA RASPUT,UX 190;
MAGIK/ILLYANA RASPUT,UX 191;
MAGIK/ILLYANA RASPUT,UX 192;
MAGIK/ILLYANA RASPUT,UX 194;
MAGIK/ILLYANA RASPUT,UX 200;
MAGIK/ILLYANA RASPUT,UX 201;
MAGIK/ILLYANA RASPUT,UX 210;
MAGIK/ILLYANA RASPUT,UX 211;
MAGIK/ILLYANA RASPUT,UX 225;
MAGIK/ILLYANA RASPUT,UX 230;
MAGIK/ILLYANA RASPUT,UX 231;
MAGIK/ILLYANA RASPUT,UX 303;
MAGIK/ILLYANA RASPUT,UX 7;
MAGIK/ILLYANA RASPUT,UX 8;
MAGIK/ILLYANA RASPUT,UX 9;
MAGIK/ILLYANA RASPUT,WOSM 2;
MAGIK/ILLYANA RASPUT,X&AF 1;
MAGIK/ILLYANA RASPUT,XCAL 107;
MAGIK/ILLYANA RASPUT,X&M 1;
MAGIK/ILLYANA RASPUT,X&M 4;
MAGIK/ILLYANA RASPUT,XTERM 4;
MAGIK/ILLYANA RASPUT,XU 29/2;
MAGMA/AMARA AQUILLA/,FA 1;
MAGMA/AMARA AQUILLA/,FA 2;
MAGMA/AMARA AQUILLA/,FS 2;
MAGMA/AMARA AQUILLA/,MGK 3;
MAGMA/AMARA AQUILLA/,NM 1;
MAGMA/AMARA AQUILLA/,NM 10;
MAGMA/AMARA AQUILLA/,NM 11;
MAGMA/AMARA AQUILLA/,NM 12;
MAGMA/AMARA AQUILLA/,NM 13;
MAGMA/AMARA AQUILLA/,NM 14;
MAGMA/AMARA AQUILLA/,NM 15;
MAGMA/AMARA AQUILLA/,NM 16;
MAGMA/AMARA AQUILLA/,NM 17;
MAGMA/AMARA AQUILLA/,NM 18;
MAGMA/AMARA AQUILLA/,NM 19;
MAGMA/AMARA AQUILLA/,NM 2;
MAGMA/AMARA AQUILLA/,NM 20;
MAGMA/AMARA AQUILLA/,NM 21;
MAGMA/AMARA AQUILLA/,NM 22;
MAGMA/AMARA AQUILLA/,NM 29;
MAGMA/AMARA AQUILLA/,NM 30;
MAGMA/AMARA AQUILLA/,NM 31;
MAGMA/AMARA AQUILLA/,NM 32;
MAGMA/AMARA AQUILLA/,NM 33;
MAGMA/AMARA AQUILLA/,NM 34;
MAGMA/AMARA AQUILLA/,NM 35;
MAGMA/AMARA AQUILLA/,NM 36;
MAGMA/AMARA AQUILLA/,NM 37;
MAGMA/AMARA AQUILLA/,NM 38;
MAGMA/AMARA AQUILLA/,NM 39;
MAGMA/AMARA AQUILLA/,NM 4;
MAGMA/AMARA AQUILLA/,NM 40;
MAGMA/AMARA AQUILLA/,NM 43;
MAGMA/AMARA AQUILLA/,NM 44;
MAGMA/AMARA AQUILLA/,NM 45;
MAGMA/AMARA AQUILLA/,NM 46;
MAGMA/AMARA AQUILLA/,NM 47;
MAGMA/AMARA AQUILLA/,NM 48;
MAGMA/AMARA AQUILLA/,NM 50;
MAGMA/AMARA AQUILLA/,NM 51;
MAGMA/AMARA AQUILLA/,NM 52;
MAGMA/AMARA AQUILLA/,NM 53;
MAGMA/AMARA AQUILLA/,NM 54;
MAGMA/AMARA AQUILLA/,NM 56;
MAGMA/AMARA AQUILLA/,NM 57;
MAGMA/AMARA AQUILLA/,NM 62;
MAGMA/AMARA AQUILLA/,NM 8;
MAGMA/AMARA AQUILLA/,NM 81;
MAGMA/AMARA AQUILLA/,NM 9;
MAGMA/AMARA AQUILLA/,NMSE 1;
MAGMA/AMARA AQUILLA/,NM:TD 1;
MAGMA/AMARA AQUILLA/,NM:TD 2;
MAGMA/AMARA AQUILLA/,NM:TD 3;
MAGMA/AMARA AQUILLA/,ROM 3;
MAGMA/AMARA AQUILLA/,SWII 7;
MAGMA/AMARA AQUILLA/,SWII 8;
MAGMA/AMARA AQUILLA/,SWII 9;
MAGMA/AMARA AQUILLA/,T 362;
MAGMA/AMARA AQUILLA/,UX 10;
MAGMA/AMARA AQUILLA/,UX 189;
MAGMA/AMARA AQUILLA/,UX 190;
MAGMA/AMARA AQUILLA/,UX 191;
MAGMA/AMARA AQUILLA/,UX 200;
MAGMA/AMARA AQUILLA/,UX 8;
MAGMA/AMARA AQUILLA/,UX 9;
MAGMA/AMARA AQUILLA/,WOSM 2;
MAGMA/AMARA AQUILLA/,XFOR 87;
MAGMA/AMARA AQUILLA/,XFOR 89;
MAGMA/AMARA AQUILLA/,XFOR 90;
MAGMA/AMARA AQUILLA/,X&M 3;
MAGMA/AMARA AQUILLA/,X&M 4;
MAGMA II/JONATHAN DA,IM 169;
MAGMA II/JONATHAN DA,IM 170;
MAGMA II/JONATHAN DA,M/TU 110;
MAGMA II/JONATHAN DA,WOSM 16;
MAGMA II/JONATHAN DA,WOSM 17;
MAGMA II/JONATHAN DA,WOSM 18;
MAGNESIUM,TB 7;
MAGNETO/MAGNUS/ERIC,A 110;
MAGNETO/MAGNUS/ERIC,A 111;
MAGNETO/MAGNUS/ERIC,A 19/3;
MAGNETO/MAGNUS/ERIC,A 234;
MAGNETO/MAGNUS/ERIC,A 312;
MAGNETO/MAGNUS/ERIC,A 313;
MAGNETO/MAGNUS/ERIC,A 401;
MAGNETO/MAGNUS/ERIC,A 47;
MAGNETO/MAGNUS/ERIC,A 48;
MAGNETO/MAGNUS/ERIC,A 49;
MAGNETO/MAGNUS/ERIC,A 53;
MAGNETO/MAGNUS/ERIC,AA2 10;
MAGNETO/MAGNUS/ERIC,AA2 9;
MAGNETO/MAGNUS/ERIC,AF 33;
MAGNETO/MAGNUS/ERIC,ASM 327;
MAGNETO/MAGNUS/ERIC,AWC 53;
MAGNETO/MAGNUS/ERIC,AWC 54;
MAGNETO/MAGNUS/ERIC,AWC 55;
MAGNETO/MAGNUS/ERIC,AWC 56;
MAGNETO/MAGNUS/ERIC,AWC 57;
MAGNETO/MAGNUS/ERIC,AWC 59;
MAGNETO/MAGNUS/ERIC,BP3 28;
MAGNETO/MAGNUS/ERIC,C2 76;
MAGNETO/MAGNUS/ERIC,CA 366;
MAGNETO/MAGNUS/ERIC,CA 367;
MAGNETO/MAGNUS/ERIC,CA 4;
MAGNETO/MAGNUS/ERIC,CHAMP 16;
MAGNETO/MAGNUS/ERIC,CX 12;
MAGNETO/MAGNUS/ERIC,CX 12/2;
MAGNETO/MAGNUS/ERIC,CX 18;
MAGNETO/MAGNUS/ERIC,CX 19;
MAGNETO/MAGNUS/ERIC,CX 19/2;
MAGNETO/MAGNUS/ERIC,DEF 15;
MAGNETO/MAGNUS/ERIC,DEF 16;
MAGNETO/MAGNUS/ERIC,FA 1;
MAGNETO/MAGNUS/ERIC,FA 2;
MAGNETO/MAGNUS/ERIC,FF 102;
MAGNETO/MAGNUS/ERIC,FF 103;
MAGNETO/MAGNUS/ERIC,FF 104;
MAGNETO/MAGNUS/ERIC,FF3 27;
MAGNETO/MAGNUS/ERIC,FFV.X 1;
MAGNETO/MAGNUS/ERIC,FFV.X 2;
MAGNETO/MAGNUS/ERIC,FFV.X 3;
MAGNETO/MAGNUS/ERIC,FFV.X 4;
MAGNETO/MAGNUS/ERIC,GENX 10;
MAGNETO/MAGNUS/ERIC,HOPE 1;
MAGNETO/MAGNUS/ERIC,JIM 109;
MAGNETO/MAGNUS/ERIC,M/CP 78/4;
MAGNETO/MAGNUS/ERIC,M:DS 1;
MAGNETO/MAGNUS/ERIC,M:DS 2;
MAGNETO/MAGNUS/ERIC,M:DS 3;
MAGNETO/MAGNUS/ERIC,M:DS 4;
MAGNETO/MAGNUS/ERIC,M/FAN 33;
MAGNETO/MAGNUS/ERIC,M/GN 5;
MAGNETO/MAGNUS/ERIC,MR 1;
MAGNETO/MAGNUS/ERIC,M/SH3 1/6;
MAGNETO/MAGNUS/ERIC,M/SHSW 1;
MAGNETO/MAGNUS/ERIC,M/SHSW 10;
MAGNETO/MAGNUS/ERIC,M/SHSW 11;
MAGNETO/MAGNUS/ERIC,M/SHSW 12;
MAGNETO/MAGNUS/ERIC,M/SHSW 2;
MAGNETO/MAGNUS/ERIC,M/SHSW 3;
MAGNETO/MAGNUS/ERIC,M/SHSW 4;
MAGNETO/MAGNUS/ERIC,M/SHSW 5;
MAGNETO/MAGNUS/ERIC,M/SHSW 6;
MAGNETO/MAGNUS/ERIC,M/SHSW 7;
MAGNETO/MAGNUS/ERIC,M/SHSW 8;
MAGNETO/MAGNUS/ERIC,M/SHSW 9;
MAGNETO/MAGNUS/ERIC,NM 21;
MAGNETO/MAGNUS/ERIC,NM 23;
MAGNETO/MAGNUS/ERIC,NM 24;
MAGNETO/MAGNUS/ERIC,NM 26;
MAGNETO/MAGNUS/ERIC,NM 28;
MAGNETO/MAGNUS/ERIC,NM 29;
MAGNETO/MAGNUS/ERIC,NM 3;
MAGNETO/MAGNUS/ERIC,NM 35;
MAGNETO/MAGNUS/ERIC,NM 36;
MAGNETO/MAGNUS/ERIC,NM 38;
MAGNETO/MAGNUS/ERIC,NM 39;
MAGNETO/MAGNUS/ERIC,NM 4;
MAGNETO/MAGNUS/ERIC,NM 40;
MAGNETO/MAGNUS/ERIC,NM 4/2;
MAGNETO/MAGNUS/ERIC,NM 45;
MAGNETO/MAGNUS/ERIC,NM 46;
MAGNETO/MAGNUS/ERIC,NM 47;
MAGNETO/MAGNUS/ERIC,NM 48;
MAGNETO/MAGNUS/ERIC,NM 49;
MAGNETO/MAGNUS/ERIC,NM 51;
MAGNETO/MAGNUS/ERIC,NM 52;
MAGNETO/MAGNUS/ERIC,NM 53;
MAGNETO/MAGNUS/ERIC,NM 54;
MAGNETO/MAGNUS/ERIC,NM 55;
MAGNETO/MAGNUS/ERIC,NM 57;
MAGNETO/MAGNUS/ERIC,NM 59;
MAGNETO/MAGNUS/ERIC,NM 60;
MAGNETO/MAGNUS/ERIC,NM 61;
MAGNETO/MAGNUS/ERIC,NM 64;
MAGNETO/MAGNUS/ERIC,NM 65;
MAGNETO/MAGNUS/ERIC,NM 66;
MAGNETO/MAGNUS/ERIC,NM 67;
MAGNETO/MAGNUS/ERIC,NM 69;
MAGNETO/MAGNUS/ERIC,NM 70;
MAGNETO/MAGNUS/ERIC,NM 71;
MAGNETO/MAGNUS/ERIC,NM 73;
MAGNETO/MAGNUS/ERIC,NM 74;
MAGNETO/MAGNUS/ERIC,NM 75;
MAGNETO/MAGNUS/ERIC,PP 40;
MAGNETO/MAGNUS/ERIC,PPTSS 158;
MAGNETO/MAGNUS/ERIC,SVTU 14;
MAGNETO/MAGNUS/ERIC,SWII 1;
MAGNETO/MAGNUS/ERIC,SWII 7;
MAGNETO/MAGNUS/ERIC,SWII 8;
MAGNETO/MAGNUS/ERIC,SWII 9;
MAGNETO/MAGNUS/ERIC,UX 1;
MAGNETO/MAGNUS/ERIC,UX 10;
MAGNETO/MAGNUS/ERIC,UX 104;
MAGNETO/MAGNUS/ERIC,UX 11;
MAGNETO/MAGNUS/ERIC,UX 111;
MAGNETO/MAGNUS/ERIC,UX 112;
MAGNETO/MAGNUS/ERIC,UX 113;
MAGNETO/MAGNUS/ERIC,UX 125;
MAGNETO/MAGNUS/ERIC,UX 148;
MAGNETO/MAGNUS/ERIC,UX 149;
MAGNETO/MAGNUS/ERIC,UX 150;
MAGNETO/MAGNUS/ERIC,UX 161;
MAGNETO/MAGNUS/ERIC,UX 17;
MAGNETO/MAGNUS/ERIC,UX 18;
MAGNETO/MAGNUS/ERIC,UX 188;
MAGNETO/MAGNUS/ERIC,UX 196;
MAGNETO/MAGNUS/ERIC,UX 199;
MAGNETO/MAGNUS/ERIC,UX 200;
MAGNETO/MAGNUS/ERIC,UX 201;
MAGNETO/MAGNUS/ERIC,UX 202;
MAGNETO/MAGNUS/ERIC,UX 203;
MAGNETO/MAGNUS/ERIC,UX 210;
MAGNETO/MAGNUS/ERIC,UX 211;
MAGNETO/MAGNUS/ERIC,UX 212;
MAGNETO/MAGNUS/ERIC,UX 213;
MAGNETO/MAGNUS/ERIC,UX 219;
MAGNETO/MAGNUS/ERIC,UX 230;
MAGNETO/MAGNUS/ERIC,UX 253;
MAGNETO/MAGNUS/ERIC,UX 269;
MAGNETO/MAGNUS/ERIC,UX 274;
MAGNETO/MAGNUS/ERIC,UX 275;
MAGNETO/MAGNUS/ERIC,UX 304;
MAGNETO/MAGNUS/ERIC,UX 309;
MAGNETO/MAGNUS/ERIC,UX 315;
MAGNETO/MAGNUS/ERIC,UX 321;
MAGNETO/MAGNUS/ERIC,UX 350;
MAGNETO/MAGNUS/ERIC,UX 366;
MAGNETO/MAGNUS/ERIC,UX 367;
MAGNETO/MAGNUS/ERIC,UX 368;
MAGNETO/MAGNUS/ERIC,UX 377;
MAGNETO/MAGNUS/ERIC,UX 378;
MAGNETO/MAGNUS/ERIC,UX 379;
MAGNETO/MAGNUS/ERIC,UX 380;
MAGNETO/MAGNUS/ERIC,UX 388;
MAGNETO/MAGNUS/ERIC,UX 392;
MAGNETO/MAGNUS/ERIC,UX 393;
MAGNETO/MAGNUS/ERIC,UX 4;
MAGNETO/MAGNUS/ERIC,UX 43;
MAGNETO/MAGNUS/ERIC,UX 44;
MAGNETO/MAGNUS/ERIC,UX 45;
MAGNETO/MAGNUS/ERIC,UX 5;
MAGNETO/MAGNUS/ERIC,UX 6;
MAGNETO/MAGNUS/ERIC,UX 62;
MAGNETO/MAGNUS/ERIC,UX 63;
MAGNETO/MAGNUS/ERIC,UX 7;
MAGNETO/MAGNUS/ERIC,V&SW2 12;
MAGNETO/MAGNUS/ERIC,V&SW2 6;
MAGNETO/MAGNUS/ERIC,V&SW 4;
MAGNETO/MAGNUS/ERIC,W2 19;
MAGNETO/MAGNUS/ERIC,W2 23;
MAGNETO/MAGNUS/ERIC,WOSM 60;
MAGNETO/MAGNUS/ERIC,WOSM 61;
MAGNETO/MAGNUS/ERIC,X -1;
MAGNETO/MAGNUS/ERIC,X 1;
MAGNETO/MAGNUS/ERIC,X 110;
MAGNETO/MAGNUS/ERIC,X 111;
MAGNETO/MAGNUS/ERIC,X 112;
MAGNETO/MAGNUS/ERIC,X 113;
MAGNETO/MAGNUS/ERIC,X 2;
MAGNETO/MAGNUS/ERIC,X 3;
MAGNETO/MAGNUS/ERIC,X 42;
MAGNETO/MAGNUS/ERIC,X 43;
MAGNETO/MAGNUS/ERIC,X 44;
MAGNETO/MAGNUS/ERIC,X 72;
MAGNETO/MAGNUS/ERIC,X 76;
MAGNETO/MAGNUS/ERIC,X 85;
MAGNETO/MAGNUS/ERIC,X 86;
MAGNETO/MAGNUS/ERIC,X 87;
MAGNETO/MAGNUS/ERIC,X 96;
MAGNETO/MAGNUS/ERIC,X 97;
MAGNETO/MAGNUS/ERIC,X '98;
MAGNETO/MAGNUS/ERIC,X 98;
MAGNETO/MAGNUS/ERIC,X 99;
MAGNETO/MAGNUS/ERIC,XF 4/2;
MAGNETO/MAGNUS/ERIC,XF 9;
MAGNETO/MAGNUS/ERIC,XFOR 94;
MAGNETO/MAGNUS/ERIC,XFOR 95;
MAGNETO/MAGNUS/ERIC,X:HY 10;
MAGNETO/MAGNUS/ERIC,X:HY 11;
MAGNETO/MAGNUS/ERIC,X:HY 12;
MAGNETO/MAGNUS/ERIC,X:HY 20;
MAGNETO/MAGNUS/ERIC,X:HY 4;
MAGNETO/MAGNUS/ERIC,X:HY 5;
MAGNETO/MAGNUS/ERIC,XMF 3;
MAGNETO/MAGNUS/ERIC,XMF 4;
MAGNETO/MAGNUS/ERIC,X:MW 1;
MAGNETO/MAGNUS/ERIC,XU 2;
MAGNETO/MAGNUS/ERIC,XU 24/2;
MAGNETO/MAGNUS/ERIC,XV.A 1;
MAGNETO/MAGNUS/ERIC,XV.A 2;
MAGNETO/MAGNUS/ERIC,XV.A 3;
MAGNETO/MAGNUS/ERIC,XV.A 4;
MAGNETO | MUTANT X-V,MX '00;
MAGNETO | MUTANT X-V,MX '01;
MAGNETO | MUTANT X-V,MX 10;
MAGNETO | MUTANT X-V,MX 11;
MAGNETO | MUTANT X-V,MX 12;
MAGNETO | MUTANT X-V,MX 15;
MAGNETO | MUTANT X-V,MX 21;
MAGNETO | MUTANT X-V,MX 22;
MAGNETO | MUTANT X-V,MX 23;
MAGNETO | MUTANT X-V,MX 32;
MAGNETO | MUTANT X-V,MX 9;
MAGNIR,T 143;
MAGNIR,T 144;
MAGNIR,T 145;
MAGNIR,T2 15;
MAGNIR,T2 16;
MAGNIR,T2 18;
MAGNIR,T2 19;
MAGNIR,T2 20;
MAGNOR,AT 22;
MAGNOR,AT 23;
MAGNUM, MOSES,A3 8;
MAGNUM, MOSES,A3 9;
MAGNUM, MOSES,CX 25;
MAGNUM, MOSES,DLOK2 11;
MAGNUM, MOSES,GSS-M 4;
MAGNUM, MOSES,PM 1;
MAGNUM, MOSES,UX 118;
MAGNUM, MOSES,UX 119;
MAGNUS,A 186;
MAGNUS,A 187;
MAGNUS,A 240;
MAGNUS,A 241;
MAGNUS,ASM 22/3;
MAGNUS,S-W 10;
MAGNUS,S-W 11;
MAGNUS,S-W 12;
MAGNUS,S-W 13;
MAGNUS,S-W 2;
MAGNUS,S-W 3;
MAGNUS,S-W 4;
MAGNUS,S-W 5;
MAGNUS,S-W 50;
MAGNUS,S-W 6;
MAGNUS,S-W 7;
MAGNUS,UX 12/3;
MAGOG,H2 257;
MAGOG II,LSHOT 1;
MAGOG II,LSHOT 5;
MAGOG II,X 1;
MAGOG II,X 46;
MAGOG II,X 47;
MAGRUDER, ALLIE,MAXSEC 1;
MAGRUDER, ALLIE,MAXSEC 3;
MAGRUDER, ALLIE,USA2 1;
MAGRUDER, ALLIE,USA2 2;
MAGUIRE,PPTSS 243;
MAGUIRE,PPTSS 244;
MAGUIRE,PPTSS 246;
MAGUIRE,PPTSS 247;
MAGUIRE,PPTSS 257;
MAGUIRE,PPTSS 258;
MAGUIRE,SM:MM 1;
MAGUIRE,SM:MM 2;
MAGUIRE,SM:MM 3;
MAGUS,AF 111;
MAGUS,FF 366;
MAGUS,FF 368;
MAGUS,FF 369;
MAGUS,FF 370;
MAGUS II,M/TU 7;
MAGUS II,NM 18;
MAGUS II,NM 19;
MAGUS II,NM 46;
MAGUS II,NM 47;
MAGUS II,NM 50;
MAGUS II,UX 192;
MAGUS,IW 1;
MAGUS,IW 2;
MAGUS,IW 3;
MAGUS,IW 4;
MAGUS,IW 5;
MAGUS,IW 6;
MAGUS,MK3 41;
MAGUS,MK3 44;
MAGUS,Q 38;
MAGUS,SS3 67;
MAGUS,ST 178;
MAGUS,ST 179;
MAGUS,ST 180;
MAGUS,ST 181;
MAGUS,WIW 10;
MAGUS,WIW 8;
MAGUS,WLOCK 10;
MAGUS,WLOCK 9;
MAGUS,WM2 13;
MAHA YOGI,CM5 11;
MAHA YOGI,CM5 13;
MAHA YOGI,CM5 16;
MAHA YOGI,CM5 20;
MAHA YOGI,CM5 21;
MAHA YOGI,CM5 9;
MAHA YOGI,H2 210;
MAHA YOGI,H2 211;
MAHA YOGI,JIM 96;
MAHA YOGI,UX 30;
MAHA YOGI,UX 47;
MAHKIZMO,FF 151;
MAHKIZMO,FF 152;
MAHKIZMO,FF 153;
MAHKIZMO,S-H2 34;
MAHKIZMO,S-H2 38;
MAHKIZMO,S-H2 39;
MAHONEY, GINNY,XU 16;
MAINFRAME/IAN WAJLER,DLOK 2;
MAINFRAME/IAN WAJLER,DLOK2 18;
MAINFRAME/IAN WAJLER,DLOK2 8;
MAINFRAME II,UX 296;
MAINFRAME II,X 16;
MAINFRAME II,XM 46;
MAINSPRING,WLOCK3 1;
MAINSPRING,WLOCK3 2;
MAINSPRING,WLOCK3 3;
MAINSPRING,WLOCK3 4;
MAINSPRING,WLOCK3 5;
MAJCOMB, RENEE,C2 22;
MAJCOMB, RENEE,UX 326;
MAJCOMB, RENEE,UX 372;
MAJCOMB, RENEE,X 82;
MAJCOMB, RENEE,X 83;
MAJCOMB, RENEE,X 84;
MAJESTON ZELIA,T2 10;
MAJESTON ZELIA,T2 11;
MAJESTON ZELIA,T2 12;
MAJESTON ZELIA,T2 4;
MAJESTON ZELIA,T2 5;
MAJESTON ZELIA,T2 7;
MAJESTON ZELIA,T2 8;
MAJESTON ZELIA,T2 9;
MAJOR DOMO,LSHOT 4;
MAJOR DOMO,M/CP 89/4;
MAJOR DOMO,M/FAN2 4;
MAJOR DOMO,M/FAN2 5;
MAJOR DOMO,UX 10;
MAJOR DOMO,UX 12/2;
MAJOR DOMO,UX 15/3;
MAJOR DOMO,X 1;
MAJOR DOMO,X 10;
MAJOR DOMO,X 11;
MAJOR DOMO,X 6;
MAJOR DOMO,X 7;
MAJOR DOMO,XCAL:MM;
MAJOR DOMO,XF 7;
MAJOR LOVE,M/TU2 1;
MAJOR MAPLELEAF/LOUI,AF 106;
MAJOR VICTORY/MAJ. V,FF 24;
MAJOR VICTORY/MAJ. V,NW 68;
MAJOR VICTORY/MAJ. V,SS 4;
MAJOR VICTORY/MAJ. V,T 16/2;
MAJOWSKI, SAM MOTHER,DHAWK 23;
MAJOWSKI, SAM MOTHER,M/CP 112/2;
MAJOWSKI, SAM MOTHER,T 426;
MAJOWSKI, SAM MOTHER,T 427;
MAJOWSKI, SAM MOTHER,T 432;
MAJOWSKI, SAM MOTHER,T 448;
MAJOWSKI, SAM MOTHER,T 449;
MAJOWSKI, SAM MOTHER,T 456;
MAKKARI/MIKE KHARY/I,A 248;
MAKKARI/MIKE KHARY/I,A 308;
MAKKARI/MIKE KHARY/I,A 310;
MAKKARI/MIKE KHARY/I,CURRY/MAJOR MERCURY/;
MAKKARI/MIKE KHARY/I,E 10;
MAKKARI/MIKE KHARY/I,E 11;
MAKKARI/MIKE KHARY/I,E 12;
MAKKARI/MIKE KHARY/I,E 14;
MAKKARI/MIKE KHARY/I,E 15;
MAKKARI/MIKE KHARY/I,E 16;
MAKKARI/MIKE KHARY/I,E 17;
MAKKARI/MIKE KHARY/I,E 18;
MAKKARI/MIKE KHARY/I,E2 1;
MAKKARI/MIKE KHARY/I,E2 10;
MAKKARI/MIKE KHARY/I,E2 11;
MAKKARI/MIKE KHARY/I,E2 12;
MAKKARI/MIKE KHARY/I,E2 2;
MAKKARI/MIKE KHARY/I,E2 3;
MAKKARI/MIKE KHARY/I,E2 4;
MAKKARI/MIKE KHARY/I,E2 5;
MAKKARI/MIKE KHARY/I,E2 6;
MAKKARI/MIKE KHARY/I,E2 7;
MAKKARI/MIKE KHARY/I,E2 8;
MAKKARI/MIKE KHARY/I,E2 9;
MAKKARI/MIKE KHARY/I,E 5;
MAKKARI/MIKE KHARY/I,E 6;
MAKKARI/MIKE KHARY/I,E 8;
MAKKARI/MIKE KHARY/I,E 9;
MAKKARI/MIKE KHARY/I,E:HEROD;
MAKKARI/MIKE KHARY/I,FFU 10;
MAKKARI/MIKE KHARY/I,IM 179;
MAKKARI/MIKE KHARY/I,IM 6;
MAKKARI/MIKE KHARY/I,M/:LG 2;
MAKKARI/MIKE KHARY/I,M/:LG 5;
MAKKARI/MIKE KHARY/I,M/U 4;
MAKKARI/MIKE KHARY/I,M/U 5;
MAKKARI/MIKE KHARY/I,M/U 6;
MAKKARI/MIKE KHARY/I,M/U 7;
MAKKARI/MIKE KHARY/I,NEW ETERNALS;
MAKKARI/MIKE KHARY/I,Q 11;
MAKKARI/MIKE KHARY/I,Q 12;
MAKKARI/MIKE KHARY/I,Q 13;
MAKKARI/MIKE KHARY/I,Q 14;
MAKKARI/MIKE KHARY/I,Q 15;
MAKKARI/MIKE KHARY/I,Q 16;
MAKKARI/MIKE KHARY/I,Q 17;
MAKKARI/MIKE KHARY/I,Q 19;
MAKKARI/MIKE KHARY/I,Q 20;
MAKKARI/MIKE KHARY/I,Q 21;
MAKKARI/MIKE KHARY/I,Q 25;
MAKKARI/MIKE KHARY/I,Q 26;
MAKKARI/MIKE KHARY/I,Q 27;
MAKKARI/MIKE KHARY/I,Q 28;
MAKKARI/MIKE KHARY/I,Q 30;
MAKKARI/MIKE KHARY/I,Q 35;
MAKKARI/MIKE KHARY/I,Q 36;
MAKKARI/MIKE KHARY/I,Q 37;
MAKKARI/MIKE KHARY/I,Q 38;
MAKKARI/MIKE KHARY/I,Q 39;
MAKKARI/MIKE KHARY/I,Q 40;
MAKKARI/MIKE KHARY/I,Q 43;
MAKKARI/MIKE KHARY/I,Q 58;
MAKKARI/MIKE KHARY/I,SS 1;
MAKKARI/MIKE KHARY/I,ST 67;
MAKKARI/MIKE KHARY/I,T 287;
MAKKARI/MIKE KHARY/I,T 288;
MAKKARI/MIKE KHARY/I,T 289;
MAKKARI/MIKE KHARY/I,T 291;
MAKKARI/MIKE KHARY/I,T 292;
MAKKARI/MIKE KHARY/I,T 301;
MAKKARI/MIKE KHARY/I,T 7;
MAKO,M/:LG 12;
MAKO,M/:LG 3;
MALACHI,A 392;
MALACHI,A 394;
MALACHI,A:T;
MALACHI,IM 325;
MALAN Sometimes spel,C2 78;
MALAN Sometimes spel,C2 79;
MALAN Sometimes spel,C2 80;
MALAN Sometimes spel,C2 81;
MALAN Sometimes spel,C2 82;
MALEKITH/MALCOLM KEI,HFH 14;
MALEKITH/MALCOLM KEI,T2 29;
MALEKITH/MALCOLM KEI,T2 30;
MALEKITH/MALCOLM KEI,T2 31;
MALEKITH/MALCOLM KEI,T2 32;
MALEKITH/MALCOLM KEI,T 344;
MALEKITH/MALCOLM KEI,T 345;
MALEKITH/MALCOLM KEI,T 346;
MALEKITH/MALCOLM KEI,T 347;
MALEKITH/MALCOLM KEI,T 348;
MALEKITH/MALCOLM KEI,T 349;
MALEKITH/MALCOLM KEI,T 366;
MALEKITH/MALCOLM KEI,T 367;
MALEKITH/MALCOLM KEI,T 368;
MALEKITH/MALCOLM KEI,T 485;
MALEKITH/MALCOLM KEI,T 486;
MALEKITH/MALCOLM KEI,T 488;
MALEKITH/MALCOLM KEI,T 489;
MALEKITH/MALCOLM KEI,XFOR '97;
MALEVOLENCE,MGK2 3;
MALICE II,GR2 25;
MALICE III,FF 265;
MALICE III,FF 369;
MALICE III,FF 384;
MALICE III,FF 388;
MALICE III,FF 392;
MALICE III,SS3 16;
MALICE IV,UX 210;
MALICE IV,UX 213;
MALICE IV,UX 214;
MALICE IV,UX 219;
MALICE IV,UX 221;
MALICE IV,UX 222;
MALICE IV,UX 239;
MALICE IV,UX 240;
MALICE IV,UX 241;
MALICE IV,UX 243;
MALICE IV,UX 249;
MALICE IV,XF 102;
MALICE IV,XF 103;
MALICE IV,XF 104;
MALICE IV,XF 105;
MALICE IV,XF 39;
MALICE,JA 11;
MALICE,JA 17;
MALICE,JA 8;
MALICE V/NAKIA,BP3 1;
MALICE V/NAKIA,BP3 11;
MALICE V/NAKIA,BP3 12;
MALICE V/NAKIA,BP3 13;
MALICE V/NAKIA,BP3 19/2;
MALICE V/NAKIA,BP3 2;
MALICE V/NAKIA,BP3 23;
MALICE V/NAKIA,BP3 24;
MALICE V/NAKIA,BP3 25;
MALICE V/NAKIA,BP3 3;
MALICE V/NAKIA,BP3 31;
MALICE V/NAKIA,BP3 32;
MALICE V/NAKIA,BP3 33;
MALICE V/NAKIA,BP3 6;
MALICE V/NAKIA,BP3 7;
MALICE V/NAKIA,BP3 9;
MALICE V/NAKIA,DD2 8;
MALONE, JULIUS,DHAWK 10;
MALOVICK/,DPOOL3 39;
MALOVICK/,DPOOL3 40;
MALPHER, KATHY,DD 299;
MALPHER, KATHY,DD 300;
MALPHER, KATHY,DD 341;
MALPHER, KATHY,DD 367;
MALPHER, KATHY,DD 372;
MALPHER, KATHY,DD 373;
MALPHER, KATHY,DD 374;
MALPHER, KATHY,DD 375;
MALPHER, KATHY,DD 380;
MALPRACTICE,NS 2;
MALTESE,DD 294;
MALTESE,DD 295;
MALTESE,DD 296;
MALTESE,DD 297;
MALTESE,DD 298;
MALTESE,DD 299;
MALTESE,DD 300;
MALTZ,D:LU 1;
MALTZ,D:LU 2;
MALUS, DR. KARL,ASPOT 29;
MALUS, DR. KARL,CA 308;
MALUS, DR. KARL,CA 328;
MALUS, DR. KARL,CA 329;
MALUS, DR. KARL,CA 330;
MALUS, DR. KARL,CA 331;
MALUS, DR. KARL,CA 363/2;
MALUS, DR. KARL,CA 364/2;
MALUS, DR. KARL,CA 375/2;
MALUS, DR. KARL,CA 376/2;
MALUS, DR. KARL,CA 377/2;
MALUS, DR. KARL,CA 378/2;
MALUS, DR. KARL,IM 7;
MALUS, DR. KARL,S-W 31;
MALUS, DR. KARL,S-W 32;
MALUS, DR. KARL,TB 44;
MALUS, DR. KARL,TG 35;
MAM'SELLE HEPZIBAH,A 350;
MAM'SELLE HEPZIBAH,A 351;
MAM'SELLE HEPZIBAH,CX 14;
MAM'SELLE HEPZIBAH,GAL 5;
MAM'SELLE HEPZIBAH,GAL 6;
MAM'SELLE HEPZIBAH,NM 19;
MAM'SELLE HEPZIBAH,NM 50;
MAM'SELLE HEPZIBAH,NM 51;
MAM'SELLE HEPZIBAH,SEX 1;
MAM'SELLE HEPZIBAH,UX 107;
MAM'SELLE HEPZIBAH,UX 108;
MAM'SELLE HEPZIBAH,UX 109;
MAM'SELLE HEPZIBAH,UX 154;
MAM'SELLE HEPZIBAH,UX 156;
MAM'SELLE HEPZIBAH,UX 157;
MAM'SELLE HEPZIBAH,UX 158;
MAM'SELLE HEPZIBAH,UX 161;
MAM'SELLE HEPZIBAH,UX 166;
MAM'SELLE HEPZIBAH,UX 167;
MAM'SELLE HEPZIBAH,UX 174;
MAM'SELLE HEPZIBAH,UX 175;
MAM'SELLE HEPZIBAH,UX 200;
MAM'SELLE HEPZIBAH,UX 201;
MAM'SELLE HEPZIBAH,UX 203;
MAM'SELLE HEPZIBAH,UX 2'75;
MAM'SELLE HEPZIBAH,UX 276;
MAM'SELLE HEPZIBAH,UX 277;
MAM'SELLE HEPZIBAH,UX 387;
MAM'SELLE HEPZIBAH,W2 135;
MAM'SELLE HEPZIBAH,W2 136;
MAM'SELLE HEPZIBAH,W2 137;
MAM'SELLE HEPZIBAH,W2 138;
MAM'SELLE HEPZIBAH,WM2 8;
MAM'SELLE HEPZIBAH,XCAL 116;
MAM'SELLE HEPZIBAH,XCAL 17;
MAM'SELLE HEPZIBAH,XSOS 1;
MAM'SELLE HEPZIBAH,XSOS 2;
MANACLE/,UX 383;
MAN-APE/M'BAKU,A 62;
MAN-APE/M'BAKU,A 78;
MAN-APE/M'BAKU,A 79;
MAN-APE/M'BAKU,BP3 32;
MAN-APE/M'BAKU,BP3 33;
MAN-APE/M'BAKU,BP3 34;
MAN-APE/M'BAKU,FF 336;
MAN-APE/M'BAKU,TB 24;
MAN-APE/M'BAKU,TB 25;
MAN-APE/M'BAKU,TB 33;
MAN-APE/M'BAKU,V&SW2 2;
MAN-APE/M'BAKU,WCA2 1;
MAN-APE/M'BAKU,WCA2 2;
MANAT,MAXSEC:DP;
MAN-BEAST,COTL 35;
MAN-BEAST,H2 176;
MAN-BEAST,H2 177;
MAN-BEAST,H2 178;
MAN-BEAST,HFH 15;
MAN-BEAST,HFH 16;
MAN-BEAST,HFH '98;
MAN-BEAST,M/PRM 1;
MAN-BEAST,PPTSS 12;
MAN-BEAST,PPTSS 13;
MAN-BEAST,PPTSS 14;
MAN-BEAST,PPTSS 15;
MAN-BEAST,QS 1;
MAN-BEAST,QS 10;
MAN-BEAST,QS 11;
MAN-BEAST,QS 12;
MAN-BEAST,QS 2;
MAN-BEAST,QS 3;
MAN-BEAST,QS 4;
MAN-BEAST,QS 5;
MAN-BEAST,QS 6;
MAN-BEAST,QS 8;
MAN-BEAST,QS 9;
MAN-BEAST,T 134;
MAN-BEAST,T 135;
MAN-BEAST,T 316;
MAN-BEAST,T 317;
MAN-BEAST,WIW 3;
MAN-BEAST,WIW 4;
MAN-BEAST,WIW 5;
MAN-BEAST,WIW 6;
MAN-BEAST,WLOCK 1;
MAN-BEAST,WLOCK 2;
MAN-BEAST,WLOCK 8;
MANBOT/BERNIE LACHEN,AF2 1;
MANBOT/BERNIE LACHEN,AF2 10;
MANBOT/BERNIE LACHEN,AF2 11;
MANBOT/BERNIE LACHEN,AF2 12;
MANBOT/BERNIE LACHEN,AF2 13;
MANBOT/BERNIE LACHEN,AF2 15;
MANBOT/BERNIE LACHEN,AF2 16;
MANBOT/BERNIE LACHEN,AF2 17;
MANBOT/BERNIE LACHEN,AF2 18;
MANBOT/BERNIE LACHEN,AF2 19;
MANBOT/BERNIE LACHEN,AF2 20;
MANBOT/BERNIE LACHEN,AF2 3;
MANBOT/BERNIE LACHEN,AF2 4;
MANBOT/BERNIE LACHEN,AF2 7;
MANBOT/BERNIE LACHEN,AF2 9;
MANBOT/BERNIE LACHEN,UX 355;
MAN-BULL/BULL TAURUS,CAT 4;
MAN-BULL/BULL TAURUS,DD 129;
MAN-BULL/BULL TAURUS,DD 144;
MAN-BULL/BULL TAURUS,DD 78;
MAN-BULL/BULL TAURUS,DD 79;
MAN-BULL/BULL TAURUS,DD 95;
MAN-BULL/BULL TAURUS,DD 96;
MAN-BULL/BULL TAURUS,H2 341;
MAN-BULL/BULL TAURUS,IM 72;
MANDARIN,A 1;
MANDARIN,A 19/3;
MANDARIN,A 20;
MANDARIN,A 311;
MANDARIN,A 312;
MANDARIN,A 313;
MANDARIN,AA2 3;
MANDARIN,AA2 4;
MANDARIN,AWC 55;
MANDARIN,CA 125;
MANDARIN,CA 366;
MANDARIN,FF 3;
MANDARIN,FW 6;
MANDARIN,FW 7;
MANDARIN,H2 107;
MANDARIN,H2 114;
MANDARIN,IM 10;
MANDARIN,IM 100;
MANDARIN,IM 11;
MANDARIN,IM 179;
MANDARIN,IM 180;
MANDARIN,IM 181;
MANDARIN,IM 241;
MANDARIN,IM 242;
MANDARIN,IM 259;
MANDARIN,IM 260;
MANDARIN,IM 261;
MANDARIN,IM 262;
MANDARIN,IM 263;
MANDARIN,IM 264;
MANDARIN,IM 265;
MANDARIN,IM 266;
MANDARIN,IM 267;
MANDARIN,IM 268;
MANDARIN,IM 269;
MANDARIN,IM 270;
MANDARIN,IM 271;
MANDARIN,IM 272;
MANDARIN,IM 273;
MANDARIN,IM 274;
MANDARIN,IM 275;
MANDARIN,IM 306;
MANDARIN,IM 307;
MANDARIN,IM 308;
MANDARIN,IM 309;
MANDARIN,IM3 1;
MANDARIN,IM 310;
MANDARIN,IM3 10;
MANDARIN,IM 311;
MANDARIN,IM 312;
MANDARIN,IM3 2;
MANDARIN,IM3 3;
MANDARIN,IM3 9;
MANDARIN,IM 5;
MANDARIN,IM 57;
MANDARIN,IM 58;
MANDARIN,IM 68;
MANDARIN,IM 69;
MANDARIN,IM 70;
MANDARIN,IM 9;
MANDARIN,IM 98;
MANDARIN,IM 99;
MANDARIN, JAMES,DRSTR2 17;
MANDARIN, JAMES,DRSTR2 57;
MANDARIN, JAMES,M/FAN 8;
MANDARIN, JAMES,OE 2;
MANDARIN,M/CP 169;
MANDARIN,M/CP 170;
MANDARIN,NF3 24;
MANDARIN,TOS 50;
MANDARIN,TOS 54;
MANDARIN,TOS 55;
MANDARIN,TOS 61;
MANDARIN,TOS 62;
MANDARIN,TOS 76;
MANDARIN,TOS 77;
MANDARIN,TOS 78;
MANDARIN,TOS 84;
MANDARIN,TOS 85;
MANDARIN,TOS 86;
MANDARIN,UX 256;
MANDARIN,UX 258;
MANDARIN,WARM 10;
MANDARIN,WARM 8;
MANDARIN,WARM 9;
MANDARIN,WOSM 61;
MANDRILL/HENSLEY FAR,AWC 66/2;
MANDRILL/HENSLEY FAR,DD 110;
MANDRILL/HENSLEY FAR,DD 111;
MANDRILL/HENSLEY FAR,DD 112;
MANDRILL/HENSLEY FAR,DEF 79;
MANDRILL/HENSLEY FAR,DEF 85;
MANDRILL/HENSLEY FAR,DEF 86;
MANDRILL/HENSLEY FAR,DEF 89;
MANDRILL/HENSLEY FAR,DEF 90;
MANDRILL/HENSLEY FAR,DEF 91;
MANDRILL/HENSLEY FAR,SSD 4;
MANDRILL/HENSLEY FAR,SSD 5;
MANDRILL/HENSLEY FAR,TB '97;
MANELLI, DINO,CA 273;
MANELLI, DINO,CA 274;
MANELLI, DINO,CA 383/2;
MANELLI, DINO,CA 9/2;
MANELLI, DINO,H2 434;
MANELLI, DINO,M/CP 77/3;
MANELLI, DINO,M/CP 78/2;
MANELLI, DINO,M/CP 79/2;
MANELLI, DINO,M/TU 139;
MANELLI, DINO,SGTF 1;
MANELLI, DINO,SGTF 13;
MANELLI, DINO,SGTF 2;
MANGLER/,CA 395;
MANGOG,T '00/2;
MANGOG,T 154;
MANGOG,T 155;
MANGOG,T 156;
MANGOG,T 157;
MANGOG,T 195;
MANGOG,T 196;
MANGOG,T 197;
MANGOG,T 198;
MANGOG,T2 20;
MANGOG,T2 21;
MANGOG,T2 22;
MANGOG,T2 23;
MANGOG,T2 24;
MANGOG,T2 25;
MANGOG,T 246;
MANGOG,T 247;
MANGOG,T 248;
MANGOG,T 249;
MANGOG,T 250;
MANH, COY LEONG XUI,BEAST 1;
MANH, COY LEONG XUI,BEAST 2;
MANH, COY LEONG XUI,BEAST 3;
MANH, COY LEONG XUI,M/TU 100;
MANH, COY LEONG XUI,NM 2;
MANH, COY LEONG XUI,NM 24;
MANH, COY LEONG XUI,NM 46;
MANH, COY LEONG XUI,XFOR 62;
MANH, COY NGA,BEAST 1;
MANH, COY NGA,BEAST 2;
MANH, COY NGA,BEAST 3;
MANH, COY NGA,M/TU 100;
MANH, COY NGA,NM 2;
MANH, COY NGA,NM 24;
MANH, COY NGA,NM 46;
MANH, COY NGA,XFOR 62;
MANH, COY TRANH,BEAST 3;
MANH, COY TRANH,M/TU 100;
MANIKIN/DR. WHITMAN,AF 101;
MANIKIN/DR. WHITMAN,AF 104;
MANIKIN/DR. WHITMAN,AF 109/2;
MANIKIN/DR. WHITMAN,AF 110;
MANIKIN/DR. WHITMAN,AF 111;
MANIKIN/DR. WHITMAN,AF 112;
MANIKIN/DR. WHITMAN,AF 114;
MANIKIN/DR. WHITMAN,AF 115;
MANIKIN/DR. WHITMAN,AF 2;
MANIKIN/DR. WHITMAN,AF 44;
MANIKIN/DR. WHITMAN,AF 45;
MANIKIN/DR. WHITMAN,AF 46;
MANIKIN/DR. WHITMAN,AF 48;
MANIKIN/DR. WHITMAN,AF 49;
MANIKIN/DR. WHITMAN,AF 50;
MANIKIN/DR. WHITMAN,AF 51;
MANIKIN/DR. WHITMAN,AF 52;
MANIKIN/DR. WHITMAN,AF 53;
MANIKIN/DR. WHITMAN,AF 54;
MANIKIN/DR. WHITMAN,AF 55;
MANIKIN/DR. WHITMAN,AF 56;
MANIKIN/DR. WHITMAN,AF 57;
MANIKIN/DR. WHITMAN,AF 58;
MANIKIN/DR. WHITMAN,AF 59;
MANIKIN/DR. WHITMAN,AF 60;
MANIKIN/DR. WHITMAN,AF 61;
MANIKIN/DR. WHITMAN,AF 62;
MANIKIN/DR. WHITMAN,AF 64;
MANIKIN/DR. WHITMAN,AF 65;
MANIKIN/DR. WHITMAN,AF 66;
MANIKIN/DR. WHITMAN,AF 97;
MANIPULATOR/,A 178;
MANIPULATOR/,AWC 85;
MANIPULATOR/,AWC 86;
MANIPULATOR/,CA 242;
MANIPULATOR II,AWC 84;
MANITOU,IG 2;
MAN-KILLER/KATRINA L,DD 123;
MAN-KILLER/KATRINA L,IM 126;
MAN-KILLER/KATRINA L,IM 127;
MAN-KILLER/KATRINA L,M/TU 107;
MAN-KILLER/KATRINA L,M/TU 8;
MAN-KILLER/KATRINA L,TB 18;
MAN-KILLER/KATRINA L,TB 19;
MAN-KILLER/KATRINA L,TB 20;
MAN-KILLER/KATRINA L,TB 23;
MAN-KILLER/KATRINA L,TB 24;
MAN-KILLER/KATRINA L,TB 25;
MAN-KILLER/KATRINA L,TB 27;
MAN-KILLER/KATRINA L,TB 3;
MAN-KILLER/KATRINA L,TB 30;
MAN-KILLER/KATRINA L,TB 34;
MAN-KILLER/KATRINA L,TB 35;
MAN-KILLER/KATRINA L,TB 39;
MAN-KILLER/KATRINA L,TB 40;
MAN-KILLER/KATRINA L,TB 41;
MAN-KILLER/KATRINA L,TB 42;
MAN-KILLER/KATRINA L,TB 50;
MAN-MOUNTAIN MARKO,ASM 73;
MAN-MOUNTAIN MARKO,ASM 74;
MAN-MOUNTAIN MARKO,ASM 75;
MAN-MOUNTAIN MARKO,PM&IF 110;
MAN-MOUNTAIN MARKO,PM&IF 61;
MAN-MOUNTAIN MARKO,PM&IF 62;
MAN-MOUNTAIN MARKO,PM&IF 92;
MAN-MOUNTAIN MARKO,SM:L 1;
MAN-MOUNTAIN MARKO,SM:L 2;
MAN-MOUNTAIN MARKO,WOSM 82;
MANN, DR. J. VERNON,IM3 21/2;
MANN, DR. J. VERNON,IM3 22;
MANN, DR. J. VERNON,J:ED;
MANN, DR. J. VERNON,PPSM2 11;
MANNING, DR.,CA3 29;
MANNING, DR.,CA3 30;
MANNING, ERIKA,NOM2 2;
MANNING, JANICE,AT 27;
MANNING, JANICE,AT 28;
MANNING, JANICE,AT 36;
MAN-OF-WAR,FFU 11/2;
MANOLIS, LT. NICK,DD 167;
MANOLIS, LT. NICK,DD 169;
MANOLIS, LT. NICK,DD 170;
MANOLIS, LT. NICK,DD 172;
MANOLIS, LT. NICK,DD 173;
MANOLIS, LT. NICK,DD 186;
MANOLIS, LT. NICK,DD 227;
MANOLIS, LT. NICK,DD 229;
MANOLIS, LT. NICK,DD 230;
MANOLIS, LT. NICK,MK 13;
MANOLIS, LT. NICK,M/TU 4;
MANSLAUGHTER,DEF 134;
MANSLAUGHTER,DEF 135;
MANSLAUGHTER,DEF 150;
MANSLAUGHTER,DEF 151;
MANSLAUGHTER,DEF 152;
MANSLAUGHTER,DRSTR3 3;
MANSLAUGHTER,DRSTR3 4;
MANSLAUGHTER,ST2 5/2;
MANSLAUGHTER,ST2 6/2;
MANSLAUGHTER,ST2 7;
MANSLAUGHTER,ST2 7/2;
MAN-SPIDER CLONE | M,MX 5;
MAN-SPIDER | MUTANT,MX '01;
MAN-SPIDER | MUTANT,MX 12;
MAN-SPIDER | MUTANT,MX 32;
MAN-SPIDER | MUTANT,MX 6;
MANTA,Q 32;
MANTA,ROM 4;
MANTA,UX 137;
MANT/ERNEST,REMNANTS;
MAN-THING/THEODORE T,A 118;
MAN-THING/THEODORE T,AIF 10;
MAN-THING/THEODORE T,AIF 11;
MAN-THING/THEODORE T,AIF 12;
MAN-THING/THEODORE T,AIF 13;
MAN-THING/THEODORE T,AIF 14;
MAN-THING/THEODORE T,AIF 15;
MAN-THING/THEODORE T,AIF 16;
MAN-THING/THEODORE T,AIF 17;
MAN-THING/THEODORE T,AIF 18;
MAN-THING/THEODORE T,AIF 19;
MAN-THING/THEODORE T,AT 12;
MAN-THING/THEODORE T,AT 13;
MAN-THING/THEODORE T,DAYD 1;
MAN-THING/THEODORE T,DAYD 2;
MAN-THING/THEODORE T,DAYD 3;
MAN-THING/THEODORE T,DD 113;
MAN-THING/THEODORE T,DD 114;
MAN-THING/THEODORE T,DEF 98;
MAN-THING/THEODORE T,DRSTR2 41;
MAN-THING/THEODORE T,GENX 25;
MAN-THING/THEODORE T,GSM-T 1;
MAN-THING/THEODORE T,GSM-T 2;
MAN-THING/THEODORE T,GSM-T 3;
MAN-THING/THEODORE T,GSM-T 4;
MAN-THING/THEODORE T,GSM-T 5;
MAN-THING/THEODORE T,H2 197;
MAN-THING/THEODORE T,H2 198;
MAN-THING/THEODORE T,H2 389;
MAN-THING/THEODORE T,H2 427;
MAN-THING/THEODORE T,H2 428;
MAN-THING/THEODORE T,H3 4;
MAN-THING/THEODORE T,H3 6;
MAN-THING/THEODORE T,H3 7;
MAN-THING/THEODORE T,HR:R 1;
MAN-THING/THEODORE T,HTD 22;
MAN-THING/THEODORE T,HTD 23;
MAN-THING/THEODORE T,HTD 24;
MAN-THING/THEODORE T,HTD MAG 6/4;
MAN-THING/THEODORE T,HTD MAG 7;
MAN-THING/THEODORE T,HTD MAG 7/2;
MAN-THING/THEODORE T,HTD MAG 7/3;
MAN-THING/THEODORE T,IM 275;
MAN-THING/THEODORE T,IM 3;
MAN-THING/THEODORE T,M/CP 10/2;
MAN-THING/THEODORE T,M/CP 11/2;
MAN-THING/THEODORE T,M/CP 1/2;
MAN-THING/THEODORE T,M/CP 12/2;
MAN-THING/THEODORE T,M/CP 2/2;
MAN-THING/THEODORE T,M/CP 29/4;
MAN-THING/THEODORE T,M/CP 3/2;
MAN-THING/THEODORE T,M/CP 4/2;
MAN-THING/THEODORE T,M/CP 5/2;
MAN-THING/THEODORE T,M/CP 6/2;
MAN-THING/THEODORE T,M/CP 7/2;
MAN-THING/THEODORE T,M/CP 8/2;
MAN-THING/THEODORE T,M/CP 9/2;
MAN-THING/THEODORE T,M/FAN 36/2;
MAN-THING/THEODORE T,M/FAN 9;
MAN-THING/THEODORE T,MICRO 7;
MAN-THING/THEODORE T,MOKF 19;
MAN-THING/THEODORE T,M/PRM 28;
MAN-THING/THEODORE T,M-T 1;
MAN-THING/THEODORE T,M-T 10;
MAN-THING/THEODORE T,M-T 11;
MAN-THING/THEODORE T,M-T 12;
MAN-THING/THEODORE T,M-T 13;
MAN-THING/THEODORE T,M-T 14;
MAN-THING/THEODORE T,M-T 15;
MAN-THING/THEODORE T,M-T 16;
MAN-THING/THEODORE T,M-T 17;
MAN-THING/THEODORE T,M-T 18;
MAN-THING/THEODORE T,M-T 19;
MAN-THING/THEODORE T,M-T 2;
MAN-THING/THEODORE T,M-T 20;
MAN-THING/THEODORE T,M-T 21;
MAN-THING/THEODORE T,M-T2 1;
MAN-THING/THEODORE T,M-T2 10;
MAN-THING/THEODORE T,M-T2 11;
MAN-THING/THEODORE T,M-T 22;
MAN-THING/THEODORE T,M-T2 2;
MAN-THING/THEODORE T,M-T2 3;
MAN-THING/THEODORE T,M-T2 4;
MAN-THING/THEODORE T,M-T2 5;
MAN-THING/THEODORE T,M-T2 6;
MAN-THING/THEODORE T,M-T2 7;
MAN-THING/THEODORE T,M-T2 8;
MAN-THING/THEODORE T,M-T2 9;
MAN-THING/THEODORE T,M-T 3;
MAN-THING/THEODORE T,M-T3 1;
MAN-THING/THEODORE T,M-T3 2;
MAN-THING/THEODORE T,M-T3 3;
MAN-THING/THEODORE T,M-T3 4;
MAN-THING/THEODORE T,M-T3 5;
MAN-THING/THEODORE T,M-T3 6;
MAN-THING/THEODORE T,M-T 4;
MAN-THING/THEODORE T,M-T 5;
MAN-THING/THEODORE T,M-T 6;
MAN-THING/THEODORE T,M-T 7;
MAN-THING/THEODORE T,M-T 8;
MAN-THING/THEODORE T,M-T 9;
MAN-THING/THEODORE T,M/TIO 1;
MAN-THING/THEODORE T,M/TIO 43;
MAN-THING/THEODORE T,M/TIO 77;
MAN-THING/THEODORE T,M/TU 122;
MAN-THING/THEODORE T,M/TU2 4;
MAN-THING/THEODORE T,M/TU 68;
MAN-THING/THEODORE T,MU 5;
MAN-THING/THEODORE T,PPSM '99;
MAN-THING/THEODORE T,Q 31;
MAN-THING/THEODORE T,RH 7/2;
MAN-THING/THEODORE T,SAVAGE TALES 1;
MAN-THING/THEODORE T,S-H 8;
MAN-THING/THEODORE T,S&L 2/2;
MAN-THING/THEODORE T,ST5 1;
MAN-THING/THEODORE T,ST5 2;
MAN-THING/THEODORE T,T 316;
MAN-THING/THEODORE T,T 317;
MAN-THING/THEODORE T,UX 144;
MAN-THING/THEODORE T,WOSM 4;
MAN-THING/THEODORE T,XFOR 100;
MANTIS/? BRANDT,A 112;
MANTIS/? BRANDT,A 113;
MANTIS/? BRANDT,A 114;
MANTIS/? BRANDT,A 115;
MANTIS/? BRANDT,A 116;
MANTIS/? BRANDT,A 117;
MANTIS/? BRANDT,A 118;
MANTIS/? BRANDT,A 119;
MANTIS/? BRANDT,A 120;
MANTIS/? BRANDT,A 121;
MANTIS/? BRANDT,A 122;
MANTIS/? BRANDT,A 123;
MANTIS/? BRANDT,A 124;
MANTIS/? BRANDT,A 125;
MANTIS/? BRANDT,A 126;
MANTIS/? BRANDT,A 127;
MANTIS/? BRANDT,A 128;
MANTIS/? BRANDT,A 129;
MANTIS/? BRANDT,A 130;
MANTIS/? BRANDT,A 131;
MANTIS/? BRANDT,A 132;
MANTIS/? BRANDT,A 133;
MANTIS/? BRANDT,A 134;
MANTIS/? BRANDT,A 157;
MANTIS/? BRANDT,A 280;
MANTIS/? BRANDT,CM 31;
MANTIS/? BRANDT,CM 32;
MANTIS/? BRANDT,CM 33;
MANTIS/? BRANDT,DEF 10;
MANTIS/? BRANDT,DEF 11;
MANTIS/? BRANDT,DEF 9;
MANTIS/? BRANDT,FF 150;
MANTIS/? BRANDT,FF 25/4;
MANTIS/? BRANDT,FF 323;
MANTIS/? BRANDT,FF 324;
MANTIS/? BRANDT,FF 325;
MANTIS/? BRANDT,GAL 4;
MANTIS/? BRANDT,GAL 6;
MANTIS/? BRANDT,GSA 1;
MANTIS/? BRANDT,GSA 2;
MANTIS/? BRANDT,GSA 3;
MANTIS/? BRANDT,GSA 4;
MANTIS/? BRANDT,SS 1/3;
MANTIS/? BRANDT,SS3 20;
MANTIS/? BRANDT,SS3 3;
MANTIS/? BRANDT,SS3 4;
MANTIS/? BRANDT,SS3 5;
MANTIS/? BRANDT,SS3 6;
MANTIS/? BRANDT,SS3 7;
MANTIS/? BRANDT,SS3 9;
MANTIS/? BRANDT,WCA2 37;
MANTIS/? BRANDT,WCA2 38;
MANTIS/? BRANDT,WCA2 39;
MANTIS/? BRANDT,WCA 3;
MANTIS (SPACE PHANTO,A 392;
MANTIS (SPACE PHANTO,A 393;
MANTIS (SPACE PHANTO,A 394;
MANTIS (SPACE PHANTO,A 395;
MANTIS (SPACE PHANTO,FW 19;
MANTIS (SPACE PHANTO,IM 323;
MANTIS (SPACE PHANTO,IM 324;
MANTIS (SPACE PHANTO,IM 325;
MANTLO, BILL,DHKF 19/2;
MANTONE, JORGE,WARM 13;
MANX,XM 45;
MARAUDER II,M/CP 50/4;
MARAUDER,IM 61;
MARAUDER,PPTSS 25;
MARAUDER,PPTSS 26;
MARAUDER,PPTSS 27;
MARAUDER,PPTSS 28;
MARAUDER,WBN 42;
MARAUDER,WBN 43;
MARAUD,PP:PP 1;
MARAUD,PP:PP 2;
MARAUD,PP:PP 3;
MARAUD,PP:PP 4;
MARCEAUX, BELIZE,GAM3 12;
MARCEAUX, BELIZE,GAM3 13;
MARCEAUX, BELIZE,GAM3 14;
MARCEAUX, THEOREN,GAM3 17;
MARCEAUX, THEOREN,GAM3 19;
MARCEAUX, THEOREN,GAM3 21;
MARCEAUX, THEOREN,GAM3 22;
MARCHALLA II,XM 61;
MARCHALLA II,XM 62;
MARCHALLA,XM 61;
MARGOYLE,AR 1;
MARGOYLE,AR 2;
MARGOYLE,FF 398;
MARGOYLE,FF 399;
MARGOYLE,FFOR 8;
MARGOYLE,FFU 11;
MARIK,W2 135;
MARILLA [INHUMAN],A 343;
MARILLA [INHUMAN],A 344;
MARILLA [INHUMAN],A 348;
MARILLA [INHUMAN],A 350;
MARILLA [INHUMAN],A 350/2;
MARILLA [INHUMAN],A 351;
MARILLA [INHUMAN],A 356;
MARILLA [INHUMAN],A 357;
MARILLA [INHUMAN],A 380;
MARILLA [INHUMAN],A 389;
MARILLA [INHUMAN],A 390;
MARILLA [INHUMAN],A:C;
MARIN, DR.,DHAWK 6;
MARIN, DR.,DHAWK 7;
MARIONETTE/MARI,AF2 10;
MARIONETTE/MARI,AF2 11;
MARIONETTE/MARI,C2 38;
MARIONETTE/MARI,C2 39;
MARIONETTE/MARI,CM5 12;
MARIONETTE/MARI,CM5 15;
MARIONETTE/MARI,CM5 16;
MARIONETTE/MARI,CM5 6;
MARIONETTE/MARI,CM5 7;
MARISSA (OF GENE-TEC,NW 53;
MARISTA,INH2 1;
MARITA,XM 29;
MARITA,XM 32;
MARITA,XM 33;
MARITA,XM 34;
MARITA,XM 35;
MARITA,XM 36;
MARITA,XM 37;
MARITA,XM 51;
MARKED MAN,C&D3 11;
MARKO, KURT,UX 12;
MARKO, KURT,XMF 4;
MARKS, DR. SHIELA,HMAG 19;
MARKS, DR. SHIELA,HMAG 22;
MARLES, DR. THOMAS,ASM '98;
MARLEY, MITCH MADMAN,DHAWK 16;
MARLEY, MITCH MADMAN,DHAWK 22;
MARLOPOLIS, EDGAR,M/CP 85/4;
MARLOWE, STEVE JR.,SM/P:FP 1;
MARLOWE, STEVE JR.,SM/P:FP 2;
MARLOWE, STEVE,SM/P:FP 1;
MARLOWE, STEVE,SM/P:FP 2;
MARRERO, ED,T 417;
MARRERO, ED,T 431;
MARRERO, ED,T 444;
MARRERO, ED,T 448;
MARRERO, ED,T 451;
MARRERO, ED,T 453;
MARRERO, ED,TS 15;
MARRERO, ED,TS 19;
MARRERO, ED,TS 22;
MARRINA/MARRINA SMAL,A 272;
MARRINA/MARRINA SMAL,A 282;
MARRINA/MARRINA SMAL,A 285;
MARRINA/MARRINA SMAL,A 286;
MARRINA/MARRINA SMAL,A 287;
MARRINA/MARRINA SMAL,A 288;
MARRINA/MARRINA SMAL,A 289;
MARRINA/MARRINA SMAL,A 290;
MARRINA/MARRINA SMAL,A 291;
MARRINA/MARRINA SMAL,A 292;
MARRINA/MARRINA SMAL,A 293;
MARRINA/MARRINA SMAL,AF 1;
MARRINA/MARRINA SMAL,AF 12;
MARRINA/MARRINA SMAL,AF 14;
MARRINA/MARRINA SMAL,AF 15;
MARRINA/MARRINA SMAL,AF 16;
MARRINA/MARRINA SMAL,AF 2;
MARRINA/MARRINA SMAL,AF 3;
MARRINA/MARRINA SMAL,AF 33;
MARRINA/MARRINA SMAL,AF 34;
MARRINA/MARRINA SMAL,AF 35;
MARRINA/MARRINA SMAL,AF 36;
MARRINA/MARRINA SMAL,AF 37;
MARRINA/MARRINA SMAL,AF 38;
MARRINA/MARRINA SMAL,AF 39;
MARRINA/MARRINA SMAL,AF 4;
MARRINA/MARRINA SMAL,AF 40;
MARRINA/MARRINA SMAL,AF 61;
MARRINA/MARRINA SMAL,FF 261;
MARRINA/MARRINA SMAL,M/TU 7;
MARRINA/MARRINA SMAL,N 61;
MARRINA/MARRINA SMAL,PP 10;
MARRINA/MARRINA SMAL,PP 9;
MARRINA/MARRINA SMAL,ROM 56;
MARRINA/MARRINA SMAL,ROM 57;
MARRINA/MARRINA SMAL,ROM 58;
MARRINA/MARRINA SMAL,T 390;
MARROW/SARAH,A3 10;
MARROW/SARAH,C2 15;
MARROW/SARAH,GENX 5;
MARROW/SARAH,GENX 6;
MARROW/SARAH,PPSM2 4;
MARROW/SARAH,SM/M;
MARROW/SARAH,UX 325;
MARROW/SARAH,UX 346;
MARROW/SARAH,UX 347;
MARROW/SARAH,UX 350;
MARROW/SARAH,UX 352;
MARROW/SARAH,UX 353;
MARROW/SARAH,UX 354;
MARROW/SARAH,UX 360;
MARROW/SARAH,UX 361;
MARROW/SARAH,UX 362;
MARROW/SARAH,UX 363;
MARROW/SARAH,UX 364;
MARROW/SARAH,UX 365;
MARROW/SARAH,UX 366;
MARROW/SARAH,UX 367;
MARROW/SARAH,UX 368;
MARROW/SARAH,UX 369;
MARROW/SARAH,UX 370;
MARROW/SARAH,UX 371;
MARROW/SARAH,UX 372;
MARROW/SARAH,UX 373;
MARROW/SARAH,UX 374;
MARROW/SARAH,UX 375;
MARROW/SARAH,UX 376;
MARROW/SARAH,UX 377;
MARROW/SARAH,UX 378;
MARROW/SARAH,UX 379;
MARROW/SARAH,UX 380;
MARROW/SARAH,W2 140;
MARROW/SARAH,W2 145;
MARROW/SARAH,X 67;
MARROW/SARAH,X 68;
MARROW/SARAH,X 69;
MARROW/SARAH,X 70;
MARROW/SARAH,X 71;
MARROW/SARAH,X 72;
MARROW/SARAH,X 73;
MARROW/SARAH,X 74;
MARROW/SARAH,X 75;
MARROW/SARAH,X 76;
MARROW/SARAH,X 77;
MARROW/SARAH,X 78;
MARROW/SARAH,X 79;
MARROW/SARAH,X 80;
MARROW/SARAH,X 81;
MARROW/SARAH,X 83;
MARROW/SARAH,X 84;
MARROW/SARAH,X 85;
MARROW/SARAH,X 86;
MARROW/SARAH,X 87;
MARROW/SARAH,X 88;
MARROW/SARAH,X 89;
MARROW/SARAH,X 90;
MARROW/SARAH,X 91;
MARROW/SARAH,X 92;
MARROW/SARAH,X 95;
MARROW/SARAH,X 96;
MARROW/SARAH,X 97;
MARROW/SARAH,X 98;
MARROW/SARAH,X 99;
MARROW/SARAH,XCAL 120;
MARROW/SARAH,X:MW 1;
MARROW/SARAH,X:PRIME;
MARROW/SARAH,XU 18/2;
MARROW/SARAH,XU 22;
MARROW/SARAH,XU 23;
MARROW/SARAH,XU 25;
MARRS, DESMOND,IM 260;
MARRS, DESMOND,IM 261;
MARRS, DESMOND,N 1;
MARRS, DESMOND,N 10;
MARRS, DESMOND,N 14;
MARRS, DESMOND,N 15;
MARRS, DESMOND,N 16;
MARRS, DESMOND,N 17;
MARRS, DESMOND,N 18;
MARRS, DESMOND,N 19;
MARRS, DESMOND,N 2;
MARRS, DESMOND,N 26;
MARRS, DESMOND,N 3;
MARRS, DESMOND,N 4;
MARRS, DESMOND,N 5;
MARRS, DESMOND,N 6;
MARRS, DESMOND,N 7;
MARRS, DESMOND,N 8;
MARRS, DESMOND,N 9;
MARRS(-PAYNE), PHOEB,IM 260;
MARRS(-PAYNE), PHOEB,IM 261;
MARRS(-PAYNE), PHOEB,N 1;
MARRS(-PAYNE), PHOEB,N 10;
MARRS(-PAYNE), PHOEB,N 1/3;
MARRS(-PAYNE), PHOEB,N 13;
MARRS(-PAYNE), PHOEB,N 14;
MARRS(-PAYNE), PHOEB,N 15;
MARRS(-PAYNE), PHOEB,N 16;
MARRS(-PAYNE), PHOEB,N 17;
MARRS(-PAYNE), PHOEB,N 18;
MARRS(-PAYNE), PHOEB,N 19;
MARRS(-PAYNE), PHOEB,N 2;
MARRS(-PAYNE), PHOEB,N 20;
MARRS(-PAYNE), PHOEB,N 21;
MARRS(-PAYNE), PHOEB,N 23;
MARRS(-PAYNE), PHOEB,N 26;
MARRS(-PAYNE), PHOEB,N 3;
MARRS(-PAYNE), PHOEB,N 30;
MARRS(-PAYNE), PHOEB,N 31;
MARRS(-PAYNE), PHOEB,N 4;
MARRS(-PAYNE), PHOEB,N 5;
MARRS(-PAYNE), PHOEB,N 51;
MARRS(-PAYNE), PHOEB,N 52;
MARRS(-PAYNE), PHOEB,N 54;
MARRS(-PAYNE), PHOEB,N 56;
MARRS(-PAYNE), PHOEB,N 57;
MARRS(-PAYNE), PHOEB,N 6;
MARRS(-PAYNE), PHOEB,N 7;
MARRS(-PAYNE), PHOEB,N 8;
MARRS(-PAYNE), PHOEB,NW 57;
MARSHALL, GRANT,AT 21;
MARSHALL, GRANT,AT 22;
MARSHALL, GRANT,AT 23;
MARSHALL, GRANT,AT 24;
MARSHALL, GRANT,H2 244;
MARSHALL, GRANT,TOS 20;
MARTELL, SHIELD AGEN,WARM 15;
MARTELL, SHIELD AGEN,WARM 16;
MARTELL, SHIELD AGEN,WARM 17;
MARTELL, SHIELD AGEN,WARM 20;
MARTELL, SHIELD AGEN,WARM 21;
MARTHA,ASM 237;
MARTHA,ASM 254;
MARTHA,ASM 269;
MARTHA,ASM 275;
MARTHA,M/TU 124;
MARTHA,M/TU 127;
MARTHA,PPTSS 113;
MARTHA,PPTSS 90;
MARTHA,WOSM 19;
MARTHA,WOSM 47;
MARTIN, ASHLEY,X:HY 10;
MARTIN, ASHLEY,X:HY 11;
MARTIN, ASHLEY,X:HY 12;
MARTIN, ASHLEY,X:HY 13;
MARTIN, ASHLEY,X:HY 14;
MARTIN, ASHLEY,X:HY 16;
MARTIN, ASHLEY,X:HY 21;
MARTIN, ASHLEY,X:HY 22;
MARTIN, ASHLEY,X:HY 9;
MARTINELLI, VINCENT,ASM 237;
MARTINELLI, VINCENT,IM 132;
MARTINELLI, VINCENT,IM 137;
MARTINELLI, VINCENT,IM 146;
MARTINELLI, VINCENT,IM 147;
MARTINELLI, VINCENT,IM 148;
MARTINELLI, VINCENT,IM 151;
MARTINELLI, VINCENT,IM 154;
MARTINELLI, VINCENT,IM 159;
MARTINELLI, VINCENT,IM 160;
MARTINELLI, VINCENT,IM 162;
MARTINELLI, VINCENT,IM 164;
MARTINELLI, VINCENT,IM 165;
MARTINELLI, VINCENT,IM 166;
MARTINELLI, VINCENT,IM 167;
MARTINELLI, VINCENT,IM 168;
MARTINELLI, VINCENT,IM 169;
MARTINELLI, VINCENT,IM 172;
MARTINELLI, VINCENT,IM 174;
MARTINELLI, VINCENT,IM 178/2;
MARTINELLI, VINCENT,IM 199;
MARTINELLI, VINCENT,IM 234;
MARTINELLI, VINCENT,M/FAN 22;
MARTINELLI, VINCENT,P:P;
MARTINEX,FF 24;
MARTINEX,NW 68;
MARTINEX,SS 4;
MARTINEX,T 16/2;
MARTINEZ, AKASHA,SENSM 19;
MARTINEZ, AKASHA,SENSM 20;
MARTINEZ, ALITHA,DD2 8;
MARTINEZ, CARMELLO,A 341;
MARTINEZ, ISADORA,CV 1;
MARTINEZ, ISADORA,CV 2;
MARTINEZ, ISADORA,TB 39;
MARTINEZ, ISADORA,TB 40;
MARTINEZ, ISADORA,TB 49;
MARTINEZ, LINETTE,ASS 2;
MARTINEZ, LINETTE,SCARSPI 2;
MARTINEZ, LINETTE,WOSS 2;
MARTINEZ, MR.,SENSM 19;
MARTINEZ, MR.,SENSM 20;
MARTINEZ, MRS.,SENSM 19;
MARTINS,M/PRM 44;
MARTINS,ROM 12;
MARTIN, TERI,X:HY 10;
MARTIN, TERI,X:HY 11;
MARTIN, TERI,X:HY 12;
MARTIN, TERI,X:HY 13;
MARTIN, TERI,X:HY 14;
MARTIN, TERI,X:HY 16;
MARTIN, TERI,X:HY 17;
MARTIN, TERI,X:HY 18;
MARTIN, TERI,X:HY 19;
MARTIN, TERI,X:HY 20;
MARTIN, TERI,X:HY 21;
MARTIN, TERI,X:HY 22;
MARTS, MR.,PPSM2 16;
MARTS, MR.,PPSM2 17;
MARVEL BOY III/ROBER,AST 3;
MARVEL BOY III/ROBER,AST 4;
MARVEL BOY III/ROBER,AST 5;
MARVEL BOY III/ROBER,AST 6/4;
MARVEL BOY III/ROBER,AVF 4;
MARVEL BOY III/ROBER,AVF 5;
MARVEL BOY III/ROBER,FF 164;
MARVEL BOY III/ROBER,FF 165;
MARVEL BOY III/ROBER,MB 1;
MARVEL BOY III/ROBER,MB 2;
MARVEL BOY III/ROBER,WI? 9;
MARVEL BOY II/MARTIN,USA COMICS 7;
MARVEL BOY/MARTIN BU,DARING MYSTERY COMIC;
MARVEL BOY VII/DAVID,JUSTICE 4;
MARVEL BOY VIII/NOH-,MB2 1;
MARVEL BOY VIII/NOH-,MB2 5;
MARVEL BOY VI,Q 26;
MARVEL BOY VI,Q 27;
MARVEL BOY VI,Q 40;
MARVEL BOY VI,Q 41;
MARVEL BOY VI,Q 42;
MARVEL BOY VI,Q 43;
MARVEL GIRL DOPPELGA,FF 368;
MARVEL GIRL DOPPELGA,FF 370;
MARVEL GIRL II/VALER,DF 1.1;
MARVEL GIRL II/VALER,FF '00;
MARVEL GIRL II/VALER,FF '00/2;
MARVEL GIRL II/VALER,FF '01;
MARVEL GIRL II/VALER,FF3 15;
MARVEL GIRL II/VALER,FF3 20;
MARVEL GIRL II/VALER,FF3 21;
MARVEL GIRL II/VALER,FF3 22;
MARVEL GIRL II/VALER,FF3 23;
MARVEL GIRL II/VALER,FF3 24;
MARVEL GIRL II/VALER,FF3 25;
MARVEL GIRL II/VALER,FF3 26;
MARVEL GIRL II/VALER,FF '99;
MARVEL GIRL/JEAN GRE,A 110;
MARVEL GIRL/JEAN GRE,A 111;
MARVEL GIRL/JEAN GRE,A 263;
MARVEL GIRL/JEAN GRE,A 3;
MARVEL GIRL/JEAN GRE,A 53;
MARVEL GIRL/JEAN GRE,A 60;
MARVEL GIRL/JEAN GRE,AA2 11;
MARVEL GIRL/JEAN GRE,AA2 12;
MARVEL GIRL/JEAN GRE,AA2 15;
MARVEL GIRL/JEAN GRE,ARCHANGEL;
MARVEL GIRL/JEAN GRE,ASM1;
MARVEL GIRL/JEAN GRE,ASM 282;
MARVEL GIRL/JEAN GRE,ASTONX2 1;
MARVEL GIRL/JEAN GRE,ASTONX2 2;
MARVEL GIRL/JEAN GRE,ASTONX2 3;
MARVEL GIRL/JEAN GRE,AWC 4;
MARVEL GIRL/JEAN GRE,BIZADV 27;
MARVEL GIRL/JEAN GRE,C2 16;
MARVEL GIRL/JEAN GRE,C2 17;
MARVEL GIRL/JEAN GRE,C2 20;
MARVEL GIRL/JEAN GRE,C2 21;
MARVEL GIRL/JEAN GRE,C2 29;
MARVEL GIRL/JEAN GRE,C2 31;
MARVEL GIRL/JEAN GRE,C2 43;
MARVEL GIRL/JEAN GRE,C2 50;
MARVEL GIRL/JEAN GRE,C2 74;
MARVEL GIRL/JEAN GRE,C2 76;
MARVEL GIRL/JEAN GRE,C2 84;
MARVEL GIRL/JEAN GRE,C2 92;
MARVEL GIRL/JEAN GRE,C2 '98;
MARVEL GIRL/JEAN GRE,CA 172;
MARVEL GIRL/JEAN GRE,CA 173;
MARVEL GIRL/JEAN GRE,CA 174;
MARVEL GIRL/JEAN GRE,CA 175;
MARVEL GIRL/JEAN GRE,C&D3 1;
MARVEL GIRL/JEAN GRE,C&D3 2;
MARVEL GIRL/JEAN GRE,C&P 1;
MARVEL GIRL/JEAN GRE,C&P 2;
MARVEL GIRL/JEAN GRE,C&P2 1;
MARVEL GIRL/JEAN GRE,C&P2 2;
MARVEL GIRL/JEAN GRE,C&P2 3;
MARVEL GIRL/JEAN GRE,C&P2 4;
MARVEL GIRL/JEAN GRE,C&P 3;
MARVEL GIRL/JEAN GRE,C&P 4;
MARVEL GIRL/JEAN GRE,CX 1;
MARVEL GIRL/JEAN GRE,CX 2/2;
MARVEL GIRL/JEAN GRE,CX 27/2;
MARVEL GIRL/JEAN GRE,CX 3/2;
MARVEL GIRL/JEAN GRE,CX 42/2;
MARVEL GIRL/JEAN GRE,CX 6/2;
MARVEL GIRL/JEAN GRE,CX 8;
MARVEL GIRL/JEAN GRE,CX 8/2;
MARVEL GIRL/JEAN GRE,DAMCON3 4;
MARVEL GIRL/JEAN GRE,DRSTR3 46;
MARVEL GIRL/JEAN GRE,FF 22;
MARVEL GIRL/JEAN GRE,FF 28;
MARVEL GIRL/JEAN GRE,FF 286;
MARVEL GIRL/JEAN GRE,FF 3;
MARVEL GIRL/JEAN GRE,FF 312;
MARVEL GIRL/JEAN GRE,FF 36;
MARVEL GIRL/JEAN GRE,FF 367;
MARVEL GIRL/JEAN GRE,FF 368;
MARVEL GIRL/JEAN GRE,FF 369;
MARVEL GIRL/JEAN GRE,FF3 7;
MARVEL GIRL/JEAN GRE,FF 370;
MARVEL GIRL/JEAN GRE,GR3 9;
MARVEL GIRL/JEAN GRE,GSX 1;
MARVEL GIRL/JEAN GRE,H2 172;
MARVEL GIRL/JEAN GRE,H2 336;
MARVEL GIRL/JEAN GRE,H2 337;
MARVEL GIRL/JEAN GRE,H2 455;
MARVEL GIRL/JEAN GRE,IM 8;
MARVEL GIRL/JEAN GRE,IW 1;
MARVEL GIRL/JEAN GRE,IW 2;
MARVEL GIRL/JEAN GRE,IW 3;
MARVEL GIRL/JEAN GRE,IW 4;
MARVEL GIRL/JEAN GRE,IW 5;
MARVEL GIRL/JEAN GRE,IW 6;
MARVEL GIRL/JEAN GRE,JIM 513;
MARVEL GIRL/JEAN GRE,MARVELS 2;
MARVEL GIRL/JEAN GRE,M/CP 15/3;
MARVEL GIRL/JEAN GRE,M/CP 89/4;
MARVEL GIRL/JEAN GRE,MEPHV. 2;
MARVEL GIRL/JEAN GRE,MEPHV. 3;
MARVEL GIRL/JEAN GRE,M/H&L 1;
MARVEL GIRL/JEAN GRE,M/HOL 1996/5;
MARVEL GIRL/JEAN GRE,MK3 41;
MARVEL GIRL/JEAN GRE,M/TU 23;
MARVEL GIRL/JEAN GRE,M/TU 4;
MARVEL GIRL/JEAN GRE,M/VS 1/5;
MARVEL GIRL/JEAN GRE,NM 7/3;
MARVEL GIRL/JEAN GRE,NM 76;
MARVEL GIRL/JEAN GRE,NM 88;
MARVEL GIRL/JEAN GRE,NM 95;
MARVEL GIRL/JEAN GRE,NM 96;
MARVEL GIRL/JEAN GRE,NM 97;
MARVEL GIRL/JEAN GRE,NW 27;
MARVEL GIRL/JEAN GRE,O:MU;
MARVEL GIRL/JEAN GRE,O:X;
MARVEL GIRL/JEAN GRE,PP 27;
MARVEL GIRL/JEAN GRE,PP 35;
MARVEL GIRL/JEAN GRE,PXX 1;
MARVEL GIRL/JEAN GRE,Q 38;
MARVEL GIRL/JEAN GRE,Q 39;
MARVEL GIRL/JEAN GRE,Q 40;
MARVEL GIRL/JEAN GRE,SENSM 10;
MARVEL GIRL/JEAN GRE,SLEEP 18;
MARVEL GIRL/JEAN GRE,SMTU 1;
MARVEL GIRL/JEAN GRE,SS3 123;
MARVEL GIRL/JEAN GRE,ST 120;
MARVEL GIRL/JEAN GRE,ST 156;
MARVEL GIRL/JEAN GRE,ST2 18;
MARVEL GIRL/JEAN GRE,SUB-M 14;
MARVEL GIRL/JEAN GRE,T 14;
MARVEL GIRL/JEAN GRE,T 374;
MARVEL GIRL/JEAN GRE,THOR CORPS 3;
MARVEL GIRL/JEAN GRE,TOS 49;
MARVEL GIRL/JEAN GRE,UTSM 21;
MARVEL GIRL/JEAN GRE,UTSM '97;
MARVEL GIRL/JEAN GRE,UX -1;
MARVEL GIRL/JEAN GRE,UX 1;
MARVEL GIRL/JEAN GRE,UX 10;
MARVEL GIRL/JEAN GRE,UX 100;
MARVEL GIRL/JEAN GRE,UX 11;
MARVEL GIRL/JEAN GRE,UX 12;
MARVEL GIRL/JEAN GRE,UX 13;
MARVEL GIRL/JEAN GRE,UX 138;
MARVEL GIRL/JEAN GRE,UX 14;
MARVEL GIRL/JEAN GRE,UX 15;
MARVEL GIRL/JEAN GRE,UX 16;
MARVEL GIRL/JEAN GRE,UX 16/2;
MARVEL GIRL/JEAN GRE,UX 17;
MARVEL GIRL/JEAN GRE,UX 18;
MARVEL GIRL/JEAN GRE,UX 19;
MARVEL GIRL/JEAN GRE,UX 2;
MARVEL GIRL/JEAN GRE,UX 20;
MARVEL GIRL/JEAN GRE,UX 21;
MARVEL GIRL/JEAN GRE,UX 210;
MARVEL GIRL/JEAN GRE,UX 22;
MARVEL GIRL/JEAN GRE,UX 23;
MARVEL GIRL/JEAN GRE,UX 232;
MARVEL GIRL/JEAN GRE,UX 24;
MARVEL GIRL/JEAN GRE,UX 242;
MARVEL GIRL/JEAN GRE,UX 243;
MARVEL GIRL/JEAN GRE,UX 25;
MARVEL GIRL/JEAN GRE,UX 26;
MARVEL GIRL/JEAN GRE,UX 261;
MARVEL GIRL/JEAN GRE,UX 262;
MARVEL GIRL/JEAN GRE,UX 263;
MARVEL GIRL/JEAN GRE,UX 264;
MARVEL GIRL/JEAN GRE,UX 27;
MARVEL GIRL/JEAN GRE,UX 270;
MARVEL GIRL/JEAN GRE,UX 272;
MARVEL GIRL/JEAN GRE,UX 273;
MARVEL GIRL/JEAN GRE,UX 274;
MARVEL GIRL/JEAN GRE,UX 28;
MARVEL GIRL/JEAN GRE,UX 280;
MARVEL GIRL/JEAN GRE,UX 281;
MARVEL GIRL/JEAN GRE,UX 282;
MARVEL GIRL/JEAN GRE,UX 283;
MARVEL GIRL/JEAN GRE,UX 284;
MARVEL GIRL/JEAN GRE,UX 285;
MARVEL GIRL/JEAN GRE,UX 286;
MARVEL GIRL/JEAN GRE,UX 287;
MARVEL GIRL/JEAN GRE,UX 288;
MARVEL GIRL/JEAN GRE,UX 289;
MARVEL GIRL/JEAN GRE,UX 29;
MARVEL GIRL/JEAN GRE,UX 290;
MARVEL GIRL/JEAN GRE,UX 291;
MARVEL GIRL/JEAN GRE,UX 292;
MARVEL GIRL/JEAN GRE,UX 293;
MARVEL GIRL/JEAN GRE,UX 294;
MARVEL GIRL/JEAN GRE,UX 295;
MARVEL GIRL/JEAN GRE,UX 296;
MARVEL GIRL/JEAN GRE,UX 3;
MARVEL GIRL/JEAN GRE,UX 30;
MARVEL GIRL/JEAN GRE,UX 308;
MARVEL GIRL/JEAN GRE,UX 31;
MARVEL GIRL/JEAN GRE,UX 316;
MARVEL GIRL/JEAN GRE,UX 318;
MARVEL GIRL/JEAN GRE,UX 32;
MARVEL GIRL/JEAN GRE,UX 320;
MARVEL GIRL/JEAN GRE,UX 321;
MARVEL GIRL/JEAN GRE,UX 322;
MARVEL GIRL/JEAN GRE,UX 325;
MARVEL GIRL/JEAN GRE,UX 328;
MARVEL GIRL/JEAN GRE,UX 33;
MARVEL GIRL/JEAN GRE,UX 331;
MARVEL GIRL/JEAN GRE,UX 332;
MARVEL GIRL/JEAN GRE,UX 333;
MARVEL GIRL/JEAN GRE,UX 334;
MARVEL GIRL/JEAN GRE,UX 335;
MARVEL GIRL/JEAN GRE,UX 336;
MARVEL GIRL/JEAN GRE,UX 337;
MARVEL GIRL/JEAN GRE,UX 338;
MARVEL GIRL/JEAN GRE,UX 339;
MARVEL GIRL/JEAN GRE,UX 34;
MARVEL GIRL/JEAN GRE,UX 340;
MARVEL GIRL/JEAN GRE,UX 342;
MARVEL GIRL/JEAN GRE,UX 35;
MARVEL GIRL/JEAN GRE,UX 350;
MARVEL GIRL/JEAN GRE,UX 351;
MARVEL GIRL/JEAN GRE,UX 352;
MARVEL GIRL/JEAN GRE,UX 353;
MARVEL GIRL/JEAN GRE,UX 354;
MARVEL GIRL/JEAN GRE,UX 355;
MARVEL GIRL/JEAN GRE,UX 356;
MARVEL GIRL/JEAN GRE,UX 357;
MARVEL GIRL/JEAN GRE,UX 358;
MARVEL GIRL/JEAN GRE,UX 359;
MARVEL GIRL/JEAN GRE,UX 36;
MARVEL GIRL/JEAN GRE,UX 368;
MARVEL GIRL/JEAN GRE,UX 37;
MARVEL GIRL/JEAN GRE,UX 375;
MARVEL GIRL/JEAN GRE,UX 376;
MARVEL GIRL/JEAN GRE,UX 377;
MARVEL GIRL/JEAN GRE,UX 378;
MARVEL GIRL/JEAN GRE,UX 379;
MARVEL GIRL/JEAN GRE,UX 38;
MARVEL GIRL/JEAN GRE,UX 380;
MARVEL GIRL/JEAN GRE,UX 381;
MARVEL GIRL/JEAN GRE,UX 382;
MARVEL GIRL/JEAN GRE,UX 383;
MARVEL GIRL/JEAN GRE,UX 384;
MARVEL GIRL/JEAN GRE,UX 385;
MARVEL GIRL/JEAN GRE,UX 386;
MARVEL GIRL/JEAN GRE,UX 387;
MARVEL GIRL/JEAN GRE,UX 388;
MARVEL GIRL/JEAN GRE,UX 39;
MARVEL GIRL/JEAN GRE,UX 392;
MARVEL GIRL/JEAN GRE,UX 393;
MARVEL GIRL/JEAN GRE,UX 394;
MARVEL GIRL/JEAN GRE,UX 4;
MARVEL GIRL/JEAN GRE,UX 40;
MARVEL GIRL/JEAN GRE,UX 41;
MARVEL GIRL/JEAN GRE,UX 42;
MARVEL GIRL/JEAN GRE,UX 43;
MARVEL GIRL/JEAN GRE,UX 44;
MARVEL GIRL/JEAN GRE,UX 45;
MARVEL GIRL/JEAN GRE,UX 46;
MARVEL GIRL/JEAN GRE,UX 48;
MARVEL GIRL/JEAN GRE,UX 49;
MARVEL GIRL/JEAN GRE,UX 5;
MARVEL GIRL/JEAN GRE,UX 50;
MARVEL GIRL/JEAN GRE,UX 51;
MARVEL GIRL/JEAN GRE,UX 52;
MARVEL GIRL/JEAN GRE,UX 53;
MARVEL GIRL/JEAN GRE,UX 54;
MARVEL GIRL/JEAN GRE,UX 55;
MARVEL GIRL/JEAN GRE,UX 56;
MARVEL GIRL/JEAN GRE,UX 57;
MARVEL GIRL/JEAN GRE,UX 58;
MARVEL GIRL/JEAN GRE,UX 59;
MARVEL GIRL/JEAN GRE,UX 6;
MARVEL GIRL/JEAN GRE,UX 60;
MARVEL GIRL/JEAN GRE,UX 61;
MARVEL GIRL/JEAN GRE,UX 62;
MARVEL GIRL/JEAN GRE,UX 63;
MARVEL GIRL/JEAN GRE,UX 64;
MARVEL GIRL/JEAN GRE,UX 65;
MARVEL GIRL/JEAN GRE,UX 66;
MARVEL GIRL/JEAN GRE,UX 7;
MARVEL GIRL/JEAN GRE,UX 8;
MARVEL GIRL/JEAN GRE,UX 9;
MARVEL GIRL/JEAN GRE,UX 94;
MARVEL GIRL/JEAN GRE,UX 97;
MARVEL GIRL/JEAN GRE,UX 98;
MARVEL GIRL/JEAN GRE,UX 99;
MARVEL GIRL/JEAN GRE,W2 101;
MARVEL GIRL/JEAN GRE,W2 115;
MARVEL GIRL/JEAN GRE,W2 116;
MARVEL GIRL/JEAN GRE,W2 117;
MARVEL GIRL/JEAN GRE,W2 118;
MARVEL GIRL/JEAN GRE,W2 125;
MARVEL GIRL/JEAN GRE,W2 126;
MARVEL GIRL/JEAN GRE,W2 145;
MARVEL GIRL/JEAN GRE,W2 49;
MARVEL GIRL/JEAN GRE,W2 50;
MARVEL GIRL/JEAN GRE,W2 51;
MARVEL GIRL/JEAN GRE,W2 63;
MARVEL GIRL/JEAN GRE,W2 65;
MARVEL GIRL/JEAN GRE,W2 85;
MARVEL GIRL/JEAN GRE,W2 91;
MARVEL GIRL/JEAN GRE,W2 97;
MARVEL GIRL/JEAN GRE,W2 98;
MARVEL GIRL/JEAN GRE,WIW 8;
MARVEL GIRL/JEAN GRE,WM2 13;
MARVEL GIRL/JEAN GRE,WM2 14;
MARVEL GIRL/JEAN GRE,X 1;
MARVEL GIRL/JEAN GRE,X 104;
MARVEL GIRL/JEAN GRE,X 108;
MARVEL GIRL/JEAN GRE,X 112;
MARVEL GIRL/JEAN GRE,X 113;
MARVEL GIRL/JEAN GRE,X 114;
MARVEL GIRL/JEAN GRE,X 115;
MARVEL GIRL/JEAN GRE,X 14;
MARVEL GIRL/JEAN GRE,X 15;
MARVEL GIRL/JEAN GRE,X 16;
MARVEL GIRL/JEAN GRE,X 2;
MARVEL GIRL/JEAN GRE,X 3;
MARVEL GIRL/JEAN GRE,X 35;
MARVEL GIRL/JEAN GRE,X 38;
MARVEL GIRL/JEAN GRE,X 39;
MARVEL GIRL/JEAN GRE,X 40;
MARVEL GIRL/JEAN GRE,X 41;
MARVEL GIRL/JEAN GRE,X 42;
MARVEL GIRL/JEAN GRE,X 43;
MARVEL GIRL/JEAN GRE,X 44;
MARVEL GIRL/JEAN GRE,X 46;
MARVEL GIRL/JEAN GRE,X 47;
MARVEL GIRL/JEAN GRE,X 48;
MARVEL GIRL/JEAN GRE,X 5;
MARVEL GIRL/JEAN GRE,X 50;
MARVEL GIRL/JEAN GRE,X 51;
MARVEL GIRL/JEAN GRE,X 53;
MARVEL GIRL/JEAN GRE,X 54;
MARVEL GIRL/JEAN GRE,X 55;
MARVEL GIRL/JEAN GRE,X 56;
MARVEL GIRL/JEAN GRE,X 57;
MARVEL GIRL/JEAN GRE,X 59;
MARVEL GIRL/JEAN GRE,X 62;
MARVEL GIRL/JEAN GRE,X 63;
MARVEL GIRL/JEAN GRE,X 64;
MARVEL GIRL/JEAN GRE,X 65;
MARVEL GIRL/JEAN GRE,X 66;
MARVEL GIRL/JEAN GRE,X 70;
MARVEL GIRL/JEAN GRE,X 71;
MARVEL GIRL/JEAN GRE,X 8;
MARVEL GIRL/JEAN GRE,X 88;
MARVEL GIRL/JEAN GRE,X 92;
MARVEL GIRL/JEAN GRE,X 94/2;
MARVEL GIRL/JEAN GRE,X '95;
MARVEL GIRL/JEAN GRE,X 95;
MARVEL GIRL/JEAN GRE,X 96;
MARVEL GIRL/JEAN GRE,X '97;
MARVEL GIRL/JEAN GRE,X 97;
MARVEL GIRL/JEAN GRE,X 98;
MARVEL GIRL/JEAN GRE,XCAL 100;
MARVEL GIRL/JEAN GRE,XCAL 52;
MARVEL GIRL/JEAN GRE,XCAL 8;
MARVEL GIRL/JEAN GRE,XCAL 96;
MARVEL GIRL/JEAN GRE,XCAL: XX CROSSING;
MARVEL GIRL/JEAN GRE,X&CD 1;
MARVEL GIRL/JEAN GRE,XF 1;
MARVEL GIRL/JEAN GRE,XF 10;
MARVEL GIRL/JEAN GRE,XF 11;
MARVEL GIRL/JEAN GRE,XF 12;
MARVEL GIRL/JEAN GRE,XF 13;
MARVEL GIRL/JEAN GRE,XF 14;
MARVEL GIRL/JEAN GRE,XF 15;
MARVEL GIRL/JEAN GRE,XF 16;
MARVEL GIRL/JEAN GRE,XF 17;
MARVEL GIRL/JEAN GRE,XF 18;
MARVEL GIRL/JEAN GRE,XF 19;
MARVEL GIRL/JEAN GRE,XF 2;
MARVEL GIRL/JEAN GRE,XF 20;
MARVEL GIRL/JEAN GRE,XF 21;
MARVEL GIRL/JEAN GRE,XF 22;
MARVEL GIRL/JEAN GRE,XF 23;
MARVEL GIRL/JEAN GRE,XF 24;
MARVEL GIRL/JEAN GRE,XF 25;
MARVEL GIRL/JEAN GRE,XF 26;
MARVEL GIRL/JEAN GRE,XF 27;
MARVEL GIRL/JEAN GRE,XF 28;
MARVEL GIRL/JEAN GRE,XF 29;
MARVEL GIRL/JEAN GRE,XF 3;
MARVEL GIRL/JEAN GRE,XF 30;
MARVEL GIRL/JEAN GRE,XF 31;
MARVEL GIRL/JEAN GRE,XF 32;
MARVEL GIRL/JEAN GRE,XF 33;
MARVEL GIRL/JEAN GRE,XF 34;
MARVEL GIRL/JEAN GRE,XF 35;
MARVEL GIRL/JEAN GRE,XF 36;
MARVEL GIRL/JEAN GRE,XF 37;
MARVEL GIRL/JEAN GRE,XF 38;
MARVEL GIRL/JEAN GRE,XF 39;
MARVEL GIRL/JEAN GRE,XF 4;
MARVEL GIRL/JEAN GRE,XF 40;
MARVEL GIRL/JEAN GRE,XF 41;
MARVEL GIRL/JEAN GRE,XF 42;
MARVEL GIRL/JEAN GRE,XF 4/3;
MARVEL GIRL/JEAN GRE,XF 43;
MARVEL GIRL/JEAN GRE,XF 44;
MARVEL GIRL/JEAN GRE,XF 45;
MARVEL GIRL/JEAN GRE,XF 46;
MARVEL GIRL/JEAN GRE,XF 47;
MARVEL GIRL/JEAN GRE,XF 48;
MARVEL GIRL/JEAN GRE,XF 5;
MARVEL GIRL/JEAN GRE,XF 50;
MARVEL GIRL/JEAN GRE,XF 51;
MARVEL GIRL/JEAN GRE,XF 5/2;
MARVEL GIRL/JEAN GRE,XF 52;
MARVEL GIRL/JEAN GRE,XF 53;
MARVEL GIRL/JEAN GRE,XF 54;
MARVEL GIRL/JEAN GRE,XF 56;
MARVEL GIRL/JEAN GRE,XF 57;
MARVEL GIRL/JEAN GRE,XF 58;
MARVEL GIRL/JEAN GRE,XF 59;
MARVEL GIRL/JEAN GRE,XF 6;
MARVEL GIRL/JEAN GRE,XF 60;
MARVEL GIRL/JEAN GRE,XF 61;
MARVEL GIRL/JEAN GRE,XF 62;
MARVEL GIRL/JEAN GRE,XF 63;
MARVEL GIRL/JEAN GRE,XF 64;
MARVEL GIRL/JEAN GRE,XF 65;
MARVEL GIRL/JEAN GRE,XF 66;
MARVEL GIRL/JEAN GRE,XF 67;
MARVEL GIRL/JEAN GRE,XF 68;
MARVEL GIRL/JEAN GRE,XF 69;
MARVEL GIRL/JEAN GRE,XF 7;
MARVEL GIRL/JEAN GRE,XF 70;
MARVEL GIRL/JEAN GRE,XF 8;
MARVEL GIRL/JEAN GRE,XF 84;
MARVEL GIRL/JEAN GRE,XF 86;
MARVEL GIRL/JEAN GRE,XF 9;
MARVEL GIRL/JEAN GRE,XFOR 16;
MARVEL GIRL/JEAN GRE,XFOR 17;
MARVEL GIRL/JEAN GRE,XFOR 18;
MARVEL GIRL/JEAN GRE,XF:PL;
MARVEL GIRL/JEAN GRE,X:HY 1;
MARVEL GIRL/JEAN GRE,X:HY 10;
MARVEL GIRL/JEAN GRE,X:HY 11;
MARVEL GIRL/JEAN GRE,X:HY 12;
MARVEL GIRL/JEAN GRE,X:HY 13;
MARVEL GIRL/JEAN GRE,X:HY 14;
MARVEL GIRL/JEAN GRE,X:HY 15;
MARVEL GIRL/JEAN GRE,X:HY 16;
MARVEL GIRL/JEAN GRE,X:HY 17;
MARVEL GIRL/JEAN GRE,X:HY 18;
MARVEL GIRL/JEAN GRE,X:HY 19;
MARVEL GIRL/JEAN GRE,X:HY 2;
MARVEL GIRL/JEAN GRE,X:HY 20;
MARVEL GIRL/JEAN GRE,X:HY 21;
MARVEL GIRL/JEAN GRE,X:HY 22;
MARVEL GIRL/JEAN GRE,X:HY 3;
MARVEL GIRL/JEAN GRE,X:HY 4;
MARVEL GIRL/JEAN GRE,X:HY 5;
MARVEL GIRL/JEAN GRE,X:HY 6;
MARVEL GIRL/JEAN GRE,X:HY 7;
MARVEL GIRL/JEAN GRE,X:HY 8;
MARVEL GIRL/JEAN GRE,X:HY 9;
MARVEL GIRL/JEAN GRE,XM 25;
MARVEL GIRL/JEAN GRE,XM 46;
MARVEL GIRL/JEAN GRE,XM 53;
MARVEL GIRL/JEAN GRE,XM 54;
MARVEL GIRL/JEAN GRE,XM 55;
MARVEL GIRL/JEAN GRE,XMF 1;
MARVEL GIRL/JEAN GRE,XMF 2;
MARVEL GIRL/JEAN GRE,XMF 3;
MARVEL GIRL/JEAN GRE,XMF 4;
MARVEL GIRL/JEAN GRE,XMF 5;
MARVEL GIRL/JEAN GRE,XMF 6;
MARVEL GIRL/JEAN GRE,X:PRIME;
MARVEL GIRL/JEAN GRE,X:SC 1;
MARVEL GIRL/JEAN GRE,X:SC 2;
MARVEL GIRL/JEAN GRE,X:SC 3;
MARVEL GIRL/JEAN GRE,X:SC 4;
MARVEL GIRL/JEAN GRE,XSOS 2;
MARVEL GIRL/JEAN GRE,XTERM 1;
MARVEL GIRL/JEAN GRE,XU 25;
MARVEL GIRL/JEAN GRE,XU 27;
MARVEL GIRL/JEAN GRE,XU 28;
MARVEL GIRL/JEAN GRE,XU 31;
MARVEL GIRL/JEAN GRE,XU 6;
MARVEL GIRL/JEAN GRE,XU 7;
MARVEL GIRL/JEAN GRE,X: WEDDING ALBUM 1;
MARVEL WOMAN | MUTAN,MX 1;
MARVEL WOMAN | MUTAN,MX 10;
MARVEL WOMAN | MUTAN,MX 11;
MARVEL WOMAN | MUTAN,MX 12;
MARVEL WOMAN | MUTAN,MX 2;
MARVEL WOMAN | MUTAN,MX 3;
MARVEL WOMAN | MUTAN,MX 32;
MARVEL WOMAN | MUTAN,MX 4;
MARVEL WOMAN | MUTAN,MX 5;
MARVEL WOMAN | MUTAN,MX 6;
MARVEL WOMAN | MUTAN,MX 7;
MARVEL WOMAN | MUTAN,MX 8;
MARVEL WOMAN | MUTAN,MX 9;
MARVEL WOMAN | MUTAN,MX '99;
MARX,DAZZ 10;
MARX,DAZZ 11;
MARX,DAZZ 14;
MARX,DAZZ 15;
MARX,DAZZ 16;
MARX,DAZZ 18;
MARX,DAZZ 20;
MARX,DAZZ 21;
MARX,DAZZ 22;
MARX,DAZZ 23;
MARX,DAZZ 26;
MARX,DAZZ 6;
MARX,DAZZ 7;
MARX, DR.,C2 '98;
MASKED MARAUDER/FRAN,DD 16;
MASKED MARAUDER/FRAN,DD 17;
MASKED MARAUDER/FRAN,DD 18;
MASKED MARAUDER/FRAN,DD 19;
MASKED MARAUDER/FRAN,DD 22;
MASKED MARAUDER/FRAN,DD 23;
MASKED MARAUDER/FRAN,DD 26;
MASKED MARAUDER/FRAN,DD 27;
MASKED MARAUDER/FRAN,IM 60;
MASKED MARAUDER/FRAN,IM 61;
MASON, JOHN,CA:SL2 8;
MASON, LOUISE,A 325;
MASON, LOUISE,H 16/2;
MASON, LOUISE,S-H2 10;
MASON, LOUISE,S-H2 11;
MASON, LOUISE,S-H2 13;
MASON, LOUISE,S-H2 14;
MASON, LOUISE,S-H2 15;
MASON, LOUISE,S-H2 16;
MASON, LOUISE,S-H2 17;
MASON, LOUISE,S-H2 18;
MASON, LOUISE,S-H2 19;
MASON, LOUISE,S-H2 2;
MASON, LOUISE,S-H2 21;
MASON, LOUISE,S-H2 23;
MASON, LOUISE,S-H2 24;
MASON, LOUISE,S-H2 25;
MASON, LOUISE,S-H2 28;
MASON, LOUISE,S-H2 29;
MASON, LOUISE,S-H2 3;
MASON, LOUISE,S-H2 30;
MASON, LOUISE,S-H2 31;
MASON, LOUISE,S-H2 32;
MASON, LOUISE,S-H2 33;
MASON, LOUISE,S-H2 34;
MASON, LOUISE,S-H2 35;
MASON, LOUISE,S-H2 36;
MASON, LOUISE,S-H2 38;
MASON, LOUISE,S-H2 4;
MASON, LOUISE,S-H2 40;
MASON, LOUISE,S-H2 41;
MASON, LOUISE,S-H2 42;
MASON, LOUISE,S-H2 43;
MASON, LOUISE,S-H2 44;
MASON, LOUISE,S-H2 45;
MASON, LOUISE,S-H2 46;
MASON, LOUISE,S-H2 47;
MASON, LOUISE,S-H2 48;
MASON, LOUISE,S-H2 49;
MASON, LOUISE,S-H2 7;
MASON, LOUISE,S-H2 8;
MASON, WANDA,S-H2 21;
MASON, WANDA,S-H2 22;
MASON, WANDA,S-H2 23;
MASON, WANDA,S-H2 29;
MASON, WANDA,S-H2 30;
MASON, WANDA,S-H2 47;
MASQUE,NM 100;
MASQUE,NM 91;
MASQUE,NM 99;
MASQUE,PP 12;
MASQUE,UX 170;
MASQUE,UX 176;
MASQUE,UX 178;
MASQUE,UX 179;
MASQUE,UX 195;
MASQUE,UX 254;
MASQUE,UX 259;
MASQUE,UX 262;
MASQUE,UX 263;
MASQUE,W2 41;
MASQUE,W2 42;
MASQUE,W2 43;
MASQUE,W2 45;
MASQUE,W2 46;
MASQUE,W2 51;
MASQUE,XF 11;
MASQUE,XF 12;
MASQUE,XF 13;
MASQUE,XF 15;
MASQUE,XF 16;
MASQUE,XFOR 10;
MASQUE,XFOR 6;
MASQUE,XFOR 7;
MASQUE,XFOR 9;
MASTERBLASTER/,S-M 15;
MASTER ELO,Q 12;
MASTER/ESHU,AF 108;
MASTER/ESHU,AF 110;
MASTER/ESHU,AF 111;
MASTER/ESHU,AF 112;
MASTER/ESHU,AF 15;
MASTER/ESHU,AF 16;
MASTER/ESHU,AF 2;
MASTER/ESHU,AF 3;
MASTER/ESHU,AF 4;
MASTER/ESHU,AF 76;
MASTER/ESHU,AF 77;
MASTER/ESHU,AF 78;
MASTER/ESHU,AF 89;
MASTER/ESHU,AF 90;
MASTER/ESHU,AF 96;
MASTER/ESHU,HFH 1;
MASTER/ESHU,HFH 10;
MASTER/ESHU,HFH 11;
MASTER/ESHU,HFH 12;
MASTER/ESHU,HFH 2;
MASTER/ESHU,HFH 3;
MASTER/ESHU,HFH 4;
MASTER/ESHU,HFH 5;
MASTER/ESHU,HFH 8;
MASTER FOUR,AA2 20;
MASTER KHAN/TYRONE K,IF 2;
MASTER KHAN/TYRONE K,IF 5;
MASTER KHAN/TYRONE K,IF 6;
MASTER KHAN/TYRONE K,M/PRM 22;
MASTER KHAN/TYRONE K,M/PRM 24;
MASTER KHAN/TYRONE K,N 20;
MASTER KHAN/TYRONE K,N 22;
MASTER KHAN/TYRONE K,N 24;
MASTER KHAN/TYRONE K,N 25;
MASTER KHAN/TYRONE K,N 27;
MASTER KHAN/TYRONE K,N 28;
MASTER KHAN/TYRONE K,N 32;
MASTER KHAN/TYRONE K,N 33;
MASTER KHAN/TYRONE K,PM&IF 100;
MASTER KHAN/TYRONE K,PM&IF 117;
MASTER KHAN/TYRONE K,PM&IF 119;
MASTER KHAN/TYRONE K,PM&IF 121;
MASTER KHAN/TYRONE K,PM&IF 122;
MASTER KHAN/TYRONE K,PM&IF 123;
MASTER KHAN/TYRONE K,PM&IF 125;
MASTER KHAN/TYRONE K,PM&IF 74;
MASTER KHAN/TYRONE K,PM&IF 75;
MASTER KHAN/TYRONE K,PM&IF 99;
MASTER LINK/WILLIS H,SLEEP 19;
MASTER LINK/WILLIS H,SLEEP 7;
MASTER MAN II/ALEXAN,CA2 1;
MASTER MAN II/ALEXAN,REBEL;
MASTER MAN/WILHELM L,C2 51;
MASTER MAN/WILHELM L,C2 52;
MASTER MAN/WILHELM L,GSINV 1;
MASTER MAN/WILHELM L,INV 16;
MASTER MAN/WILHELM L,INV 17;
MASTER MAN/WILHELM L,INV 18;
MASTER MAN/WILHELM L,INV 19;
MASTER MAN/WILHELM L,INV 20;
MASTER MAN/WILHELM L,INV 21;
MASTER MAN/WILHELM L,INV 34;
MASTER MAN/WILHELM L,INV 40;
MASTER MAN/WILHELM L,INV 41;
MASTER MAN/WILHELM L,N 10;
MASTER MAN/WILHELM L,N 11;
MASTER MAN/WILHELM L,N 12;
MASTER MAN/WILHELM L,N 6;
MASTER MAN/WILHELM L,N 8;
MASTER MAN/WILHELM L,N 9;
MASTER MENACE/DR. EM,SQS 10;
MASTER MENACE/DR. EM,SQS 11;
MASTER MENACE/DR. EM,SQS 12;
MASTER MENACE/DR. EM,SQS 6;
MASTER MENACE/DR. EM,SQS 7;
MASTER MENACE/DR. EM,SQS 8;
MASTER MENACE/DR. EM,SQS:NWO;
MASTER MENACE/DR. EM,T 280;
MASTERMIND II/BOWERS,IM 31;
MASTERMIND III,CB 12;
MASTERMIND III,CB 13;
MASTERMIND III,CB 14;
MASTERMIND III,CB 15;
MASTERMIND III,CB 16;
MASTERMIND III,CB 17;
MASTERMIND III,CB 18;
MASTERMIND IV/MARTIN,C2 87;
MASTERMIND IV/MARTIN,DD 352;
MASTERMIND IV/MARTIN,W/G 2;
MASTERMIND IV/MARTIN,W/G 3;
MASTERMIND IV/MARTIN,W/G 4;
MASTERMIND/JASON WYN,A 103;
MASTERMIND/JASON WYN,A 401;
MASTERMIND/JASON WYN,AA2 12;
MASTERMIND/JASON WYN,AA2 13;
MASTERMIND/JASON WYN,CX 24/2;
MASTERMIND/JASON WYN,CX 34/2;
MASTERMIND/JASON WYN,DEF 15;
MASTERMIND/JASON WYN,DEF 16;
MASTERMIND/JASON WYN,H2 174;
MASTERMIND/JASON WYN,JIM 109;
MASTERMIND/JASON WYN,TB 33;
MASTERMIND/JASON WYN,UX 11;
MASTERMIND/JASON WYN,UX 122;
MASTERMIND/JASON WYN,UX 125;
MASTERMIND/JASON WYN,UX 126;
MASTERMIND/JASON WYN,UX 129;
MASTERMIND/JASON WYN,UX 130;
MASTERMIND/JASON WYN,UX 132;
MASTERMIND/JASON WYN,UX 133;
MASTERMIND/JASON WYN,UX 134;
MASTERMIND/JASON WYN,UX 172;
MASTERMIND/JASON WYN,UX 173;
MASTERMIND/JASON WYN,UX 174;
MASTERMIND/JASON WYN,UX 175;
MASTERMIND/JASON WYN,UX 37;
MASTERMIND/JASON WYN,UX 38;
MASTERMIND/JASON WYN,UX 39;
MASTERMIND/JASON WYN,UX 4;
MASTERMIND/JASON WYN,UX 5;
MASTERMIND/JASON WYN,UX 59;
MASTERMIND/JASON WYN,UX 6;
MASTERMIND/JASON WYN,UX 60;
MASTERMIND/JASON WYN,UX 7;
MASTERMIND/JASON WYN,UX 8;
MASTERMIND/JASON WYN,XCAL 26;
MASTERMIND/JASON WYN,X:HY 11;
MASTERMIND/JASON WYN,X:HY 12;
MASTERMIND/JASON WYN,X:HY 13;
MASTERMIND/JASON WYN,X:HY 14;
MASTERMIND V,XCAL2 3;
MASTERMIND V,XCAL2 4;
MASTER MOLD,H 7;
MASTER MOLD II,ASTONX2 1;
MASTER MOLD II,ASTONX2 2;
MASTER MOLD II,C2 47;
MASTER MOLD II,C2 '98;
MASTER MOLD II,GENX 23;
MASTER MOLD II,GENX 25;
MASTER MOLD II,GENX 31;
MASTER MOLD III,C2 '98;
MASTER MOLD III,MM '98;
MASTER MOLD II,M/CP 18;
MASTER MOLD II,M/CP 19;
MASTER MOLD II,M/CP 20;
MASTER MOLD II,M/CP 21;
MASTER MOLD II,M/CP 22;
MASTER MOLD II,M/CP 23;
MASTER MOLD II,M/CP 24;
MASTER MOLD II,MM '98;
MASTER MOLD II,PP 36;
MASTER MOLD II,S-H2 30;
MASTER MOLD II,SS3 123;
MASTER MOLD II,UX 191;
MASTER MOLD II,UX 193;
MASTER MOLD II,UX 194;
MASTER MOLD II,UX 197;
MASTER MOLD II,UX 202;
MASTER MOLD II,UX 208;
MASTER MOLD II,UX 209;
MASTER MOLD II,UX 246;
MASTER MOLD II,UX 247;
MASTER MOLD II,UX 333;
MASTER MOLD II,UX 334;
MASTER MOLD II,UX 337;
MASTER MOLD II,UX 339;
MASTER MOLD II,UX 343;
MASTER MOLD II,UX 346;
MASTER MOLD II,V:OT 1;
MASTER MOLD II,W2 115;
MASTER MOLD II,W2 116;
MASTER MOLD II,W2 117;
MASTER MOLD II,X 57;
MASTER MOLD II,X 64;
MASTER MOLD II,X 65;
MASTER MOLD II,X 66;
MASTER MOLD II,X 67;
MASTER MOLD II,X 69;
MASTER MOLD II,XF 13;
MASTER MOLD II,XF 14;
MASTER MOLD II,XFOR 54;
MASTER MOLD II,XFOR 82;
MASTER MOLD II,XM 30;
MASTER MOLD II,XU 11;
MASTER MOLD II,XU 16;
MASTER MOLD II,XU 27;
MASTER MOLD,UX -1;
MASTER MOLD,UX 100;
MASTER MOLD,UX 15;
MASTER MOLD,UX 16;
MASTER MONARCH/,PPSM2 16;
MASTER OF VENGEANCE,ASMSS 1/2;
MASTER OM,SENSM 21;
MASTER OM,SENSM 23;
MASTER ORDER,DAMCON3 4;
MASTER ORDER,FF 27/2;
MASTER ORDER,IG 3;
MASTER ORDER,IG 4;
MASTER ORDER,IG 5;
MASTER ORDER,IG 6;
MASTER ORDER,KS;
MASTER ORDER,Q 26;
MASTER ORDER,SS3 16;
MASTER ORDER,SS3 17;
MASTER ORDER,SS3 18;
MASTER ORDER,SWII 6;
MASTER ORDER,TQ 1;
MASTER ORDER,WIW 1;
MASTER PANDEMONIUM/M,AWC 50;
MASTER PANDEMONIUM/M,AWC 51;
MASTER PANDEMONIUM/M,AWC 52;
MASTER PANDEMONIUM/M,FF 314;
MASTER PANDEMONIUM/M,FF 315;
MASTER PANDEMONIUM/M,FF 316;
MASTER PANDEMONIUM/M,WCA2 14;
MASTER PANDEMONIUM/M,WCA2 15;
MASTER PANDEMONIUM/M,WCA2 4;
MASTER PANDEMONIUM/M,WCA2 9;
MASTER PROGRAMMER,ASS 1;
MASTER PROGRAMMER,ASS 2;
MASTER PROGRAMMER,SCARSPI 1;
MASTER PROGRAMMER,SCARSPI 2;
MASTER PROGRAMMER,SSCARSPI 1;
MASTER PROGRAMMER,SSCARSPI 2;
MASTER PROGRAMMER,WOSS 1;
MASTER PROGRAMMER,WOSS 2;
MASTERS, ALICIA REIS,A 233;
MASTERS, ALICIA REIS,DEF2 1;
MASTERS, ALICIA REIS,DEF2 5;
MASTERS, ALICIA REIS,FF 1;
MASTERS, ALICIA REIS,FF 10;
MASTERS, ALICIA REIS,FF 101;
MASTERS, ALICIA REIS,FF 107;
MASTERS, ALICIA REIS,FF 110;
MASTERS, ALICIA REIS,FF 112;
MASTERS, ALICIA REIS,FF 113;
MASTERS, ALICIA REIS,FF 117;
MASTERS, ALICIA REIS,FF 12;
MASTERS, ALICIA REIS,FF 126;
MASTERS, ALICIA REIS,FF 13;
MASTERS, ALICIA REIS,FF 133;
MASTERS, ALICIA REIS,FF 135;
MASTERS, ALICIA REIS,FF 138;
MASTERS, ALICIA REIS,FF 14;
MASTERS, ALICIA REIS,FF 141;
MASTERS, ALICIA REIS,FF 142;
MASTERS, ALICIA REIS,FF 143;
MASTERS, ALICIA REIS,FF 144;
MASTERS, ALICIA REIS,FF 15;
MASTERS, ALICIA REIS,FF 150;
MASTERS, ALICIA REIS,FF 158;
MASTERS, ALICIA REIS,FF 16;
MASTERS, ALICIA REIS,FF 160;
MASTERS, ALICIA REIS,FF 163;
MASTERS, ALICIA REIS,FF 164;
MASTERS, ALICIA REIS,FF 168;
MASTERS, ALICIA REIS,FF 169;
MASTERS, ALICIA REIS,FF 17;
MASTERS, ALICIA REIS,FF 170;
MASTERS, ALICIA REIS,FF 181;
MASTERS, ALICIA REIS,FF 182;
MASTERS, ALICIA REIS,FF 184;
MASTERS, ALICIA REIS,FF 19;
MASTERS, ALICIA REIS,FF 190;
MASTERS, ALICIA REIS,FF 192;
MASTERS, ALICIA REIS,FF 193;
MASTERS, ALICIA REIS,FF 194;
MASTERS, ALICIA REIS,FF 197;
MASTERS, ALICIA REIS,FF 198;
MASTERS, ALICIA REIS,FF 199;
MASTERS, ALICIA REIS,FF 20;
MASTERS, ALICIA REIS,FF 200;
MASTERS, ALICIA REIS,FF 204;
MASTERS, ALICIA REIS,FF 21;
MASTERS, ALICIA REIS,FF 220;
MASTERS, ALICIA REIS,FF 224;
MASTERS, ALICIA REIS,FF 225;
MASTERS, ALICIA REIS,FF 226;
MASTERS, ALICIA REIS,FF 227;
MASTERS, ALICIA REIS,FF 229;
MASTERS, ALICIA REIS,FF 230;
MASTERS, ALICIA REIS,FF 231;
MASTERS, ALICIA REIS,FF 232;
MASTERS, ALICIA REIS,FF 236;
MASTERS, ALICIA REIS,FF 237;
MASTERS, ALICIA REIS,FF 238/2;
MASTERS, ALICIA REIS,FF 239;
MASTERS, ALICIA REIS,FF 24;
MASTERS, ALICIA REIS,FF 242;
MASTERS, ALICIA REIS,FF 245;
MASTERS, ALICIA REIS,FF 246;
MASTERS, ALICIA REIS,FF 25;
MASTERS, ALICIA REIS,FF 250;
MASTERS, ALICIA REIS,FF 251;
MASTERS, ALICIA REIS,FF 252;
MASTERS, ALICIA REIS,FF 255;
MASTERS, ALICIA REIS,FF 256;
MASTERS, ALICIA REIS,FF 28;
MASTERS, ALICIA REIS,FF 29;
MASTERS, ALICIA REIS,FF 3;
MASTERS, ALICIA REIS,FF 32;
MASTERS, ALICIA REIS,FF3 27;
MASTERS, ALICIA REIS,FF3 3;
MASTERS, ALICIA REIS,FF 34;
MASTERS, ALICIA REIS,FF3 4;
MASTERS, ALICIA REIS,FF3 45;
MASTERS, ALICIA REIS,FF 358;
MASTERS, ALICIA REIS,FF 359;
MASTERS, ALICIA REIS,FF 36;
MASTERS, ALICIA REIS,FF 360;
MASTERS, ALICIA REIS,FF 361;
MASTERS, ALICIA REIS,FF 365;
MASTERS, ALICIA REIS,FF 366;
MASTERS, ALICIA REIS,FF 369;
MASTERS, ALICIA REIS,FF 37;
MASTERS, ALICIA REIS,FF 371;
MASTERS, ALICIA REIS,FF 372;
MASTERS, ALICIA REIS,FF 373;
MASTERS, ALICIA REIS,FF 393;
MASTERS, ALICIA REIS,FF 394;
MASTERS, ALICIA REIS,FF 41;
MASTERS, ALICIA REIS,FF 416;
MASTERS, ALICIA REIS,FF 47;
MASTERS, ALICIA REIS,FF 48;
MASTERS, ALICIA REIS,FF 49;
MASTERS, ALICIA REIS,FF 5;
MASTERS, ALICIA REIS,FF 50;
MASTERS, ALICIA REIS,FF 51;
MASTERS, ALICIA REIS,FF 55;
MASTERS, ALICIA REIS,FF 65;
MASTERS, ALICIA REIS,FF 66;
MASTERS, ALICIA REIS,FF 67;
MASTERS, ALICIA REIS,FF 68;
MASTERS, ALICIA REIS,FF 74;
MASTERS, ALICIA REIS,FF 79;
MASTERS, ALICIA REIS,FF 8;
MASTERS, ALICIA REIS,FF 88;
MASTERS, ALICIA REIS,FF 9;
MASTERS, ALICIA REIS,FF 90;
MASTERS, ALICIA REIS,FF 91;
MASTERS, ALICIA REIS,FF 98;
MASTERS, ALICIA REIS,FFOR 13;
MASTERS, ALICIA REIS,GAL 1;
MASTERS, ALICIA REIS,GAL 2;
MASTERS, ALICIA REIS,GAL 3;
MASTERS, ALICIA REIS,GAL 4;
MASTERS, ALICIA REIS,GAL 5;
MASTERS, ALICIA REIS,GAL 6;
MASTERS, ALICIA REIS,GSFF 4;
MASTERS, ALICIA REIS,H2 279;
MASTERS, ALICIA REIS,M/HOL 1996/3;
MASTERS, ALICIA REIS,MK 16;
MASTERS, ALICIA REIS,MK3 41;
MASTERS, ALICIA REIS,MK3 44;
MASTERS, ALICIA REIS,M/TIO 10;
MASTERS, ALICIA REIS,M/TIO 11;
MASTERS, ALICIA REIS,M/TIO 14;
MASTERS, ALICIA REIS,M/TIO 15;
MASTERS, ALICIA REIS,M/TIO 18;
MASTERS, ALICIA REIS,M/TIO 25;
MASTERS, ALICIA REIS,M/TIO 28;
MASTERS, ALICIA REIS,M/TIO 29;
MASTERS, ALICIA REIS,M/TIO 30;
MASTERS, ALICIA REIS,M/TIO 31;
MASTERS, ALICIA REIS,M/TIO 32;
MASTERS, ALICIA REIS,M/TIO 33;
MASTERS, ALICIA REIS,M/TIO 37;
MASTERS, ALICIA REIS,M/TIO 4;
MASTERS, ALICIA REIS,M/TIO 45;
MASTERS, ALICIA REIS,M/TIO 47;
MASTERS, ALICIA REIS,M/TIO 60;
MASTERS, ALICIA REIS,M/TIO 61;
MASTERS, ALICIA REIS,M/TIO 62;
MASTERS, ALICIA REIS,M/TIO 63;
MASTERS, ALICIA REIS,M/TIO 64;
MASTERS, ALICIA REIS,M/TIO 67;
MASTERS, ALICIA REIS,M/TIO 7;
MASTERS, ALICIA REIS,M/TIO 70;
MASTERS, ALICIA REIS,M/TIO 74;
MASTERS, ALICIA REIS,M/TIO 76;
MASTERS, ALICIA REIS,M/TIO 77;
MASTERS, ALICIA REIS,M/TIO 78;
MASTERS, ALICIA REIS,M/TIO 79;
MASTERS, ALICIA REIS,M/TIO 8;
MASTERS, ALICIA REIS,M/TIO 80;
MASTERS, ALICIA REIS,M/TIO 81;
MASTERS, ALICIA REIS,M/TIO 84;
MASTERS, ALICIA REIS,M/TIO 85;
MASTERS, ALICIA REIS,M/TIO 88;
MASTERS, ALICIA REIS,M/TIO 90;
MASTERS, ALICIA REIS,M/TIO 92;
MASTERS, ALICIA REIS,M/TIO 94;
MASTERS, ALICIA REIS,M/TIO 95;
MASTERS, ALICIA REIS,M/TIO 96;
MASTERS, ALICIA REIS,M/TIO 97;
MASTERS, ALICIA REIS,M/TU 6;
MASTERS, ALICIA REIS,M/TU 88;
MASTERS, ALICIA REIS,M/TU 99;
MASTERS, ALICIA REIS,SS2 1;
MASTERS, ALICIA REIS,SS3 123;
MASTERS, ALICIA REIS,SS3 126;
MASTERS, ALICIA REIS,SS3 127;
MASTERS, ALICIA REIS,SS3 128;
MASTERS, ALICIA REIS,SS3 129;
MASTERS, ALICIA REIS,SS3 130;
MASTERS, ALICIA REIS,SS3 131;
MASTERS, ALICIA REIS,SS3 132;
MASTERS, ALICIA REIS,SS3 133;
MASTERS, ALICIA REIS,SS3 134;
MASTERS, ALICIA REIS,SS3 135;
MASTERS, ALICIA REIS,SS3 136;
MASTERS, ALICIA REIS,SS3 137;
MASTERS, ALICIA REIS,SS3 138;
MASTERS, ALICIA REIS,SS3 139;
MASTERS, ALICIA REIS,SS3 140;
MASTERS, ALICIA REIS,SS3 141;
MASTERS, ALICIA REIS,SS3 142;
MASTERS, ALICIA REIS,SS3 143;
MASTERS, ALICIA REIS,SS3 144;
MASTERS, ALICIA REIS,SS3 145;
MASTERS, ALICIA REIS,SS3 145/2;
MASTERS, ALICIA REIS,SS3 146;
MASTERS, ALICIA REIS,ST 116;
MASTERS, ALICIA REIS,ST 123;
MASTERS, ALICIA REIS,ST 130;
MASTERS, ALICIA REIS,ST 133;
MASTERS, ALICIA REIS,TB 2;
MASTERS, ALICIA REIS,TG 10;
MASTERS, ALICIA REIS,TG 2;
MASTERS, ALICIA REIS,TG 7;
MASTERS, ALICIA REIS,TG 8;
MASTERS, ALICIA REIS,TG 9;
MASTERS, DR. AUGUST,CA 268;
MASTERS, DR. AUGUST,DEF 102;
MASTERS, DR. AUGUST,DEF 103;
MASTERS, DR. AUGUST,DEF 106;
MASTERS, DR. AUGUST,DEF 113;
MASTERS, DR. AUGUST,DEF 114;
MASTERS, DR. AUGUST,DEF 115;
MASTERSON, KEVIN,M/SH3 9/2;
MASTERSON, KEVIN,T 392;
MASTERSON, KEVIN,T 402;
MASTERSON, KEVIN,T 405;
MASTERSON, KEVIN,T 406;
MASTERSON, KEVIN,T 408;
MASTERSON, KEVIN,T 409;
MASTERSON, KEVIN,T 411;
MASTERSON, KEVIN,T 412;
MASTERSON, KEVIN,T 413;
MASTERSON, KEVIN,T 414;
MASTERSON, KEVIN,T 416;
MASTERSON, KEVIN,T 417;
MASTERSON, KEVIN,T 418;
MASTERSON, KEVIN,T 419;
MASTERSON, KEVIN,T 420;
MASTERSON, KEVIN,T 421;
MASTERSON, KEVIN,T 427;
MASTERSON, KEVIN,T 430;
MASTERSON, KEVIN,T 431;
MASTERSON, KEVIN,T 432;
MASTERSON, KEVIN,T 436;
MASTERSON, KEVIN,T 438;
MASTERSON, KEVIN,T 439;
MASTERSON, KEVIN,T 440;
MASTERSON, KEVIN,T 444;
MASTERSON, KEVIN,T 453;
MASTERSON, KEVIN,T 456;
MASTERSON, KEVIN,TS 10;
MASTERSON, KEVIN,TS 11;
MASTERSON, KEVIN,TS 13;
MASTERSON, KEVIN,TS 14;
MASTERSON, KEVIN,TS 15;
MASTERSON, KEVIN,TS 19;
MASTERSON, KEVIN,TS 20/2;
MASTERSON, KEVIN,TS 21/2;
MASTERSON, KEVIN,TS 23;
MASTERSON, KEVIN,TS 24;
MASTERSON, KEVIN,WOSM 75;
MASTER TWELVE,AA2 19;
MASTER ZEI,ASM 425;
MASTER ZEI,ASM 426;
MASTER ZEI,ASM 427;
MASTIFF,GAM3 25;
MASTIFF, MINNIE,GAM3 25;
MASTON-DAR,I:GR;
MATADOR/MANUEL ELOGA,DD 1;
MATADOR/MANUEL ELOGA,DD 129;
MATADOR/MANUEL ELOGA,DD 5;
MATHEMANIC/THOMAS SO,NW 15;
MATHEMANIC/THOMAS SO,NW 16;
MATHEMANIC/THOMAS SO,NW 17;
MATHEMANIC/THOMAS SO,NW 4;
MATHEMANIC/THOMAS SO,NW 52;
MATHEMANIC/THOMAS SO,NW 53;
MATHEMANIC/THOMAS SO,NW 60;
MATHEMANIC/THOMAS SO,NW 63;
MATHEMANIC/THOMAS SO,NW 64;
MAULER/BRENDAN DOYLE,AF 113;
MAULER/BRENDAN DOYLE,IM 156;
MAULER/BRENDAN DOYLE,IM 225;
MAULER/BRENDAN DOYLE,M/TU 136;
MAULER/BRENDAN DOYLE,PPTSS 122;
MAUVIUS,W2 165;
MAVERICK/CHRISTOPHER,MAV;
MAVERICK/CHRISTOPHER,MAV2 1;
MAVERICK/CHRISTOPHER,MAV2 10;
MAVERICK/CHRISTOPHER,MAV2 11;
MAVERICK/CHRISTOPHER,MAV2 12;
MAVERICK/CHRISTOPHER,MAV2 2;
MAVERICK/CHRISTOPHER,MAV2 3;
MAVERICK/CHRISTOPHER,MAV2 4;
MAVERICK/CHRISTOPHER,MAV2 5;
MAVERICK/CHRISTOPHER,MAV2 6;
MAVERICK/CHRISTOPHER,MAV2 7;
MAVERICK/CHRISTOPHER,MAV2 8;
MAVERICK/CHRISTOPHER,MAV2 9;
MAVERICK/CHRISTOPHER,W2 163;
MAVERICK/CHRISTOPHER,W2 60;
MAVERICK/CHRISTOPHER,W2 62;
MAVERICK/CHRISTOPHER,W2 63;
MAVERICK/CHRISTOPHER,W2 64;
MAVERICK/CHRISTOPHER,W2 87;
MAVERICK/CHRISTOPHER,X 10/2;
MAVERICK/CHRISTOPHER,X 11/2;
MAVERICK/CHRISTOPHER,X 5;
MAVERICK/CHRISTOPHER,X 6;
MAVERICK/CHRISTOPHER,X 7;
MAX II,H2 427;
MAX II,H2 429;
MAX II,H2 430;
MAX II,H2 435;
MAX II,H2 436;
MAXIMOFF, DJANGO,A 166;
MAXIMOFF, DJANGO,A 181;
MAXIMOFF, DJANGO,A 182;
MAXIMOFF, DJANGO,A 183;
MAXIMOFF, DJANGO,A 185;
MAXIMOFF, DJANGO,A 186;
MAXIMOFF, DJANGO,A 187;
MAXIMOFF, DJANGO,SW 12;
MAXIMUS [INHUMAN],A 12;
MAXIMUS [INHUMAN],A 127;
MAXIMUS [INHUMAN],A 95;
MAXIMUS [INHUMAN],AA2 1;
MAXIMUS [INHUMAN],AA2 2;
MAXIMUS [INHUMAN],AA2 5;
MAXIMUS [INHUMAN],AA2 6;
MAXIMUS [INHUMAN],AR 1;
MAXIMUS [INHUMAN],FF 131;
MAXIMUS [INHUMAN],FF 132;
MAXIMUS [INHUMAN],FF 150;
MAXIMUS [INHUMAN],FF 158;
MAXIMUS [INHUMAN],FF3 42;
MAXIMUS [INHUMAN],FF3 43;
MAXIMUS [INHUMAN],FF3 44;
MAXIMUS [INHUMAN],FF 401;
MAXIMUS [INHUMAN],FF 47;
MAXIMUS [INHUMAN],FF 48;
MAXIMUS [INHUMAN],FF 52;
MAXIMUS [INHUMAN],FF 54;
MAXIMUS [INHUMAN],FF 56;
MAXIMUS [INHUMAN],FF 57;
MAXIMUS [INHUMAN],FF 59;
MAXIMUS [INHUMAN],FF 82;
MAXIMUS [INHUMAN],FF 83;
MAXIMUS [INHUMAN],H 1;
MAXIMUS [INHUMAN],H2 119;
MAXIMUS [INHUMAN],H2 120;
MAXIMUS [INHUMAN],INH 1;
MAXIMUS [INHUMAN],INH2 1;
MAXIMUS [INHUMAN],INH2 10;
MAXIMUS [INHUMAN],INH2 11;
MAXIMUS [INHUMAN],INH2 12;
MAXIMUS [INHUMAN],INH2 2;
MAXIMUS [INHUMAN],INH2 3;
MAXIMUS [INHUMAN],INH2 4;
MAXIMUS [INHUMAN],INH2 5;
MAXIMUS [INHUMAN],INH2 6;
MAXIMUS [INHUMAN],INH2 7;
MAXIMUS [INHUMAN],INH2 8;
MAXIMUS [INHUMAN],INH2 9;
MAXIMUS [INHUMAN],INH3 1;
MAXIMUS [INHUMAN],INH3 2;
MAXIMUS [INHUMAN],INH3 3;
MAXIMUS [INHUMAN],INH 4;
MAXIMUS [INHUMAN],INH 5;
MAXIMUS [INHUMAN],INH 6;
MAXIMUS [INHUMAN],INHUMANS GRAPHIC NOV;
MAXIMUS [INHUMAN],INHUMANS SPECIAL 1;
MAXIMUS [INHUMAN],I:US;
MAXIMUS [INHUMAN],M/TU 11;
MAXIMUS [INHUMAN],QS 4;
MAXIMUS [INHUMAN],QS 5;
MAXIMUS [INHUMAN],QS 6;
MAXIMUS [INHUMAN],SS 18;
MAXIMUS [INHUMAN],T 149/2;
MAXIMUS [INHUMAN],XF 2;
MAX,M/CP 50/2;
MAX,M/CP 51/2;
MAX,M/CP 52/2;
MAX,M/CP 53/2;
MAXOV,NO2 10;
MAXOV,NO2 13;
MAXOV,NO2 14;
MAXOV,NO2 15;
MAXOV,NO2 9;
MAXWELL, DR. WILFRED,H2 239;
MAXWELL, DR. WILFRED,H2 243;
MAXWELL, DR. WILFRED,H2 256;
MAXWELL, DR. WILFRED,H2 257;
MAXWELL, DR. WILFRED,IM 132;
MAXWELL, DR. WILFRED,N 58;
MAXWELL, DR. WILFRED,N 60;
MAXWELL, DR. WILFRED,N 61;
MAXWELL, MORRIS,ASM2 3;
MAXWELL, MORRIS,ASM 441;
MAXWELL, MORRIS,PPSM2 3;
MAXWELL, MORRIS,PPTSS 262;
MAXWELL, MORRIS,S-M 96;
MAXWELL, MORRIS,S-W3 4;
MAXWELL, MORRIS,S-W3 6;
MAXWELL, MORRIS,S-W3 7;
MAXWELL, MORRIS,S-W3 9;
MAXXAM,SS/RUNE/2;
MAYE, APRIL,ASM 194;
MAYE, APRIL,ASM 201;
MAYE, APRIL,ASM 202;
MAYE, APRIL,ASM 208;
MAYE, APRIL,ASM 210;
MAYE, APRIL,PPTSS 38;
MAYE, APRIL,PPTSS 39;
MAYHEM/DET. BRIGID O,C&D 1;
MAYHEM/DET. BRIGID O,C&D 2;
MAYHEM/DET. BRIGID O,C&D2 1;
MAYHEM/DET. BRIGID O,C&D2 3;
MAYHEM/DET. BRIGID O,C&D2 4;
MAYHEM/DET. BRIGID O,C&D2 5;
MAYHEM/DET. BRIGID O,C&D2 6;
MAYHEM/DET. BRIGID O,C&D2 7;
MAYHEM/DET. BRIGID O,C&D2 8;
MAYHEM/DET. BRIGID O,C&D2 9;
MAYHEM/DET. BRIGID O,C&D 3;
MAYHEM/DET. BRIGID O,C&D3 1;
MAYHEM/DET. BRIGID O,C&D3 10;
MAYHEM/DET. BRIGID O,C&D3 11;
MAYHEM/DET. BRIGID O,C&D3 12;
MAYHEM/DET. BRIGID O,C&D3 13;
MAYHEM/DET. BRIGID O,C&D3 14;
MAYHEM/DET. BRIGID O,C&D3 15;
MAYHEM/DET. BRIGID O,C&D3 16;
MAYHEM/DET. BRIGID O,C&D3 17;
MAYHEM/DET. BRIGID O,C&D3 18;
MAYHEM/DET. BRIGID O,C&D3 19;
MAYHEM/DET. BRIGID O,C&D3 2;
MAYHEM/DET. BRIGID O,C&D3 4;
MAYHEM/DET. BRIGID O,C&D3 6;
MAYHEM/DET. BRIGID O,C&D3 8;
MAYHEM/DET. BRIGID O,C&D 4;
MAYHEM/DET. BRIGID O,ST2 13;
MAYHEM/DET. BRIGID O,ST2 14;
MAYHEM/DET. BRIGID O,ST2 15;
MAYHEM/DET. BRIGID O,ST2 19;
MCBRIDE, BEATRICE,ASM 391;
MCBRIDE, BEATRICE,ASM 392;
MCBRIDE, BEATRICE,ASM 393;
MCBRIDE, MARTHA,PPTSS 163;
MCCABE, LINDSAY,A 240;
MCCABE, LINDSAY,SENSM '96/2;
MCCABE, LINDSAY,S-W 14;
MCCABE, LINDSAY,S-W 17;
MCCABE, LINDSAY,S-W 19;
MCCABE, LINDSAY,S-W 21;
MCCABE, LINDSAY,S-W 22;
MCCABE, LINDSAY,S-W 24;
MCCABE, LINDSAY,S-W 25;
MCCABE, LINDSAY,S-W 34;
MCCABE, LINDSAY,S-W 35;
MCCABE, LINDSAY,S-W 36;
MCCABE, LINDSAY,S-W 37;
MCCABE, LINDSAY,S-W 38;
MCCABE, LINDSAY,S-W 40;
MCCABE, LINDSAY,S-W 41;
MCCABE, LINDSAY,S-W 42;
MCCABE, LINDSAY,S-W 43;
MCCABE, LINDSAY,S-W 44;
MCCABE, LINDSAY,S-W 45;
MCCABE, LINDSAY,S-W 47;
MCCABE, LINDSAY,S-W 48;
MCCABE, LINDSAY,S-W 49;
MCCABE, LINDSAY,S-W 50;
MCCABE, LINDSAY,UX 203;
MCCABE, LINDSAY,UX 206;
MCCABE, LINDSAY,W2 1;
MCCABE, LINDSAY,W2 10;
MCCABE, LINDSAY,W2 14;
MCCABE, LINDSAY,W2 15;
MCCABE, LINDSAY,W2 16;
MCCABE, LINDSAY,W2 2;
MCCABE, LINDSAY,W2 27;
MCCABE, LINDSAY,W2 3;
MCCABE, LINDSAY,W2 4;
MCCABE, LINDSAY,W2 5;
MCCABE, LINDSAY,W2 6;
MCCABE, LINDSAY,W2 7;
MCCABE, LINDSAY,W2 8;
MCCABE, LINDSAY,WCA 1;
MCCABE, NINA,ELEK 12;
MCCABE, NINA,ELEK 13;
MCCABE, NINA,ELEK 14;
MCCABE, NINA,ELEK 16;
MCCABE, NINA,ELEK 17;
MCCABE, NINA,ELEK 18;
MCCABE, NINA,ELEK 19;
MCCALL, MEREDITH | T,A:T;
MCCAMBRIDGE, MEGAN,WM2 1;
MCCAMBRIDGE, MEGAN,WM2 17;
MCCORMICK, BARRY,PPSM2 2;
MCCORMICK, FIONA,GR3 8;
MCCOURT, ALLISON,PP 14;
MCCOURT, ALLISON,PP 18;
MCCOURT, ALLISON,PP 22;
MCCOURT, ALLISON,PP 23;
MCCOURT, ALLISON,PP 29;
MCCOURT, ALLISON,PP 30;
MCCOURT, ALLISON,PP 39;
MCCOURT, ALLISON,PP 45;
MCCOURT, ALLISON,PP 60;
MCCOY, EDNA ANDREWS,M/CP 86;
MCCOY, EDNA ANDREWS,M/TU 124;
MCCOY, EDNA ANDREWS,UX 15;
MCCOY, EDNA ANDREWS,UX 49/2;
MCCOY, EDNA ANDREWS,UX 50/2;
MCCOY, EDNA ANDREWS,UX 51/2;
MCCOY, EDNA ANDREWS,UX 52/2;
MCCOY, EDNA ANDREWS,UX 53/2;
MCCOY, EDNA ANDREWS,X:HY 10;
MCCOY, EDNA ANDREWS,XU 10;
MCCOY, NORTON,M/CP 86;
MCCOY, NORTON,M/TU 124;
MCCOY, NORTON,UX 15;
MCCOY, NORTON,UX 49/2;
MCCOY, NORTON,UX 50/2;
MCCOY, NORTON,UX 51/2;
MCCOY, NORTON,UX 52/2;
MCCOY, NORTON,UX 53/2;
MCCOY, NORTON,XU 10;
MCCULLOUGH, DR. ANDR,PPSM2 31;
MCDONNELL, OSCAR,S-M 21;
MCDOWELL, SCOTTY,M/TU 97;
MCDOWELL, SCOTTY,S-W 21;
MCDOWELL, SCOTTY,S-W 22;
MCDOWELL, SCOTTY,S-W 23;
MCDOWELL, SCOTTY,S-W 24;
MCDOWELL, SCOTTY,S-W 26;
MCDOWELL, SCOTTY,S-W 27;
MCDOWELL, SCOTTY,S-W 28;
MCDOWELL, SCOTTY,S-W 29;
MCDOWELL, SCOTTY,S-W 30;
MCDOWELL, SCOTTY,S-W 31;
MCDOWELL, SCOTTY,S-W 32;
MCDOWELL, SCOTTY,S-W 33;
MCDOWELL, SCOTTY,S-W 34;
MCDOWELL, SCOTTY,S-W 35;
MCELROY, JAMES,CA3 3;
MCELROY, JAMES,CA 444;
MCGIVENEY, BULL,SGTF 13;
MCGRILL, MARY,S-H2 42;
MCGRILL, MARY,S-H2 6;
MCGRILL, MARY,S-H2 7;
MCGRILL, MARY,US1 10;
MCGRILL, MARY,US1 11;
MCGRILL, MARY,US1 12;
MCGRILL, MARY,US1 2;
MCGRILL, MARY,US1 3;
MCGRILL, MARY,US1 4;
MCGRILL, MARY,US1 6;
MCGRILL, MARY,US1 7;
MCGRILL, MARY,US1 8;
MCGRILL, MARY,US1 9;
MCHELE, JEREMY,M/CP 68/2;
MCHELE, JEREMY,M/CP 69/2;
MCHELE, JEREMY,M/CP 71/2;
MCHELE, JEREMY,M/CP 72/2;
MCHELE, JEREMY,M/CP 73/2;
MCHELE, JEREMY,M/CP 74/2;
MCHELE, JEREMY,M/CP 75/2;
MCKEEVER, TINY,AAF 17;
MCKEEVER, TINY,AAF 18;
MCKEEVER, TINY,UTSM 1;
MCKEEVER, TINY,UTSM 14;
MCKEEVER, TINY,UTSM 15;
MCKEEVER, TINY,UTSM 16;
MCKEEVER, TINY,UTSM 18;
MCKEEVER, TINY,UTSM 19;
MCKEEVER, TINY,UTSM 2;
MCKEEVER, TINY,UTSM 20;
MCKEEVER, TINY,UTSM 3;
MCKEEVER, TINY,UTSM 4;
MCKEEVER, TINY,UTSM 5;
MCKEEVER, TINY,UTSM 6;
MCKEEVER, TINY,UTSM 7;
MCKEEVER, TINY,UTSM 9;
MCKEEVER, TINY,UTSM '97;
MCKENNA-DRAKE, MARLE,NS 1;
MCKENNA-DRAKE, MARLE,NS 2;
MCKENZIE, LEONARD,SUB-M 43;
MCKENZIE, LEONARD,SUB-M 44;
MCKENZIE, LEONARD,SUB-M 45;
MCKENZIE, LEONARD,SUB-M 46;
MCKENZIE, LEON,N 56;
MCKENZIE, LYDIA,DD2 1;
MCKENZIE, LYDIA,DD2 2;
MCKENZIE, LYDIA,DD2 3;
MCKENZIE, LYDIA,DD2 8;
MCKENZIE, SCARLETT,H&W:M 1;
MCKENZIE, SCARLETT,H&W:M 2;
MCKENZIE, SCARLETT,H&W:M 3;
MCKENZIE, SCARLETT,H&W:M 4;
MCKENZIE, SCARLETT,XF 112;
MCKENZIE, SCARLETT,XF 113;
MCKNIGHT, BOB,CA3 5;
MCLAREN, MEGAN,A3 1;
MCLAREN, MEGAN,A3 10;
MCLAREN, MEGAN,A3 11;
MCLAREN, MEGAN,A3 12;
MCLAREN, MEGAN,A3 19;
MCLAREN, MEGAN,A3 27;
MCLAREN, MEGAN,A3 4;
MCLAREN, MEGAN,ASMU 22;
MCLAREN, MEGAN,TB 1;
MCLAREN, MEGAN,TB 8;
MCLEISH,W2 119;
MCLEISH,W2 120;
MCLEISH,W2 121;
MCLEISH,W2 122;
MCMURRAY, YVONNE,SLEEP 1;
MCNAIR, TAD,PPSM2 24;
MCPHAIL, NATALIE,BP3 3;
MCPHEE, LOUIE,DHAWK 1;
MCPHEE, LOUIE,DHAWK 13;
MCPHEE, LOUIE,DHAWK 4;
MCPHERSON, LING,IM 126;
MCPHERSON, LING,IM 134;
MCPHERSON, LING,IM 137;
MCPHERSON, LING,IM 140;
MCPHERSON, LING,IM 141;
MCPHERSON, LING,IM 142;
MCPHERSON, LING,IM 143;
MCPHERSON, LING,IM 146;
MCPHERSON, LING,IM 151;
MCPHERSON, LING,IM 227;
MCSHANE, PATRICK,RH 9/2;
M'DAKA,A 311;
M'DAKA,CA 342;
M'DAKA,CA 370;
MEACHUM, HAROLD,DHKF 19;
MEACHUM, HAROLD,M/PRM 15;
MEACHUM, HAROLD,M/PRM 18;
MEACHUM, HAROLD,M/PRM 19;
MEACHUM, JOY,IF3 1;
MEACHUM, JOY,IF3 2;
MEACHUM, JOY,IF3 3;
MEACHUM, JOY,M/PRM 18;
MEACHUM, JOY,M/PRM 19;
MEACHUM, JOY,M/PRM 20;
MEACHUM, JOY,M/PRM 21;
MEACHUM, JOY,M/TU 3;
MEACHUM, JOY,N 14;
MEACHUM, JOY,N 17;
MEACHUM, JOY,N 18;
MEACHUM, JOY,N 21;
MEACHUM, JOY,N 8;
MEACHUM, JOY,PM&IF 100;
MEACHUM, JOY,PM&IF 105;
MEACHUM, JOY,PM&IF 52;
MEACHUM, JOY,PM&IF 54;
MEACHUM, JOY,PM&IF 98;
MEACHUM, WARD,M/PRM 19;
MEACHUM, WARD,M/PRM 20;
MEACHUM, WARD,M/PRM 21;
MEACHUM, WARD,N 14;
MEACHUM, WARD,N 16;
MEACHUM, WARD,N 17;
MEACHUM, WARD,N 18;
MEACHUM, WARD,N 8;
MEACHUM, WARD,PM&IF 100;
MEACHUM, WARD,PM&IF 119;
MEACHUM, WARD,PM&IF 54;
MEACHUM, WARD,PM&IF 98;
MEACHUM, WARD,PM&IF 99;
MEAGHER, TYLER,GR3 10;
MEAGHER, TYLER,GR3 15;
MEAGHER, TYLER,GR3 8;
MEANY,AF2 9;
MEANY,GENX 48;
MEANY,GENX 49;
MEANY,UX 347;
MEANY,UX 349;
MEANY,UX 350;
MEANY,UX 352;
MEANY,UX 354;
MEANY,UX 355;
MEANY,X 70;
MEANY,X 71;
MEANY,X 73;
MEANY,X 74;
MEANY,X 75;
MEANY,X 76;
MEANY,X 77;
MEANY,X 79;
MEATMARKET,GR3 31;
MEATMARKET,NS 1;
MECHADOOM,DLOK2 3;
MECHADOOM,DLOK2 4;
MECHADOOM,DLOK2 5;
MECHAMAGE/,FF '99;
MECHAMAGE/,MAXSEC 3;
MEDEA,ASM 416;
MEDEA,ASM 417;
MEDEA,PPTSS 217;
MEDEA,S-M 51;
MEDEA,S-M 57;
MEDEA,S-M 59;
MEDEA,WOSM 117;
MEDINA, ANALISA MARI,CAGE 1;
MEDINA, ANALISA MARI,CAGE 10;
MEDINA, ANALISA MARI,CAGE 2;
MEDINA, ANALISA MARI,CAGE 3;
MEDINA, ANALISA MARI,CAGE 4;
MEDINA, ANALISA MARI,CAGE 5;
MEDINA, ANALISA MARI,CAGE 6;
MEDINA, ANALISA MARI,CAGE 9;
MEDUSA II,M/TU2 2;
MEDUSA/MEDUSALITH AM,A 118;
MEDUSA/MEDUSALITH AM,A 12;
MEDUSA/MEDUSALITH AM,A 127;
MEDUSA/MEDUSALITH AM,A 128;
MEDUSA/MEDUSALITH AM,A 334;
MEDUSA/MEDUSALITH AM,A 83;
MEDUSA/MEDUSALITH AM,AA2 1;
MEDUSA/MEDUSALITH AM,AA2 10;
MEDUSA/MEDUSALITH AM,AA2 2;
MEDUSA/MEDUSALITH AM,AA2 3;
MEDUSA/MEDUSALITH AM,AA2 4;
MEDUSA/MEDUSALITH AM,AA2 5;
MEDUSA/MEDUSALITH AM,AA2 6;
MEDUSA/MEDUSALITH AM,AA2 7;
MEDUSA/MEDUSALITH AM,AA2 8;
MEDUSA/MEDUSALITH AM,AA2 9;
MEDUSA/MEDUSALITH AM,AR 1;
MEDUSA/MEDUSALITH AM,AR 2;
MEDUSA/MEDUSALITH AM,ASM 62;
MEDUSA/MEDUSALITH AM,CM 53;
MEDUSA/MEDUSALITH AM,COC 1;
MEDUSA/MEDUSALITH AM,DAZZ 19;
MEDUSA/MEDUSALITH AM,DAZZ 32;
MEDUSA/MEDUSALITH AM,DD 272;
MEDUSA/MEDUSALITH AM,DD 273;
MEDUSA/MEDUSALITH AM,DD 274;
MEDUSA/MEDUSALITH AM,DD 275;
MEDUSA/MEDUSALITH AM,FF 12;
MEDUSA/MEDUSALITH AM,FF 129;
MEDUSA/MEDUSALITH AM,FF 130;
MEDUSA/MEDUSALITH AM,FF 131;
MEDUSA/MEDUSALITH AM,FF 132;
MEDUSA/MEDUSALITH AM,FF 133;
MEDUSA/MEDUSALITH AM,FF 134;
MEDUSA/MEDUSALITH AM,FF 135;
MEDUSA/MEDUSALITH AM,FF 136;
MEDUSA/MEDUSALITH AM,FF 137;
MEDUSA/MEDUSALITH AM,FF 138;
MEDUSA/MEDUSALITH AM,FF 139;
MEDUSA/MEDUSALITH AM,FF 140;
MEDUSA/MEDUSALITH AM,FF 141;
MEDUSA/MEDUSALITH AM,FF 142;
MEDUSA/MEDUSALITH AM,FF 143;
MEDUSA/MEDUSALITH AM,FF 144;
MEDUSA/MEDUSALITH AM,FF 145;
MEDUSA/MEDUSALITH AM,FF 146;
MEDUSA/MEDUSALITH AM,FF 147;
MEDUSA/MEDUSALITH AM,FF 148;
MEDUSA/MEDUSALITH AM,FF 149;
MEDUSA/MEDUSALITH AM,FF 150;
MEDUSA/MEDUSALITH AM,FF 151;
MEDUSA/MEDUSALITH AM,FF 152;
MEDUSA/MEDUSALITH AM,FF 153;
MEDUSA/MEDUSALITH AM,FF 155;
MEDUSA/MEDUSALITH AM,FF 156;
MEDUSA/MEDUSALITH AM,FF 157;
MEDUSA/MEDUSALITH AM,FF 158;
MEDUSA/MEDUSALITH AM,FF 159;
MEDUSA/MEDUSALITH AM,FF 18;
MEDUSA/MEDUSALITH AM,FF 207;
MEDUSA/MEDUSALITH AM,FF 21;
MEDUSA/MEDUSALITH AM,FF2 10;
MEDUSA/MEDUSALITH AM,FF2 12;
MEDUSA/MEDUSALITH AM,FF 240;
MEDUSA/MEDUSALITH AM,FF 248;
MEDUSA/MEDUSALITH AM,FF2 8;
MEDUSA/MEDUSALITH AM,FF2 9;
MEDUSA/MEDUSALITH AM,FF 306;
MEDUSA/MEDUSALITH AM,FF 36;
MEDUSA/MEDUSALITH AM,FF 38;
MEDUSA/MEDUSALITH AM,FF 391;
MEDUSA/MEDUSALITH AM,FF 400/2;
MEDUSA/MEDUSALITH AM,FF 401;
MEDUSA/MEDUSALITH AM,FF 402;
MEDUSA/MEDUSALITH AM,FF 41;
MEDUSA/MEDUSALITH AM,FF 411;
MEDUSA/MEDUSALITH AM,FF 412;
MEDUSA/MEDUSALITH AM,FF 413;
MEDUSA/MEDUSALITH AM,FF 416;
MEDUSA/MEDUSALITH AM,FF 42;
MEDUSA/MEDUSALITH AM,FF 43;
MEDUSA/MEDUSALITH AM,FF 44;
MEDUSA/MEDUSALITH AM,FF 45;
MEDUSA/MEDUSALITH AM,FF 46;
MEDUSA/MEDUSALITH AM,FF 47;
MEDUSA/MEDUSALITH AM,FF 48;
MEDUSA/MEDUSALITH AM,FF 5;
MEDUSA/MEDUSALITH AM,FF 50;
MEDUSA/MEDUSALITH AM,FF 52;
MEDUSA/MEDUSALITH AM,FF 54;
MEDUSA/MEDUSALITH AM,FF 56;
MEDUSA/MEDUSALITH AM,FF 57;
MEDUSA/MEDUSALITH AM,FF 59;
MEDUSA/MEDUSALITH AM,FF 60;
MEDUSA/MEDUSALITH AM,FF 61;
MEDUSA/MEDUSALITH AM,FF 62;
MEDUSA/MEDUSALITH AM,FF 82;
MEDUSA/MEDUSALITH AM,FF 83;
MEDUSA/MEDUSALITH AM,FF 94;
MEDUSA/MEDUSALITH AM,FF 95;
MEDUSA/MEDUSALITH AM,FF 99;
MEDUSA/MEDUSALITH AM,FFU 11;
MEDUSA/MEDUSALITH AM,GSFF 2;
MEDUSA/MEDUSALITH AM,GSFF 3;
MEDUSA/MEDUSALITH AM,GSFF 4;
MEDUSA/MEDUSALITH AM,GSSS 1;
MEDUSA/MEDUSALITH AM,H2 279;
MEDUSA/MEDUSALITH AM,HR:R 4;
MEDUSA/MEDUSALITH AM,IG 2;
MEDUSA/MEDUSALITH AM,I:GR;
MEDUSA/MEDUSALITH AM,INH 1;
MEDUSA/MEDUSALITH AM,INH 10;
MEDUSA/MEDUSALITH AM,INH 11;
MEDUSA/MEDUSALITH AM,INH 12;
MEDUSA/MEDUSALITH AM,INH 2;
MEDUSA/MEDUSALITH AM,INH2 1;
MEDUSA/MEDUSALITH AM,INH2 10;
MEDUSA/MEDUSALITH AM,INH2 11;
MEDUSA/MEDUSALITH AM,INH2 12;
MEDUSA/MEDUSALITH AM,INH2 2;
MEDUSA/MEDUSALITH AM,INH2 3;
MEDUSA/MEDUSALITH AM,INH2 5;
MEDUSA/MEDUSALITH AM,INH2 6;
MEDUSA/MEDUSALITH AM,INH2 7;
MEDUSA/MEDUSALITH AM,INH2 8;
MEDUSA/MEDUSALITH AM,INH2 9;
MEDUSA/MEDUSALITH AM,INH 3;
MEDUSA/MEDUSALITH AM,INH3 1;
MEDUSA/MEDUSALITH AM,INH3 2;
MEDUSA/MEDUSALITH AM,INH3 3;
MEDUSA/MEDUSALITH AM,INH3 4;
MEDUSA/MEDUSALITH AM,INH 4;
MEDUSA/MEDUSALITH AM,INH 5;
MEDUSA/MEDUSALITH AM,INH 6;
MEDUSA/MEDUSALITH AM,INH 7;
MEDUSA/MEDUSALITH AM,INH 8;
MEDUSA/MEDUSALITH AM,INHUMANS GRAPHIC NOV;
MEDUSA/MEDUSALITH AM,I:US 1;
MEDUSA/MEDUSALITH AM,JIM 116;
MEDUSA/MEDUSALITH AM,KZ4 10;
MEDUSA/MEDUSALITH AM,LCHFH 9;
MEDUSA/MEDUSALITH AM,M/GN 1;
MEDUSA/MEDUSALITH AM,M/SH 15;
MEDUSA/MEDUSALITH AM,M/TIO 4;
MEDUSA/MEDUSALITH AM,M/TIO 8;
MEDUSA/MEDUSALITH AM,NO2 12;
MEDUSA/MEDUSALITH AM,NO2 13;
MEDUSA/MEDUSALITH AM,NW 6;
MEDUSA/MEDUSALITH AM,PPTSS 11;
MEDUSA/MEDUSALITH AM,QS 4;
MEDUSA/MEDUSALITH AM,QS 5;
MEDUSA/MEDUSALITH AM,QS 6;
MEDUSA/MEDUSALITH AM,SS 18;
MEDUSA/MEDUSALITH AM,SUB-M 2;
MEDUSA/MEDUSALITH AM,SUB-M 67;
MEDUSA/MEDUSALITH AM,T 149/2;
MEDUSA/MEDUSALITH AM,TG 3;
MEDUSA/MEDUSALITH AM,V&SW2 10;
MEDUSA/MEDUSALITH AM,V&SW 4;
MEDUSA/MEDUSALITH AM,WI? 30/2;
MEDUSA/MEDUSALITH AM,XF 2;
MEDUSA/MEDUSALITH AM,XF 68;
MEDUSA/MEDUSALITH AM,X:HY 16;
MEDUSA | MUTANT X-VE,MX 32;
MEEK,X 10;
MEEK,X 7;
MEER, MAX,H2 386;
MEER, MAX,H2 387;
MEGA MAX/,W2 154;
MEGATAK,T 328;
MEGATAK,T 358;
MEGGAN 2013,XCAL 94;
MEGGAN,COL 1;
MEGGAN,FF 23;
MEGGAN,KPAOS 1;
MEGGAN,M/CP 31/4;
MEGGAN,M/CP 32;
MEGGAN,M/CP 34;
MEGGAN,M/CP 35;
MEGGAN,M/CP 36;
MEGGAN,M/CP 37;
MEGGAN,M/CP 38;
MEGGAN,M/CP 75/3;
MEGGAN,NM 2;
MEGGAN,Q 11;
MEGGAN,S-H2 26;
MEGGAN,S-M 25;
MEGGAN,T 427;
MEGGAN,T 428;
MEGGAN,T 429;
MEGGAN,UX 11;
MEGGAN,UX 326;
MEGGAN,UX 335;
MEGGAN,XCAL -1;
MEGGAN,XCAL 1;
MEGGAN,XCAL 10;
MEGGAN,XCAL 100;
MEGGAN,XCAL 101;
MEGGAN,XCAL 102;
MEGGAN,XCAL 103;
MEGGAN,XCAL 104;
MEGGAN,XCAL 105;
MEGGAN,XCAL 106;
MEGGAN,XCAL 107;
MEGGAN,XCAL 108;
MEGGAN,XCAL 109;
MEGGAN,XCAL 11;
MEGGAN,XCAL 110;
MEGGAN,XCAL 111;
MEGGAN,XCAL 112;
MEGGAN,XCAL 113;
MEGGAN,XCAL 114;
MEGGAN,XCAL 115;
MEGGAN,XCAL 116;
MEGGAN,XCAL 117;
MEGGAN,XCAL 118;
MEGGAN,XCAL 119;
MEGGAN,XCAL 12;
MEGGAN,XCAL 120;
MEGGAN,XCAL 121;
MEGGAN,XCAL 122;
MEGGAN,XCAL 123;
MEGGAN,XCAL 124;
MEGGAN,XCAL 125;
MEGGAN,XCAL 13;
MEGGAN,XCAL 14;
MEGGAN,XCAL 15;
MEGGAN,XCAL 16;
MEGGAN,XCAL 17;
MEGGAN,XCAL 18;
MEGGAN,XCAL 19;
MEGGAN,XCAL 2;
MEGGAN,XCAL 20;
MEGGAN,XCAL 21;
MEGGAN,XCAL2 1;
MEGGAN,XCAL 22;
MEGGAN,XCAL2 2;
MEGGAN,XCAL 23;
MEGGAN,XCAL2 3;
MEGGAN,XCAL 24;
MEGGAN,XCAL2 4;
MEGGAN,XCAL 25;
MEGGAN,XCAL 26;
MEGGAN,XCAL 27;
MEGGAN,XCAL 28;
MEGGAN,XCAL 29;
MEGGAN,XCAL 3;
MEGGAN,XCAL 30;
MEGGAN,XCAL 31;
MEGGAN,XCAL 32;
MEGGAN,XCAL 33;
MEGGAN,XCAL 34;
MEGGAN,XCAL 35;
MEGGAN,XCAL 36;
MEGGAN,XCAL 37;
MEGGAN,XCAL 38;
MEGGAN,XCAL 39;
MEGGAN,XCAL 4;
MEGGAN,XCAL 40;
MEGGAN,XCAL 41;
MEGGAN,XCAL 42;
MEGGAN,XCAL 43;
MEGGAN,XCAL 44;
MEGGAN,XCAL 45;
MEGGAN,XCAL 46;
MEGGAN,XCAL 47;
MEGGAN,XCAL 48;
MEGGAN,XCAL 49;
MEGGAN,XCAL 5;
MEGGAN,XCAL 50;
MEGGAN,XCAL 51;
MEGGAN,XCAL 52;
MEGGAN,XCAL 53;
MEGGAN,XCAL 54;
MEGGAN,XCAL 55;
MEGGAN,XCAL 56;
MEGGAN,XCAL 57;
MEGGAN,XCAL 58;
MEGGAN,XCAL 59;
MEGGAN,XCAL 6;
MEGGAN,XCAL 60;
MEGGAN,XCAL 7;
MEGGAN,XCAL 78;
MEGGAN,XCAL 79;
MEGGAN,XCAL 8;
MEGGAN,XCAL 80;
MEGGAN,XCAL 81;
MEGGAN,XCAL 83;
MEGGAN,XCAL 84;
MEGGAN,XCAL 85;
MEGGAN,XCAL 86;
MEGGAN,XCAL 87;
MEGGAN,XCAL 89;
MEGGAN,XCAL 9;
MEGGAN,XCAL 91;
MEGGAN,XCAL 92;
MEGGAN,XCAL 93;
MEGGAN,XCAL 95;
MEGGAN,XCAL 96;
MEGGAN,XCAL 97;
MEGGAN,XCAL 98;
MEGGAN,XCAL 99;
MEGGAN,XCAL:AA;
MEGGAN,XCALGN;
MEGGAN,XCAL:MM;
MEGGAN,XCAL:P;
MEGGAN,XCALSE;
MEGGAN,XF 106;
MEGGAN,XFOR 38;
MEGGAN,XSOS 2;
MEGGAN,XX 3;
MELLACE, LUCY SANTIN,PUN4 1;
MELLACE, LUCY SANTIN,PUN4 2;
MELLACE, LUCY SANTIN,PUN4 3;
MELLACE, LUCY SANTIN,PUN4 4;
MELLACE, LUCY SANTIN,W/P 1;
MELLACE, LUCY SANTIN,W/P 2;
MELLACE, LUCY SANTIN,W/P 4;
MELLACE, TONY,PUN4 1;
MELLACE, TONY,PUN4 4;
MELLENCAMP,UX 366;
MELLENCAMP,UX 367;
MELLENCAMP,UX 379;
MELLENCAMP,X 86;
MELLENCAMP,X:MW 1;
MELONIE,AA2 28;
MELONIE,AA2 29;
MELTER/BRUNO HORGAN,A 15;
MELTER/BRUNO HORGAN,A 16;
MELTER/BRUNO HORGAN,A 263;
MELTER/BRUNO HORGAN,A 54;
MELTER/BRUNO HORGAN,A 55;
MELTER/BRUNO HORGAN,A 6;
MELTER/BRUNO HORGAN,A 83;
MELTER/BRUNO HORGAN,DEF 64;
MELTER/BRUNO HORGAN,FF 3;
MELTER/BRUNO HORGAN,FF 405;
MELTER/BRUNO HORGAN,IM 123;
MELTER/BRUNO HORGAN,IM 124;
MELTER/BRUNO HORGAN,IM 126;
MELTER/BRUNO HORGAN,IM 127;
MELTER/BRUNO HORGAN,IM 166;
MELTER/BRUNO HORGAN,IM 72;
MELTER/BRUNO HORGAN,IM 92;
MELTER/BRUNO HORGAN,MARVELS 2;
MELTER/BRUNO HORGAN,M/TIO 96;
MELTER/BRUNO HORGAN,S-H2 53;
MELTER/BRUNO HORGAN,TOS 47;
MELTER/BRUNO HORGAN,TOS 89;
MELTER/BRUNO HORGAN,TOS 90;
MELTER II/BRUNO HORG,MASTERS OF EVIL;
MELTON, LORRIE,FF 228;
MELTON, LORRIE,FF 229;
MELTON, LORRIE,FF 230;
MELTON, LORRIE,FF 231;
MELTON, LORRIE,M/TIO 74;
MEMBRAIN/,GENX 50;
MEMBRAIN/,XM 50;
MEME,UX 292;
MENDELSON, DR. MACK,HAWK2 4;
MENDELSON, DR. MACK,WARM 11;
MENDELSON, DR. MACK,WARM 7;
MENDICUS,INH2 5;
MENDICUS,INH2 6;
MENDICUS,INH2 8;
MENDOSA, EMILIO,FOOL 10;
MENDOSA, EMILIO,FOOL 5;
MENDOSA, EMILIO,FOOL 9;
MENGOCHAUZERAUS, GRI,GAM3 12;
MENGOCHAUZERAUS, GRI,GAM3 15;
MENGOCHAUZERAUS, GRI,GAM3 2;
MENGOCHAUZERAUS, STA,GAM3 12;
MENGOCHAUZERAUS, STA,GAM3 15;
MENGOCHAUZERAUS, STA,GAM3 2;
MENKEN, DONALD L.,ASM 239;
MENKEN, DONALD L.,ASM '97;
MENKEN, DONALD L.,SENSM 10;
MENKEN, DONALD L.,SM:RGG 2;
MENKEN, DONALD L.,SM:RGG 3;
MENNINGER, CLARA,GR3 27;
MENNINGER, CLARA,SOV 1;
MENNINGER, CLARA,SOV 2;
MENNINGER, CLARA,SOV 4;
MENNINGER, CLARA,SOV 5;
MENNINGER, CLARA,SOV 6;
MENTALLO,A 287;
MENTALLO,AUP 4;
MENTALLO,CA 238;
MENTALLO,CA 346;
MENTALLO,DD 123;
MENTALLO,H 18;
MENTALLO,IM '98;
MENTALLO,MICRO 24;
MENTALLO,MICRO 25;
MENTALLO,M/TIO 26;
MENTALLO,M/TIO 27;
MENTALLO,M/TU 118;
MENTALLO,ST 141;
MENTALLO,ST 142;
MENTALLO,ST 143;
MENTALLO,TB 26;
MENTALLO,TB 53;
MENTALLO,TB 54;
MENTALLO,TB:LS;
MENTOR/ALARS [ETERNA,A 230;
MENTOR/ALARS [ETERNA,CM 27;
MENTOR/ALARS [ETERNA,CM 29;
MENTOR/ALARS [ETERNA,CM 31;
MENTOR/ALARS [ETERNA,CM 32;
MENTOR/ALARS [ETERNA,CM 33;
MENTOR/ALARS [ETERNA,CM 34;
MENTOR/ALARS [ETERNA,CM4 2;
MENTOR/ALARS [ETERNA,CM4 6;
MENTOR/ALARS [ETERNA,CM 58;
MENTOR/ALARS [ETERNA,CM 59;
MENTOR/ALARS [ETERNA,CM 60;
MENTOR/ALARS [ETERNA,CM 61;
MENTOR/ALARS [ETERNA,CM 62;
MENTOR/ALARS [ETERNA,DD 105;
MENTOR/ALARS [ETERNA,DEF 143;
MENTOR/ALARS [ETERNA,IG 1;
MENTOR/ALARS [ETERNA,IG 6;
MENTOR/ALARS [ETERNA,IM 55;
MENTOR/ALARS [ETERNA,M/GN 1;
MENTOR/ALARS [ETERNA,M/SPT2 1;
MENTOR/ALARS [ETERNA,M/SPT2 2;
MENTOR/ALARS [ETERNA,M/SPT2 3;
MENTOR/ALARS [ETERNA,SOLOA 18/2;
MENTOR/ALARS [ETERNA,SS3 37;
MENTOR/ALARS [ETERNA,SS3 40;
MENTOR/ALARS [ETERNA,SS3 44;
MENTOR/ALARS [ETERNA,SS3 49;
MENTOR/ALARS [ETERNA,SS3 67;
MENTOR/ALARS [ETERNA,SS 6;
MENTOR/ALARS [ETERNA,TB 46;
MENTOR/ALARS [ETERNA,TB 47;
MENTOR/ALARS [ETERNA,WLOCK2 1;
MENTOR/ALARS [ETERNA,WLOCK2 3;
MENTOR II,GUARD 1;
MENTOR II,GUARD 2;
MENTOR II,GUARD 3;
MENTOR II,INH3 4;
MENTOR II,ROM 4;
MENTOR II,UX 107;
MENTOR II,UX 108;
MENTOR II,UX 157;
MENTUS,ROM 20;
MENTUS,ROM 20/2;
MENTUS,ROM 22/2;
MENTUS,ROM 25;
MEPHISITOID,A 378;
MEPHISITOID,A 379;
MEPHISTA,DRSTR3 29;
MEPHISTA,DRSTR3 30;
MEPHISTA,DRSTR3 6;
MEPHISTA,DRSTR3 7;
MEPHISTA,DRSTR3 8;
MEPHISTO,AF2 16;
MEPHISTO,ASM 274;
MEPHISTO,BP3 1;
MEPHISTO,BP3 2;
MEPHISTO,BP3 3;
MEPHISTO,BP3 30;
MEPHISTO,BP3 4;
MEPHISTO,BP3 5;
MEPHISTO,C&D3 17;
MEPHISTO,C&D3 18;
MEPHISTO,DD2 5;
MEPHISTO,DD 266;
MEPHISTO,DD 270;
MEPHISTO,DD 278;
MEPHISTO,DD 279;
MEPHISTO,DD 280;
MEPHISTO,DD 281;
MEPHISTO,DD 282;
MEPHISTO,DEF 100;
MEPHISTO,DEF 98;
MEPHISTO,DEF 99;
MEPHISTO,DRSTR3 30;
MEPHISTO,DRSTR3 6;
MEPHISTO,DRSTR3 7;
MEPHISTO,DRSTR3 8;
MEPHISTO,DSDDGN;
MEPHISTO,FF 157;
MEPHISTO,FF 20;
MEPHISTO,FF 276;
MEPHISTO,FF 277;
MEPHISTO,GR2 76;
MEPHISTO,GR2 81;
MEPHISTO,GR3 -1;
MEPHISTO,GR3 11;
MEPHISTO,GR3 19;
MEPHISTO,HCAT 1;
MEPHISTO,HCAT 2;
MEPHISTO,HCAT 3;
MEPHISTO,HOD;
MEPHISTO,IG 1;
MEPHISTO,IG 2;
MEPHISTO,IG 3;
MEPHISTO,IG 4;
MEPHISTO,IG 5;
MEPHISTO,M/CP 105/3;
MEPHISTO,MEPHV. 1;
MEPHISTO,MEPHV. 2;
MEPHISTO,MEPHV. 3;
MEPHISTO,MEPHV. 4;
MEPHISTO,MGK2 2;
MEPHISTO,MGK2 3;
MEPHISTO,MGK2 4;
MEPHISTO,M/SS 1;
MEPHISTO,NHAWK 1;
MEPHISTO,NHAWK 2;
MEPHISTO,NHAWK 3;
MEPHISTO,Q 24;
MEPHISTO,Q 26;
MEPHISTO,S-H2 28;
MEPHISTO,SS 17;
MEPHISTO,SS2 1;
MEPHISTO,SS 2/4;
MEPHISTO,SS 3;
MEPHISTO,SS3 100;
MEPHISTO,SS3 133;
MEPHISTO,SS3 135;
MEPHISTO,SS3 136;
MEPHISTO,SS3 137;
MEPHISTO,SS3 32;
MEPHISTO,SS3 44;
MEPHISTO,SS3 45;
MEPHISTO,SS3 47;
MEPHISTO,SS3 48;
MEPHISTO,SS3 49;
MEPHISTO,SS3 96;
MEPHISTO,SS3 97;
MEPHISTO,SS3 98;
MEPHISTO,SS3 99;
MEPHISTO,SS 8;
MEPHISTO,SS 9;
MEPHISTO,SS:JUDGMENT DAY;
MEPHISTO,SWII 6;
MEPHISTO,SWII 7;
MEPHISTO,SWII 9;
MEPHISTO,T 10;
MEPHISTO,T 13;
MEPHISTO,T 180;
MEPHISTO,T 181;
MEPHISTO,T 204;
MEPHISTO,T 205;
MEPHISTO,T2 18;
MEPHISTO,T2 19;
MEPHISTO,T 310;
MEPHISTO,T 325;
MEPHISTO,T 381;
MEPHISTO,T 429;
MEPHISTO,T 430;
MEPHISTO,T 432;
MEPHISTO,T 442/3;
MEPHISTO,T 443;
MEPHISTO,T 450;
MEPHISTO,T 451;
MEPHISTO,T 452;
MEPHISTO,T 453;
MEPHISTO,T 454;
MEPHISTO,T 455;
MEPHISTO,TB '00;
MEPHISTO,TS 14;
MEPHISTO,TS 15;
MEPHISTO,WCA2 52;
MEPHISTO,WCA2 9;
MERCADO, JOY,ASM 23;
MERCADO, JOY,ASM 279;
MERCADO, JOY,ASM 297;
MERCADO, JOY,ASM 298;
MERCADO, JOY,ASM 312;
MERCADO, JOY,ASM 314;
MERCADO, JOY,ASM 318;
MERCADO, JOY,ASM 326;
MERCADO, JOY,ASM 344;
MERCADO, JOY,ASM 360;
MERCADO, JOY,ASM 367;
MERCADO, JOY,MK 33;
MERCADO, JOY,PPTSS 108;
MERCADO, JOY,PPTSS 111;
MERCADO, JOY,PPTSS 112;
MERCADO, JOY,PPTSS 113;
MERCADO, JOY,PPTSS 115;
MERCADO, JOY,PPTSS 122;
MERCADO, JOY,PPTSS 146;
MERCADO, JOY,PPTSS 147;
MERCADO, JOY,PPTSS 149;
MERCADO, JOY,PPTSS 150;
MERCADO, JOY,PPTSS 152;
MERCADO, JOY,PPTSS 157;
MERCADO, JOY,PPTSS 161;
MERCADO, JOY,PPTSS 164;
MERCADO, JOY,PPTSS 168;
MERCADO, JOY,PPTSS 173;
MERCADO, JOY,PPTSS 174;
MERCADO, JOY,PPTSS 176;
MERCADO, JOY,PPTSS 5;
MERCADO, JOY,PPTSS 9/3;
MERCADO, JOY,SSWP 1;
MERCADO, JOY,WOSM 16;
MERCADO, JOY,WOSM 17;
MERCADO, JOY,WOSM 18;
MERCADO, JOY,WOSM 19;
MERCADO, JOY,WOSM 20;
MERCADO, JOY,WOSM 21;
MERCADO, JOY,WOSM 22;
MERCADO, JOY,WOSM 23;
MERCADO, JOY,WOSM 29;
MERCADO, JOY,WOSM 38;
MERCADO, JOY,WOSM 47;
MERCADO, JOY,WOSM 48;
MERCADO, JOY,WOSM 50;
MERCADO, JOY,WOSM 51;
MERCADO, JOY,WOSM 53;
MERCADO, JOY,WOSM 54;
MERCADO, JOY,WOSM 56;
MERCADO, JOY,WOSM 58;
MERCADO, JOY,WOSM 59;
MERCADO, JOY,WOSM 77;
MERCADO, JOY,WOSM 78;
MERCURY,BIZADV 32/4;
MERCURY III/,UX 360;
MERCURY III/,X 80;
MERCURY II,TB 7;
MERCURY,T 291;
MERCURY,T 292;
MERCY,H 16;
MERCY,H2 426;
MERCY,H2 458;
MERCY,H2 459;
MERENGUES, SMOOTH MA,FF 361;
MERIDIAN, DR. ROBERT,S-W3 10;
MERIDIAN, DR. ROBERT,S-W3 11;
MERLIN,A 20/2;
MERLIN,BK2 1;
MERLIN,BK2 2;
MERLIN,CB 1;
MERLIN,CB 2;
MERLIN,DAZZ 3;
MERLIN,IM 209;
MERLIN,N 62;
MERLIN,ST 134;
MERLIN,XCAL 47;
MERLIN,XCAL 49;
MERLIN,XCAL 50;
MERLIN,XCAL:P;
MERLYN,XCAL 125;
MERREE,MB2 1;
MERRIAN,BSHP2 2;
MERRIAN,BSHP2 3;
MERRYWEATHER, IRENE,C2 48;
MERRYWEATHER, IRENE,C2 49;
MERRYWEATHER, IRENE,C2 50;
MERRYWEATHER, IRENE,C2 51;
MERRYWEATHER, IRENE,C2 52;
MERRYWEATHER, IRENE,C2 53;
MERRYWEATHER, IRENE,C2 54;
MERRYWEATHER, IRENE,C2 55;
MERRYWEATHER, IRENE,C2 56;
MERRYWEATHER, IRENE,C2 57;
MERRYWEATHER, IRENE,C2 58;
MERRYWEATHER, IRENE,C2 59;
MERRYWEATHER, IRENE,C2 60;
MERRYWEATHER, IRENE,C2 61;
MERRYWEATHER, IRENE,C2 62;
MERRYWEATHER, IRENE,C2 63;
MERRYWEATHER, IRENE,C2 64;
MERRYWEATHER, IRENE,C2 65;
MERRYWEATHER, IRENE,C2 66;
MERRYWEATHER, IRENE,C2 68;
MERRYWEATHER, IRENE,C2 69;
MERRYWEATHER, IRENE,C2 70;
MERRYWEATHER, IRENE,C2 71;
MERRYWEATHER, IRENE,C2 74;
MERRYWEATHER, IRENE,C2 76;
MERRYWEATHER, IRENE,C2 78;
MERRYWEATHER, IRENE,C2 80;
MERRYWEATHER, IRENE,C2 81;
MERRYWEATHER, IRENE,C2 82;
MERRYWEATHER, IRENE,C2 84;
MERRYWEATHER, IRENE,C2 85;
MERRYWEATHER, IRENE,C2 86;
MERRYWEATHER, IRENE,C2 88;
MERRYWEATHER, IRENE,C2 89;
MERRYWEATHER, IRENE,C2 90;
MERRYWEATHER, IRENE,C2 91;
MERRYWEATHER, IRENE,C2 92;
MERRYWEATHER, IRENE,C2 93;
MERRYWEATHER, IRENE,C2 94;
MERRYWEATHER, IRENE,C2 95;
MERRYWEATHER, IRENE,C2 '99;
MERRYWEATHER, IRENE,X:HC 1;
MERRYWEATHER, IRENE,X:HC 2;
MERRYWEATHER, IRENE,X:HC 3;
MERRYWEATHER, IRENE,X:HC 4;
MESMERO,A 103;
MESMERO,AF2 3;
MESMERO,AF2 4;
MESMERO,AF2 5;
MESMERO,AF 43;
MESMERO,ASM 207;
MESMERO,CA 174;
MESMERO,CA 175;
MESMERO,CX 17/2;
MESMERO,UX 111;
MESMERO,UX 112;
MESMERO,UX 49;
MESMERO,UX 50;
MESMERO,UX 51;
MESMERO,UX 52;
MESMERO,UX 58;
MESMERO,UX 60;
MESMERO,XCAL 32;
MESMERO,XCAL 33;
MESMERO,XCAL 34;
MESMERO,XF 55;
MESSENGER, TOBIAS,X:HY 17;
MESSENGER, TOBIAS,X:HY 18;
MESSENGER, TOBIAS,X:HY 19;
MESSENGER, TOBIAS,X:HY 22;
METABO,T 286;
METALSLASH/,MK3 39;
METALSLASH/,MK3 40;
METEORITE,CA 343;
METEORITE,CA 346;
METEORITE,CA 4;
METEORITE,DEF 125;
METEORITE,DEF 126;
METEORITE,DEF 128;
METEORITE,DEF 129;
METEORITE,DEF 130;
METEORITE,DEF 78;
METEORITE,DEF 79;
METEORITE,DEF 80;
METEORITE,DEF 83;
METEORITE,DEF 87;
METEORITE III/VALERI,TB 48;
METEORITE III/VALERI,TB 49;
METEORITE III/VALERI,TB 50;
METEORITE III/VALERI,TB 51;
METEORITE III/VALERI,TB 52;
METEORITE III/VALERI,TB 53;
METEORITE III/VALERI,TB 54;
METEORITE,NW2 6;
METOXO,M/HOL 1994;
MEXXA RIEN,NW 69;
MEXXA RIEN,NW 73;
M,GENX 1;
M,GENX 10;
M,GENX 11;
M,GENX 12;
M,GENX 13;
M,GENX 14;
M,GENX 15;
M,GENX 17;
M,GENX 2;
M,GENX 23;
M,GENX 24;
M,GENX 25;
M,GENX 29;
M,GENX 3;
M,GENX 31;
M,GENX 32;
M,GENX 34;
M,GENX 35;
M,GENX 4;
M,GENX 40;
M,GENX 41;
M,GENX 43;
M,GENX 45;
M,GENX 46;
M,GENX 47;
M,GENX 5;
M,GENX 51;
M,GENX 53;
M,GENX 57;
M,GENX 6;
M,GENX 68;
M,GENX 69;
M,GENX 7;
M,GENX 8;
M,GENX 9;
M,GENX '95/2;
M,GENX '96;
M,GENX '97;
M,H '97/2;
MIBA,SS3 113;
MICAWBER, TRISTRAM,CA 370;
MICHAELS, DAWN,HMAG 10;
MICHELLE,WARM 11;
MICHEL, RAFE,CA 143;
MICHEL, RAFE,CA 151;
MICHEL, RAFE,CA 153;
MICHEL, RAFE,CA 154;
MICHEL, RAFE,CA 160;
MICHEL, RAFE,CA 161;
MICHEL, RAFE,CA 177;
MICHEL, RAFE,CA 178;
MICO, RODOLFO,FF 403;
MICO, RODOLFO,FF 404;
MICROCHIP/LINUS LIEB,ASM 330;
MICROCHIP/LINUS LIEB,ASM 354;
MICROCHIP/LINUS LIEB,MK3 21;
MICROCHIP/LINUS LIEB,MK3 36;
MICROCHIP/LINUS LIEB,MK3 38;
MICROCHIP/LINUS LIEB,P:NE;
MICROCHIP/LINUS LIEB,P:P;
MICROCHIP/LINUS LIEB,P:POV 1;
MICROCHIP/LINUS LIEB,P:POV 3;
MICROCHIP/LINUS LIEB,P:POV 4;
MICROCHIP/LINUS LIEB,PUN 1/2;
MICROCHIP/LINUS LIEB,PUN 2;
MICROCHIP/LINUS LIEB,PUN2 12;
MICROCHIP/LINUS LIEB,PUN2 15;
MICROCHIP/LINUS LIEB,PUN2 16;
MICROCHIP/LINUS LIEB,PUN2 17;
MICROCHIP/LINUS LIEB,PUN2 19;
MICROCHIP/LINUS LIEB,PUN 2/2;
MICROCHIP/LINUS LIEB,PUN2 21;
MICROCHIP/LINUS LIEB,PUN2 28;
MICROCHIP/LINUS LIEB,PUN2 29;
MICROCHIP/LINUS LIEB,PUN2 30;
MICROCHIP/LINUS LIEB,PUN2 33;
MICROCHIP/LINUS LIEB,PUN2 34;
MICROCHIP/LINUS LIEB,PUN2 35;
MICROCHIP/LINUS LIEB,PUN2 4;
MICROCHIP/LINUS LIEB,PUN2 41;
MICROCHIP/LINUS LIEB,PUN2 42;
MICROCHIP/LINUS LIEB,PUN2 45;
MICROCHIP/LINUS LIEB,PUN2 46;
MICROCHIP/LINUS LIEB,PUN2 47;
MICROCHIP/LINUS LIEB,PUN2 48;
MICROCHIP/LINUS LIEB,PUN2 50;
MICROCHIP/LINUS LIEB,PUN2 51;
MICROCHIP/LINUS LIEB,PUN2 53;
MICROCHIP/LINUS LIEB,PUN2 54;
MICROCHIP/LINUS LIEB,PUN2 55;
MICROCHIP/LINUS LIEB,PUN2 56;
MICROCHIP/LINUS LIEB,PUN2 57;
MICROCHIP/LINUS LIEB,PUN2 58;
MICROCHIP/LINUS LIEB,PUN2 59;
MICROCHIP/LINUS LIEB,PUN2 6;
MICROCHIP/LINUS LIEB,PUN2 64;
MICROCHIP/LINUS LIEB,PUN2 65;
MICROCHIP/LINUS LIEB,PUN2 66;
MICROCHIP/LINUS LIEB,PUN2 67;
MICROCHIP/LINUS LIEB,PUN2 69;
MICROCHIP/LINUS LIEB,PUN2 7;
MICROCHIP/LINUS LIEB,PUN2 70;
MICROCHIP/LINUS LIEB,PUN2 71;
MICROCHIP/LINUS LIEB,PUN2 74;
MICROCHIP/LINUS LIEB,PUN2 8;
MICROCHIP/LINUS LIEB,PUN2 9;
MICROCHIP/LINUS LIEB,PUN 3/4;
MICROCHIP/LINUS LIEB,PUN 4/2;
MICROCHIP/LINUS LIEB,PUN: INTRUDER;
MICROCHIP/LINUS LIEB,PWJ 1;
MICROCHIP/LINUS LIEB,PWJ 10;
MICROCHIP/LINUS LIEB,PWJ 11;
MICROCHIP/LINUS LIEB,PWJ 12;
MICROCHIP/LINUS LIEB,PWJ 13;
MICROCHIP/LINUS LIEB,PWJ 14;
MICROCHIP/LINUS LIEB,PWJ 15;
MICROCHIP/LINUS LIEB,PWJ 16;
MICROCHIP/LINUS LIEB,PWJ 17;
MICROCHIP/LINUS LIEB,PWJ 18;
MICROCHIP/LINUS LIEB,PWJ 19;
MICROCHIP/LINUS LIEB,PWJ 20;
MICROCHIP/LINUS LIEB,PWJ 25;
MICROCHIP/LINUS LIEB,PWJ 29;
MICROCHIP/LINUS LIEB,PWJ 3;
MICROCHIP/LINUS LIEB,PWJ 30;
MICROCHIP/LINUS LIEB,PWJ 31;
MICROCHIP/LINUS LIEB,PWJ 32;
MICROCHIP/LINUS LIEB,PWJ 33;
MICROCHIP/LINUS LIEB,PWJ 36;
MICROCHIP/LINUS LIEB,PWJ 39;
MICROCHIP/LINUS LIEB,PWJ 43;
MICROCHIP/LINUS LIEB,PWJ 45;
MICROCHIP/LINUS LIEB,PWJ 46;
MICROCHIP/LINUS LIEB,PWJ 47;
MICROCHIP/LINUS LIEB,PWJ 5;
MICROCHIP/LINUS LIEB,PWJ 50;
MICROCHIP/LINUS LIEB,PWJ 51;
MICROCHIP/LINUS LIEB,PWJ 6;
MICROCHIP/LINUS LIEB,PWZ 1;
MICROCHIP/LINUS LIEB,PWZ 10;
MICROCHIP/LINUS LIEB,PWZ 11;
MICROCHIP/LINUS LIEB,PWZ 7;
MICROCHIP/LINUS LIEB,PWZ 8;
MICROCHIP/LINUS LIEB,PWZ 9;
MICROMAX/SCOTT WRIGH,AF 108;
MICROMAX/SCOTT WRIGH,XCAL 125;
MICROMAX/SCOTT WRIGH,XCAL 44;
MICROMAX/SCOTT WRIGH,XCAL 45;
MICROMAX/SCOTT WRIGH,XCAL 49;
MICROMAX/SCOTT WRIGH,XCAL 50;
MIDAS,IM 103;
MIDAS,IM 104;
MIDAS,IM 105;
MIDAS,IM 106;
MIDAS,IM 107;
MIDAS,IM 17;
MIDAS,IM 18;
MIDAS,IM 19;
MIDAS,IM3 1;
MIDGARD SERPENT,A3 1;
MIDGET,UX 107;
MIDGET,XSOS 2;
MIDNIGHT III/JEFFREY,ASM 353;
MIDNIGHT III/JEFFREY,ASM 354;
MIDNIGHT III/JEFFREY,ASM 355;
MIDNIGHT III/JEFFREY,ASM 356;
MIDNIGHT III/JEFFREY,ASM 357;
MIDNIGHT III/JEFFREY,ASM 358;
MIDNIGHT III/JEFFREY,MK3 10;
MIDNIGHT III/JEFFREY,MK3 11;
MIDNIGHT III/JEFFREY,MK3 15;
MIDNIGHT III/JEFFREY,MK3 16;
MIDNIGHT III/JEFFREY,MK3 17;
MIDNIGHT III/JEFFREY,MK3 18;
MIDNIGHT III/JEFFREY,MK3 19;
MIDNIGHT III/JEFFREY,MK3 20;
MIDNIGHT III/JEFFREY,MK3 21;
MIDNIGHT III/JEFFREY,MK3 22;
MIDNIGHT III/JEFFREY,MK3 23;
MIDNIGHT III/JEFFREY,MK3 24;
MIDNIGHT III/JEFFREY,MK3 4;
MIDNIGHT III/JEFFREY,MK3 5;
MIDNIGHT III/JEFFREY,MK3 6;
MIDNIGHT III/JEFFREY,MK3 7;
MIDNIGHT III/JEFFREY,MK3 8;
MIDNIGHT/M'NAI,A 131;
MIDNIGHT/M'NAI,A 132;
MIDNIGHT/M'NAI,GSA 3;
MIDNIGHT/M'NAI,IM 4/2;
MIDNIGHT/M'NAI,MOKF 41;
MIDNIGHT/M'NAI,SM/E 16;
MIDNIGHT/M'NAI,SS3 29;
MIDNIGHT/M'NAI,SS3 30;
MIDNIGHT/M'NAI,SS3 60;
MIDNIGHT/M'NAI,SS 4/3;
MIDNIGHT'S FIRE/,NW 16;
MIDNIGHT'S FIRE/,NW 2;
MIDNIGHT'S FIRE/,NW 21;
MIDNIGHT'S FIRE/,NW 22;
MIDNIGHT'S FIRE/,NW 23;
MIDNIGHT'S FIRE/,NW 24;
MIDNIGHT'S FIRE/,NW 25;
MIDWIFE,DRSTR3 89;
MIDWIFE,DRSTR3 90;
MIESHO,KZ '97;
MIFUNE, DR.,CA 402;
MIKHLO,A 12;
MIKHLO,ASM 223;
MIKHLO,ASM 255;
MIKHLO,COC 1;
MIKHLO,DEF 7;
MIKHLO,DEF 8;
MIKHLO,FF 13;
MIKHLO,FF 197;
MIKHLO,FF 29;
MIKHLO,FF 3;
MIKHLO,FF3 3;
MIKHLO,IM 15;
MIKHLO,IM 16;
MIKHLO,IM 82;
MIKHLO,IM 83;
MIKHLO,M/CP 87/3;
MIKHLO,M/CP 90/2;
MIKHLO,M/CP 91/2;
MIKHLO,M/CP 92/2;
MIKHLO,M/S&L /3;
MIKHLO,PP 61;
MIKHLO,PP 62;
MIKHLO,Q 6;
MIKHLO,W2 164;
MILAN,UX 315;
MILAN,X 42;
MILAN,X:PRIME;
MILLENIUS,SS '98;
MILLENNIUM MONARCH,T2 23;
MILLER, CHRIS,UX 351;
MILLER, CHRIS,UX 352;
MILLER, CHRIS,UX 356;
MILLER, CHRIS,UX 357;
MILLER, FRANK,DD2 8;
MILLER, JENETTE,M/GN 7;
MILLER, STACI MURPHY,UX 351;
MILLER, STACI MURPHY,UX 352;
MILLER, STACI MURPHY,UX 356;
MILLER, TRACE,WARM 5;
MILLER, TRACE,WARM 8;
MIMIC/CALVIN RANKIN,H2 161;
MIMIC/CALVIN RANKIN,M/CP 57;
MIMIC/CALVIN RANKIN,M/CP 58;
MIMIC/CALVIN RANKIN,M/CP 59;
MIMIC/CALVIN RANKIN,M/CP 60;
MIMIC/CALVIN RANKIN,M/CP 61;
MIMIC/CALVIN RANKIN,UX 19;
MIMIC/CALVIN RANKIN,UX 26;
MIMIC/CALVIN RANKIN,UX 27;
MIMIC/CALVIN RANKIN,UX 28;
MIMIC/CALVIN RANKIN,UX 29;
MIMIC/CALVIN RANKIN,UX 363;
MIMIC/CALVIN RANKIN,UX 364;
MIMIC/CALVIN RANKIN,UX 379;
MIMIC/CALVIN RANKIN,X51 2;
MIMIC/CALVIN RANKIN,X51 6;
MIMIC/CALVIN RANKIN,X 83;
MIMIC/CALVIN RANKIN,XCAL 122;
MIMIC/CALVIN RANKIN,XCAL 123;
MIMIC/CALVIN RANKIN,XCAL 124;
MIMIC/CALVIN RANKIN,XCAL 125;
MIMIC/CALVIN RANKIN,XFOR 45;
MIMIC/CALVIN RANKIN,XFOR 46;
MIMIC/CALVIN RANKIN,XFOR 52;
MINDBLAST,ASM 340;
MINDBLAST,ASM 343;
MINDBLAST,CA 389;
MINDBLAST,CA 390;
MINDBLAST,CA 391;
MINDMELD/,XFOR 62;
MIND'S EYE/MEACHAM,M/CP 113/3;
MIND'S EYE/MEACHAM,M/CP 114/3;
MIND'S EYE/MEACHAM,M/CP 115/3;
MIND'S EYE/MEACHAM,M/CP 116/3;
MIND'S EYE/MEACHAM,M/CP 117/3;
MIND'S EYE/MEACHAM,M/CP 118/3;
MINDSINGER/GREGOR,M/CP 101/2;
MINDSINGER/GREGOR,M/CP 102/2;
MINDSINGER/GREGOR,M/CP 104/2;
MINDSINGER/GREGOR,M/CP 105/2;
MINDSINGER/GREGOR,M/CP 107/2;
MINDSINGER/GREGOR,M/CP 108/2;
MINDSINGER/GREGOR,M/CP 109/2;
MINDSINGER/GREGOR,PPTSS 8;
MINDSINGER/GREGOR,PPTSS 8/2;
MINDSTORM/,M/SH3 4;
MINDWAVE,CA 319;
MINDWAVE,DD 133;
MINDWORM/WILLIAM TUR,ASM 138;
MINDWORM/WILLIAM TUR,PPTSS 35;
MINERVA [KREE],A 346;
MINERVA [KREE],A 347;
MINERVA [KREE],A 380/2;
MINERVA [KREE],A 381/2;
MINERVA [KREE],A 382/3;
MINERVA [KREE],AWC 81;
MINERVA [KREE],CM 50;
MINERVA [KREE],CM 51;
MINERVA [KREE],CM 52;
MINERVA [KREE],CM 55;
MINERVA [KREE],MSM 19;
MINERVA [KREE],Q 10;
MINERVA [KREE],Q 32;
MINERVA [KREE],Q 9;
MINERVA [KREE],WM2 7;
MINI MAX/,W2 154;
MINISTER BLOOD,A 324/2;
MINISTER BLOOD,A 325;
MINISTER BLOOD,CA 357;
MINISTER BLOOD,CA 394;
MINISTER TOME,GAM3 21;
MINISTER TOME,GAM3 22;
MINOR DOMO,M/CP 89/4;
MINOTAUR,A 17;
MINOTAUR II,IM 24;
MINOTAUR III,M/TU2 2;
MINOTAURUS,M/CP 76/4;
MINSTER HOARD,GAM3 21;
MINSTER HOARD,GAM3 22;
MINT JULEP,AA2 22;
MINT JULEP,AA2 23;
MINT JULEP,AA2 24;
MINXI [INHUMAN],INHUMANS GRAPHIC NOV;
MIRACLE MAN,DEF 120;
MIRACLE MAN,DEF 121;
MIRACLE MAN,DEF 122;
MIRACLE MAN,FF 138;
MIRACLE MAN,FF 139;
MIRACLE MAN,FF 3;
MIRACLE MAN,M/TIO 8;
MIRACLE MAN,TG 24;
MIRAGE,ASM 156;
MIRAGE,CA 319;
MIRAGE II/DANIELLE M,C2 73;
MIRAGE II/DANIELLE M,C2 74;
MIRAGE II/DANIELLE M,C&D3 4;
MIRAGE II/DANIELLE M,DPOOL3 22;
MIRAGE II/DANIELLE M,FA 1;
MIRAGE II/DANIELLE M,FA 2;
MIRAGE II/DANIELLE M,FS 1;
MIRAGE II/DANIELLE M,FS 2;
MIRAGE II/DANIELLE M,M/AGE 4;
MIRAGE II/DANIELLE M,M/CP 22/3;
MIRAGE II/DANIELLE M,MGK 3;
MIRAGE II/DANIELLE M,M/GN 4;
MIRAGE II/DANIELLE M,M/TU 6;
MIRAGE II/DANIELLE M,NM 1;
MIRAGE II/DANIELLE M,NM 10;
MIRAGE II/DANIELLE M,NM 11;
MIRAGE II/DANIELLE M,NM 12;
MIRAGE II/DANIELLE M,NM 13;
MIRAGE II/DANIELLE M,NM 14;
MIRAGE II/DANIELLE M,NM 15;
MIRAGE II/DANIELLE M,NM 16;
MIRAGE II/DANIELLE M,NM 17;
MIRAGE II/DANIELLE M,NM 18;
MIRAGE II/DANIELLE M,NM 19;
MIRAGE II/DANIELLE M,NM 2;
MIRAGE II/DANIELLE M,NM 20;
MIRAGE II/DANIELLE M,NM 21;
MIRAGE II/DANIELLE M,NM 22;
MIRAGE II/DANIELLE M,NM 23;
MIRAGE II/DANIELLE M,NM 24;
MIRAGE II/DANIELLE M,NM 25;
MIRAGE II/DANIELLE M,NM 26;
MIRAGE II/DANIELLE M,NM 27;
MIRAGE II/DANIELLE M,NM 28;
MIRAGE II/DANIELLE M,NM 3;
MIRAGE II/DANIELLE M,NM 32;
MIRAGE II/DANIELLE M,NM 33;
MIRAGE II/DANIELLE M,NM 34;
MIRAGE II/DANIELLE M,NM 35;
MIRAGE II/DANIELLE M,NM 36;
MIRAGE II/DANIELLE M,NM 37;
MIRAGE II/DANIELLE M,NM 38;
MIRAGE II/DANIELLE M,NM 39;
MIRAGE II/DANIELLE M,NM 4;
MIRAGE II/DANIELLE M,NM 41;
MIRAGE II/DANIELLE M,NM 4/2;
MIRAGE II/DANIELLE M,NM 43;
MIRAGE II/DANIELLE M,NM 44;
MIRAGE II/DANIELLE M,NM 45;
MIRAGE II/DANIELLE M,NM 46;
MIRAGE II/DANIELLE M,NM 47;
MIRAGE II/DANIELLE M,NM 49;
MIRAGE II/DANIELLE M,NM 5;
MIRAGE II/DANIELLE M,NM 50;
MIRAGE II/DANIELLE M,NM 51;
MIRAGE II/DANIELLE M,NM 52;
MIRAGE II/DANIELLE M,NM 53;
MIRAGE II/DANIELLE M,NM 54;
MIRAGE II/DANIELLE M,NM 55;
MIRAGE II/DANIELLE M,NM 56;
MIRAGE II/DANIELLE M,NM 57;
MIRAGE II/DANIELLE M,NM 58;
MIRAGE II/DANIELLE M,NM 59;
MIRAGE II/DANIELLE M,NM 6;
MIRAGE II/DANIELLE M,NM 60;
MIRAGE II/DANIELLE M,NM 61;
MIRAGE II/DANIELLE M,NM 62;
MIRAGE II/DANIELLE M,NM 64;
MIRAGE II/DANIELLE M,NM 65;
MIRAGE II/DANIELLE M,NM 66;
MIRAGE II/DANIELLE M,NM 67;
MIRAGE II/DANIELLE M,NM 68;
MIRAGE II/DANIELLE M,NM 69;
MIRAGE II/DANIELLE M,NM 7;
MIRAGE II/DANIELLE M,NM 70;
MIRAGE II/DANIELLE M,NM 71;
MIRAGE II/DANIELLE M,NM 72;
MIRAGE II/DANIELLE M,NM 73;
MIRAGE II/DANIELLE M,NM 74;
MIRAGE II/DANIELLE M,NM 75;
MIRAGE II/DANIELLE M,NM 76;
MIRAGE II/DANIELLE M,NM 77;
MIRAGE II/DANIELLE M,NM 78;
MIRAGE II/DANIELLE M,NM 79;
MIRAGE II/DANIELLE M,NM 8;
MIRAGE II/DANIELLE M,NM 80;
MIRAGE II/DANIELLE M,NM 81;
MIRAGE II/DANIELLE M,NM 82;
MIRAGE II/DANIELLE M,NM 83;
MIRAGE II/DANIELLE M,NM 84;
MIRAGE II/DANIELLE M,NM 85;
MIRAGE II/DANIELLE M,NM 86;
MIRAGE II/DANIELLE M,NM 87;
MIRAGE II/DANIELLE M,NM 9;
MIRAGE II/DANIELLE M,NMSE 1;
MIRAGE II/DANIELLE M,NM:TD 1;
MIRAGE II/DANIELLE M,NM:TD 2;
MIRAGE II/DANIELLE M,NM:TD 3;
MIRAGE II/DANIELLE M,PP 20;
MIRAGE II/DANIELLE M,PP 40;
MIRAGE II/DANIELLE M,PP 42;
MIRAGE II/DANIELLE M,PP 44;
MIRAGE II/DANIELLE M,SEX 1;
MIRAGE II/DANIELLE M,SWII 1;
MIRAGE II/DANIELLE M,SWII 8;
MIRAGE II/DANIELLE M,SWII 9;
MIRAGE II/DANIELLE M,UX 10;
MIRAGE II/DANIELLE M,UX 167;
MIRAGE II/DANIELLE M,UX 190;
MIRAGE II/DANIELLE M,UX 191;
MIRAGE II/DANIELLE M,UX 193;
MIRAGE II/DANIELLE M,UX 200;
MIRAGE II/DANIELLE M,UX 201;
MIRAGE II/DANIELLE M,UX 211;
MIRAGE II/DANIELLE M,UX 230;
MIRAGE II/DANIELLE M,UX 231;
MIRAGE II/DANIELLE M,UX 375;
MIRAGE II/DANIELLE M,UX 8;
MIRAGE II/DANIELLE M,UX 9;
MIRAGE II/DANIELLE M,WOSM 2;
MIRAGE II/DANIELLE M,X '00;
MIRAGE II/DANIELLE M,X 102;
MIRAGE II/DANIELLE M,X 99;
MIRAGE II/DANIELLE M,XCAL 104;
MIRAGE II/DANIELLE M,XCAL 105;
MIRAGE II/DANIELLE M,XCAL 8;
MIRAGE II/DANIELLE M,XF 41;
MIRAGE II/DANIELLE M,XFOR 100;
MIRAGE II/DANIELLE M,XFOR 101;
MIRAGE II/DANIELLE M,XFOR 106;
MIRAGE II/DANIELLE M,XFOR 3;
MIRAGE II/DANIELLE M,XFOR 41;
MIRAGE II/DANIELLE M,XFOR 43;
MIRAGE II/DANIELLE M,XFOR 69;
MIRAGE II/DANIELLE M,XFOR 70;
MIRAGE II/DANIELLE M,XFOR 71;
MIRAGE II/DANIELLE M,XFOR 72;
MIRAGE II/DANIELLE M,XFOR 73;
MIRAGE II/DANIELLE M,XFOR 74;
MIRAGE II/DANIELLE M,XFOR 75;
MIRAGE II/DANIELLE M,XFOR 76;
MIRAGE II/DANIELLE M,XFOR 77;
MIRAGE II/DANIELLE M,XFOR 78;
MIRAGE II/DANIELLE M,XFOR 79;
MIRAGE II/DANIELLE M,XFOR 80;
MIRAGE II/DANIELLE M,XFOR 81;
MIRAGE II/DANIELLE M,XFOR 82;
MIRAGE II/DANIELLE M,XFOR 83;
MIRAGE II/DANIELLE M,XFOR 84;
MIRAGE II/DANIELLE M,XFOR 85;
MIRAGE II/DANIELLE M,XFOR 86;
MIRAGE II/DANIELLE M,XFOR 87;
MIRAGE II/DANIELLE M,XFOR 89;
MIRAGE II/DANIELLE M,XFOR 90;
MIRAGE II/DANIELLE M,XFOR 91;
MIRAGE II/DANIELLE M,XFOR 92;
MIRAGE II/DANIELLE M,XFOR 93;
MIRAGE II/DANIELLE M,XFOR 94;
MIRAGE II/DANIELLE M,XFOR 95;
MIRAGE II/DANIELLE M,XFOR 96;
MIRAGE II/DANIELLE M,XFOR '97;
MIRAGE II/DANIELLE M,XFOR 97;
MIRAGE II/DANIELLE M,XFOR '98;
MIRAGE II/DANIELLE M,XFOR 98;
MIRAGE II/DANIELLE M,XFOR '99;
MIRAGE II/DANIELLE M,XFOR 99;
MIRAGE II/DANIELLE M,X&M 1;
MIRAGE II/DANIELLE M,X&M 2;
MIRAGE II/DANIELLE M,X&M 3;
MIRAGE II/DANIELLE M,X&M 4;
MIRAGE II/DANIELLE M,XTERM 4;
MIRAGE II/DANIELLE M,XU 23;
MIRAGE III/MARGE,ICE 1;
MIRAGE III/MARGE,ICE 2;
MIRAGE III/MARGE,ICE 3;
MIRAGE III/MARGE,ICE 4;
MIRAGE,M/TIO 96;
MISFIT/,AWC 76;
MISFIT/,AWC 77;
MISFIT/,AWC 78;
MISFIT/,AWC 79;
MISS AMERICA/MADELIN,A 185;
MISS AMERICA/MADELIN,A 186;
MISS AMERICA/MADELIN,ALL SELECT 11;
MISS AMERICA/MADELIN,ALL TEEN 20;
MISS AMERICA/MADELIN,ALL WINNERS COMICS 1;
MISS AMERICA/MADELIN,ALL WINNERS COMICS 2;
MISS AMERICA/MADELIN,BLONDE PHANTOM 12;
MISS AMERICA/MADELIN,BLONDE PHANTOM 13;
MISS AMERICA/MADELIN,BLONDE PHANTOM 14;
MISS AMERICA/MADELIN,GSA 1;
MISS AMERICA/MADELIN,INV 35;
MISS AMERICA/MADELIN,INV 36;
MISS AMERICA/MADELIN,INV 37;
MISS AMERICA/MADELIN,INV 38;
MISS AMERICA/MADELIN,INV 39;
MISS AMERICA/MADELIN,INV 40;
MISS AMERICA/MADELIN,INV 41;
MISS AMERICA/MADELIN,INV 6;
MISS AMERICA/MADELIN,MARVEL MYSTERY COMIC;
MISS AMERICA/MADELIN,MISS AMERICA COMICS;
MISS AMERICA/MADELIN,MISS AMERICA MAGAZIN;
MISS AMERICA/MADELIN,M/PRM 29;
MISS AMERICA/MADELIN,M/PRM 30;
MISS AMERICA/MADELIN,Note: Appearances in;
MISS AMERICA/MADELIN,SUN GIRL 1;
MISS AMERICA/MADELIN,WOSM 4/3;
MISSING LINK,H2 105;
MISSING LINK,H2 106;
MISSING LINK,H2 179;
MISSING LINK II/RAY,SLEEP 19;
MISSING LINK II/RAY,SLEEP 7;
MISSING LINK,ROM 29;
MISS ITCH/BLISS,S-W3 13;
MISS ITCH/BLISS,S-W3 15;
MISS ITCH/BLISS,S-W3 16;
MISS ITCH/BLISS,S-W3 17;
MISS ITCH/BLISS,S-W3 18;
MISS LOCKE,COL 1;
MISS LOCKE,M/FAN 50;
MISS LOCKE,M/TU 65;
MISS LOCKE,M/TU 66;
MISS LOCKE,M/TU 89;
MISS LOCKE,S-M 25;
MISS LOCKE,UX 122;
MISS LOCKE,UX 123;
MISS LOCKE,UX 124;
MISS LOCKE,UX 145;
MISS LOCKE,UX 146;
MISS LOCKE,UX 177;
MISS LOCKE,UX 197;
MISS LOCKE,UX 204;
MISS LOCKE,W/G 4;
MISS LOCKE,W/NF;
MISS LOCKE,XCAL 4;
MISS LOCKE,XCAL 5;
MISS MASS/,AF 110;
MISS MASS/,AF 111;
MISS MASS/,AF 112;
MISS SACCHARINE,UX 395;
MISS THING/MARY,REMNANTS;
MISTER CLEAN,UX 395;
MISTER CLEAN,UX 396;
MISTER HYDE/CALVIN Z,A 273;
MISTER HYDE/CALVIN Z,A 274;
MISTER HYDE/CALVIN Z,A 275;
MISTER HYDE/CALVIN Z,A 276;
MISTER HYDE/CALVIN Z,A 277;
MISTER HYDE/CALVIN Z,AF 106;
MISTER HYDE/CALVIN Z,ASM 231;
MISTER HYDE/CALVIN Z,ASM 232;
MISTER HYDE/CALVIN Z,ASM 433;
MISTER HYDE/CALVIN Z,ASPOT 26;
MISTER HYDE/CALVIN Z,AUP 4;
MISTER HYDE/CALVIN Z,CA 151;
MISTER HYDE/CALVIN Z,CA 152;
MISTER HYDE/CALVIN Z,CA 251;
MISTER HYDE/CALVIN Z,CA 252;
MISTER HYDE/CALVIN Z,CA3 15;
MISTER HYDE/CALVIN Z,CA 340;
MISTER HYDE/CALVIN Z,CA 365/2;
MISTER HYDE/CALVIN Z,CA 366/2;
MISTER HYDE/CALVIN Z,CA 367/2;
MISTER HYDE/CALVIN Z,CA 434;
MISTER HYDE/CALVIN Z,CA 435;
MISTER HYDE/CALVIN Z,CA 436;
MISTER HYDE/CALVIN Z,DD 142;
MISTER HYDE/CALVIN Z,DD 143;
MISTER HYDE/CALVIN Z,DD 153;
MISTER HYDE/CALVIN Z,DD 154;
MISTER HYDE/CALVIN Z,DD 235;
MISTER HYDE/CALVIN Z,DD 30;
MISTER HYDE/CALVIN Z,DD 31;
MISTER HYDE/CALVIN Z,DD 32;
MISTER HYDE/CALVIN Z,DD 353;
MISTER HYDE/CALVIN Z,DD 355;
MISTER HYDE/CALVIN Z,DD 357;
MISTER HYDE/CALVIN Z,DD 61;
MISTER HYDE/CALVIN Z,DD 83;
MISTER HYDE/CALVIN Z,FF 3;
MISTER HYDE/CALVIN Z,GR3 4;
MISTER HYDE/CALVIN Z,H2 368;
MISTER HYDE/CALVIN Z,H2 458;
MISTER HYDE/CALVIN Z,IM 228;
MISTER HYDE/CALVIN Z,IM3 43;
MISTER HYDE/CALVIN Z,JIM 100;
MISTER HYDE/CALVIN Z,JIM 105;
MISTER HYDE/CALVIN Z,JIM 106;
MISTER HYDE/CALVIN Z,JIM 110;
MISTER HYDE/CALVIN Z,JIM 111;
MISTER HYDE/CALVIN Z,JIM 99;
MISTER HYDE/CALVIN Z,PPTSS 46;
MISTER HYDE/CALVIN Z,PPTSS 88;
MIST MISTRESS,CA 346;
MIST,XFOR '97;
MISTY/VINCENTE,GENX 13;
MITCHELL, ROBERT,OE 7;
M'KAMBA,C2 54;
M'KUMBA,X:HY 6;
MO,ABOM 3;
MOBIUS, DR.,AF2 1;
MOBIUS,FF 27;
MOCKINGBIRD/DR. BARB,A 15;
MOCKINGBIRD/DR. BARB,A 16;
MOCKINGBIRD/DR. BARB,A 18;
MOCKINGBIRD/DR. BARB,A 19;
MOCKINGBIRD/DR. BARB,A 239;
MOCKINGBIRD/DR. BARB,A 242;
MOCKINGBIRD/DR. BARB,A 243;
MOCKINGBIRD/DR. BARB,A 244;
MOCKINGBIRD/DR. BARB,A 245;
MOCKINGBIRD/DR. BARB,A 246;
MOCKINGBIRD/DR. BARB,A 250;
MOCKINGBIRD/DR. BARB,A 253;
MOCKINGBIRD/DR. BARB,A 254;
MOCKINGBIRD/DR. BARB,A 305;
MOCKINGBIRD/DR. BARB,A 309;
MOCKINGBIRD/DR. BARB,A3 10;
MOCKINGBIRD/DR. BARB,A3 11;
MOCKINGBIRD/DR. BARB,A 313;
MOCKINGBIRD/DR. BARB,A 329;
MOCKINGBIRD/DR. BARB,A 332;
MOCKINGBIRD/DR. BARB,A 333;
MOCKINGBIRD/DR. BARB,A 345;
MOCKINGBIRD/DR. BARB,ASPOT 22;
MOCKINGBIRD/DR. BARB,ASPOT 25;
MOCKINGBIRD/DR. BARB,ASPOT 27;
MOCKINGBIRD/DR. BARB,ASPOT 28;
MOCKINGBIRD/DR. BARB,ASPOT 30;
MOCKINGBIRD/DR. BARB,ASPOT 31;
MOCKINGBIRD/DR. BARB,ASPOT 32;
MOCKINGBIRD/DR. BARB,ASPOT 33;
MOCKINGBIRD/DR. BARB,ASPOT 34;
MOCKINGBIRD/DR. BARB,ASPOT 36;
MOCKINGBIRD/DR. BARB,AT 10;
MOCKINGBIRD/DR. BARB,AT 11;
MOCKINGBIRD/DR. BARB,AT 12;
MOCKINGBIRD/DR. BARB,AT 13;
MOCKINGBIRD/DR. BARB,AT 15;
MOCKINGBIRD/DR. BARB,AT 16;
MOCKINGBIRD/DR. BARB,AT 17;
MOCKINGBIRD/DR. BARB,AT 18;
MOCKINGBIRD/DR. BARB,AT 19;
MOCKINGBIRD/DR. BARB,AT 20;
MOCKINGBIRD/DR. BARB,AT 6;
MOCKINGBIRD/DR. BARB,AT 7;
MOCKINGBIRD/DR. BARB,AT 8;
MOCKINGBIRD/DR. BARB,AWC 100/2;
MOCKINGBIRD/DR. BARB,AWC 48;
MOCKINGBIRD/DR. BARB,AWC 49;
MOCKINGBIRD/DR. BARB,AWC 55;
MOCKINGBIRD/DR. BARB,AWC 69;
MOCKINGBIRD/DR. BARB,AWC 76;
MOCKINGBIRD/DR. BARB,AWC 78;
MOCKINGBIRD/DR. BARB,AWC 79;
MOCKINGBIRD/DR. BARB,AWC 80;
MOCKINGBIRD/DR. BARB,AWC 81;
MOCKINGBIRD/DR. BARB,AWC 82;
MOCKINGBIRD/DR. BARB,AWC 83;
MOCKINGBIRD/DR. BARB,AWC 87;
MOCKINGBIRD/DR. BARB,AWC 88;
MOCKINGBIRD/DR. BARB,AWC 89;
MOCKINGBIRD/DR. BARB,AWC 90;
MOCKINGBIRD/DR. BARB,AWC 91;
MOCKINGBIRD/DR. BARB,BW:CW;
MOCKINGBIRD/DR. BARB,CA 292;
MOCKINGBIRD/DR. BARB,CA 308;
MOCKINGBIRD/DR. BARB,CA 316;
MOCKINGBIRD/DR. BARB,CA 317;
MOCKINGBIRD/DR. BARB,CA 400/2;
MOCKINGBIRD/DR. BARB,CA 401;
MOCKINGBIRD/DR. BARB,COC 1;
MOCKINGBIRD/DR. BARB,DAMCON3 3;
MOCKINGBIRD/DR. BARB,E2 12;
MOCKINGBIRD/DR. BARB,FF 22;
MOCKINGBIRD/DR. BARB,FF 265;
MOCKINGBIRD/DR. BARB,H2 320;
MOCKINGBIRD/DR. BARB,H2 321;
MOCKINGBIRD/DR. BARB,H2 322;
MOCKINGBIRD/DR. BARB,H2 323;
MOCKINGBIRD/DR. BARB,HAWK 1;
MOCKINGBIRD/DR. BARB,HAWK 2;
MOCKINGBIRD/DR. BARB,HAWK 3;
MOCKINGBIRD/DR. BARB,HAWK 4;
MOCKINGBIRD/DR. BARB,HCAT 3;
MOCKINGBIRD/DR. BARB,IM 193;
MOCKINGBIRD/DR. BARB,IM 194;
MOCKINGBIRD/DR. BARB,IM 195;
MOCKINGBIRD/DR. BARB,IM 200;
MOCKINGBIRD/DR. BARB,IM 201;
MOCKINGBIRD/DR. BARB,IM 206;
MOCKINGBIRD/DR. BARB,IM 209;
MOCKINGBIRD/DR. BARB,IM 226;
MOCKINGBIRD/DR. BARB,IM 227;
MOCKINGBIRD/DR. BARB,IM 229;
MOCKINGBIRD/DR. BARB,IM 7;
MOCKINGBIRD/DR. BARB,IW 2;
MOCKINGBIRD/DR. BARB,KZ2 3;
MOCKINGBIRD/DR. BARB,KZ2 4;
MOCKINGBIRD/DR. BARB,KZ2 5;
MOCKINGBIRD/DR. BARB,M/CP 87/4;
MOCKINGBIRD/DR. BARB,MEPHV. 4;
MOCKINGBIRD/DR. BARB,M/FAN 39;
MOCKINGBIRD/DR. BARB,M/GN 27;
MOCKINGBIRD/DR. BARB,M/SA 1/2;
MOCKINGBIRD/DR. BARB,M/SH3 9;
MOCKINGBIRD/DR. BARB,M/TU 95;
MOCKINGBIRD/DR. BARB,NFV.S 2;
MOCKINGBIRD/DR. BARB,ROM 65;
MOCKINGBIRD/DR. BARB,SOLOA 1;
MOCKINGBIRD/DR. BARB,SOLOA 1/2;
MOCKINGBIRD/DR. BARB,SOLOA 14;
MOCKINGBIRD/DR. BARB,SOLOA 15;
MOCKINGBIRD/DR. BARB,SOLOA 16;
MOCKINGBIRD/DR. BARB,SOLOA 2;
MOCKINGBIRD/DR. BARB,SOLOA 3;
MOCKINGBIRD/DR. BARB,SOLOA 8;
MOCKINGBIRD/DR. BARB,SOLOA 9;
MOCKINGBIRD/DR. BARB,SVG TALES 8;
MOCKINGBIRD/DR. BARB,SWII 5;
MOCKINGBIRD/DR. BARB,SWII 9;
MOCKINGBIRD/DR. BARB,T 381;
MOCKINGBIRD/DR. BARB,TB '00;
MOCKINGBIRD/DR. BARB,V&SW2 1;
MOCKINGBIRD/DR. BARB,V&SW2 2;
MOCKINGBIRD/DR. BARB,WCA 1;
MOCKINGBIRD/DR. BARB,WCA 2;
MOCKINGBIRD/DR. BARB,WCA2 1;
MOCKINGBIRD/DR. BARB,WCA2 10;
MOCKINGBIRD/DR. BARB,WCA2 11;
MOCKINGBIRD/DR. BARB,WCA2 12;
MOCKINGBIRD/DR. BARB,WCA2 13;
MOCKINGBIRD/DR. BARB,WCA2 14;
MOCKINGBIRD/DR. BARB,WCA2 15;
MOCKINGBIRD/DR. BARB,WCA2 16;
MOCKINGBIRD/DR. BARB,WCA2 17;
MOCKINGBIRD/DR. BARB,WCA2 18;
MOCKINGBIRD/DR. BARB,WCA2 19;
MOCKINGBIRD/DR. BARB,WCA2 2;
MOCKINGBIRD/DR. BARB,WCA2 20;
MOCKINGBIRD/DR. BARB,WCA2 21;
MOCKINGBIRD/DR. BARB,WCA2 22;
MOCKINGBIRD/DR. BARB,WCA2 23;
MOCKINGBIRD/DR. BARB,WCA2 24;
MOCKINGBIRD/DR. BARB,WCA2 25;
MOCKINGBIRD/DR. BARB,WCA2 26;
MOCKINGBIRD/DR. BARB,WCA2 27;
MOCKINGBIRD/DR. BARB,WCA2 28;
MOCKINGBIRD/DR. BARB,WCA2 29;
MOCKINGBIRD/DR. BARB,WCA2 3;
MOCKINGBIRD/DR. BARB,WCA2 30;
MOCKINGBIRD/DR. BARB,WCA2 31;
MOCKINGBIRD/DR. BARB,WCA2 3/2;
MOCKINGBIRD/DR. BARB,WCA2 32;
MOCKINGBIRD/DR. BARB,WCA2 33;
MOCKINGBIRD/DR. BARB,WCA2 34;
MOCKINGBIRD/DR. BARB,WCA2 35;
MOCKINGBIRD/DR. BARB,WCA2 36;
MOCKINGBIRD/DR. BARB,WCA2 37;
MOCKINGBIRD/DR. BARB,WCA2 38;
MOCKINGBIRD/DR. BARB,WCA2 39;
MOCKINGBIRD/DR. BARB,WCA2 4;
MOCKINGBIRD/DR. BARB,WCA2 40;
MOCKINGBIRD/DR. BARB,WCA2 41;
MOCKINGBIRD/DR. BARB,WCA2 42;
MOCKINGBIRD/DR. BARB,WCA2 43;
MOCKINGBIRD/DR. BARB,WCA2 44;
MOCKINGBIRD/DR. BARB,WCA2 45;
MOCKINGBIRD/DR. BARB,WCA2 46;
MOCKINGBIRD/DR. BARB,WCA2 5;
MOCKINGBIRD/DR. BARB,WCA2 6;
MOCKINGBIRD/DR. BARB,WCA2 7;
MOCKINGBIRD/DR. BARB,WCA2 8;
MOCKINGBIRD/DR. BARB,WCA2 9;
MOCKINGBIRD/DR. BARB,WCA 3;
MOCKINGBIRD/DR. BARB,WCA 4;
MODAM,CA3 3;
MODAM,CA 386/2;
MODAM,CA 387;
MODAM,CA 388;
MODAM,CA 391;
MODAM,CA 440;
MODAM,IM 296;
MODAM,IM 297;
MODAM,Q 9;
MODAM,SOLOA 16;
MODAM,WCA 36;
MODEM/,MK3 39;
MODINE, REP. BERNARD,PUN2 72;
MODINE, REP. BERNARD,PUN2 74;
MODOK/GEORGE TARLETO,A3 17;
MODOK/GEORGE TARLETO,A 388;
MODOK/GEORGE TARLETO,CA 119;
MODOK/GEORGE TARLETO,CA 120;
MODOK/GEORGE TARLETO,CA 124;
MODOK/GEORGE TARLETO,CA 132;
MODOK/GEORGE TARLETO,CA 133;
MODOK/GEORGE TARLETO,CA 313;
MODOK/GEORGE TARLETO,CA 315;
MODOK/GEORGE TARLETO,CA 440;
MODOK/GEORGE TARLETO,CA 441;
MODOK/GEORGE TARLETO,CV 1;
MODOK/GEORGE TARLETO,CV 2;
MODOK/GEORGE TARLETO,H2 167;
MODOK/GEORGE TARLETO,H2 168;
MODOK/GEORGE TARLETO,H2 169;
MODOK/GEORGE TARLETO,H2 287;
MODOK/GEORGE TARLETO,H2 288;
MODOK/GEORGE TARLETO,H2 289;
MODOK/GEORGE TARLETO,H2 290;
MODOK/GEORGE TARLETO,IM 205;
MODOK/GEORGE TARLETO,IM3 1;
MODOK/GEORGE TARLETO,IM3 44;
MODOK/GEORGE TARLETO,IM 4;
MODOK/GEORGE TARLETO,IM 74;
MODOK/GEORGE TARLETO,IM 75;
MODOK/GEORGE TARLETO,IM '98;
MODOK/GEORGE TARLETO,MSM 10;
MODOK/GEORGE TARLETO,MSM 5;
MODOK/GEORGE TARLETO,MSM 7;
MODOK/GEORGE TARLETO,MSM 9;
MODOK/GEORGE TARLETO,M/TIO 81;
MODOK/GEORGE TARLETO,M/TIO 82;
MODOK/GEORGE TARLETO,M/TIO 96;
MODOK/GEORGE TARLETO,M/TU 104;
MODOK/GEORGE TARLETO,SUB-M 47;
MODOK/GEORGE TARLETO,SUB-M 48;
MODOK/GEORGE TARLETO,SUB-M 49;
MODOK/GEORGE TARLETO,TOS 94/2;
MODOK/GEORGE TARLETO,W2 142;
MODOK/GEORGE TARLETO,W2 143;
MODRED THE MYSTIC,A 185;
MODRED THE MYSTIC,A 186;
MODRED THE MYSTIC,A 187;
MODRED THE MYSTIC,AF2 16;
MODRED THE MYSTIC,CA 305;
MODRED THE MYSTIC,CA 306;
MODRED THE MYSTIC,DHOLD 1;
MODRED THE MYSTIC,DHOLD 2;
MODRED THE MYSTIC,DHOLD 3;
MODRED THE MYSTIC,DRSTR3 77;
MODRED THE MYSTIC,DRSTR3 78;
MODRED THE MYSTIC,M/CHILL 1;
MODRED THE MYSTIC,M/CHILL 2;
MODRED THE MYSTIC,M/TIO 33;
MODRED THE MYSTIC,M/TIO 74;
MODRED THE MYSTIC,Q 11;
MODRED THE MYSTIC,V&SW 4;
MODT,UX 108;
MODT,XM 55;
MODULAR MAN/STEPHEN,M/TU 90;
MODULAR MAN/STEPHEN,RH 5;
MOJO II,M/FAN2 4;
MOJO II,M/FAN2 5;
MOJO II,X 10;
MOJO II,X 11;
MOJO,LSHOT 4;
MOJO,LSHOT 5;
MOJO,LSHOT 6;
MOJO,M/CP 22/3;
MOJO,M/CP 89/4;
MOJO,NM 2;
MOJO,UX 10;
MOJO,UX 12/2;
MOJO,UX 15/3;
MOJO,UX 256;
MOJO,W2 52;
MOJO,W2 53;
MOJO,X 1;
MOJO,X 10;
MOJO,X 11;
MOJO,X 6;
MOJO,X 7;
MOJO,XCAL 64;
MOJO,XCAL:MM;
MOJO,XF 7;
MOJO,XFOR 76;
MOK,ABOM 1;
MOK,ABOM 2;
MOK,ABOM 3;
MOLECULE MAN/OWEN RE,A 215;
MOLECULE MAN/OWEN RE,A 216;
MOLECULE MAN/OWEN RE,A 266;
MOLECULE MAN/OWEN RE,AUP 4;
MOLECULE MAN/OWEN RE,FF 187;
MOLECULE MAN/OWEN RE,FF 188;
MOLECULE MAN/OWEN RE,FF 20;
MOLECULE MAN/OWEN RE,FF 24/2;
MOLECULE MAN/OWEN RE,FF 27/2;
MOLECULE MAN/OWEN RE,FF 318;
MOLECULE MAN/OWEN RE,FF 319;
MOLECULE MAN/OWEN RE,FF 372;
MOLECULE MAN/OWEN RE,FF 373;
MOLECULE MAN/OWEN RE,H2 442;
MOLECULE MAN/OWEN RE,IM 3;
MOLECULE MAN/OWEN RE,MICRO 23;
MOLECULE MAN/OWEN RE,M/SHSW 1;
MOLECULE MAN/OWEN RE,M/SHSW 11;
MOLECULE MAN/OWEN RE,M/SHSW 12;
MOLECULE MAN/OWEN RE,M/SHSW 2;
MOLECULE MAN/OWEN RE,M/SHSW 3;
MOLECULE MAN/OWEN RE,M/SHSW 4;
MOLECULE MAN/OWEN RE,M/SHSW 5;
MOLECULE MAN/OWEN RE,M/SHSW 6;
MOLECULE MAN/OWEN RE,M/SHSW 7;
MOLECULE MAN/OWEN RE,M/SHSW 8;
MOLECULE MAN/OWEN RE,M/TIO 1;
MOLECULE MAN/OWEN RE,SWII 1;
MOLECULE MAN/OWEN RE,SWII 3;
MOLECULE MAN/OWEN RE,SWII 4;
MOLECULE MAN/OWEN RE,SWII 6;
MOLECULE MAN/OWEN RE,SWII 7;
MOLECULE MAN/OWEN RE,SWII 8;
MOLECULE MAN/OWEN RE,SWII 9;
MOLECULE MAN/OWEN RE,T 383;
MOLE MAN/HARVEY RUPE,A 12;
MOLE MAN/HARVEY RUPE,A 16;
MOLE MAN/HARVEY RUPE,A 17;
MOLE MAN/HARVEY RUPE,A 20;
MOLE MAN/HARVEY RUPE,A 40;
MOLE MAN/HARVEY RUPE,AWC 6;
MOLE MAN/HARVEY RUPE,CA 136;
MOLE MAN/HARVEY RUPE,FF 1;
MOLE MAN/HARVEY RUPE,FF 127;
MOLE MAN/HARVEY RUPE,FF 128;
MOLE MAN/HARVEY RUPE,FF 13;
MOLE MAN/HARVEY RUPE,FF 22;
MOLE MAN/HARVEY RUPE,FF 263;
MOLE MAN/HARVEY RUPE,FF 264;
MOLE MAN/HARVEY RUPE,FF 296;
MOLE MAN/HARVEY RUPE,FF 3;
MOLE MAN/HARVEY RUPE,FF 31;
MOLE MAN/HARVEY RUPE,FF3 1;
MOLE MAN/HARVEY RUPE,FF 313;
MOLE MAN/HARVEY RUPE,FF 329;
MOLE MAN/HARVEY RUPE,FF3 3;
MOLE MAN/HARVEY RUPE,FF3 4;
MOLE MAN/HARVEY RUPE,FF 347;
MOLE MAN/HARVEY RUPE,FF 348;
MOLE MAN/HARVEY RUPE,FF 349;
MOLE MAN/HARVEY RUPE,FF 88;
MOLE MAN/HARVEY RUPE,FF 89;
MOLE MAN/HARVEY RUPE,GAL 1;
MOLE MAN/HARVEY RUPE,H 17/2;
MOLE MAN/HARVEY RUPE,H2 127;
MOLE MAN/HARVEY RUPE,H2 189;
MOLE MAN/HARVEY RUPE,H2 241;
MOLE MAN/HARVEY RUPE,H2 263;
MOLE MAN/HARVEY RUPE,HFH 1;
MOLE MAN/HARVEY RUPE,IW 1;
MOLE MAN/HARVEY RUPE,IW 2;
MOLE MAN/HARVEY RUPE,M/TE 25;
MOLE MAN/HARVEY RUPE,M/TIO 96;
MOLE MAN/HARVEY RUPE,M/TU 17;
MOLE MAN/HARVEY RUPE,M/U 4;
MOLE MAN/HARVEY RUPE,M/U 5;
MOLE MAN/HARVEY RUPE,M/U 6;
MOLE MAN/HARVEY RUPE,M/U 7;
MOLE MAN/HARVEY RUPE,PM&IF 85;
MOLE MAN/HARVEY RUPE,ROM 28;
MOLE MAN/HARVEY RUPE,ROM 29;
MOLE MAN/HARVEY RUPE,S-H2 32;
MOLE MAN/HARVEY RUPE,S-H2 33;
MOLE MAN/HARVEY RUPE,SS3 94;
MOLE MAN/HARVEY RUPE,TOS 87;
MOLE MAN/HARVEY RUPE,TOS 88;
MOLE MAN/HARVEY RUPE,TTA 80/2;
MOLE MAN/HARVEY RUPE,TTA 81/2;
MOLE MAN/HARVEY RUPE,UX 34;
MOLE MAN/HARVEY RUPE,V&SW2 12;
MOLE MAN/HARVEY RUPE,W2 156;
MOLE MAN/HARVEY RUPE,W2 157;
MOLE MAN/HARVEY RUPE,WCA2 54;
MOLE MAN/HARVEY RUPE,WIW 7;
MOLE MAN/HARVEY RUPE,WLOCK3 4;
MOLE MAN/HARVEY RUPE,X:HY 19;
MOLE MAN/HARVEY RUPE,X:HY 20;
MOLE MAN/HARVEY RUPE,X:HY 21;
MOLE MAN/HARVEY RUPE,X:HY 22;
MOLE MAN | MUTANT X-,MX 10;
MOLE MAN | MUTANT X-,MX 9;
MOLE,XF 51;
MOLE,XF 52;
MOLE,XF 53;
MOLGOTHA,MGK2 3;
MOLLE, DR.,DD 375;
MOLTEN MAN/MARK RAXT,ASM 132;
MOLTEN MAN/MARK RAXT,ASM 133;
MOLTEN MAN/MARK RAXT,ASM 172;
MOLTEN MAN/MARK RAXT,ASM 173;
MOLTEN MAN/MARK RAXT,ASM 28;
MOLTEN MAN/MARK RAXT,ASM 35;
MOLTEN MAN/MARK RAXT,ASM 412;
MOLTEN MAN/MARK RAXT,ASM 440;
MOLTEN MAN/MARK RAXT,ASM 441;
MOLTEN MAN/MARK RAXT,PPTSS 184;
MOLTEN MAN/MARK RAXT,PPTSS 189;
MOLTEN MAN/MARK RAXT,PPTSS 190;
MOLTEN MAN/MARK RAXT,PPTSS 234;
MOLTEN MAN/MARK RAXT,PPTSS 63;
MOLTEN MAN/MARK RAXT,SENSM 5;
MOLTEN MAN/MARK RAXT,WOSM 61;
MOLTEN MAN/MARK RAXT,WOSM 62;
MOLTEN MAN/MARK RAXT,WOSM 66;
MOLTEN MAN/MARK RAXT,WOSM 67;
MOLTO,A 5;
MOLTO,JIM 97;
MOLTO,M/TU 26;
MO MONEY,W2 164;
MONDO,GENX 60;
MONDO,GENX 61;
MONDO II,GENX 10;
MONDO II,GENX 11;
MONDO II,GENX 12;
MONDO II,GENX 13;
MONDO II,GENX 14;
MONDO II,GENX 24;
MONDO II,GENX 25;
MONDO II,GENX 3;
MONDO II,GENX 60;
MONDO II,GENX 8;
MONDO II,GENX '95;
MONDO II,GENX '96;
MONGOOSE,ASM 283;
MONGOOSE,T 391;
MONGOOSE,T 402;
MONGOOSE,T 403;
MONGOOSE,T 405;
MONGOOSE,T 406;
MONGOOSE,T 408;
MONGOOSE,TS 13;
MONGOOSE,TS 14;
MONGOOSE,TS 22;
MONGRAIN, ALISON,ASM 418;
MONGRAIN, ALISON,ASM 422;
MONGRAIN, ALISON,ASM 426;
MONGRAIN, ALISON,ASM 434;
MONGRAIN, ALISON,ASM 440;
MONGRAIN, ALISON,ASM 441;
MONGRAIN, ALISON,PPTSS 240;
MONGRAIN, ALISON,SENSM 11;
MONGRAIN, ALISON,SENSM 32;
MONGRAIN, ALISON,S-M 96;
MONGU,AIF 14;
MONGU,H2 211;
MONMOUTH,A3 32;
MONMOUTH,A3 33;
MONOCLE,FF 204;
MONOCLE,FF 205;
MONOCLE,FF 207;
MONOCLE,FF 95;
MONSTER FROM THE LOS,FF 125;
MONSTER FROM THE LOS,FF 97;
MONSTER FROM THE LOS,M/SH3 6/2;
MONSTROID/BALIOX/7NH,M/PRM 24;
MONSTROID/BALIOX/7NH,M/TU 5;
MONTANA,ASM 10;
MONTANA,ASM 14;
MONTANA,ASM 19;
MONTANA,ASM2 28;
MONTANA,DAZZ 7;
MONTANA,DAZZ 8;
MONTANA,DD 357;
MONTANA II,MK3 13;
MONTANA II,MK3 14;
MONTANA,M/TU 138;
MONTANA,M/TU 39;
MONTANA,M/TU 40;
MONTANA,PPTSS 19;
MONTANA,PPTSS 20;
MONTENEGRO,PM&IF 71;
MONTENEGRO,PM&IF 80;
MONTESI, VICTORIA,DHOLD 1;
MONTESI, VICTORIA,DHOLD 2;
MONTESI, VICTORIA,DHOLD 3;
MONTESI, VICTORIA,DRSTR3 72;
MONTESI, VICTORIA,DRSTR3 78;
MONTESI, VICTORIA,DRSTR3 89;
MONTESI, VICTORIA,DRSTR3 90;
MONTESI, VICTORIA,GR3 31;
MONTGOMERY,DPOOL3 13;
MONTGOMERY,DPOOL3 14;
MONTGOMERY,DPOOL3 19;
MONTGOMERY,DPOOL3 20;
MONTGOMERY,DPOOL3 21;
MONTGOMERY,DPOOL3 22;
MONTGOMERY,DPOOL3 23;
MONTGOMERY,DPOOL3 24;
MONTGOMERY,DPOOL3 25;
MONTGOMERY,DPOOL3 26;
MONTGOMERY,DPOOL3 27;
MONTGOMERY,DPOOL3 28;
MONTGOMERY,DPOOL3 29;
MONTGOMERY,DPOOL3 30;
MONTGOMERY,DPOOL3 31;
MONTGOMERY, SIR BERN,INV 30;
MONTOYA, JULIO,HFH 8;
MONTOYA, MARIA,HFH 8;
MOODY, RUNYAN,FOOL 1;
MOODY, RUNYAN,FOOL 10;
MOODY, RUNYAN,FOOL 2;
MOODY, RUNYAN,FOOL 5;
MOODY, RUNYAN,FOOL 8;
MOODY, RUNYAN,FOOL 9;
MOOMJI, INDRIES,IM 163;
MOOMJI, INDRIES,IM 164;
MOOMJI, INDRIES,IM 165;
MOOMJI, INDRIES,IM 166;
MOOMJI, INDRIES,IM 167;
MOOMJI, INDRIES,IM 169;
MOOMJI, INDRIES,IM 170;
MOOMJI, INDRIES,IM 173;
MOONBOY,ASM '98;
MOONBOY,DDINO 1;
MOONBOY,DDINO 2;
MOONBOY,DDINO2 1;
MOONBOY,DDINO2 1/2;
MOONBOY,DDINO2 1/3;
MOONBOY,DDINO 3;
MOONBOY,DDINO 4;
MOONBOY,DDINO 5;
MOONBOY,DDINO 6;
MOONBOY,DDINO 7;
MOONBOY,DDINO 8;
MOONBOY,DDINO 9;
MOONBOY,FA 4;
MOONBOY,FA 5;
MOONBOY,FA 6;
MOONBOY,FA 7;
MOONBOY,FA 8;
MOONBOY,GZILL 21;
MOONBOY,GZILL 22;
MOONDANCER,Q 33;
MOONDARK,GR2 56;
MOONDARK,GR2 59;
MOONDARK,M/TU 12;
MOONDARK,M/TU 91;
MOONDRAGON DOPPELGAN,FF 370;
MOONDRAGON DOPPELGAN,IW 6;
MOONDRAGON/HEATHER D,A '00;
MOONDRAGON/HEATHER D,A 133;
MOONDRAGON/HEATHER D,A 134;
MOONDRAGON/HEATHER D,A 135;
MOONDRAGON/HEATHER D,A 137;
MOONDRAGON/HEATHER D,A 138;
MOONDRAGON/HEATHER D,A 139;
MOONDRAGON/HEATHER D,A 140;
MOONDRAGON/HEATHER D,A 141;
MOONDRAGON/HEATHER D,A 142;
MOONDRAGON/HEATHER D,A 143;
MOONDRAGON/HEATHER D,A 144;
MOONDRAGON/HEATHER D,A 147;
MOONDRAGON/HEATHER D,A 148;
MOONDRAGON/HEATHER D,A 149;
MOONDRAGON/HEATHER D,A 150;
MOONDRAGON/HEATHER D,A 151;
MOONDRAGON/HEATHER D,A 172;
MOONDRAGON/HEATHER D,A 174;
MOONDRAGON/HEATHER D,A 175;
MOONDRAGON/HEATHER D,A 176;
MOONDRAGON/HEATHER D,A 177;
MOONDRAGON/HEATHER D,A 18;
MOONDRAGON/HEATHER D,A 181;
MOONDRAGON/HEATHER D,A 19/3;
MOONDRAGON/HEATHER D,A 211;
MOONDRAGON/HEATHER D,A 219;
MOONDRAGON/HEATHER D,A 220;
MOONDRAGON/HEATHER D,A 305;
MOONDRAGON/HEATHER D,A3 1;
MOONDRAGON/HEATHER D,A3 2;
MOONDRAGON/HEATHER D,A3 3;
MOONDRAGON/HEATHER D,A3 35;
MOONDRAGON/HEATHER D,A3 4;
MOONDRAGON/HEATHER D,A 7;
MOONDRAGON/HEATHER D,A '99;
MOONDRAGON/HEATHER D,AI 1;
MOONDRAGON/HEATHER D,AI 2;
MOONDRAGON/HEATHER D,AI 3;
MOONDRAGON/HEATHER D,AI 4;
MOONDRAGON/HEATHER D,ASPOT 27/2;
MOONDRAGON/HEATHER D,CM 31;
MOONDRAGON/HEATHER D,CM 32;
MOONDRAGON/HEATHER D,CM 33;
MOONDRAGON/HEATHER D,CM 34;
MOONDRAGON/HEATHER D,CM4 2;
MOONDRAGON/HEATHER D,CM4 5;
MOONDRAGON/HEATHER D,CM5 1;
MOONDRAGON/HEATHER D,CM5 10;
MOONDRAGON/HEATHER D,CM5 11;
MOONDRAGON/HEATHER D,CM5 15;
MOONDRAGON/HEATHER D,CM5 2;
MOONDRAGON/HEATHER D,CM5 20;
MOONDRAGON/HEATHER D,CM5 21;
MOONDRAGON/HEATHER D,CM5 3;
MOONDRAGON/HEATHER D,CM5 4;
MOONDRAGON/HEATHER D,CM5 5;
MOONDRAGON/HEATHER D,CM5 6;
MOONDRAGON/HEATHER D,CM5 7;
MOONDRAGON/HEATHER D,CM5 8;
MOONDRAGON/HEATHER D,CM5 9;
MOONDRAGON/HEATHER D,COC 1;
MOONDRAGON/HEATHER D,DD 105;
MOONDRAGON/HEATHER D,DD 106;
MOONDRAGON/HEATHER D,DD 107;
MOONDRAGON/HEATHER D,DD 108;
MOONDRAGON/HEATHER D,DEF 123;
MOONDRAGON/HEATHER D,DEF 125;
MOONDRAGON/HEATHER D,DEF 126;
MOONDRAGON/HEATHER D,DEF 127;
MOONDRAGON/HEATHER D,DEF 128;
MOONDRAGON/HEATHER D,DEF 129;
MOONDRAGON/HEATHER D,DEF 130;
MOONDRAGON/HEATHER D,DEF 131;
MOONDRAGON/HEATHER D,DEF 132;
MOONDRAGON/HEATHER D,DEF 133;
MOONDRAGON/HEATHER D,DEF 134;
MOONDRAGON/HEATHER D,DEF 135;
MOONDRAGON/HEATHER D,DEF 136;
MOONDRAGON/HEATHER D,DEF 137;
MOONDRAGON/HEATHER D,DEF 138;
MOONDRAGON/HEATHER D,DEF 139;
MOONDRAGON/HEATHER D,DEF 140;
MOONDRAGON/HEATHER D,DEF 141;
MOONDRAGON/HEATHER D,DEF 142;
MOONDRAGON/HEATHER D,DEF 143;
MOONDRAGON/HEATHER D,DEF 144;
MOONDRAGON/HEATHER D,DEF 145;
MOONDRAGON/HEATHER D,DEF 151;
MOONDRAGON/HEATHER D,DEF 152;
MOONDRAGON/HEATHER D,DEF 44;
MOONDRAGON/HEATHER D,DEF 76;
MOONDRAGON/HEATHER D,DEF 77;
MOONDRAGON/HEATHER D,DEF 78;
MOONDRAGON/HEATHER D,DRSTR3 46;
MOONDRAGON/HEATHER D,FF 25/4;
MOONDRAGON/HEATHER D,FF 369;
MOONDRAGON/HEATHER D,FF 370;
MOONDRAGON/HEATHER D,GSA 4;
MOONDRAGON/HEATHER D,HCAT 3;
MOONDRAGON/HEATHER D,IM 54;
MOONDRAGON/HEATHER D,IW 1;
MOONDRAGON/HEATHER D,IW 2;
MOONDRAGON/HEATHER D,IW 3;
MOONDRAGON/HEATHER D,IW 4;
MOONDRAGON/HEATHER D,IW 5;
MOONDRAGON/HEATHER D,IW 6;
MOONDRAGON/HEATHER D,KS;
MOONDRAGON/HEATHER D,MAXSEC 3;
MOONDRAGON/HEATHER D,M/CP 108/4;
MOONDRAGON/HEATHER D,M/CP 111/4;
MOONDRAGON/HEATHER D,M/GN 1;
MOONDRAGON/HEATHER D,M/TIO 2;
MOONDRAGON/HEATHER D,M/TIO 61;
MOONDRAGON/HEATHER D,M/TIO 62;
MOONDRAGON/HEATHER D,M/TIO 63;
MOONDRAGON/HEATHER D,M/TU 44;
MOONDRAGON/HEATHER D,M/TU 51;
MOONDRAGON/HEATHER D,Q 11;
MOONDRAGON/HEATHER D,Q 12;
MOONDRAGON/HEATHER D,Q 13;
MOONDRAGON/HEATHER D,Q 14;
MOONDRAGON/HEATHER D,Q 15;
MOONDRAGON/HEATHER D,Q 16;
MOONDRAGON/HEATHER D,Q 19;
MOONDRAGON/HEATHER D,Q 21;
MOONDRAGON/HEATHER D,Q 22;
MOONDRAGON/HEATHER D,Q 23;
MOONDRAGON/HEATHER D,Q 24;
MOONDRAGON/HEATHER D,Q 25;
MOONDRAGON/HEATHER D,Q 26;
MOONDRAGON/HEATHER D,Q 27;
MOONDRAGON/HEATHER D,Q 28;
MOONDRAGON/HEATHER D,Q 29;
MOONDRAGON/HEATHER D,Q 38;
MOONDRAGON/HEATHER D,Q 39;
MOONDRAGON/HEATHER D,ROM 65;
MOONDRAGON/HEATHER D,ROM 66;
MOONDRAGON/HEATHER D,SLEEP 18;
MOONDRAGON/HEATHER D,SOLOA 16/2;
MOONDRAGON/HEATHER D,SOLOA 18/2;
MOONDRAGON/HEATHER D,SOLOA 20/2;
MOONDRAGON/HEATHER D,SS3 93;
MOONDRAGON/HEATHER D,SS/RUNE/2;
MOONDRAGON/HEATHER D,SUB-M2 3;
MOONDRAGON/HEATHER D,T2 30;
MOONDRAGON/HEATHER D,T 314;
MOONDRAGON/HEATHER D,WIW 2;
MOONDRAGON/HEATHER D,WIW 4;
MOONDRAGON/HEATHER D,WIW 5;
MOONDRAGON/HEATHER D,WIW 6;
MOONDRAGON/HEATHER D,WIW 7;
MOONDRAGON/HEATHER D,WIW 8;
MOONDRAGON/HEATHER D,WM2 14;
MOONGLOW/,SQS 10;
MOONGLOW/,SQS 11;
MOONGLOW/,SQS 12;
MOONHUNTER/ZACK MOON,CA 402;
MOONHUNTER/ZACK MOON,CA 403;
MOONHUNTER/ZACK MOON,CA 404;
MOONHUNTER/ZACK MOON,CA 405;
MOONHUNTER/ZACK MOON,CA 406;
MOONHUNTER/ZACK MOON,CA 407;
MOONHUNTER/ZACK MOON,CA 408;
MOONHUNTER/ZACK MOON,CA 408/3;
MOONHUNTER/ZACK MOON,CA 409;
MOONHUNTER/ZACK MOON,CA 410;
MOONHUNTER/ZACK MOON,CA 429;
MOONHUNTER/ZACK MOON,CA 430;
MOONHUNTER/ZACK MOON,CA 431;
MOONHUNTER/ZACK MOON,CA 435;
MOONHUNTER/ZACK MOON,CA 438;
MOONHUNTER/ZACK MOON,CA 440;
MOONHUNTER/ZACK MOON,CA 441;
MOONHUNTER/ZACK MOON,CA 443;
MOON KNIGHT DOPPELGA,IW 3;
MOON KNIGHT DOPPELGA,IW 4;
MOON KNIGHT DOPPELGA,MK3 41;
MOON KNIGHT DOPPELGA,MK3 42;
MOON KNIGHT/MARC SPE,A 16;
MOON KNIGHT/MARC SPE,A 211;
MOON KNIGHT/MARC SPE,A3 1;
MOON KNIGHT/MARC SPE,ASM 220;
MOON KNIGHT/MARC SPE,ASM 354;
MOON KNIGHT/MARC SPE,ASM 355;
MOON KNIGHT/MARC SPE,ASM 356;
MOON KNIGHT/MARC SPE,ASM 357;
MOON KNIGHT/MARC SPE,ASM 358;
MOON KNIGHT/MARC SPE,BP3 20;
MOON KNIGHT/MARC SPE,BP3 21;
MOON KNIGHT/MARC SPE,BP3 22;
MOON KNIGHT/MARC SPE,CA 245;
MOON KNIGHT/MARC SPE,COC 1;
MOON KNIGHT/MARC SPE,DEF 47;
MOON KNIGHT/MARC SPE,DEF 48;
MOON KNIGHT/MARC SPE,DEF 49;
MOON KNIGHT/MARC SPE,DEF 50;
MOON KNIGHT/MARC SPE,DEF 51;
MOON KNIGHT/MARC SPE,HMAG 11/2;
MOON KNIGHT/MARC SPE,HMAG 12/2;
MOON KNIGHT/MARC SPE,HMAG 13/2;
MOON KNIGHT/MARC SPE,HMAG 14/2;
MOON KNIGHT/MARC SPE,HMAG 15/2;
MOON KNIGHT/MARC SPE,HMAG 15/3;
MOON KNIGHT/MARC SPE,HMAG 17/2;
MOON KNIGHT/MARC SPE,HMAG 18/2;
MOON KNIGHT/MARC SPE,HMAG 20/2;
MOON KNIGHT/MARC SPE,IG 3;
MOON KNIGHT/MARC SPE,IM 161;
MOON KNIGHT/MARC SPE,IM 229;
MOON KNIGHT/MARC SPE,IW 2;
MOON KNIGHT/MARC SPE,IW 3;
MOON KNIGHT/MARC SPE,IW 4;
MOON KNIGHT/MARC SPE,M/FAN 30;
MOON KNIGHT/MARC SPE,M/FAN 38;
MOON KNIGHT/MARC SPE,M/FAN 39/2;
MOON KNIGHT/MARC SPE,MK 1;
MOON KNIGHT/MARC SPE,MK 10;
MOON KNIGHT/MARC SPE,M/K 11;
MOON KNIGHT/MARC SPE,MK 11;
MOON KNIGHT/MARC SPE,M/K 12;
MOON KNIGHT/MARC SPE,MK 12;
MOON KNIGHT/MARC SPE,M/K 13;
MOON KNIGHT/MARC SPE,MK 13;
MOON KNIGHT/MARC SPE,MK 14;
MOON KNIGHT/MARC SPE,MK 15;
MOON KNIGHT/MARC SPE,MK 16;
MOON KNIGHT/MARC SPE,MK 17;
MOON KNIGHT/MARC SPE,MK 18;
MOON KNIGHT/MARC SPE,MK 19;
MOON KNIGHT/MARC SPE,MK 2;
MOON KNIGHT/MARC SPE,MK 20;
MOON KNIGHT/MARC SPE,MK 21;
MOON KNIGHT/MARC SPE,MK2 1;
MOON KNIGHT/MARC SPE,MK 22;
MOON KNIGHT/MARC SPE,MK2 2;
MOON KNIGHT/MARC SPE,MK 23;
MOON KNIGHT/MARC SPE,MK2 3;
MOON KNIGHT/MARC SPE,MK 24;
MOON KNIGHT/MARC SPE,MK2 4;
MOON KNIGHT/MARC SPE,MK 25;
MOON KNIGHT/MARC SPE,MK2 5;
MOON KNIGHT/MARC SPE,MK 26;
MOON KNIGHT/MARC SPE,MK2 6;
MOON KNIGHT/MARC SPE,MK 26/2;
MOON KNIGHT/MARC SPE,MK 27;
MOON KNIGHT/MARC SPE,MK 28;
MOON KNIGHT/MARC SPE,MK 29;
MOON KNIGHT/MARC SPE,MK 3;
MOON KNIGHT/MARC SPE,MK 30;
MOON KNIGHT/MARC SPE,MK 31;
MOON KNIGHT/MARC SPE,MK3 1;
MOON KNIGHT/MARC SPE,MK3 10;
MOON KNIGHT/MARC SPE,MK3 11;
MOON KNIGHT/MARC SPE,MK3 12;
MOON KNIGHT/MARC SPE,MK3 13;
MOON KNIGHT/MARC SPE,MK3 14;
MOON KNIGHT/MARC SPE,MK3 15;
MOON KNIGHT/MARC SPE,MK3 16;
MOON KNIGHT/MARC SPE,MK3 17;
MOON KNIGHT/MARC SPE,MK3 18;
MOON KNIGHT/MARC SPE,MK3 19;
MOON KNIGHT/MARC SPE,MK 32;
MOON KNIGHT/MARC SPE,MK3 2;
MOON KNIGHT/MARC SPE,MK3 20;
MOON KNIGHT/MARC SPE,MK3 21;
MOON KNIGHT/MARC SPE,MK 32/2;
MOON KNIGHT/MARC SPE,MK3 22;
MOON KNIGHT/MARC SPE,MK3 23;
MOON KNIGHT/MARC SPE,MK3 24;
MOON KNIGHT/MARC SPE,MK3 25;
MOON KNIGHT/MARC SPE,MK3 26;
MOON KNIGHT/MARC SPE,MK3 27;
MOON KNIGHT/MARC SPE,MK3 28;
MOON KNIGHT/MARC SPE,MK3 29;
MOON KNIGHT/MARC SPE,MK 33;
MOON KNIGHT/MARC SPE,MK3 3;
MOON KNIGHT/MARC SPE,MK3 31;
MOON KNIGHT/MARC SPE,MK3 32;
MOON KNIGHT/MARC SPE,MK3 33;
MOON KNIGHT/MARC SPE,MK3 34;
MOON KNIGHT/MARC SPE,MK3 35;
MOON KNIGHT/MARC SPE,MK3 36;
MOON KNIGHT/MARC SPE,MK3 37;
MOON KNIGHT/MARC SPE,MK3 38;
MOON KNIGHT/MARC SPE,MK3 39;
MOON KNIGHT/MARC SPE,MK 34;
MOON KNIGHT/MARC SPE,MK3 4;
MOON KNIGHT/MARC SPE,MK3 40;
MOON KNIGHT/MARC SPE,MK3 41;
MOON KNIGHT/MARC SPE,MK 34/2;
MOON KNIGHT/MARC SPE,MK3 42;
MOON KNIGHT/MARC SPE,MK3 43;
MOON KNIGHT/MARC SPE,MK3 44;
MOON KNIGHT/MARC SPE,MK3 45;
MOON KNIGHT/MARC SPE,MK3 46;
MOON KNIGHT/MARC SPE,MK 35;
MOON KNIGHT/MARC SPE,MK3 5;
MOON KNIGHT/MARC SPE,MK 36;
MOON KNIGHT/MARC SPE,MK3 6;
MOON KNIGHT/MARC SPE,MK 37;
MOON KNIGHT/MARC SPE,MK3 7;
MOON KNIGHT/MARC SPE,MK 38;
MOON KNIGHT/MARC SPE,MK3 8;
MOON KNIGHT/MARC SPE,MK3 9;
MOON KNIGHT/MARC SPE,M/K 4;
MOON KNIGHT/MARC SPE,MK 4;
MOON KNIGHT/MARC SPE,MK4 1;
MOON KNIGHT/MARC SPE,MK4 2;
MOON KNIGHT/MARC SPE,MK4 3;
MOON KNIGHT/MARC SPE,MK4 4;
MOON KNIGHT/MARC SPE,M/K 5;
MOON KNIGHT/MARC SPE,MK 5;
MOON KNIGHT/MARC SPE,M/K 6;
MOON KNIGHT/MARC SPE,MK 6;
MOON KNIGHT/MARC SPE,M/K 7;
MOON KNIGHT/MARC SPE,MK 7;
MOON KNIGHT/MARC SPE,M/K 8;
MOON KNIGHT/MARC SPE,MK 8;
MOON KNIGHT/MARC SPE,M/K 9;
MOON KNIGHT/MARC SPE,MK 9;
MOON KNIGHT/MARC SPE,M/PRV 21;
MOON KNIGHT/MARC SPE,M/SH3 1;
MOON KNIGHT/MARC SPE,M/SPT 28;
MOON KNIGHT/MARC SPE,M/SPT 29;
MOON KNIGHT/MARC SPE,MTIO 52;
MOON KNIGHT/MARC SPE,M/TU 144;
MOON KNIGHT/MARC SPE,M/TU 4;
MOON KNIGHT/MARC SPE,NFV.S 2;
MOON KNIGHT/MARC SPE,PM&IF 87;
MOON KNIGHT/MARC SPE,PM&IF 88;
MOON KNIGHT/MARC SPE,PPTSS 22;
MOON KNIGHT/MARC SPE,PPTSS 23;
MOON KNIGHT/MARC SPE,PUN 2;
MOON KNIGHT/MARC SPE,Q 27;
MOON KNIGHT/MARC SPE,ROM 23;
MOON KNIGHT/MARC SPE,SLEEP 7;
MOON KNIGHT/MARC SPE,SOLOA 3/2;
MOON KNIGHT/MARC SPE,W2 134;
MOON KNIGHT/MARC SPE,WBN 32;
MOON KNIGHT/MARC SPE,WBN 33;
MOON KNIGHT/MARC SPE,WBN 37;
MOON KNIGHT/MARC SPE,WCA 2;
MOON KNIGHT/MARC SPE,WCA2 21;
MOON KNIGHT/MARC SPE,WCA2 22;
MOON KNIGHT/MARC SPE,WCA2 23;
MOON KNIGHT/MARC SPE,WCA2 24;
MOON KNIGHT/MARC SPE,WCA2 25;
MOON KNIGHT/MARC SPE,WCA2 26;
MOON KNIGHT/MARC SPE,WCA2 27;
MOON KNIGHT/MARC SPE,WCA2 28;
MOON KNIGHT/MARC SPE,WCA2 29;
MOON KNIGHT/MARC SPE,WCA2 30;
MOON KNIGHT/MARC SPE,WCA2 31;
MOON KNIGHT/MARC SPE,WCA2 32;
MOON KNIGHT/MARC SPE,WCA2 33;
MOON KNIGHT/MARC SPE,WCA2 34;
MOON KNIGHT/MARC SPE,WCA2 35;
MOON KNIGHT/MARC SPE,WCA2 36;
MOON KNIGHT/MARC SPE,WCA2 37;
MOON KNIGHT/MARC SPE,WCA2 39;
MOON KNIGHT/MARC SPE,WCA2 40;
MOON KNIGHT/MARC SPE,WCA2 41;
MOON KNIGHT/MARC SPE,WCA 3/2;
MOON KNIGHT/MARC SPE,WOSM 93;
MOON KNIGHT/MARC SPE,WOSM 94;
MOON KNIGHT | MUTANT,MX '01;
MOONRAKER/SLADE TRUM,A 394;
MOONRAKER/SLADE TRUM,A 397;
MOONRAKER/SLADE TRUM,FW 16;
MOONRAKER/SLADE TRUM,FW 17;
MOONRAKER/SLADE TRUM,FW 18;
MOONRAKER/SLADE TRUM,FW 19;
MOONRAKER/SLADE TRUM,IM 321;
MOONRAKER/SLADE TRUM,IM 324;
MOONRAKER/SLADE TRUM,WARM 22;
MOONSTALKER/KIANA,M/CP 101/2;
MOONSTALKER/KIANA,M/CP 102/2;
MOONSTALKER/KIANA,M/CP 103/2;
MOONSTALKER/KIANA,M/CP 105/2;
MOONSTALKER/KIANA,M/CP 107/2;
MOONSTALKER/KIANA,M/CP 108/2;
MOONSTALKER/KIANA,M/CP 109/2;
MOONSTALKER/KIANA,PPTSS 8;
MOONSTALKER/KIANA,T 300;
MOONSTOMP/,SKK 1;
MOONSTOMP/,SKK 2;
MOONSTOMP/,SKK 3;
MOONSTOMP/,SKK 4;
MOONSTOMP/,SKK 5;
MOONSTONE II/KARLA S,A 222;
MOONSTONE II/KARLA S,A 228;
MOONSTONE II/KARLA S,A 229;
MOONSTONE II/KARLA S,A 230;
MOONSTONE II/KARLA S,A 236;
MOONSTONE II/KARLA S,A 237;
MOONSTONE II/KARLA S,A 238;
MOONSTONE II/KARLA S,A 270;
MOONSTONE II/KARLA S,A 273;
MOONSTONE II/KARLA S,A 274;
MOONSTONE II/KARLA S,A 275;
MOONSTONE II/KARLA S,A 276;
MOONSTONE II/KARLA S,A 277;
MOONSTONE II/KARLA S,A 279;
MOONSTONE II/KARLA S,A3 12;
MOONSTONE II/KARLA S,AUP 1;
MOONSTONE II/KARLA S,CA 192;
MOONSTONE II/KARLA S,CA 230;
MOONSTONE II/KARLA S,CA 379;
MOONSTONE II/KARLA S,CA 388;
MOONSTONE II/KARLA S,CA 389;
MOONSTONE II/KARLA S,CMS 1;
MOONSTONE II/KARLA S,DAZZ 32;
MOONSTONE II/KARLA S,FF 23/2;
MOONSTONE II/KARLA S,H2 228;
MOONSTONE II/KARLA S,H2 229;
MOONSTONE II/KARLA S,H2 230;
MOONSTONE II/KARLA S,H2 231;
MOONSTONE II/KARLA S,H2 232;
MOONSTONE II/KARLA S,H2 449;
MOONSTONE II/KARLA S,HFH 7;
MOONSTONE II/KARLA S,HR:R 2;
MOONSTONE II/KARLA S,IM '99;
MOONSTONE II/KARLA S,MAXSEC 2;
MOONSTONE II/KARLA S,PPTSS 61;
MOONSTONE II/KARLA S,SMTU 7;
MOONSTONE II/KARLA S,TB '00;
MOONSTONE II/KARLA S,TB '00/2;
MOONSTONE II/KARLA S,TB -1;
MOONSTONE II/KARLA S,TB 1;
MOONSTONE II/KARLA S,TB 10;
MOONSTONE II/KARLA S,TB 11;
MOONSTONE II/KARLA S,TB 12;
MOONSTONE II/KARLA S,TB 13;
MOONSTONE II/KARLA S,TB 14;
MOONSTONE II/KARLA S,TB 15;
MOONSTONE II/KARLA S,TB 16;
MOONSTONE II/KARLA S,TB 17;
MOONSTONE II/KARLA S,TB 18;
MOONSTONE II/KARLA S,TB 19;
MOONSTONE II/KARLA S,TB 2;
MOONSTONE II/KARLA S,TB 20;
MOONSTONE II/KARLA S,TB 21;
MOONSTONE II/KARLA S,TB 22;
MOONSTONE II/KARLA S,TB 23;
MOONSTONE II/KARLA S,TB 24;
MOONSTONE II/KARLA S,TB 25;
MOONSTONE II/KARLA S,TB 27;
MOONSTONE II/KARLA S,TB 28;
MOONSTONE II/KARLA S,TB 29;
MOONSTONE II/KARLA S,TB 3;
MOONSTONE II/KARLA S,TB 30;
MOONSTONE II/KARLA S,TB 31;
MOONSTONE II/KARLA S,TB 32;
MOONSTONE II/KARLA S,TB 33;
MOONSTONE II/KARLA S,TB 34;
MOONSTONE II/KARLA S,TB 35;
MOONSTONE II/KARLA S,TB 36;
MOONSTONE II/KARLA S,TB 37;
MOONSTONE II/KARLA S,TB 38;
MOONSTONE II/KARLA S,TB 39;
MOONSTONE II/KARLA S,TB 4;
MOONSTONE II/KARLA S,TB 40;
MOONSTONE II/KARLA S,TB 41;
MOONSTONE II/KARLA S,TB 43;
MOONSTONE II/KARLA S,TB 44;
MOONSTONE II/KARLA S,TB 45;
MOONSTONE II/KARLA S,TB 46;
MOONSTONE II/KARLA S,TB 47;
MOONSTONE II/KARLA S,TB 48;
MOONSTONE II/KARLA S,TB 49;
MOONSTONE II/KARLA S,TB 5;
MOONSTONE II/KARLA S,TB 50;
MOONSTONE II/KARLA S,TB 51;
MOONSTONE II/KARLA S,TB 53;
MOONSTONE II/KARLA S,TB 54;
MOONSTONE II/KARLA S,TB 6;
MOONSTONE II/KARLA S,TB 7;
MOONSTONE II/KARLA S,TB 8;
MOONSTONE II/KARLA S,TB '97;
MOONSTONE II/KARLA S,TB:LS;
MOONSTONE II/KARLA S,TM/U 1;
MOONSTONE/LLOYD BLOC,AUP 1;
MOONSTONE/LLOYD BLOC,CA 169;
MOONSTONE/LLOYD BLOC,CA 170;
MOONSTONE/LLOYD BLOC,CA 171;
MOONSTONE/LLOYD BLOC,CA 172;
MOONSTONE/LLOYD BLOC,CA 174;
MOONSTONE/LLOYD BLOC,CA 175;
MOONSTONE/LLOYD BLOC,CA 379;
MOONSTONE/LLOYD BLOC,CA 443;
MOONSTONE/LLOYD BLOC,H2 229;
MOONSTONE/LLOYD BLOC,IM '99;
MOON WOLF/,UX 356;
MOON WOLF/,UX 357;
MOORE, CONNIE,C2 93;
MOORE, CONNIE,C2 94;
MOORE, TONI,PPTSSSS 1/3;
MOORE, TONI,WOSMSS 1/3;
MOOT,MX 2;
MORAN, KEVIN,M/CP 101/3;
MORAN, KEVIN,M/CP 102/3;
MORAN, KEVIN,M/CP 103/3;
MORAN, KEVIN,M/CP 104/3;
MORAN, KEVIN,M/CP 105/3;
MORAN, KEVIN,M/CP 106/3;
MORBIUS/DR. MICHAEL,AIF 20;
MORBIUS/DR. MICHAEL,AIF 21;
MORBIUS/DR. MICHAEL,AIF 22;
MORBIUS/DR. MICHAEL,AIF 23;
MORBIUS/DR. MICHAEL,AIF 24;
MORBIUS/DR. MICHAEL,AIF 25;
MORBIUS/DR. MICHAEL,AIF 26;
MORBIUS/DR. MICHAEL,AIF 27;
MORBIUS/DR. MICHAEL,AIF 28;
MORBIUS/DR. MICHAEL,AIF 29;
MORBIUS/DR. MICHAEL,AIF 30;
MORBIUS/DR. MICHAEL,AIF 31;
MORBIUS/DR. MICHAEL,ASM 101;
MORBIUS/DR. MICHAEL,ASM 102;
MORBIUS/DR. MICHAEL,DRSTR3 10;
MORBIUS/DR. MICHAEL,DRSTR3 11;
MORBIUS/DR. MICHAEL,DRSTR3 14;
MORBIUS/DR. MICHAEL,DRSTR3 15;
MORBIUS/DR. MICHAEL,DRSTR3 16;
MORBIUS/DR. MICHAEL,DRSTR3 17;
MORBIUS/DR. MICHAEL,DRSTR3 18;
MORBIUS/DR. MICHAEL,DRSTR3 20;
MORBIUS/DR. MICHAEL,FF 266;
MORBIUS/DR. MICHAEL,FF 267;
MORBIUS/DR. MICHAEL,FF 268;
MORBIUS/DR. MICHAEL,FF 315;
MORBIUS/DR. MICHAEL,FF 316;
MORBIUS/DR. MICHAEL,GR3 31;
MORBIUS/DR. MICHAEL,GSSH 1;
MORBIUS/DR. MICHAEL,GSWBN 4;
MORBIUS/DR. MICHAEL,MORBIUS 1;
MORBIUS/DR. MICHAEL,MORBIUS 2;
MORBIUS/DR. MICHAEL,MORBIUS 3;
MORBIUS/DR. MICHAEL,MORBIUS 4;
MORBIUS/DR. MICHAEL,M/PRM 28;
MORBIUS/DR. MICHAEL,M/PRV 8;
MORBIUS/DR. MICHAEL,MSU 6;
MORBIUS/DR. MICHAEL,M/TIO 15;
MORBIUS/DR. MICHAEL,M/TU 3;
MORBIUS/DR. MICHAEL,M/TU 4;
MORBIUS/DR. MICHAEL,PPSM2 8;
MORBIUS/DR. MICHAEL,PPTSS 38;
MORBIUS/DR. MICHAEL,PPTSS 6;
MORBIUS/DR. MICHAEL,PPTSS 7;
MORBIUS/DR. MICHAEL,PPTSS 8;
MORBIUS/DR. MICHAEL,S-H 11;
MORBIUS/DR. MICHAEL,S-H 12;
MORBIUS/DR. MICHAEL,S-H 18;
MORBIUS/DR. MICHAEL,S-H 9;
MORBIUS/DR. MICHAEL,S-M 13;
MORBIUS/DR. MICHAEL,S-M 14;
MORBIUS/DR. MICHAEL,S-M 77;
MORBIUS/DR. MICHAEL,S-M 78;
MORBIUS/DR. MICHAEL,S-M 79;
MORBIUS/DR. MICHAEL,S-M 80;
MORBIUS/DR. MICHAEL,ST:DC 1/2;
MORBIUS/DR. MICHAEL,VT 1;
MORBIUS/DR. MICHAEL,VT 10;
MORBIUS/DR. MICHAEL,VT 10/3;
MORBIUS/DR. MICHAEL,VT 10/5;
MORBIUS/DR. MICHAEL,VT 11;
MORBIUS/DR. MICHAEL,VT 2;
MORBIUS/DR. MICHAEL,VT 3/5;
MORBIUS/DR. MICHAEL,VT 4;
MORBIUS/DR. MICHAEL,VT 5;
MORBIUS/DR. MICHAEL,VT 7;
MORBIUS/DR. MICHAEL,VT 8;
MORBIUS/DR. MICHAEL,WCA2 5;
MORBIUS/DR. MICHAEL,WCA2 6;
MORDO, ASTRID,DRSTR3 86;
MORDO, ASTRID,DRSTR3 87;
MORDRED THE EVIL,A3 1;
MORDRED THE EVIL,A3 2;
MORDRED THE EVIL,A3 3;
MORDRED THE EVIL,BK2 1;
MORDRED THE EVIL,BK2 2;
MORDRED THE EVIL,BK2 3;
MORDRED THE EVIL,BK2 4;
MORDRED THE EVIL,DEF 11;
MORDRED THE EVIL,M/SH 17;
MOREAU, DAVID,NM 95;
MOREAU, DAVID,NM 96;
MOREAU, DAVID,NM 97;
MOREAU, DAVID,UX 236;
MOREAU, DAVID,UX 237;
MOREAU, DAVID,UX 238;
MOREAU, DAVID,UX 259;
MOREAU, DAVID,UX 271;
MOREAU, DAVID,UX 272;
MOREAU, DAVID,XF 60;
MOREAU, DAVID,XF 61;
MOREAU, PHILLIP,C2 26;
MOREAU, PHILLIP,C2 29;
MOREAU, PHILLIP,M:DS 1;
MOREAU, PHILLIP,M:DS 2;
MOREAU, PHILLIP,M:DS 3;
MOREAU, PHILLIP,M:DS 4;
MOREAU, PHILLIP,MR 1;
MOREAU, PHILLIP,UX 236;
MOREAU, PHILLIP,UX 237;
MOREAU, PHILLIP,UX 238;
MOREAU, PHILLIP,UX 259;
MOREAU, PHILLIP,UX 260;
MOREAU, PHILLIP,UX 262;
MOREAU, PHILLIP,UX 264;
MOREAU, PHILLIP,XCAL 87;
MOREAU, PHILLIP,XF 54;
MOREAU, PHILLIP,XF 83;
MOREAU, PHILLIP,XU 24/2;
MORELLE, NOLAN,ASMU 14;
MORETTI,ASM:FO 2;
MORGAN,BP3 16;
MORGAN,BP3 17;
MORGAN,CA 152;
MORGAN,CA 157;
MORGAN,CA 158;
MORGAN,CA 165;
MORGAN,CA 177;
MORGAN,CA 178;
MORGAN,CA 179;
MORGAN,CA 183;
MORGAN,CA 232;
MORGAN,CA 233;
MORGAN, DR. VIVIAN,N 58;
MORGAN, DR. VIVIAN,N 59;
MORGAN, DR. VIVIAN,N 60;
MORGAN, DR. VIVIAN,N 61;
MORGAN, JERROLD JERR,DEF 1;
MORGAN, JERROLD JERR,DEF 21;
MORGAN, JERROLD JERR,DEF2 5;
MORGAN, JERROLD JERR,DEF 31;
MORGAN, JERROLD JERR,DEF 32;
MORGAN, JERROLD JERR,DEF 33;
MORGAN, JERROLD JERR,DEF 35;
MORGAN, JERROLD JERR,M/CP 97/4;
MORGAN, JERROLD JERR,S-H2 1;
MORGAN, JERROLD JERR,S-H2 2;
MORGAN, JERROLD JERR,S-H2 3;
MORGAN, JERROLD JERR,WORLD OF FANTASY 11;
MORGAN, JERROLD JERR,WOSM 73;
MORGAN,M/TU 88;
MORGAN,PM 20;
MORGAN,PM&IF 52;
MORGAN,PPTSS 4;
MORGAN,PPTSS 5;
MORGAN,PPTSS 7;
MORG,CP 5;
MORG,SS3 102;
MORG,SS3 104;
MORG,SS3 105;
MORG,SS3 106;
MORG,SS3 107;
MORG,SS3 108;
MORG,SS3 109;
MORG,SS3 69;
MORG,SS3 70;
MORG,SS3 71;
MORG,SS3 72;
MORG,SS3 73;
MORG,SS3 75;
MORG,SS 7;
MORLAK, MARIS,A 12;
MORLAK, MARIS,A 262;
MORLAK, MARIS,A 263;
MORLAK, MARIS,CPU 2;
MORLAK, MARIS,CPU 2/2;
MORLAK, MARIS,FF 207;
MORLAK, MARIS,FF3 12;
MORLAK, MARIS,FF 66;
MORLAK, MARIS,FF 67;
MORLAK, MARIS,H 6;
MORLAK, MARIS,Q 57;
MORLAK, MARIS,SMTU 7;
MORLEY,IM 186;
MORLEY,IM 7;
MORLEY,M/TU 145;
MORLUN,ASM2 30;
MORLUN,ASM2 31;
MORLUN,ASM2 32;
MORLUN,ASM2 33;
MORNING STAR/ZVEZDA,AWC 87;
MORNING STAR/ZVEZDA,AWC 88;
MORPHEUS/ROBERT MARK,MK 22;
MORPHEUS/ROBERT MARK,MK 23;
MORPHEUS/ROBERT MARK,MK3 3;
MORPHEUS/ROBERT MARK,MK4 3;
MORPHEUS/ROBERT MARK,MK4 4;
MORPH,M/:LG 10;
MORRELL, SABRINA,A 10;
MORRELL, SABRINA,M/TU 66;
MORRELL, SABRINA,S-W 39;
MORRELL, SABRINA,S-W 40;
MORRELL, SABRINA,S-W 41;
MORRELL, SABRINA,S-W 42;
MORRELL, SABRINA,S-W 43;
MORRELL, SABRINA,S-W 44;
MORRELL, SABRINA,S-W 45;
MORRELL, SABRINA,S-W 46;
MORRELL, SABRINA,UX 206;
MORRELL, SABRINA,UX 222;
MORRELL, SABRINA,UX 224;
MORRISON, AMANDA PAY,DRSTR3 86;
MORRISON, AMANDA PAY,DRSTR3 87;
MORRISON, AMANDA PAY,DRSTR3 88;
MORRISON, JESSICA,DRSTR3 86;
MORRISON, JESSICA,DRSTR3 87;
MORRISON, JESSICA,DRSTR3 88;
MOSES,FFOR 11;
MOSES,FFOR 2;
MOSH/GLENN,PPTSS 231;
MOSLEY, WARDEN,CA3 23;
MOTHER INFERIOR,WOSM 77;
MOTHER INFERIOR,WOSM 78;
MOTHER NIGHT/SUSAN S,A 323/2;
MOTHER NIGHT/SUSAN S,A 324/2;
MOTHER NIGHT/SUSAN S,A 325;
MOTHER NIGHT/SUSAN S,CA 123;
MOTHER NIGHT/SUSAN S,CA 350/2;
MOTHER NIGHT/SUSAN S,CA 356;
MOTHER NIGHT/SUSAN S,CA 357;
MOTHER NIGHT/SUSAN S,CA 369;
MOTHER NIGHT/SUSAN S,CA 370;
MOTHER NIGHT/SUSAN S,CA 387/2;
MOTHER NIGHT/SUSAN S,CA 389/2;
MOTHER NIGHT/SUSAN S,CA 390/2;
MOTHER NIGHT/SUSAN S,CA 391/2;
MOTHER NIGHT/SUSAN S,CA 393;
MOTHER NIGHT/SUSAN S,CA 394;
MOTHER NIGHT/SUSAN S,CA 395;
MOTHER NIGHT/SUSAN S,CA 396;
MOTHER NIGHT/SUSAN S,CA 397;
MOTHER NIGHT/SUSAN S,CA 398/2;
MOTHER NIGHT/SUSAN S,CA 402/2;
MOTHER NIGHT/SUSAN S,CA 407/2;
MOTHER NIGHT/SUSAN S,CA 408/2;
MOTHER NIGHT/SUSAN S,CA 409;
MOTHER NIGHT/SUSAN S,CA 410;
MOTHER-OF-PAIN,DRSTR3 48;
MOTHER OF PEARL/,NW 72;
MOTHER SUPERIOR,CA 290;
MOTHER SUPERIOR,CA 293;
MOTHER SUPERIOR,CA 294;
MOTHER SUPERIOR,CA 295;
MOTHER SUPERIOR,CA 296;
MOTHER SUPERIOR,CA 297;
MOTHER SUPERIOR,CA 298;
MOTHER SUPERIOR,CA 299;
MOTHER SUPERIOR,CA 301;
MOTHER SUPERIOR,CA 350/2;
MOTHER SUPERIOR,CA 356;
MOTHER SUPERIOR,CA 357;
MOTHER SUPERIOR,CA 394;
MOTH/,M/CP 83/4;
MOUNTJOY,BSHP 1;
MOUNTJOY,BSHP 2;
MOUNTJOY,BSHP 3;
MOUNTJOY,BSHP 4;
MOUNTJOY,XCAL 100;
MOUNTJOY,XCAL 96;
MOUNTJOY,XCAL 98;
MOUNTJOY,XCAL 99;
MOURNING PREY,AA2 39;
MOUSE,M/PRV 21/2;
MOUSE,M/SH3 7/3;
MOUSE,M/TU 93;
MOUSE,M/TU 94;
MOUSE,PPTSS 14/3;
MOUSE,WCA 3;
MOWAT, FARLEY,MAXSEC 1;
MOWAT, FARLEY,MAXSEC 2;
MOWAT, FARLEY,MAXSEC 3;
MOWAT, FARLEY,USA2 1;
MOWAT, FARLEY,USA2 2;
MOY, ALYSSA,BFF:RR 1;
MOY, ALYSSA,BFF:RR 2;
MOY, ALYSSA,BFF:RR 3;
MOY, ALYSSA,FF3 10;
MOY, ALYSSA,FF3 11;
MOY, ALYSSA,FF3 18;
MOY, ALYSSA,FF3 20;
MOY, ALYSSA,FF3 21;
MOY, ALYSSA,FF3 23;
MOY, ALYSSA,FF3 5;
MOY, ALYSSA,FF3 6;
MOY, ALYSSA,FF3 7;
MOY, ALYSSA,FF3 8;
MOY, ALYSSA,FF3 9;
MOY, ALYSSA,FF '99;
MOY, ALYSSA,GAL 1;
M-PLATE,GENX 36;
M-PLATE,GENX 37;
M-PLATE,GENX 38;
M-PLATE,GENX 39;
MR. DEATH,PM&IF 63;
MR. DEATH,PM&IF 64;
MR. DOLL/NATHAN DOLL,A 182;
MR. DOLL/NATHAN DOLL,SW 12;
MR. DOLL/NATHAN DOLL,TOS 48;
M'REEL,TB 51;
M'REEL,TB:LS;
MR. FANTASTIC DOPPEL,AF 109/2;
MR. FANTASTIC DOPPEL,DLOK2 16;
MR. FANTASTIC DOPPEL,FF 366;
MR. FANTASTIC DOPPEL,FF 367;
MR. FANTASTIC DOPPEL,FF 368;
MR. FANTASTIC DOPPEL,IW 1;
MR. FANTASTIC DOPPEL,IW 2;
MR. FANTASTIC DOPPEL,IW 3;
MR. FANTASTIC DOPPEL,MK3 41;
MR. FANTASTIC DOPPEL,WM2 12;
MR. FANTASTIC DOPPEL,WM2 13;
MR. FANTASTIC/REED R,A 1;
MR. FANTASTIC/REED R,A 118;
MR. FANTASTIC/REED R,A 12;
MR. FANTASTIC/REED R,A 127;
MR. FANTASTIC/REED R,A 128;
MR. FANTASTIC/REED R,A 13;
MR. FANTASTIC/REED R,A 14;
MR. FANTASTIC/REED R,A 144;
MR. FANTASTIC/REED R,A 1.5;
MR. FANTASTIC/REED R,A 18;
MR. FANTASTIC/REED R,A 18/2;
MR. FANTASTIC/REED R,A 209;
MR. FANTASTIC/REED R,A 21;
MR. FANTASTIC/REED R,A2 10;
MR. FANTASTIC/REED R,A2 12;
MR. FANTASTIC/REED R,A 216;
MR. FANTASTIC/REED R,A 227;
MR. FANTASTIC/REED R,A 233;
MR. FANTASTIC/REED R,A 249;
MR. FANTASTIC/REED R,A 25;
MR. FANTASTIC/REED R,A2 6;
MR. FANTASTIC/REED R,A 264;
MR. FANTASTIC/REED R,A 266;
MR. FANTASTIC/REED R,A 299;
MR. FANTASTIC/REED R,A 3;
MR. FANTASTIC/REED R,A 300;
MR. FANTASTIC/REED R,A 301;
MR. FANTASTIC/REED R,A 302;
MR. FANTASTIC/REED R,A 303;
MR. FANTASTIC/REED R,A 305;
MR. FANTASTIC/REED R,A 306;
MR. FANTASTIC/REED R,A 307;
MR. FANTASTIC/REED R,A 308;
MR. FANTASTIC/REED R,A3 1;
MR. FANTASTIC/REED R,A3 10;
MR. FANTASTIC/REED R,A3 11;
MR. FANTASTIC/REED R,A 327;
MR. FANTASTIC/REED R,A 332;
MR. FANTASTIC/REED R,A 333;
MR. FANTASTIC/REED R,A 400;
MR. FANTASTIC/REED R,A 42;
MR. FANTASTIC/REED R,A 60;
MR. FANTASTIC/REED R,A 82;
MR. FANTASTIC/REED R,A 88;
MR. FANTASTIC/REED R,A 92;
MR. FANTASTIC/REED R,A 94;
MR. FANTASTIC/REED R,AA2 1;
MR. FANTASTIC/REED R,AA2 2;
MR. FANTASTIC/REED R,AF 92;
MR. FANTASTIC/REED R,AF 93;
MR. FANTASTIC/REED R,AF 94;
MR. FANTASTIC/REED R,ASM 1;
MR. FANTASTIC/REED R,ASM 1/2;
MR. FANTASTIC/REED R,ASM 18;
MR. FANTASTIC/REED R,ASM2 1;
MR. FANTASTIC/REED R,ASM 215;
MR. FANTASTIC/REED R,ASM2 4;
MR. FANTASTIC/REED R,ASM 258;
MR. FANTASTIC/REED R,ASM 259;
MR. FANTASTIC/REED R,ASM 338;
MR. FANTASTIC/REED R,ASM 363;
MR. FANTASTIC/REED R,ASM 5;
MR. FANTASTIC/REED R,ASM 8/2;
MR. FANTASTIC/REED R,ASMU 18;
MR. FANTASTIC/REED R,AWC 75;
MR. FANTASTIC/REED R,BFF:RR 1;
MR. FANTASTIC/REED R,BFF:RR 2;
MR. FANTASTIC/REED R,BFF:RR 3;
MR. FANTASTIC/REED R,BP3 26;
MR. FANTASTIC/REED R,BP3 30;
MR. FANTASTIC/REED R,CA2 12;
MR. FANTASTIC/REED R,CA3 1;
MR. FANTASTIC/REED R,CA 314;
MR. FANTASTIC/REED R,CA3 7;
MR. FANTASTIC/REED R,C&D3 2;
MR. FANTASTIC/REED R,CMS 1;
MR. FANTASTIC/REED R,COC 1;
MR. FANTASTIC/REED R,COH 3;
MR. FANTASTIC/REED R,COMET 3;
MR. FANTASTIC/REED R,COMET 4;
MR. FANTASTIC/REED R,COMET 5;
MR. FANTASTIC/REED R,DAMCON3 4;
MR. FANTASTIC/REED R,DAZZ 18;
MR. FANTASTIC/REED R,DAZZ 21;
MR. FANTASTIC/REED R,DAZZ 3;
MR. FANTASTIC/REED R,DAZZ 32;
MR. FANTASTIC/REED R,DAZZ 4;
MR. FANTASTIC/REED R,DD 164;
MR. FANTASTIC/REED R,DD 2;
MR. FANTASTIC/REED R,DD2 8;
MR. FANTASTIC/REED R,DD 36;
MR. FANTASTIC/REED R,DD 38;
MR. FANTASTIC/REED R,DEF 105;
MR. FANTASTIC/REED R,DEF 152;
MR. FANTASTIC/REED R,DEF2 1;
MR. FANTASTIC/REED R,DEF 86;
MR. FANTASTIC/REED R,DF 1.1;
MR. FANTASTIC/REED R,DF 2.3;
MR. FANTASTIC/REED R,DF 3.5;
MR. FANTASTIC/REED R,DF 3.6;
MR. FANTASTIC/REED R,DF 4.7;
MR. FANTASTIC/REED R,DF 4.8;
MR. FANTASTIC/REED R,DH 9;
MR. FANTASTIC/REED R,DHAWK 25;
MR. FANTASTIC/REED R,DLOK2 3;
MR. FANTASTIC/REED R,DLOK2 4;
MR. FANTASTIC/REED R,DLOK2 5;
MR. FANTASTIC/REED R,DRSTR2 53;
MR. FANTASTIC/REED R,DRSTR2 81;
MR. FANTASTIC/REED R,FF '00;
MR. FANTASTIC/REED R,FF '01;
MR. FANTASTIC/REED R,FF 1;
MR. FANTASTIC/REED R,FF 10;
MR. FANTASTIC/REED R,FF 100;
MR. FANTASTIC/REED R,FF 101;
MR. FANTASTIC/REED R,FF 102;
MR. FANTASTIC/REED R,FF 103;
MR. FANTASTIC/REED R,FF 104;
MR. FANTASTIC/REED R,FF 105;
MR. FANTASTIC/REED R,FF 106;
MR. FANTASTIC/REED R,FF 107;
MR. FANTASTIC/REED R,FF 108;
MR. FANTASTIC/REED R,FF 109;
MR. FANTASTIC/REED R,FF 11;
MR. FANTASTIC/REED R,FF 110;
MR. FANTASTIC/REED R,FF 111;
MR. FANTASTIC/REED R,FF 11/2;
MR. FANTASTIC/REED R,FF 112;
MR. FANTASTIC/REED R,FF 113;
MR. FANTASTIC/REED R,FF 114;
MR. FANTASTIC/REED R,FF 115;
MR. FANTASTIC/REED R,FF 116;
MR. FANTASTIC/REED R,FF 117;
MR. FANTASTIC/REED R,FF 118;
MR. FANTASTIC/REED R,FF 118/2;
MR. FANTASTIC/REED R,FF 119;
MR. FANTASTIC/REED R,FF 1/2;
MR. FANTASTIC/REED R,FF 12;
MR. FANTASTIC/REED R,FF 120;
MR. FANTASTIC/REED R,FF 121;
MR. FANTASTIC/REED R,FF 122;
MR. FANTASTIC/REED R,FF 123;
MR. FANTASTIC/REED R,FF 124;
MR. FANTASTIC/REED R,FF 125;
MR. FANTASTIC/REED R,FF 126;
MR. FANTASTIC/REED R,FF 127;
MR. FANTASTIC/REED R,FF 128;
MR. FANTASTIC/REED R,FF 129;
MR. FANTASTIC/REED R,FF 13;
MR. FANTASTIC/REED R,FF 130;
MR. FANTASTIC/REED R,FF 131;
MR. FANTASTIC/REED R,FF 132;
MR. FANTASTIC/REED R,FF 133;
MR. FANTASTIC/REED R,FF 134;
MR. FANTASTIC/REED R,FF 135;
MR. FANTASTIC/REED R,FF 136;
MR. FANTASTIC/REED R,FF 137;
MR. FANTASTIC/REED R,FF 138;
MR. FANTASTIC/REED R,FF 139;
MR. FANTASTIC/REED R,FF 14;
MR. FANTASTIC/REED R,FF 140;
MR. FANTASTIC/REED R,FF 141;
MR. FANTASTIC/REED R,FF 142;
MR. FANTASTIC/REED R,FF 143;
MR. FANTASTIC/REED R,FF 144;
MR. FANTASTIC/REED R,FF 145;
MR. FANTASTIC/REED R,FF 147;
MR. FANTASTIC/REED R,FF 148;
MR. FANTASTIC/REED R,FF 149;
MR. FANTASTIC/REED R,FF 15;
MR. FANTASTIC/REED R,FF 150;
MR. FANTASTIC/REED R,FF 151;
MR. FANTASTIC/REED R,FF 152;
MR. FANTASTIC/REED R,FF 153;
MR. FANTASTIC/REED R,FF 154;
MR. FANTASTIC/REED R,FF 155;
MR. FANTASTIC/REED R,FF 156;
MR. FANTASTIC/REED R,FF 157;
MR. FANTASTIC/REED R,FF 158;
MR. FANTASTIC/REED R,FF 159;
MR. FANTASTIC/REED R,FF 16;
MR. FANTASTIC/REED R,FF 160;
MR. FANTASTIC/REED R,FF 161;
MR. FANTASTIC/REED R,FF 162;
MR. FANTASTIC/REED R,FF 163;
MR. FANTASTIC/REED R,FF 164;
MR. FANTASTIC/REED R,FF 165;
MR. FANTASTIC/REED R,FF 166;
MR. FANTASTIC/REED R,FF 167;
MR. FANTASTIC/REED R,FF 168;
MR. FANTASTIC/REED R,FF 169;
MR. FANTASTIC/REED R,FF 17;
MR. FANTASTIC/REED R,FF 170;
MR. FANTASTIC/REED R,FF 171;
MR. FANTASTIC/REED R,FF 172;
MR. FANTASTIC/REED R,FF 173;
MR. FANTASTIC/REED R,FF 174;
MR. FANTASTIC/REED R,FF 175;
MR. FANTASTIC/REED R,FF 176;
MR. FANTASTIC/REED R,FF 177;
MR. FANTASTIC/REED R,FF 178;
MR. FANTASTIC/REED R,FF 179;
MR. FANTASTIC/REED R,FF 18;
MR. FANTASTIC/REED R,FF 181;
MR. FANTASTIC/REED R,FF 182;
MR. FANTASTIC/REED R,FF 183;
MR. FANTASTIC/REED R,FF 184;
MR. FANTASTIC/REED R,FF 185;
MR. FANTASTIC/REED R,FF 186;
MR. FANTASTIC/REED R,FF 187;
MR. FANTASTIC/REED R,FF 188;
MR. FANTASTIC/REED R,FF 19;
MR. FANTASTIC/REED R,FF 191;
MR. FANTASTIC/REED R,FF 192;
MR. FANTASTIC/REED R,FF 193;
MR. FANTASTIC/REED R,FF 195;
MR. FANTASTIC/REED R,FF 196;
MR. FANTASTIC/REED R,FF 197;
MR. FANTASTIC/REED R,FF 198;
MR. FANTASTIC/REED R,FF 199;
MR. FANTASTIC/REED R,FF 2;
MR. FANTASTIC/REED R,FF 20;
MR. FANTASTIC/REED R,FF 200;
MR. FANTASTIC/REED R,FF 201;
MR. FANTASTIC/REED R,FF 202;
MR. FANTASTIC/REED R,FF 203;
MR. FANTASTIC/REED R,FF 204;
MR. FANTASTIC/REED R,FF 205;
MR. FANTASTIC/REED R,FF 206;
MR. FANTASTIC/REED R,FF 208;
MR. FANTASTIC/REED R,FF 209;
MR. FANTASTIC/REED R,FF 21;
MR. FANTASTIC/REED R,FF2 1;
MR. FANTASTIC/REED R,FF 210;
MR. FANTASTIC/REED R,FF2 10;
MR. FANTASTIC/REED R,FF 211;
MR. FANTASTIC/REED R,FF2 11;
MR. FANTASTIC/REED R,FF 212;
MR. FANTASTIC/REED R,FF2 12;
MR. FANTASTIC/REED R,FF 213;
MR. FANTASTIC/REED R,FF 214;
MR. FANTASTIC/REED R,FF 215;
MR. FANTASTIC/REED R,FF 216;
MR. FANTASTIC/REED R,FF 217;
MR. FANTASTIC/REED R,FF 218;
MR. FANTASTIC/REED R,FF 219;
MR. FANTASTIC/REED R,FF 2/2;
MR. FANTASTIC/REED R,FF 22;
MR. FANTASTIC/REED R,FF2 2;
MR. FANTASTIC/REED R,FF 220;
MR. FANTASTIC/REED R,FF 221;
MR. FANTASTIC/REED R,FF 22/2;
MR. FANTASTIC/REED R,FF 222;
MR. FANTASTIC/REED R,FF 223;
MR. FANTASTIC/REED R,FF 224;
MR. FANTASTIC/REED R,FF 225;
MR. FANTASTIC/REED R,FF 226;
MR. FANTASTIC/REED R,FF 227;
MR. FANTASTIC/REED R,FF 228;
MR. FANTASTIC/REED R,FF 229;
MR. FANTASTIC/REED R,FF 23;
MR. FANTASTIC/REED R,FF2 3;
MR. FANTASTIC/REED R,FF 230;
MR. FANTASTIC/REED R,FF 231;
MR. FANTASTIC/REED R,FF 232;
MR. FANTASTIC/REED R,FF 233;
MR. FANTASTIC/REED R,FF 234;
MR. FANTASTIC/REED R,FF 235;
MR. FANTASTIC/REED R,FF 236;
MR. FANTASTIC/REED R,FF 237;
MR. FANTASTIC/REED R,FF 238;
MR. FANTASTIC/REED R,FF 238/2;
MR. FANTASTIC/REED R,FF 239;
MR. FANTASTIC/REED R,FF 24;
MR. FANTASTIC/REED R,FF2 4;
MR. FANTASTIC/REED R,FF 240;
MR. FANTASTIC/REED R,FF 241;
MR. FANTASTIC/REED R,FF 242;
MR. FANTASTIC/REED R,FF 243;
MR. FANTASTIC/REED R,FF 244;
MR. FANTASTIC/REED R,FF 245;
MR. FANTASTIC/REED R,FF 246;
MR. FANTASTIC/REED R,FF 247;
MR. FANTASTIC/REED R,FF 248;
MR. FANTASTIC/REED R,FF 249;
MR. FANTASTIC/REED R,FF 25;
MR. FANTASTIC/REED R,FF2 5;
MR. FANTASTIC/REED R,FF 250;
MR. FANTASTIC/REED R,FF 251;
MR. FANTASTIC/REED R,FF 25/2;
MR. FANTASTIC/REED R,FF 252;
MR. FANTASTIC/REED R,FF 253;
MR. FANTASTIC/REED R,FF 254;
MR. FANTASTIC/REED R,FF 255;
MR. FANTASTIC/REED R,FF 256;
MR. FANTASTIC/REED R,FF 257;
MR. FANTASTIC/REED R,FF 26;
MR. FANTASTIC/REED R,FF2 6;
MR. FANTASTIC/REED R,FF 261;
MR. FANTASTIC/REED R,FF 262;
MR. FANTASTIC/REED R,FF 263;
MR. FANTASTIC/REED R,FF 264;
MR. FANTASTIC/REED R,FF 265;
MR. FANTASTIC/REED R,FF 266;
MR. FANTASTIC/REED R,FF 267;
MR. FANTASTIC/REED R,FF 268;
MR. FANTASTIC/REED R,FF 269;
MR. FANTASTIC/REED R,FF 27;
MR. FANTASTIC/REED R,FF2 7;
MR. FANTASTIC/REED R,FF 270;
MR. FANTASTIC/REED R,FF 271;
MR. FANTASTIC/REED R,FF 272;
MR. FANTASTIC/REED R,FF 273;
MR. FANTASTIC/REED R,FF 274;
MR. FANTASTIC/REED R,FF 275;
MR. FANTASTIC/REED R,FF 275/2;
MR. FANTASTIC/REED R,FF 276;
MR. FANTASTIC/REED R,FF 277;
MR. FANTASTIC/REED R,FF 278;
MR. FANTASTIC/REED R,FF 279;
MR. FANTASTIC/REED R,FF 28;
MR. FANTASTIC/REED R,FF2 8;
MR. FANTASTIC/REED R,FF 280;
MR. FANTASTIC/REED R,FF 281;
MR. FANTASTIC/REED R,FF 282;
MR. FANTASTIC/REED R,FF 283;
MR. FANTASTIC/REED R,FF 284;
MR. FANTASTIC/REED R,FF 285;
MR. FANTASTIC/REED R,FF 286;
MR. FANTASTIC/REED R,FF 287;
MR. FANTASTIC/REED R,FF 288;
MR. FANTASTIC/REED R,FF 289;
MR. FANTASTIC/REED R,FF 29;
MR. FANTASTIC/REED R,FF2 9;
MR. FANTASTIC/REED R,FF 290;
MR. FANTASTIC/REED R,FF 292;
MR. FANTASTIC/REED R,FF 293;
MR. FANTASTIC/REED R,FF 294;
MR. FANTASTIC/REED R,FF 295;
MR. FANTASTIC/REED R,FF 296;
MR. FANTASTIC/REED R,FF 297;
MR. FANTASTIC/REED R,FF 298;
MR. FANTASTIC/REED R,FF 299;
MR. FANTASTIC/REED R,FF 3;
MR. FANTASTIC/REED R,FF 30;
MR. FANTASTIC/REED R,FF 300;
MR. FANTASTIC/REED R,FF 301;
MR. FANTASTIC/REED R,FF 302;
MR. FANTASTIC/REED R,FF 303;
MR. FANTASTIC/REED R,FF 304;
MR. FANTASTIC/REED R,FF 305;
MR. FANTASTIC/REED R,FF 306;
MR. FANTASTIC/REED R,FF 307;
MR. FANTASTIC/REED R,FF 31;
MR. FANTASTIC/REED R,FF3 1;
MR. FANTASTIC/REED R,FF3 10;
MR. FANTASTIC/REED R,FF3 12;
MR. FANTASTIC/REED R,FF3 13;
MR. FANTASTIC/REED R,FF3 14;
MR. FANTASTIC/REED R,FF3 15;
MR. FANTASTIC/REED R,FF3 16;
MR. FANTASTIC/REED R,FF3 17;
MR. FANTASTIC/REED R,FF3 18;
MR. FANTASTIC/REED R,FF 319;
MR. FANTASTIC/REED R,FF3 19;
MR. FANTASTIC/REED R,FF 32;
MR. FANTASTIC/REED R,FF3 2;
MR. FANTASTIC/REED R,FF3 20;
MR. FANTASTIC/REED R,FF3 21;
MR. FANTASTIC/REED R,FF3 22;
MR. FANTASTIC/REED R,FF3 23;
MR. FANTASTIC/REED R,FF3 24;
MR. FANTASTIC/REED R,FF3 25;
MR. FANTASTIC/REED R,FF 326;
MR. FANTASTIC/REED R,FF3 26;
MR. FANTASTIC/REED R,FF 327;
MR. FANTASTIC/REED R,FF3 27;
MR. FANTASTIC/REED R,FF 328;
MR. FANTASTIC/REED R,FF3 28;
MR. FANTASTIC/REED R,FF 329;
MR. FANTASTIC/REED R,FF3 29;
MR. FANTASTIC/REED R,FF 33;
MR. FANTASTIC/REED R,FF3 3;
MR. FANTASTIC/REED R,FF 330;
MR. FANTASTIC/REED R,FF3 30;
MR. FANTASTIC/REED R,FF 331;
MR. FANTASTIC/REED R,FF3 31;
MR. FANTASTIC/REED R,FF 332;
MR. FANTASTIC/REED R,FF3 32;
MR. FANTASTIC/REED R,FF 333;
MR. FANTASTIC/REED R,FF3 33;
MR. FANTASTIC/REED R,FF 334;
MR. FANTASTIC/REED R,FF3 34;
MR. FANTASTIC/REED R,FF 335;
MR. FANTASTIC/REED R,FF3 35;
MR. FANTASTIC/REED R,FF 336;
MR. FANTASTIC/REED R,FF3 36;
MR. FANTASTIC/REED R,FF 337;
MR. FANTASTIC/REED R,FF3 37;
MR. FANTASTIC/REED R,FF 338;
MR. FANTASTIC/REED R,FF3 38;
MR. FANTASTIC/REED R,FF 339;
MR. FANTASTIC/REED R,FF3 39;
MR. FANTASTIC/REED R,FF 34;
MR. FANTASTIC/REED R,FF3 4;
MR. FANTASTIC/REED R,FF 340;
MR. FANTASTIC/REED R,FF3 40;
MR. FANTASTIC/REED R,FF 341;
MR. FANTASTIC/REED R,FF3 41;
MR. FANTASTIC/REED R,FF3 42;
MR. FANTASTIC/REED R,FF 343;
MR. FANTASTIC/REED R,FF3 43;
MR. FANTASTIC/REED R,FF 344;
MR. FANTASTIC/REED R,FF3 44;
MR. FANTASTIC/REED R,FF 345;
MR. FANTASTIC/REED R,FF3 45;
MR. FANTASTIC/REED R,FF 346;
MR. FANTASTIC/REED R,FF 347;
MR. FANTASTIC/REED R,FF 348;
MR. FANTASTIC/REED R,FF 349;
MR. FANTASTIC/REED R,FF 35;
MR. FANTASTIC/REED R,FF3 5;
MR. FANTASTIC/REED R,FF 350;
MR. FANTASTIC/REED R,FF 351;
MR. FANTASTIC/REED R,FF 352;
MR. FANTASTIC/REED R,FF 353;
MR. FANTASTIC/REED R,FF 354;
MR. FANTASTIC/REED R,FF 356;
MR. FANTASTIC/REED R,FF 357;
MR. FANTASTIC/REED R,FF 358;
MR. FANTASTIC/REED R,FF 359;
MR. FANTASTIC/REED R,FF 36;
MR. FANTASTIC/REED R,FF3 6;
MR. FANTASTIC/REED R,FF 360;
MR. FANTASTIC/REED R,FF 361;
MR. FANTASTIC/REED R,FF 362;
MR. FANTASTIC/REED R,FF 363;
MR. FANTASTIC/REED R,FF 364;
MR. FANTASTIC/REED R,FF 365;
MR. FANTASTIC/REED R,FF 366;
MR. FANTASTIC/REED R,FF 37;
MR. FANTASTIC/REED R,FF3 7;
MR. FANTASTIC/REED R,FF 370;
MR. FANTASTIC/REED R,FF 371;
MR. FANTASTIC/REED R,FF 373;
MR. FANTASTIC/REED R,FF 38;
MR. FANTASTIC/REED R,FF3 8;
MR. FANTASTIC/REED R,FF 381;
MR. FANTASTIC/REED R,FF 39;
MR. FANTASTIC/REED R,FF3 9;
MR. FANTASTIC/REED R,FF 4;
MR. FANTASTIC/REED R,FF 40;
MR. FANTASTIC/REED R,FF 407;
MR. FANTASTIC/REED R,FF 408;
MR. FANTASTIC/REED R,FF 409;
MR. FANTASTIC/REED R,FF 41;
MR. FANTASTIC/REED R,FF 410;
MR. FANTASTIC/REED R,FF 411;
MR. FANTASTIC/REED R,FF 412;
MR. FANTASTIC/REED R,FF 413;
MR. FANTASTIC/REED R,FF 414;
MR. FANTASTIC/REED R,FF 415;
MR. FANTASTIC/REED R,FF 416;
MR. FANTASTIC/REED R,FF 416/2;
MR. FANTASTIC/REED R,FF 42;
MR. FANTASTIC/REED R,FF 43;
MR. FANTASTIC/REED R,FF 44;
MR. FANTASTIC/REED R,FF 45;
MR. FANTASTIC/REED R,FF 46;
MR. FANTASTIC/REED R,FF 47;
MR. FANTASTIC/REED R,FF 48;
MR. FANTASTIC/REED R,FF 49;
MR. FANTASTIC/REED R,FF 5;
MR. FANTASTIC/REED R,FF 50;
MR. FANTASTIC/REED R,FF 51;
MR. FANTASTIC/REED R,FF 52;
MR. FANTASTIC/REED R,FF 53;
MR. FANTASTIC/REED R,FF 54;
MR. FANTASTIC/REED R,FF 55;
MR. FANTASTIC/REED R,FF 56;
MR. FANTASTIC/REED R,FF 57;
MR. FANTASTIC/REED R,FF 58;
MR. FANTASTIC/REED R,FF 59;
MR. FANTASTIC/REED R,FF 6;
MR. FANTASTIC/REED R,FF 60;
MR. FANTASTIC/REED R,FF 61;
MR. FANTASTIC/REED R,FF 62;
MR. FANTASTIC/REED R,FF 63;
MR. FANTASTIC/REED R,FF 64;
MR. FANTASTIC/REED R,FF 65;
MR. FANTASTIC/REED R,FF 66;
MR. FANTASTIC/REED R,FF 67;
MR. FANTASTIC/REED R,FF 68;
MR. FANTASTIC/REED R,FF 69;
MR. FANTASTIC/REED R,FF 7;
MR. FANTASTIC/REED R,FF 70;
MR. FANTASTIC/REED R,FF 71;
MR. FANTASTIC/REED R,FF 72;
MR. FANTASTIC/REED R,FF 73;
MR. FANTASTIC/REED R,FF 74;
MR. FANTASTIC/REED R,FF 75;
MR. FANTASTIC/REED R,FF 76;
MR. FANTASTIC/REED R,FF 77;
MR. FANTASTIC/REED R,FF 78;
MR. FANTASTIC/REED R,FF 79;
MR. FANTASTIC/REED R,FF 8;
MR. FANTASTIC/REED R,FF 80;
MR. FANTASTIC/REED R,FF 81;
MR. FANTASTIC/REED R,FF 82;
MR. FANTASTIC/REED R,FF 83;
MR. FANTASTIC/REED R,FF 84;
MR. FANTASTIC/REED R,FF 85;
MR. FANTASTIC/REED R,FF 86;
MR. FANTASTIC/REED R,FF 87;
MR. FANTASTIC/REED R,FF 88;
MR. FANTASTIC/REED R,FF 89;
MR. FANTASTIC/REED R,FF 9;
MR. FANTASTIC/REED R,FF 90;
MR. FANTASTIC/REED R,FF 91;
MR. FANTASTIC/REED R,FF 92;
MR. FANTASTIC/REED R,FF 93;
MR. FANTASTIC/REED R,FF 94;
MR. FANTASTIC/REED R,FF 95;
MR. FANTASTIC/REED R,FF 96;
MR. FANTASTIC/REED R,FF 97;
MR. FANTASTIC/REED R,FF 98;
MR. FANTASTIC/REED R,FF '99;
MR. FANTASTIC/REED R,FF 99;
MR. FANTASTIC/REED R,FFU 12;
MR. FANTASTIC/REED R,FFUP 3;
MR. FANTASTIC/REED R,FFV.X 1;
MR. FANTASTIC/REED R,FFV.X 2;
MR. FANTASTIC/REED R,FFV.X 3;
MR. FANTASTIC/REED R,FFV.X 4;
MR. FANTASTIC/REED R,FURY 1;
MR. FANTASTIC/REED R,GAL 1;
MR. FANTASTIC/REED R,GAL 2;
MR. FANTASTIC/REED R,GAL 3;
MR. FANTASTIC/REED R,GAL 4;
MR. FANTASTIC/REED R,GAL 5;
MR. FANTASTIC/REED R,GAL 6;
MR. FANTASTIC/REED R,GENX '96;
MR. FANTASTIC/REED R,GSFF 2;
MR. FANTASTIC/REED R,GSFF 3;
MR. FANTASTIC/REED R,GSFF 4;
MR. FANTASTIC/REED R,GSM-T 2;
MR. FANTASTIC/REED R,GSSS 1;
MR. FANTASTIC/REED R,GZIL 20;
MR. FANTASTIC/REED R,GZIL 21;
MR. FANTASTIC/REED R,GZIL 22;
MR. FANTASTIC/REED R,GZIL 23;
MR. FANTASTIC/REED R,GZIL 24;
MR. FANTASTIC/REED R,H 11;
MR. FANTASTIC/REED R,H2 105;
MR. FANTASTIC/REED R,H2 122;
MR. FANTASTIC/REED R,H2 123;
MR. FANTASTIC/REED R,H2 152;
MR. FANTASTIC/REED R,H2 153;
MR. FANTASTIC/REED R,H2 250;
MR. FANTASTIC/REED R,H2 277;
MR. FANTASTIC/REED R,H2 278;
MR. FANTASTIC/REED R,H2 279;
MR. FANTASTIC/REED R,H2 293;
MR. FANTASTIC/REED R,H2 321;
MR. FANTASTIC/REED R,H2 365;
MR. FANTASTIC/REED R,H2 399;
MR. FANTASTIC/REED R,H2 445;
MR. FANTASTIC/REED R,H2 450/2;
MR. FANTASTIC/REED R,H2 462;
MR. FANTASTIC/REED R,H2 465;
MR. FANTASTIC/REED R,H2 467;
MR. FANTASTIC/REED R,H3 11;
MR. FANTASTIC/REED R,H3 30;
MR. FANTASTIC/REED R,HR:R 1;
MR. FANTASTIC/REED R,HR:R 2;
MR. FANTASTIC/REED R,HR:R 3;
MR. FANTASTIC/REED R,HR:R 4;
MR. FANTASTIC/REED R,IF 11;
MR. FANTASTIC/REED R,IFW 2;
MR. FANTASTIC/REED R,IM 159;
MR. FANTASTIC/REED R,IM2 11;
MR. FANTASTIC/REED R,IM2 12;
MR. FANTASTIC/REED R,IM2 3;
MR. FANTASTIC/REED R,IM2 6;
MR. FANTASTIC/REED R,IM 275;
MR. FANTASTIC/REED R,IM2 9;
MR. FANTASTIC/REED R,IM 3;
MR. FANTASTIC/REED R,IM3 1;
MR. FANTASTIC/REED R,IM3 14;
MR. FANTASTIC/REED R,IM3 35;
MR. FANTASTIC/REED R,IM3 37;
MR. FANTASTIC/REED R,IM 8;
MR. FANTASTIC/REED R,INH2 4;
MR. FANTASTIC/REED R,IW 1;
MR. FANTASTIC/REED R,IW 6;
MR. FANTASTIC/REED R,LCHFH 9;
MR. FANTASTIC/REED R,MARVELS 2;
MR. FANTASTIC/REED R,MARVELS 3;
MR. FANTASTIC/REED R,MAXSEC 2;
MR. FANTASTIC/REED R,MAXSEC 3;
MR. FANTASTIC/REED R,M/CP 13/3;
MR. FANTASTIC/REED R,M/CP 18/4;
MR. FANTASTIC/REED R,M/CP 50/2;
MR. FANTASTIC/REED R,M/CP 64/3;
MR. FANTASTIC/REED R,M/CP 66/3;
MR. FANTASTIC/REED R,M/CP 68/3;
MR. FANTASTIC/REED R,M/CP 68/4;
MR. FANTASTIC/REED R,M/CP 80/4;
MR. FANTASTIC/REED R,M/CP 97/2;
MR. FANTASTIC/REED R,MEPHV. 1;
MR. FANTASTIC/REED R,MEPHV. 2;
MR. FANTASTIC/REED R,MEPHV. 3;
MR. FANTASTIC/REED R,M/FAN 14;
MR. FANTASTIC/REED R,M/FAN 2/2;
MR. FANTASTIC/REED R,M/FAN 37/2;
MR. FANTASTIC/REED R,M/FAN 43/2;
MR. FANTASTIC/REED R,M/FAN 46;
MR. FANTASTIC/REED R,M/FEA 11;
MR. FANTASTIC/REED R,M/GN 1;
MR. FANTASTIC/REED R,M/GN 17;
MR. FANTASTIC/REED R,M/GN 18;
MR. FANTASTIC/REED R,MH&L;
MR. FANTASTIC/REED R,MICRO 14;
MR. FANTASTIC/REED R,MICRO 15;
MR. FANTASTIC/REED R,MICRO 16;
MR. FANTASTIC/REED R,MICRO 17;
MR. FANTASTIC/REED R,MICRO 40;
MR. FANTASTIC/REED R,MK3 40;
MR. FANTASTIC/REED R,MK3 44;
MR. FANTASTIC/REED R,MK3 45;
MR. FANTASTIC/REED R,MK 35;
MR. FANTASTIC/REED R,M/K 6;
MR. FANTASTIC/REED R,M/:LG 11;
MR. FANTASTIC/REED R,M/:LG 12;
MR. FANTASTIC/REED R,M/:LG 7;
MR. FANTASTIC/REED R,MM 15;
MR. FANTASTIC/REED R,M/SHSW 1;
MR. FANTASTIC/REED R,M/SHSW 10;
MR. FANTASTIC/REED R,M/SHSW 11;
MR. FANTASTIC/REED R,M/SHSW 12;
MR. FANTASTIC/REED R,M/SHSW 2;
MR. FANTASTIC/REED R,M/SHSW 3;
MR. FANTASTIC/REED R,M/SHSW 4;
MR. FANTASTIC/REED R,M/SHSW 5;
MR. FANTASTIC/REED R,M/SHSW 6;
MR. FANTASTIC/REED R,M/SHSW 7;
MR. FANTASTIC/REED R,M/SHSW 8;
MR. FANTASTIC/REED R,M/SHSW 9;
MR. FANTASTIC/REED R,M/SS 1;
MR. FANTASTIC/REED R,M/TE 13;
MR. FANTASTIC/REED R,M/TIO 1;
MR. FANTASTIC/REED R,M/TIO 100;
MR. FANTASTIC/REED R,M/TIO 14;
MR. FANTASTIC/REED R,M/TIO 16;
MR. FANTASTIC/REED R,M/TIO 17;
MR. FANTASTIC/REED R,M/TIO 20;
MR. FANTASTIC/REED R,M/TIO 27;
MR. FANTASTIC/REED R,M/TIO 28;
MR. FANTASTIC/REED R,M/TIO 3;
MR. FANTASTIC/REED R,M/TIO 36;
MR. FANTASTIC/REED R,M/TIO 4;
MR. FANTASTIC/REED R,M/TIO 46;
MR. FANTASTIC/REED R,M/TIO 47;
MR. FANTASTIC/REED R,M/TIO 5;
MR. FANTASTIC/REED R,M/TIO 50;
MR. FANTASTIC/REED R,M/TIO 60;
MR. FANTASTIC/REED R,M/TIO 64;
MR. FANTASTIC/REED R,M/TIO 67;
MR. FANTASTIC/REED R,M/TIO 69;
MR. FANTASTIC/REED R,M/TIO 7;
MR. FANTASTIC/REED R,M/TIO 70;
MR. FANTASTIC/REED R,M/TIO 71;
MR. FANTASTIC/REED R,M/TIO 72;
MR. FANTASTIC/REED R,M/TIO 74;
MR. FANTASTIC/REED R,M/TIO 75;
MR. FANTASTIC/REED R,M/TIO 77;
MR. FANTASTIC/REED R,M/TIO 78;
MR. FANTASTIC/REED R,M/TIO 8;
MR. FANTASTIC/REED R,M/TIO 80;
MR. FANTASTIC/REED R,M/TIO 82;
MR. FANTASTIC/REED R,M/TIO 83;
MR. FANTASTIC/REED R,M/TIO 84;
MR. FANTASTIC/REED R,M/TIO 85;
MR. FANTASTIC/REED R,M/TIO 86;
MR. FANTASTIC/REED R,M/TIO 86/2;
MR. FANTASTIC/REED R,M/TIO 87;
MR. FANTASTIC/REED R,M/TIO 9;
MR. FANTASTIC/REED R,M/TIO 91;
MR. FANTASTIC/REED R,M/TIO 92;
MR. FANTASTIC/REED R,M/TIO 96;
MR. FANTASTIC/REED R,M/TIO 97;
MR. FANTASTIC/REED R,M/TIO 98;
MR. FANTASTIC/REED R,M/TU 100;
MR. FANTASTIC/REED R,M/TU 132;
MR. FANTASTIC/REED R,M/TU 133;
MR. FANTASTIC/REED R,M/TU 17;
MR. FANTASTIC/REED R,M/TU 2;
MR. FANTASTIC/REED R,M/TU 3;
MR. FANTASTIC/REED R,M/TU 61;
MR. FANTASTIC/REED R,N 1/3;
MR. FANTASTIC/REED R,N 13;
MR. FANTASTIC/REED R,N 4;
MR. FANTASTIC/REED R,N 5;
MR. FANTASTIC/REED R,NF3 15;
MR. FANTASTIC/REED R,NF3 18;
MR. FANTASTIC/REED R,NF3 24;
MR. FANTASTIC/REED R,NF3 26;
MR. FANTASTIC/REED R,NF3 9;
MR. FANTASTIC/REED R,NM 6;
MR. FANTASTIC/REED R,NW 16;
MR. FANTASTIC/REED R,NW 17;
MR. FANTASTIC/REED R,NW 2/5;
MR. FANTASTIC/REED R,NW 4;
MR. FANTASTIC/REED R,O:MU;
MR. FANTASTIC/REED R,O:X;
MR. FANTASTIC/REED R,PM&IF 125;
MR. FANTASTIC/REED R,PP 23;
MR. FANTASTIC/REED R,PP 25;
MR. FANTASTIC/REED R,PP 26;
MR. FANTASTIC/REED R,PP 28;
MR. FANTASTIC/REED R,PP 34;
MR. FANTASTIC/REED R,PP 36;
MR. FANTASTIC/REED R,PP 48;
MR. FANTASTIC/REED R,PP 54;
MR. FANTASTIC/REED R,PP 56;
MR. FANTASTIC/REED R,PP 57;
MR. FANTASTIC/REED R,PP 58;
MR. FANTASTIC/REED R,PP 59;
MR. FANTASTIC/REED R,PP 61;
MR. FANTASTIC/REED R,PP 62;
MR. FANTASTIC/REED R,PPTSS 161;
MR. FANTASTIC/REED R,PPTSS 162;
MR. FANTASTIC/REED R,PPTSS 263;
MR. FANTASTIC/REED R,PPTSS 89;
MR. FANTASTIC/REED R,PPTSS 97;
MR. FANTASTIC/REED R,Q 20;
MR. FANTASTIC/REED R,Q 23;
MR. FANTASTIC/REED R,RH2 4;
MR. FANTASTIC/REED R,RH2 5;
MR. FANTASTIC/REED R,ROA 3 & ROA 4;
MR. FANTASTIC/REED R,ROM 23;
MR. FANTASTIC/REED R,SENSM 28;
MR. FANTASTIC/REED R,SENTRY 2;
MR. FANTASTIC/REED R,S-H2 22;
MR. FANTASTIC/REED R,S-H2 23;
MR. FANTASTIC/REED R,S-H2 30;
MR. FANTASTIC/REED R,S-H2 48;
MR. FANTASTIC/REED R,S-H2 49;
MR. FANTASTIC/REED R,S-H2 6;
MR. FANTASTIC/REED R,SHOWAR 19;
MR. FANTASTIC/REED R,SHOWAR 20;
MR. FANTASTIC/REED R,S&L 2;
MR. FANTASTIC/REED R,SLEEP 14;
MR. FANTASTIC/REED R,SLEEP 15;
MR. FANTASTIC/REED R,SLEEP 16;
MR. FANTASTIC/REED R,S-M 23;
MR. FANTASTIC/REED R,S-M 98;
MR. FANTASTIC/REED R,SS 15;
MR. FANTASTIC/REED R,SS 17;
MR. FANTASTIC/REED R,SS2 1;
MR. FANTASTIC/REED R,SS 2/2;
MR. FANTASTIC/REED R,SS 3;
MR. FANTASTIC/REED R,SS3 1;
MR. FANTASTIC/REED R,SS3 123;
MR. FANTASTIC/REED R,SS3 146;
MR. FANTASTIC/REED R,SS3 15;
MR. FANTASTIC/REED R,SS3 16;
MR. FANTASTIC/REED R,SS3 17;
MR. FANTASTIC/REED R,SS3 18;
MR. FANTASTIC/REED R,SS3 19;
MR. FANTASTIC/REED R,SS 5;
MR. FANTASTIC/REED R,SS 6;
MR. FANTASTIC/REED R,ST 101;
MR. FANTASTIC/REED R,ST 103;
MR. FANTASTIC/REED R,ST 105;
MR. FANTASTIC/REED R,ST 106;
MR. FANTASTIC/REED R,ST 107;
MR. FANTASTIC/REED R,ST 110;
MR. FANTASTIC/REED R,ST 111;
MR. FANTASTIC/REED R,ST 112;
MR. FANTASTIC/REED R,ST 115;
MR. FANTASTIC/REED R,ST 116;
MR. FANTASTIC/REED R,ST 117;
MR. FANTASTIC/REED R,ST 118;
MR. FANTASTIC/REED R,ST 119;
MR. FANTASTIC/REED R,ST 120;
MR. FANTASTIC/REED R,ST 121;
MR. FANTASTIC/REED R,ST 125;
MR. FANTASTIC/REED R,ST 126;
MR. FANTASTIC/REED R,ST 127;
MR. FANTASTIC/REED R,ST 130;
MR. FANTASTIC/REED R,ST 131;
MR. FANTASTIC/REED R,ST 132;
MR. FANTASTIC/REED R,ST 134;
MR. FANTASTIC/REED R,ST 156;
MR. FANTASTIC/REED R,ST 161;
MR. FANTASTIC/REED R,SUB-M2 3;
MR. FANTASTIC/REED R,SUB-M 67;
MR. FANTASTIC/REED R,SVTU 5;
MR. FANTASTIC/REED R,SVTU 6;
MR. FANTASTIC/REED R,SVTU 7;
MR. FANTASTIC/REED R,SWII 2;
MR. FANTASTIC/REED R,SWII 5;
MR. FANTASTIC/REED R,SWII 6;
MR. FANTASTIC/REED R,SWII 9;
MR. FANTASTIC/REED R,T 305;
MR. FANTASTIC/REED R,T 351;
MR. FANTASTIC/REED R,T 352;
MR. FANTASTIC/REED R,T 402;
MR. FANTASTIC/REED R,T 405;
MR. FANTASTIC/REED R,T '99;
MR. FANTASTIC/REED R,TB 10;
MR. FANTASTIC/REED R,TB 11;
MR. FANTASTIC/REED R,TB 12;
MR. FANTASTIC/REED R,TB 43;
MR. FANTASTIC/REED R,TB 44;
MR. FANTASTIC/REED R,TG 10;
MR. FANTASTIC/REED R,TG 2;
MR. FANTASTIC/REED R,TG 23;
MR. FANTASTIC/REED R,TG 25;
MR. FANTASTIC/REED R,TM:ID;
MR. FANTASTIC/REED R,TOS 56/2;
MR. FANTASTIC/REED R,UTSM '96;
MR. FANTASTIC/REED R,UTSM '97;
MR. FANTASTIC/REED R,UX 107;
MR. FANTASTIC/REED R,UX 108;
MR. FANTASTIC/REED R,UX 135;
MR. FANTASTIC/REED R,UX 14;
MR. FANTASTIC/REED R,UX 167;
MR. FANTASTIC/REED R,UX 272;
MR. FANTASTIC/REED R,UX 286;
MR. FANTASTIC/REED R,UX 336;
MR. FANTASTIC/REED R,UX 5;
MR. FANTASTIC/REED R,UX 65;
MR. FANTASTIC/REED R,UX/FF '98;
MR. FANTASTIC/REED R,W2 53;
MR. FANTASTIC/REED R,WCA 1;
MR. FANTASTIC/REED R,WCA2 10;
MR. FANTASTIC/REED R,WCA2 22;
MR. FANTASTIC/REED R,WCA2 23;
MR. FANTASTIC/REED R,WIW 3;
MR. FANTASTIC/REED R,WOSM 5;
MR. FANTASTIC/REED R,WOSM 76;
MR. FANTASTIC/REED R,X 55;
MR. FANTASTIC/REED R,X 56;
MR. FANTASTIC/REED R,X 71;
MR. FANTASTIC/REED R,XF 1;
MR. FANTASTIC/REED R,XF 5;
MR. FANTASTIC/REED R,X:HY 20;
MR. FANTASTIC/REED R,X:HY 22;
MR. FANTASTIC/REED R,X:HY 7;
MR. FANTASTIC/REED R,X:HY 8;
MR. FANTASTIC/REED R,X:HY 9;
MR. FANTASTIC/REED R,XM 59;
MR. FEAR III/PROF. L,DD 364;
MR. FEAR III/PROF. L,DD 366;
MR. FEAR III/PROF. L,DD 367;
MR. FEAR III/PROF. L,DD 373;
MR. FEAR III/PROF. L,DD 374;
MR. FEAR III/PROF. L,DD 375;
MR. FEAR III/PROF. L,DD 88;
MR. FEAR III/PROF. L,DD 89;
MR. FEAR III/PROF. L,DD 90;
MR. FEAR III/PROF. L,DD 91;
MR. FEAR III/PROF. L,OE 1;
MR. FEAR IV/ALAN FAG,M/TU 92;
MR. FEAR V/,WOSM 63;
MR. FEAR/ZOLTAN DRAG,DD 6;
MR. FEAR/ZOLTAN DRAG,DRSTR3 33/2;
MR. FX/,SLEEP 8;
MR. IMMORTAL,A 19;
MR. IMMORTAL,A 309;
MR. IMMORTAL,AWC 48;
MR. IMMORTAL,AWC 49;
MR. IMMORTAL,AWC 64;
MR. IMMORTAL,DPOOL3 10;
MR. IMMORTAL,DPOOL3 11;
MR. IMMORTAL,TB 15;
MR. IMMORTAL,TB 16;
MR. IMMORTAL,TB 17;
MR. IMMORTAL,TB 25;
MR. IMMORTAL,WCA2 46;
MR. JIP,C&D3 1;
MR. JIP,C&D3 12;
MR. JIP,C&D3 13;
MR. JIP,C&D3 2;
MR. JIP,C&D3 3;
MR. JIP,C&D3 6;
MR. JIP,ST2 10;
MR. JIP,ST2 11;
MR. JIP,ST2 12;
MR. JIP,ST2 13;
MR. JIP,ST2 14;
MR. JIP,ST2 15;
MR. JIP,ST2 16;
MR. JIP,ST2 17;
MR. JIP,ST2 18;
MR. JIP,ST2 8;
MR. JIP,ST2 9;
MR. JIP,UX 13;
MR. JUSTICE/TIMOTHY,M/:LG 1;
MR. JUSTICE/TIMOTHY,M/:LG 11;
MR. JUSTICE/TIMOTHY,M/:LG 12;
MR. JUSTICE/TIMOTHY,M/:LG 3;
MR. JUSTICE/TIMOTHY,M/:LG 4;
MR. JUSTICE/TIMOTHY,M/:LG 5;
MR. JUSTICE/TIMOTHY,M/:LG 6;
MR. JUSTICE/TIMOTHY,M/:LG 7;
MR. JUSTICE/TIMOTHY,M/:LG 9;
MR. LUCK II/PHILIP G,CA 224;
MR. LUCK II/PHILIP G,PM&IF 63;
MR. LUCK II/PHILIP G,PM&IF 64;
MR. LUCK/RAMON GARCI,LCHFH 10;
MR. LUCK/RAMON GARCI,LCHFH 11;
MR. MOBIUS,FF 352;
MR. MOBIUS,FF 353;
MR. MOBIUS,FF 354;
MR. NACHT,ASM 394;
MR. NACHT,ASM 400;
MR. NACHT,ASM 416;
MR. NACHT,ASM 417;
MR. NACHT,PPTSS 217;
MR. NACHT,S-M 51;
MR. NACHT,S-M 57;
MR. NACHT,S-M 59;
MR. NACHT,WOSM 117;
MROTH,JIM 504;
MROTH,JIM 505;
MROTH,JIM 508;
MROTH,JIM 509;
MROTH,JIM 511;
MROTH,JIM 512;
MROTH,JIM 513;
MROTH,T 500;
MROTH,T 501;
MROTH,T 502;
MR. PAYBACK/,PUN5 10;
MR. PAYBACK/,PUN5 11;
MR. PAYBACK/,PUN5 12;
MR. PAYBACK/,PUN5 5;
MR. PAYBACK/,PUN5 9;
MR. SCRATCH II/BLISS,S-W3 13;
MR. SCRATCH II/BLISS,S-W3 15;
MR. SCRATCH II/BLISS,S-W3 16;
MR. SCRATCH II/BLISS,S-W3 17;
MR. SCRATCH II/BLISS,S-W3 18;
MR. SCRATCH,XM 63;
MR. SCRATCH,XM 67;
MR. SCRATCH,XM 68;
MR. SCRATCH,XM 70;
MR. SINISTER | AOA,XM -1;
MR. SINISTER | MUTAN,MX '00;
MR. SINISTER | MUTAN,MX 17;
MR. SINISTER | MUTAN,MX 22;
MR. SINISTER | MUTAN,MX 23;
MR. SINISTER/NATHAN,C2 '99;
MR. SINISTER/NATHAN,C&P2 1;
MR. SINISTER/NATHAN,C&P2 2;
MR. SINISTER/NATHAN,C&P2 3;
MR. SINISTER/NATHAN,C&P2 4;
MR. SINISTER/NATHAN,CX 42/2;
MR. SINISTER/NATHAN,GAM3 13;
MR. SINISTER/NATHAN,GAM3 14;
MR. SINISTER/NATHAN,GAM3 15;
MR. SINISTER/NATHAN,GAM3 24;
MR. SINISTER/NATHAN,M/GN 17;
MR. SINISTER/NATHAN,UX 221;
MR. SINISTER/NATHAN,UX 239;
MR. SINISTER/NATHAN,UX 240;
MR. SINISTER/NATHAN,UX 241;
MR. SINISTER/NATHAN,UX 243;
MR. SINISTER/NATHAN,UX 325;
MR. SINISTER/NATHAN,UX 350;
MR. SINISTER/NATHAN,UX 376;
MR. SINISTER/NATHAN,UX 380;
MR. SINISTER/NATHAN,X 102;
MR. SINISTER/NATHAN,X 14;
MR. SINISTER/NATHAN,X 39;
MR. SINISTER/NATHAN,X 45;
MR. SINISTER/NATHAN,X 51;
MR. SINISTER/NATHAN,X '95;
MR. SINISTER/NATHAN,X 99;
MR. SINISTER/NATHAN,XF -1;
MR. SINISTER/NATHAN,XF 104;
MR. SINISTER/NATHAN,XF 105;
MR. SINISTER/NATHAN,XF 39;
MR. SINISTER/NATHAN,XF 74;
MR. SINISTER/NATHAN,XF 75;
MR. SINISTER/NATHAN,XF 78;
MR. SINISTER/NATHAN,XF 84;
MR. SINISTER/NATHAN,XFOR 16;
MR. SINISTER/NATHAN,XFOR 18;
MR. SINISTER/NATHAN,XFOR 57;
MR. SINISTER/NATHAN,X:HC 3;
MR. SINISTER/NATHAN,XM 12;
MR. SINISTER/NATHAN,XU 30/2;
MR. TERMINEUS/AMODEU,M-T3 2;
MR. TERMINEUS/AMODEU,M-T3 3;
MR. TERMINEUS/AMODEU,M-T3 4;
MR. TERMINEUS/AMODEU,M-T3 5;
MR. TERMINEUS/AMODEU,M-T3 6;
MR. TERMINEUS/AMODEU,ST5 1;
MR. TERMINEUS/AMODEU,ST5 2;
MR. X,W2 159;
MR. X,W2 160;
MR. X,W2 161;
MS. FORTUNE/,PPSM2 16;
M'SHULLA,AA2 19;
M'SHULLA,AA2 20;
M'SHULLA,AA2 21;
M'SHULLA,AA2 22;
M'SHULLA,AA2 23;
M'SHULLA,AA2 24;
M'SHULLA,AA2 25;
M'SHULLA,AA2 26;
M'SHULLA,AA2 27;
M'SHULLA,AA2 28;
M'SHULLA,AA2 29;
M'SHULLA,AA2 31;
M'SHULLA,AA2 32;
M'SHULLA,AA2 33;
M'SHULLA,AA2 34;
M'SHULLA,AA2 35;
M'SHULLA,AA2 36;
M'SHULLA,AA2 37;
M'SHULLA,AA2 39;
M'SHULLA,M/GN 7;
MS. MARVEL II/SHARON,A 303;
MS. MARVEL II/SHARON,AF 61;
MS. MARVEL II/SHARON,CA 330;
MS. MARVEL II/SHARON,CA 331;
MS. MARVEL II/SHARON,DAMCON 2;
MS. MARVEL II/SHARON,FF 21;
MS. MARVEL II/SHARON,FF 22;
MS. MARVEL II/SHARON,FF 23;
MS. MARVEL II/SHARON,FF 306;
MS. MARVEL II/SHARON,FF 307;
MS. MARVEL II/SHARON,FF 308;
MS. MARVEL II/SHARON,FF 309;
MS. MARVEL II/SHARON,FF 310;
MS. MARVEL II/SHARON,FF 311;
MS. MARVEL II/SHARON,FF 312;
MS. MARVEL II/SHARON,FF 313;
MS. MARVEL II/SHARON,FF 314;
MS. MARVEL II/SHARON,FF 315;
MS. MARVEL II/SHARON,FF 316;
MS. MARVEL II/SHARON,FF 317;
MS. MARVEL II/SHARON,FF 318;
MS. MARVEL II/SHARON,FF 319;
MS. MARVEL II/SHARON,FF 320;
MS. MARVEL II/SHARON,FF 321;
MS. MARVEL II/SHARON,FF 322;
MS. MARVEL II/SHARON,FF 323;
MS. MARVEL II/SHARON,FF 324;
MS. MARVEL II/SHARON,FF 325;
MS. MARVEL II/SHARON,FF 326;
MS. MARVEL II/SHARON,FF 327;
MS. MARVEL II/SHARON,FF 328;
MS. MARVEL II/SHARON,FF 329;
MS. MARVEL II/SHARON,FF3 29;
MS. MARVEL II/SHARON,FF 330;
MS. MARVEL II/SHARON,FF 331;
MS. MARVEL II/SHARON,FF 332;
MS. MARVEL II/SHARON,FF 333;
MS. MARVEL II/SHARON,FF 334;
MS. MARVEL II/SHARON,FF 335;
MS. MARVEL II/SHARON,FF 336;
MS. MARVEL II/SHARON,FF 337;
MS. MARVEL II/SHARON,FF 338;
MS. MARVEL II/SHARON,FF 339;
MS. MARVEL II/SHARON,FF 340;
MS. MARVEL II/SHARON,FF 341;
MS. MARVEL II/SHARON,FF 342;
MS. MARVEL II/SHARON,FF 343;
MS. MARVEL II/SHARON,FF 344;
MS. MARVEL II/SHARON,FF 345;
MS. MARVEL II/SHARON,FF 346;
MS. MARVEL II/SHARON,FF 347;
MS. MARVEL II/SHARON,FF 348;
MS. MARVEL II/SHARON,FF 349;
MS. MARVEL II/SHARON,FF 350;
MS. MARVEL II/SHARON,FF 352;
MS. MARVEL II/SHARON,FF 353;
MS. MARVEL II/SHARON,FF 354;
MS. MARVEL II/SHARON,FF 365;
MS. MARVEL II/SHARON,FF 366;
MS. MARVEL II/SHARON,FF 367;
MS. MARVEL II/SHARON,FF 371;
MS. MARVEL II/SHARON,FF 373;
MS. MARVEL II/SHARON,H2 365;
MS. MARVEL II/SHARON,M/CP 18/4;
MS. MARVEL II/SHARON,NFV.S 2;
MS. MARVEL II/SHARON,PP 62;
MS. MARVEL II/SHARON,SS3 16;
MS. MARVEL II/SHARON,SWII 7;
MS. MARVEL II/SHARON,T 405;
MS. MARVEL II/SHARON,TG 27;
MS. MARVEL II/SHARON,TG 30;
MS. MARVEL II/SHARON,TG 31;
MS. MARVEL II/SHARON,TG 32;
MS. MARVEL II/SHARON,TG 33;
MS. MARVEL II/SHARON,TG 34;
MS. MARVEL II/SHARON,TG 35;
MS. MARVEL II/SHARON,TG 36;
MS. MARVEL II/SHARON,UX 14;
MS. MARVEL II/SHARON,WCA2 10;
MS. MARVEL II/SHARON,WOSM 5;
MS. MARVEL II/SHARON,XF 5;
MS. NOVA,X 114;
MS. NOVA,X 115;
MUELLER, AMANDA,GAM3 13;
MUELLER, AMANDA,XMF 4;
MUGGINS, MAMIE,ASM 139;
MUGGINS, MAMIE,ASM 142;
MUGGINS, MAMIE,ASM 143;
MUGGINS, MAMIE,ASM 156;
MUGGINS, MAMIE,ASM 163;
MUGGINS, MAMIE,ASM 174;
MUGGINS, MAMIE,ASM 176;
MUGGINS, MAMIE,ASM 182;
MUGGINS, MAMIE,ASM 183;
MUGGINS, MAMIE,ASM 20;
MUGGINS, MAMIE,ASM 235;
MUGGINS, MAMIE,ASM 242;
MUGGINS, MAMIE,ASM 250;
MUGGINS, MAMIE,ASM 255;
MUGGINS, MAMIE,ASM 271;
MUGGINS, MAMIE,ASM 273;
MUGGINS, MAMIE,KZ3 25;
MUGGINS, MAMIE,M/TU 150;
MUGGINS, MAMIE,PPTSS 112;
MUGGINS, MAMIE,PPTSS 120;
MUGGINS, MAMIE,PPTSS 125;
MUGGINS, MAMIE,PPTSS 20;
MUGGINS, MAMIE,PPTSS 22;
MUGGINS, MAMIE,PPTSS 55;
MUGGINS, MAMIE,PPTSS 81;
MUGGINS, MAMIE,PPTSS 90;
MUGGINS, MAMIE,PPTSS 91;
MUGGINS, MAMIE,PPTSS 92;
MUGGINS, MAMIE,PPTSS 93;
MUGGINS, MAMIE,PPTSS 94;
MUGGINS, MAMIE,WOSM 12;
MUGGINS, MAMIE,WOSM 14;
MUGGINS, MAMIE,WOSM 15;
MUGGINS, MAMIE,WOSM 38;
MUGGINS, MAMIE,WOSM 7;
MULDOON, SGT. BRIAN,CA 139;
MULDOON, SGT. BRIAN,CA 140;
MULDOON, SGT. BRIAN,CA 143;
MULDOON, SGT. BRIAN,CA 149;
MULDOON, SGT. BRIAN,CA 152;
MULDOON, SGT. BRIAN,CA 154;
MULDOON, SGT. BRIAN,CA 156;
MULDOON, SGT. BRIAN,CA 157;
MULDOON, SGT. BRIAN,CA 158;
MULDOON, SGT. BRIAN,CA 159;
MULDOON, SGT. BRIAN,CA 242;
MULDOON, TEXAS JACK,CA 201;
MULDOON, TEXAS JACK,CA 202;
MULDOON, TEXAS JACK,CA 203;
MULDOON, TEXAS JACK,M/TU 52;
MULLANY, MIKE,ASM 208;
MULLANY, MIKE,S-W 20;
MULTIPLE MAN DOPPELG,IW 3;
MULTIPLE MAN DOPPELG,IW 4;
MULTIPLE MAN DOPPELG,MK3 43;
MULTIPLE MAN/JAMES A,AF 107;
MULTIPLE MAN/JAMES A,FA 1;
MULTIPLE MAN/JAMES A,FA 2;
MULTIPLE MAN/JAMES A,FA 3;
MULTIPLE MAN/JAMES A,FA 4;
MULTIPLE MAN/JAMES A,FA 5;
MULTIPLE MAN/JAMES A,FA 6;
MULTIPLE MAN/JAMES A,FA 7;
MULTIPLE MAN/JAMES A,FA 8;
MULTIPLE MAN/JAMES A,FF 367;
MULTIPLE MAN/JAMES A,GSFF 4;
MULTIPLE MAN/JAMES A,H2 390;
MULTIPLE MAN/JAMES A,H2 391;
MULTIPLE MAN/JAMES A,H2 392;
MULTIPLE MAN/JAMES A,IW 1;
MULTIPLE MAN/JAMES A,IW 2;
MULTIPLE MAN/JAMES A,IW 3;
MULTIPLE MAN/JAMES A,IW 4;
MULTIPLE MAN/JAMES A,MK3 41;
MULTIPLE MAN/JAMES A,MK3 43;
MULTIPLE MAN/JAMES A,NM 26;
MULTIPLE MAN/JAMES A,NM 27;
MULTIPLE MAN/JAMES A,NW 27;
MULTIPLE MAN/JAMES A,UX 104;
MULTIPLE MAN/JAMES A,UX 119;
MULTIPLE MAN/JAMES A,UX 122;
MULTIPLE MAN/JAMES A,UX 125;
MULTIPLE MAN/JAMES A,UX 126;
MULTIPLE MAN/JAMES A,UX 129;
MULTIPLE MAN/JAMES A,UX 15;
MULTIPLE MAN/JAMES A,UX 278;
MULTIPLE MAN/JAMES A,UX 280;
MULTIPLE MAN/JAMES A,UX 294;
MULTIPLE MAN/JAMES A,UX 295;
MULTIPLE MAN/JAMES A,UX '99;
MULTIPLE MAN/JAMES A,WM2 13;
MULTIPLE MAN/JAMES A,X 14;
MULTIPLE MAN/JAMES A,XF 105;
MULTIPLE MAN/JAMES A,XF 111;
MULTIPLE MAN/JAMES A,XF 146;
MULTIPLE MAN/JAMES A,XF 149;
MULTIPLE MAN/JAMES A,XF 6;
MULTIPLE MAN/JAMES A,XF 69;
MULTIPLE MAN/JAMES A,XF 7;
MULTIPLE MAN/JAMES A,XF 70;
MULTIPLE MAN/JAMES A,XF 71;
MULTIPLE MAN/JAMES A,XF 7/2;
MULTIPLE MAN/JAMES A,XF 72;
MULTIPLE MAN/JAMES A,XF 73;
MULTIPLE MAN/JAMES A,XF 74;
MULTIPLE MAN/JAMES A,XF 75;
MULTIPLE MAN/JAMES A,XF 76;
MULTIPLE MAN/JAMES A,XF 77;
MULTIPLE MAN/JAMES A,XF 78;
MULTIPLE MAN/JAMES A,XF 79;
MULTIPLE MAN/JAMES A,XF 80;
MULTIPLE MAN/JAMES A,XF 81;
MULTIPLE MAN/JAMES A,XF 82;
MULTIPLE MAN/JAMES A,XF 83;
MULTIPLE MAN/JAMES A,XF 84;
MULTIPLE MAN/JAMES A,XF 85;
MULTIPLE MAN/JAMES A,XF 86;
MULTIPLE MAN/JAMES A,XFOR 16;
MULTIPLE MAN/JAMES A,XFOR 17;
MULTIPLE MAN/JAMES A,XU 21;
MUMM, MAX,DD 8;
MUNDY, SHANE,FW 10;
MUNDY, SHANE,FW 9;
MUNIN,A 310;
MUNIN,T 19;
MUNIN,T 381;
MUNIPOOR,DRSTR3 49;
MUNOZ, CARLOS,ASM 351;
MUNROE, DAVID,UX 102;
MUNROE, N'DARE,UX 102;
MUNROE, N'DARE,UX 96;
MUNSON, CLAUDIA,AT:WMB 2;
MUNSON,XU 20;
MURDER,NO2 14;
MURDER,NO2 8;
MURDER,NO2 9;
MURDOCK, BATTLING JA,DD -1;
MURDOCK, BATTLING JA,DD 1;
MURDOCK, BATTLING JA,DD:Y 1;
MURDOCK, MATT | TIME,A:T;
MURDOCK, SISTER MAGG,DD 230;
MURDOCK, SISTER MAGG,DD 233;
MURDOCK, SISTER MAGG,DD2 4;
MURDOCK, SISTER MAGG,DD2 5;
MURDOCK, SISTER MAGG,DD 267;
MURDOCK, SISTER MAGG,DD 348;
MURDOCK, SISTER MAGG,DD 349;
MURDOCK, SISTER MAGG,DD 375;
MURDOCK, SISTER MAGG,DD 380;
MURMUR/,GENX 14;
MURMUR II/ARLETTE TR,AF2 1;
MURMUR II/ARLETTE TR,AF2 10;
MURMUR II/ARLETTE TR,AF2 11;
MURMUR II/ARLETTE TR,AF2 12;
MURMUR II/ARLETTE TR,AF2 13;
MURMUR II/ARLETTE TR,AF2 14;
MURMUR II/ARLETTE TR,AF2 15;
MURMUR II/ARLETTE TR,AF2 16;
MURMUR II/ARLETTE TR,AF2 18;
MURMUR II/ARLETTE TR,AF2 19;
MURMUR II/ARLETTE TR,AF2 2;
MURMUR II/ARLETTE TR,AF2 20;
MURMUR II/ARLETTE TR,AF2 3;
MURMUR II/ARLETTE TR,AF2 4;
MURMUR II/ARLETTE TR,AF2 5;
MURMUR II/ARLETTE TR,AF2 6;
MURMUR II/ARLETTE TR,AF2 7;
MURMUR II/ARLETTE TR,AF2 8;
MURMUR II/ARLETTE TR,AF2 9;
MURMUR II/ARLETTE TR,UX 355;
MURMUR II/ARLETTE TR,W2 142;
MURPHY, JOBOA,FF 24;
MURPHY, MELISSA,UX 356;
MURPHY, MELISSA,UX 357;
MURPHY, SEAN,ASMU 11;
MURRAY, WILLIAM T. B,M/CP 93;
MUSE/SHANNON FITZPAT,ASM 409;
MUSE/SHANNON FITZPAT,PPTSS 231;
MUSE/SHANNON FITZPAT,SENSM 2;
MUSE/SHANNON FITZPAT,S-M 66;
MUSTANG/,W2 116;
MUSTANG/,W2 117;
MUSTANG/,W2 118;
MUTANT MASTER,TB 33;
MUTANT MASTER,UX 37;
MUTANT MASTER,UX 38;
MUTANT MASTER,UX 39;
MUTAURUS,A3 1;
MUTO, JUNZO,IFW 1;
MUTO, JUNZO,IFW 2;
MUTO, JUNZO,IFW 3;
MUTO, JUNZO,IFW 4;
MUTO, JUNZO,NW2 10;
MUTO, JUNZO,NW2 5;
MUTO, JUNZO,NW2 8;
M,UX 316;
M,UX 317;
M,UX 318;
M,UX 325;
M,UX '95;
M,W2 94;
M,X 36;
M,X 37;
M,X 49;
M,XFOR 42;
M,XU 20;
MYCROFT,IM 316;
MYLZOB'RYN, CHIEF,CM4 1;
MYSTERIA/,CA 388;
MYSTERIA/,CA 389;
MYSTERIA/,CA 390;
MYSTERIA/,CA 391;
MYSTERIA/,CA 392;
MYSTERIO II/DANIEL B,ASM 141;
MYSTERIO II/DANIEL B,ASM 142;
MYSTERIO II/DANIEL B,ASM 198;
MYSTERIO II/DANIEL B,ASM2 12;
MYSTERIO II/DANIEL B,ASM2 12/2;
MYSTERIO II/DANIEL B,ASM2 17;
MYSTERIO II/DANIEL B,ASM2 8;
MYSTERIO II/DANIEL B,PPSM2 12;
MYSTERIO II/DANIEL B,PPSM2 17;
MYSTERIO II/DANIEL B,SM:MM 1;
MYSTERIO II/DANIEL B,SM:MM 2;
MYSTERIO II/DANIEL B,SM:MM 3;
MYSTERIO II/DANIEL B,XM 57;
MYSTERIO/QUENTIN BEC,ASM 1;
MYSTERIO/QUENTIN BEC,ASM 13;
MYSTERIO/QUENTIN BEC,ASM 193;
MYSTERIO/QUENTIN BEC,ASM 194;
MYSTERIO/QUENTIN BEC,ASM 196;
MYSTERIO/QUENTIN BEC,ASM 198;
MYSTERIO/QUENTIN BEC,ASM 199;
MYSTERIO/QUENTIN BEC,ASM 2;
MYSTERIO/QUENTIN BEC,ASM 24;
MYSTERIO/QUENTIN BEC,ASM 311;
MYSTERIO/QUENTIN BEC,ASM 335;
MYSTERIO/QUENTIN BEC,ASM 337;
MYSTERIO/QUENTIN BEC,ASM 338;
MYSTERIO/QUENTIN BEC,ASM 339;
MYSTERIO/QUENTIN BEC,ASM 4;
MYSTERIO/QUENTIN BEC,ASM 407;
MYSTERIO/QUENTIN BEC,ASM 408;
MYSTERIO/QUENTIN BEC,ASM 413;
MYSTERIO/QUENTIN BEC,ASM 66;
MYSTERIO/QUENTIN BEC,ASM 67;
MYSTERIO/QUENTIN BEC,ASM:FO 3;
MYSTERIO/QUENTIN BEC,ASMU 9;
MYSTERIO/QUENTIN BEC,DD2 1;
MYSTERIO/QUENTIN BEC,DD2 2;
MYSTERIO/QUENTIN BEC,DD2 3;
MYSTERIO/QUENTIN BEC,DD2 4;
MYSTERIO/QUENTIN BEC,DD2 6;
MYSTERIO/QUENTIN BEC,DD2 7;
MYSTERIO/QUENTIN BEC,DD2 8;
MYSTERIO/QUENTIN BEC,PP 55;
MYSTERIO/QUENTIN BEC,PPTSS 50;
MYSTERIO/QUENTIN BEC,PPTSS 51;
MYSTERIO/QUENTIN BEC,QP 2;
MYSTERIO/QUENTIN BEC,SENSM 0;
MYSTERIO/QUENTIN BEC,SENSM 1;
MYSTERIO/QUENTIN BEC,S-H2 2;
MYSTERIO/QUENTIN BEC,S-H2 3;
MYSTERIO/QUENTIN BEC,S-M 18;
MYSTERIO/QUENTIN BEC,S-M 19;
MYSTERIO/QUENTIN BEC,S-M 20;
MYSTERIO/QUENTIN BEC,S-M 21;
MYSTERIO/QUENTIN BEC,S-M 22;
MYSTERIO/QUENTIN BEC,S-M 23;
MYSTERIO/QUENTIN BEC,S-M 64;
MYSTERIO/QUENTIN BEC,S-M 65;
MYSTERIO/QUENTIN BEC,SM:MM 3;
MYSTERIO/QUENTIN BEC,WOSM 90;
MYSTERIO/QUENTIN BEC,WTS 1;
MYSTERIO/QUENTIN BEC,WTS 2;
MYSTERIUM/DR. JOSEPH,SQS:NWO;
MYSTIQUE | MUTANT X-,MX 10;
MYSTIQUE | MUTANT X-,MX 11;
MYSTIQUE/RAVEN DARKH,A 10;
MYSTIQUE/RAVEN DARKH,A 15;
MYSTIQUE/RAVEN DARKH,AWC 84;
MYSTIQUE/RAVEN DARKH,BSHP2 16;
MYSTIQUE/RAVEN DARKH,CA 333;
MYSTIQUE/RAVEN DARKH,CA 334;
MYSTIQUE/RAVEN DARKH,CA 346;
MYSTIQUE/RAVEN DARKH,CX 44/2;
MYSTIQUE/RAVEN DARKH,DAZZ 22;
MYSTIQUE/RAVEN DARKH,DAZZ 23;
MYSTIQUE/RAVEN DARKH,DAZZ 28;
MYSTIQUE/RAVEN DARKH,GAM3 21;
MYSTIQUE/RAVEN DARKH,H2 369;
MYSTIQUE/RAVEN DARKH,LAKE/DALE FYFE;
MYSTIQUE/RAVEN DARKH,M/CP 41/4;
MYSTIQUE/RAVEN DARKH,M/CP 82/2;
MYSTIQUE/RAVEN DARKH,M/CP 83/2;
MYSTIQUE/RAVEN DARKH,M/CP 84/2;
MYSTIQUE/RAVEN DARKH,M/CP 85/2;
MYSTIQUE/RAVEN DARKH,M/CP 86/2;
MYSTIQUE/RAVEN DARKH,M/CP 87/2;
MYSTIQUE/RAVEN DARKH,M/FAN 40/2;
MYSTIQUE/RAVEN DARKH,M/FAN 60/2;
MYSTIQUE/RAVEN DARKH,M/SH3 11/3;
MYSTIQUE/RAVEN DARKH,M/SH3 2/2;
MYSTIQUE/RAVEN DARKH,MSM 16;
MYSTIQUE/RAVEN DARKH,MSM 17;
MYSTIQUE/RAVEN DARKH,MSM 18;
MYSTIQUE/RAVEN DARKH,NM 65;
MYSTIQUE/RAVEN DARKH,NM 78;
MYSTIQUE/RAVEN DARKH,NM 80;
MYSTIQUE/RAVEN DARKH,NM 82;
MYSTIQUE/RAVEN DARKH,NM 87;
MYSTIQUE/RAVEN DARKH,NM 88;
MYSTIQUE/RAVEN DARKH,ROM 31;
MYSTIQUE/RAVEN DARKH,ROM 32;
MYSTIQUE/RAVEN DARKH,UX 141;
MYSTIQUE/RAVEN DARKH,UX 142;
MYSTIQUE/RAVEN DARKH,UX 158;
MYSTIQUE/RAVEN DARKH,UX 170;
MYSTIQUE/RAVEN DARKH,UX 177;
MYSTIQUE/RAVEN DARKH,UX 178;
MYSTIQUE/RAVEN DARKH,UX 183;
MYSTIQUE/RAVEN DARKH,UX 184;
MYSTIQUE/RAVEN DARKH,UX 185;
MYSTIQUE/RAVEN DARKH,UX 199;
MYSTIQUE/RAVEN DARKH,UX 223;
MYSTIQUE/RAVEN DARKH,UX 224;
MYSTIQUE/RAVEN DARKH,UX 225;
MYSTIQUE/RAVEN DARKH,UX 226;
MYSTIQUE/RAVEN DARKH,UX 227;
MYSTIQUE/RAVEN DARKH,UX 254;
MYSTIQUE/RAVEN DARKH,UX 255;
MYSTIQUE/RAVEN DARKH,UX 266;
MYSTIQUE/RAVEN DARKH,UX 269;
MYSTIQUE/RAVEN DARKH,UX 280;
MYSTIQUE/RAVEN DARKH,UX 289;
MYSTIQUE/RAVEN DARKH,UX 290;
MYSTIQUE/RAVEN DARKH,UX 337;
MYSTIQUE/RAVEN DARKH,UX 359;
MYSTIQUE/RAVEN DARKH,UX 379;
MYSTIQUE/RAVEN DARKH,UX 380;
MYSTIQUE/RAVEN DARKH,UX 388;
MYSTIQUE/RAVEN DARKH,UX 389;
MYSTIQUE/RAVEN DARKH,W2 51;
MYSTIQUE/RAVEN DARKH,W2 52;
MYSTIQUE/RAVEN DARKH,W2 53;
MYSTIQUE/RAVEN DARKH,WCA 1;
MYSTIQUE/RAVEN DARKH,X 104;
MYSTIQUE/RAVEN DARKH,X 105;
MYSTIQUE/RAVEN DARKH,X 106;
MYSTIQUE/RAVEN DARKH,X 108;
MYSTIQUE/RAVEN DARKH,X51 2;
MYSTIQUE/RAVEN DARKH,X 93;
MYSTIQUE/RAVEN DARKH,X 94;
MYSTIQUE/RAVEN DARKH,X 99;
MYSTIQUE/RAVEN DARKH,XF 10;
MYSTIQUE/RAVEN DARKH,XF 108;
MYSTIQUE/RAVEN DARKH,XF 109;
MYSTIQUE/RAVEN DARKH,XF 110;
MYSTIQUE/RAVEN DARKH,XF 112;
MYSTIQUE/RAVEN DARKH,XF 113;
MYSTIQUE/RAVEN DARKH,XF 114;
MYSTIQUE/RAVEN DARKH,XF 115;
MYSTIQUE/RAVEN DARKH,XF 116;
MYSTIQUE/RAVEN DARKH,XF 117;
MYSTIQUE/RAVEN DARKH,XF 119;
MYSTIQUE/RAVEN DARKH,XF 120;
MYSTIQUE/RAVEN DARKH,XF 121;
MYSTIQUE/RAVEN DARKH,XF 122;
MYSTIQUE/RAVEN DARKH,XF 123;
MYSTIQUE/RAVEN DARKH,XF 137;
MYSTIQUE/RAVEN DARKH,XF 138;
MYSTIQUE/RAVEN DARKH,XF 139;
MYSTIQUE/RAVEN DARKH,XF 143;
MYSTIQUE/RAVEN DARKH,XF 144;
MYSTIQUE/RAVEN DARKH,XF 30;
MYSTIQUE/RAVEN DARKH,XF 31;
MYSTIQUE/RAVEN DARKH,XF 33;
MYSTIQUE/RAVEN DARKH,XF 40;
MYSTIQUE/RAVEN DARKH,XF 6/3;
MYSTIQUE/RAVEN DARKH,XF 69;
MYSTIQUE/RAVEN DARKH,XF 70;
MYSTIQUE/RAVEN DARKH,XF 8;
MYSTIQUE/RAVEN DARKH,XF 9;
MYSTIQUE/RAVEN DARKH,XFOR -1;
MYSTIQUE/RAVEN DARKH,XMF 1;
MYSTIQUE/RAVEN DARKH,XMF 2;
MYSTIQUE/RAVEN DARKH,XMF 3;
MYSTIQUE/RAVEN DARKH,XMF 4;
MYSTIQUE/RAVEN DARKH,XMF 5;
MYSTIQUE/RAVEN DARKH,XMF 6;
MYSTIQUE/RAVEN DARKH,X:PRIME;
MYSTIQUE/RAVEN DARKH,XU 4;
NACHT, HERR,N 11;
NACHT, HERR,N 12;
NAGALA,DEF2 7;
NAGAN, DR. ARTHUR,DEF 1;
NAGAN, DR. ARTHUR,DEF 21;
NAGAN, DR. ARTHUR,DEF2 5;
NAGAN, DR. ARTHUR,DEF 31;
NAGAN, DR. ARTHUR,DEF 32;
NAGAN, DR. ARTHUR,DEF 33;
NAGAN, DR. ARTHUR,DEF 35;
NAGAN, DR. ARTHUR,M/CP 97/4;
NAGAN, DR. ARTHUR,MYSTERY TALES 21;
NAGAN, DR. ARTHUR,S-H2 1;
NAGAN, DR. ARTHUR,S-H2 2;
NAGAN, DR. ARTHUR,S-H2 3;
NAGAN, DR. ARTHUR,WOSM 73;
NAGA,SUB-M 10;
NAGA,SUB-M 12;
NAGA,SUB-M 13;
NAHREES [INHUMAN],INH2 10;
NAHREES [INHUMAN],INH2 12;
NAHREES [INHUMAN],INH2 2;
NAHREES [INHUMAN],INH2 3;
NAHREES [INHUMAN],INH2 5;
NAHREES [INHUMAN],INH2 7;
NAHREES [INHUMAN],INH2 8;
NAILS II/JOANIE EATO,CA '00/2;
NAILS/,PUN2 73;
NAILS/,PUN2 74;
NAILS/,PUN2 75;
NAIP, SYNTHIA,SS 4/2;
NAIP, SYNTHIA,XF:PL;
NAKKA,A 336;
NAKKA,A 337;
NAKOTA,DHOLD 1;
NAKOTA,GR3 31;
NAKOTA,MORBIUS 1;
NAKOTA,NS 1;
NAKOTA,SOV 2;
NAKOTA,SOV 3;
NALES, DET. REBECCA,C&D3 1;
NALES, DET. REBECCA,C&D3 10;
NALES, DET. REBECCA,C&D3 11;
NALES, DET. REBECCA,C&D3 12;
NALES, DET. REBECCA,C&D3 13;
NALES, DET. REBECCA,C&D3 14;
NALES, DET. REBECCA,C&D3 15;
NALES, DET. REBECCA,C&D3 16;
NALES, DET. REBECCA,C&D3 17;
NALES, DET. REBECCA,C&D3 18;
NALES, DET. REBECCA,C&D3 19;
NALES, DET. REBECCA,C&D3 2;
NALES, DET. REBECCA,C&D3 3;
NALES, DET. REBECCA,C&D3 7;
NALES, DET. REBECCA,C&D3 8;
NALES, DET. REBECCA,ST2 13;
NALES, DET. REBECCA,ST2 14;
NALES, DET. REBECCA,ST2 15;
NALES, DET. REBECCA,ST2 16;
NALES, DET. REBECCA,ST2 17;
NALES, DET. REBECCA,WOSM 77;
NAMELESS ONE,DD 244;
NAMELESS ONE,DD 310;
NAMELESS ONE II,DRSTR3 41;
NAMORA/AQUARIA NAUTI,M/:LG 2;
NAMORA/AQUARIA NAUTI,M/:LG 3;
NAMORA/AQUARIA NAUTI,N 20;
NAMORA/AQUARIA NAUTI,NW 1/6;
NAMORA/AQUARIA NAUTI,SUB-M 33;
NAMORA/AQUARIA NAUTI,SUB-M 50;
NAMORA/AQUARIA NAUTI,SUB-M 51;
NAMORITA DOPPELGANGE,IW 3;
NAMORITA DOPPELGANGE,IW 4;
NAMORITA DOPPELGANGE,MK3 41;
NAMORITA DOPPELGANGE,MK3 43;
NAMORITA | MUTANT X-,MX '01;
NAMORITA/NITA PRENTI,A 155;
NAMORITA/NITA PRENTI,A 156;
NAMORITA/NITA PRENTI,A 332;
NAMORITA/NITA PRENTI,A 333;
NAMORITA/NITA PRENTI,A 341;
NAMORITA/NITA PRENTI,A 342;
NAMORITA/NITA PRENTI,ASM 26;
NAMORITA/NITA PRENTI,DAMCON3 1;
NAMORITA/NITA PRENTI,DAMCON3 2;
NAMORITA/NITA PRENTI,DEF2 1;
NAMORITA/NITA PRENTI,DEF2 2;
NAMORITA/NITA PRENTI,DEF2 5;
NAMORITA/NITA PRENTI,DEF 5;
NAMORITA/NITA PRENTI,FF '01;
NAMORITA/NITA PRENTI,FF 22;
NAMORITA/NITA PRENTI,FF3 23;
NAMORITA/NITA PRENTI,FF3 27;
NAMORITA/NITA PRENTI,FF3 29;
NAMORITA/NITA PRENTI,FF3 42;
NAMORITA/NITA PRENTI,FF3 43;
NAMORITA/NITA PRENTI,FF3 44;
NAMORITA/NITA PRENTI,FF3 45;
NAMORITA/NITA PRENTI,FF 356;
NAMORITA/NITA PRENTI,FF 367;
NAMORITA/NITA PRENTI,FF 368;
NAMORITA/NITA PRENTI,FF 370;
NAMORITA/NITA PRENTI,IG 2;
NAMORITA/NITA PRENTI,IW 1;
NAMORITA/NITA PRENTI,IW 2;
NAMORITA/NITA PRENTI,IW 3;
NAMORITA/NITA PRENTI,IW 4;
NAMORITA/NITA PRENTI,MAXSEC 3;
NAMORITA/NITA PRENTI,M/CP 12/4;
NAMORITA/NITA PRENTI,MK3 41;
NAMORITA/NITA PRENTI,MK3 43;
NAMORITA/NITA PRENTI,MK3 44;
NAMORITA/NITA PRENTI,M/SH3 10/2;
NAMORITA/NITA PRENTI,MSM 15;
NAMORITA/NITA PRENTI,MSM 16;
NAMORITA/NITA PRENTI,M/TIO 2;
NAMORITA/NITA PRENTI,M/TIO 4;
NAMORITA/NITA PRENTI,M/TIO 74;
NAMORITA/NITA PRENTI,M/TIO 8;
NAMORITA/NITA PRENTI,M/TIO 9;
NAMORITA/NITA PRENTI,M/TU2 11;
NAMORITA/NITA PRENTI,M/TU2 8;
NAMORITA/NITA PRENTI,M/TU2 9;
NAMORITA/NITA PRENTI,N 10;
NAMORITA/NITA PRENTI,N 12;
NAMORITA/NITA PRENTI,N 1/3;
NAMORITA/NITA PRENTI,N 13;
NAMORITA/NITA PRENTI,N 15;
NAMORITA/NITA PRENTI,N 16;
NAMORITA/NITA PRENTI,N 17;
NAMORITA/NITA PRENTI,N 18;
NAMORITA/NITA PRENTI,N 19;
NAMORITA/NITA PRENTI,N 2;
NAMORITA/NITA PRENTI,N 20;
NAMORITA/NITA PRENTI,N 21;
NAMORITA/NITA PRENTI,N 2/3;
NAMORITA/NITA PRENTI,N 23;
NAMORITA/NITA PRENTI,N 25;
NAMORITA/NITA PRENTI,N 26;
NAMORITA/NITA PRENTI,N 27;
NAMORITA/NITA PRENTI,N 28;
NAMORITA/NITA PRENTI,N 29;
NAMORITA/NITA PRENTI,N 3;
NAMORITA/NITA PRENTI,N 31;
NAMORITA/NITA PRENTI,N 32;
NAMORITA/NITA PRENTI,N 33;
NAMORITA/NITA PRENTI,N 4;
NAMORITA/NITA PRENTI,N 5;
NAMORITA/NITA PRENTI,N 6;
NAMORITA/NITA PRENTI,N 8;
NAMORITA/NITA PRENTI,N 9;
NAMORITA/NITA PRENTI,NM 5;
NAMORITA/NITA PRENTI,NM 7;
NAMORITA/NITA PRENTI,NO2 11;
NAMORITA/NITA PRENTI,NO2 12;
NAMORITA/NITA PRENTI,NO2 14;
NAMORITA/NITA PRENTI,NO2 8;
NAMORITA/NITA PRENTI,NT 2;
NAMORITA/NITA PRENTI,NT2 11;
NAMORITA/NITA PRENTI,NT2 12;
NAMORITA/NITA PRENTI,NT2 16;
NAMORITA/NITA PRENTI,NT 3;
NAMORITA/NITA PRENTI,NW 1;
NAMORITA/NITA PRENTI,NW 10;
NAMORITA/NITA PRENTI,NW 14;
NAMORITA/NITA PRENTI,NW 15;
NAMORITA/NITA PRENTI,NW 1/6;
NAMORITA/NITA PRENTI,NW 16;
NAMORITA/NITA PRENTI,NW 17;
NAMORITA/NITA PRENTI,NW 18;
NAMORITA/NITA PRENTI,NW 19;
NAMORITA/NITA PRENTI,NW 2;
NAMORITA/NITA PRENTI,NW 21;
NAMORITA/NITA PRENTI,NW2 1;
NAMORITA/NITA PRENTI,NW2 10;
NAMORITA/NITA PRENTI,NW 22;
NAMORITA/NITA PRENTI,NW2 2;
NAMORITA/NITA PRENTI,NW 23;
NAMORITA/NITA PRENTI,NW2 3;
NAMORITA/NITA PRENTI,NW 24;
NAMORITA/NITA PRENTI,NW2 4;
NAMORITA/NITA PRENTI,NW 25;
NAMORITA/NITA PRENTI,NW2 5;
NAMORITA/NITA PRENTI,NW 26;
NAMORITA/NITA PRENTI,NW2 6;
NAMORITA/NITA PRENTI,NW 2/7;
NAMORITA/NITA PRENTI,NW 27;
NAMORITA/NITA PRENTI,NW2 7;
NAMORITA/NITA PRENTI,NW 28;
NAMORITA/NITA PRENTI,NW2 8;
NAMORITA/NITA PRENTI,NW 29;
NAMORITA/NITA PRENTI,NW2 9;
NAMORITA/NITA PRENTI,NW 3;
NAMORITA/NITA PRENTI,NW 30;
NAMORITA/NITA PRENTI,NW 4;
NAMORITA/NITA PRENTI,NW 47;
NAMORITA/NITA PRENTI,NW 5;
NAMORITA/NITA PRENTI,NW 50;
NAMORITA/NITA PRENTI,NW 51;
NAMORITA/NITA PRENTI,NW 52;
NAMORITA/NITA PRENTI,NW 53;
NAMORITA/NITA PRENTI,NW 54;
NAMORITA/NITA PRENTI,NW 55;
NAMORITA/NITA PRENTI,NW 56;
NAMORITA/NITA PRENTI,NW 58;
NAMORITA/NITA PRENTI,NW 6;
NAMORITA/NITA PRENTI,NW 60;
NAMORITA/NITA PRENTI,NW 62;
NAMORITA/NITA PRENTI,NW 65;
NAMORITA/NITA PRENTI,NW 7;
NAMORITA/NITA PRENTI,NW 74;
NAMORITA/NITA PRENTI,NW 75;
NAMORITA/NITA PRENTI,NW 8;
NAMORITA/NITA PRENTI,NW 9;
NAMORITA/NITA PRENTI,PPTSS 12;
NAMORITA/NITA PRENTI,SS3 124;
NAMORITA/NITA PRENTI,SUB-M 50;
NAMORITA/NITA PRENTI,SUB-M 51;
NAMORITA/NITA PRENTI,SUB-M 52;
NAMORITA/NITA PRENTI,SUB-M 54;
NAMORITA/NITA PRENTI,SUB-M 55;
NAMORITA/NITA PRENTI,SUB-M 57;
NAMORITA/NITA PRENTI,SUB-M 59;
NAMORITA/NITA PRENTI,SUB-M 61;
NAMORITA/NITA PRENTI,SUB-M 62;
NAMORITA/NITA PRENTI,SUB-M 64;
NAMORITA/NITA PRENTI,SUB-M 68;
NAMORITA/NITA PRENTI,SUB-M 70;
NAMORITA/NITA PRENTI,SVTU 7;
NAMORITA/NITA PRENTI,SVTU 8;
NAMORITA/NITA PRENTI,SVTU 9;
NAMORITA/NITA PRENTI,T 411;
NAMORITA/NITA PRENTI,T 412;
NAMORITA/NITA PRENTI,TB 1;
NAMORITA/NITA PRENTI,UX 15;
NAMORITA/NITA PRENTI,W2 149;
NAMORITA/NITA PRENTI,WOSM 75;
NAMORITA/NITA PRENTI,WOSM 8;
NAMORITA/NITA PRENTI,XF 6;
NANABOZHO,DRSTR3 25;
NANNY II,A 299;
NANNY II,A 300;
NANNY II,GENX 4;
NANNY II,UX 247;
NANNY II,UX 248;
NANNY II,UX 265;
NANNY II,UX 266;
NANNY II,UX 267;
NANNY II,XF 34;
NANNY II,XF 35;
NANNY II,XF 40;
NANNY,UX 112;
NANNY,UX 113;
NANNY,UX 347;
NANNY,UX 348;
NANNY,UX 349;
NAPIER, RAMONA DR.,CA 9;
NAPIER, RAMONA DR.,IM3 15;
NAPIER, RAMONA DR.,IM3 16;
NAPIER, RAMONA DR.,IM3 17;
NAPIER, RAMONA DR.,IM3 5;
NARDI,ASM 411;
NARDI,PPTSS 234;
NARDI,S-M 68;
NARDI,S-M 69;
NASH, JOHN JOHNNY TH,T 501;
NASH, SABRINA,T 501;
N'ASTIRH,A 300;
N'ASTIRH,FF 324;
N'ASTIRH,NM 71;
N'ASTIRH,NM 72;
N'ASTIRH,NM 73;
N'ASTIRH,PP 40;
N'ASTIRH,PP 42;
N'ASTIRH,PPTSS 147;
N'ASTIRH,UX 236;
N'ASTIRH,UX 239;
N'ASTIRH,UX 240;
N'ASTIRH,UX 241;
N'ASTIRH,UX 242;
N'ASTIRH,XCAL 6;
N'ASTIRH,XF 32;
N'ASTIRH,XF 34;
N'ASTIRH,XF 36;
N'ASTIRH,XF 37;
N'ASTIRH,XTERM 1;
N'ASTIRH,XTERM 2;
N'ASTIRH,XTERM 3;
N'ASTIRH,XTERM 4;
NAUDA,M/CP 107/2;
NAUDA,M/CP 108/2;
NAUDA,M/CP 109/2;
NAUTILUS,ASMU 6/2;
NAVARRO,JIM 521;
NAZE,UX 184;
NAZE,UX 222;
NAZE,UX 223;
NAZE,UX 262;
NAZE,XF 115;
NAZE,XF 117;
NAZE,XF 118;
NAZE,XF 120;
NAZE,XF 121;
NAZE,XF 122;
N'DELE,A3 1;
NEBULA,A 257;
NEBULA,A 258;
NEBULA,A 259;
NEBULA,A 260;
NEBULA,A 311;
NEBULA,A 314;
NEBULA,A 315;
NEBULA,A 316;
NEBULA,A 317;
NEBULA,A 318;
NEBULA,AWC 48;
NEBULA,IG 1;
NEBULA,IG 2;
NEBULA,IG 3;
NEBULA,IG 4;
NEBULA,IG 5;
NEBULA,IG 6;
NEBULA,SS3 110;
NEBULA,SS3 38;
NEBULA,SS3 45;
NEBULA,SS3 67;
NEBULA,SS3 69;
NEBULA,SS3 70;
NEBULA,SS3 71;
NEBULA,SS3 72;
NEBULA,SS3 73;
NEBULA,SS3 74;
NEBULA,SS 5/3;
NEBULO,AR 1;
NEBULO,FF 401;
NEBULO,H 1;
NEBULO,H2 119;
NEBULO,H2 120;
NEBULON,A 11;
NEBULON,A 353;
NEBULON,A 354;
NEBULON,DEF 1;
NEBULON,DEF 13;
NEBULON,DEF 14;
NEBULON,DEF 33;
NEBULON,DEF 34;
NEBULON,DEF 35;
NEBULON,DEF 36;
NEBULON,DEF 37;
NEBULON,DEF 38;
NEBULON,DEF 93;
NECRODAMUS,A 128;
NECRODAMUS,A 353;
NECRODAMUS,A 354;
NECRODAMUS,DEF 1;
NECRODAMUS,FF 323;
NECRODAMUS,FF 324;
NECRODAMUS,M/TU 130;
NECROMANCER/DR. STEP,DRSTR3 46;
NECROMANCER/DR. STEP,DRSTR3 47;
NECROM,XCAL 46;
NECROM,XCAL 48;
NECROM,XCAL 49;
NECROM,XCAL 50;
NECROM,XCAL 51;
NEDDA,MK 10;
NEDDA,MK 13;
NEDDA,MK 3;
NEDDA,MK4 2;
NEDDA,MK 9;
NEEDLE,AWC 76;
NEEDLE,AWC 77;
NEEDLE,AWC 78;
NEEDLE,AWC 79;
NEEDLE,CA 330;
NEEDLE,CA 331;
NEEDLE,SOLOA 3/2;
NEEDLE,S-W 9;
NEEDLE,WCA2 40;
NEFFETHESK,T2 29;
NEFFETHESK,T2 30;
NEFFETHESK,T2 39;
NEIFI [INHUMAN],INH2 10;
NEIFI [INHUMAN],INH2 12;
NEIFI [INHUMAN],INH2 2;
NEIFI [INHUMAN],INH2 6;
NEIFI [INHUMAN],INH2 7;
NEIFI [INHUMAN],INH2 8;
NEKOBAH, ROMAN,DAZZ 29;
NEKOBAH, ROMAN,DAZZ 30;
NEKOBAH, ROMAN,DAZZ 32;
NEKOBAH, ROMAN,DAZZ 33;
NEKOBAH, ROMAN,M/GN 12;
NEKRA/ADRIENNE HATRO,AF 79;
NEKRA/ADRIENNE HATRO,AF 80;
NEKRA/ADRIENNE HATRO,ASPOT 29/2;
NEKRA/ADRIENNE HATRO,AWC 65;
NEKRA/ADRIENNE HATRO,DD 109;
NEKRA/ADRIENNE HATRO,DD 110;
NEKRA/ADRIENNE HATRO,DD 111;
NEKRA/ADRIENNE HATRO,DD 112;
NEKRA/ADRIENNE HATRO,M/TIO 3;
NEKRA/ADRIENNE HATRO,SSD 5;
NEKRA/ADRIENNE HATRO,S-W 15;
NEKRA/ADRIENNE HATRO,S-W 16;
NEKRA/ADRIENNE HATRO,S-W 50;
NEKRA/ADRIENNE HATRO,V&SW2 1;
NEKRA/ADRIENNE HATRO,V&SW2 12;
NEKRA/ADRIENNE HATRO,V&SW2 2;
NEKRA/ADRIENNE HATRO,WCA2 2;
NEKRA/ADRIENNE HATRO,WOSM 46;
NELIT,A 393;
NELSON, CANDACE,DD 108;
NELSON, CANDACE,DD 109;
NELSON, CANDACE,DD 111;
NELSON, CANDACE,DD 113;
NELSON, CANDACE,DD 114;
NELSON, CANDACE,DD 115;
NELSON, CANDACE,DD 116;
NELSON, CANDACE,DD 117;
NELSON, CANDACE,DD 119;
NELSON, CANDACE,DD 122;
NELSON, CANDACE,DD 130;
NELSON, CANDACE,DD 166;
NELSON, CANDACE,DD2 8;
NELSON, CANDACE,DD 371;
NELSON, CANDACE,DD 373;
NELSON, CANDACE,DD 374;
NELSON, CANDACE,DD 375;
NELSON, CANDACE,M/TIO 3;
NELSON, DEBBIE HARRI,DD 10;
NELSON, DEBBIE HARRI,DD 108;
NELSON, DEBBIE HARRI,DD 11;
NELSON, DEBBIE HARRI,DD 120;
NELSON, DEBBIE HARRI,DD 121;
NELSON, DEBBIE HARRI,DD 122;
NELSON, DEBBIE HARRI,DD 141;
NELSON, DEBBIE HARRI,DD 147;
NELSON, DEBBIE HARRI,DD 149;
NELSON, DEBBIE HARRI,DD 150;
NELSON, DEBBIE HARRI,DD 152;
NELSON, DEBBIE HARRI,DD 157;
NELSON, DEBBIE HARRI,DD 158;
NELSON, DEBBIE HARRI,DD 160;
NELSON, DEBBIE HARRI,DD 166;
NELSON, DEBBIE HARRI,DD 173;
NELSON, DEBBIE HARRI,DD 175;
NELSON, DEBBIE HARRI,DD 182;
NELSON, DEBBIE HARRI,DD 197;
NELSON, DEBBIE HARRI,DD 198;
NELSON, DEBBIE HARRI,DD 204;
NELSON, DEBBIE HARRI,DD 206;
NELSON, DEBBIE HARRI,DD 207;
NELSON, DEBBIE HARRI,DD 209;
NELSON, DEBBIE HARRI,DD 210;
NELSON, DEBBIE HARRI,DD 211;
NELSON, DEBBIE HARRI,DD 212;
NELSON, DEBBIE HARRI,DD 213;
NELSON, DEBBIE HARRI,DD 214;
NELSON, DEBBIE HARRI,DD 222;
NELSON, DEBBIE HARRI,DD 36;
NELSON, DEBBIE HARRI,DD 38;
NELSON, DEBBIE HARRI,DD 39;
NELSON, DEBBIE HARRI,DD 40;
NELSON, DEBBIE HARRI,DD 41;
NELSON, DEBBIE HARRI,DD 42;
NELSON, DEBBIE HARRI,DD 43;
NELSON, DEBBIE HARRI,DD 44;
NELSON, DEBBIE HARRI,DD 45;
NELSON, DEBBIE HARRI,DD 46;
NELSON, DEBBIE HARRI,DD 48;
NELSON, DEBBIE HARRI,DD 56;
NELSON, DEBBIE HARRI,DD 58;
NELSON, DEBBIE HARRI,DD 60;
NELSON, DEBBIE HARRI,M/FAN 1/2;
NELSON, FRANKLIN FOG,A3 26;
NELSON, FRANKLIN FOG,ASM 16;
NELSON, FRANKLIN FOG,ASM 218;
NELSON, FRANKLIN FOG,ASM 42;
NELSON, FRANKLIN FOG,ASM 429;
NELSON, FRANKLIN FOG,ASM 43;
NELSON, FRANKLIN FOG,ASM 438;
NELSON, FRANKLIN FOG,ASM 65;
NELSON, FRANKLIN FOG,ASMU 13;
NELSON, FRANKLIN FOG,CA 234;
NELSON, FRANKLIN FOG,DD -1;
NELSON, FRANKLIN FOG,DD 1;
NELSON, FRANKLIN FOG,DD 10;
NELSON, FRANKLIN FOG,DD 108;
NELSON, FRANKLIN FOG,DD 109;
NELSON, FRANKLIN FOG,DD 11;
NELSON, FRANKLIN FOG,DD 111;
NELSON, FRANKLIN FOG,DD 112;
NELSON, FRANKLIN FOG,DD 113;
NELSON, FRANKLIN FOG,DD 114;
NELSON, FRANKLIN FOG,DD 115;
NELSON, FRANKLIN FOG,DD 116;
NELSON, FRANKLIN FOG,DD 117;
NELSON, FRANKLIN FOG,DD 118;
NELSON, FRANKLIN FOG,DD 119;
NELSON, FRANKLIN FOG,DD 12;
NELSON, FRANKLIN FOG,DD 120;
NELSON, FRANKLIN FOG,DD 121;
NELSON, FRANKLIN FOG,DD 122;
NELSON, FRANKLIN FOG,DD 123;
NELSON, FRANKLIN FOG,DD 124;
NELSON, FRANKLIN FOG,DD 125;
NELSON, FRANKLIN FOG,DD 126;
NELSON, FRANKLIN FOG,DD 127;
NELSON, FRANKLIN FOG,DD 128;
NELSON, FRANKLIN FOG,DD 129;
NELSON, FRANKLIN FOG,DD 13;
NELSON, FRANKLIN FOG,DD 130;
NELSON, FRANKLIN FOG,DD 131;
NELSON, FRANKLIN FOG,DD 132;
NELSON, FRANKLIN FOG,DD 134;
NELSON, FRANKLIN FOG,DD 135;
NELSON, FRANKLIN FOG,DD 136;
NELSON, FRANKLIN FOG,DD 137;
NELSON, FRANKLIN FOG,DD 138;
NELSON, FRANKLIN FOG,DD 14;
NELSON, FRANKLIN FOG,DD 141;
NELSON, FRANKLIN FOG,DD 142;
NELSON, FRANKLIN FOG,DD 143;
NELSON, FRANKLIN FOG,DD 144;
NELSON, FRANKLIN FOG,DD 145;
NELSON, FRANKLIN FOG,DD 146;
NELSON, FRANKLIN FOG,DD 147;
NELSON, FRANKLIN FOG,DD 148;
NELSON, FRANKLIN FOG,DD 149;
NELSON, FRANKLIN FOG,DD 15;
NELSON, FRANKLIN FOG,DD 151;
NELSON, FRANKLIN FOG,DD 152;
NELSON, FRANKLIN FOG,DD 153;
NELSON, FRANKLIN FOG,DD 155;
NELSON, FRANKLIN FOG,DD 157;
NELSON, FRANKLIN FOG,DD 158;
NELSON, FRANKLIN FOG,DD 159;
NELSON, FRANKLIN FOG,DD 16;
NELSON, FRANKLIN FOG,DD 160;
NELSON, FRANKLIN FOG,DD 163;
NELSON, FRANKLIN FOG,DD 165;
NELSON, FRANKLIN FOG,DD 166;
NELSON, FRANKLIN FOG,DD 168;
NELSON, FRANKLIN FOG,DD 169;
NELSON, FRANKLIN FOG,DD 17;
NELSON, FRANKLIN FOG,DD 170;
NELSON, FRANKLIN FOG,DD 171;
NELSON, FRANKLIN FOG,DD 173;
NELSON, FRANKLIN FOG,DD 174;
NELSON, FRANKLIN FOG,DD 175;
NELSON, FRANKLIN FOG,DD 177;
NELSON, FRANKLIN FOG,DD 178;
NELSON, FRANKLIN FOG,DD 18;
NELSON, FRANKLIN FOG,DD 180;
NELSON, FRANKLIN FOG,DD 181;
NELSON, FRANKLIN FOG,DD 182;
NELSON, FRANKLIN FOG,DD 184;
NELSON, FRANKLIN FOG,DD 185;
NELSON, FRANKLIN FOG,DD 186;
NELSON, FRANKLIN FOG,DD 188;
NELSON, FRANKLIN FOG,DD 189;
NELSON, FRANKLIN FOG,DD 19;
NELSON, FRANKLIN FOG,DD 192;
NELSON, FRANKLIN FOG,DD 194;
NELSON, FRANKLIN FOG,DD 195;
NELSON, FRANKLIN FOG,DD 197;
NELSON, FRANKLIN FOG,DD 198;
NELSON, FRANKLIN FOG,DD 20;
NELSON, FRANKLIN FOG,DD 200;
NELSON, FRANKLIN FOG,DD 201;
NELSON, FRANKLIN FOG,DD 202;
NELSON, FRANKLIN FOG,DD 203;
NELSON, FRANKLIN FOG,DD 204;
NELSON, FRANKLIN FOG,DD 205;
NELSON, FRANKLIN FOG,DD 206;
NELSON, FRANKLIN FOG,DD 207;
NELSON, FRANKLIN FOG,DD 209;
NELSON, FRANKLIN FOG,DD2 1;
NELSON, FRANKLIN FOG,DD 210;
NELSON, FRANKLIN FOG,DD2 10;
NELSON, FRANKLIN FOG,DD 211;
NELSON, FRANKLIN FOG,DD2 11;
NELSON, FRANKLIN FOG,DD 212;
NELSON, FRANKLIN FOG,DD 213;
NELSON, FRANKLIN FOG,DD2 13;
NELSON, FRANKLIN FOG,DD 214;
NELSON, FRANKLIN FOG,DD2 14;
NELSON, FRANKLIN FOG,DD 215;
NELSON, FRANKLIN FOG,DD 216;
NELSON, FRANKLIN FOG,DD 217;
NELSON, FRANKLIN FOG,DD 218;
NELSON, FRANKLIN FOG,DD2 18;
NELSON, FRANKLIN FOG,DD 22;
NELSON, FRANKLIN FOG,DD2 2;
NELSON, FRANKLIN FOG,DD 220;
NELSON, FRANKLIN FOG,DD 221;
NELSON, FRANKLIN FOG,DD 222;
NELSON, FRANKLIN FOG,DD 223;
NELSON, FRANKLIN FOG,DD 225;
NELSON, FRANKLIN FOG,DD 226;
NELSON, FRANKLIN FOG,DD 227;
NELSON, FRANKLIN FOG,DD 228;
NELSON, FRANKLIN FOG,DD 229;
NELSON, FRANKLIN FOG,DD 23;
NELSON, FRANKLIN FOG,DD2 3;
NELSON, FRANKLIN FOG,DD 230;
NELSON, FRANKLIN FOG,DD 231;
NELSON, FRANKLIN FOG,DD 232;
NELSON, FRANKLIN FOG,DD 233;
NELSON, FRANKLIN FOG,DD 24;
NELSON, FRANKLIN FOG,DD 248;
NELSON, FRANKLIN FOG,DD 25;
NELSON, FRANKLIN FOG,DD 250;
NELSON, FRANKLIN FOG,DD 251;
NELSON, FRANKLIN FOG,DD 255;
NELSON, FRANKLIN FOG,DD 256;
NELSON, FRANKLIN FOG,DD 26;
NELSON, FRANKLIN FOG,DD 27;
NELSON, FRANKLIN FOG,DD 28;
NELSON, FRANKLIN FOG,DD2 8;
NELSON, FRANKLIN FOG,DD 287;
NELSON, FRANKLIN FOG,DD 29;
NELSON, FRANKLIN FOG,DD2 9;
NELSON, FRANKLIN FOG,DD 290;
NELSON, FRANKLIN FOG,DD 291;
NELSON, FRANKLIN FOG,DD 292;
NELSON, FRANKLIN FOG,DD 294;
NELSON, FRANKLIN FOG,DD 297;
NELSON, FRANKLIN FOG,DD 3;
NELSON, FRANKLIN FOG,DD 30;
NELSON, FRANKLIN FOG,DD 301;
NELSON, FRANKLIN FOG,DD 303;
NELSON, FRANKLIN FOG,DD 306;
NELSON, FRANKLIN FOG,DD 307;
NELSON, FRANKLIN FOG,DD 308;
NELSON, FRANKLIN FOG,DD 31;
NELSON, FRANKLIN FOG,DD 311;
NELSON, FRANKLIN FOG,DD 32;
NELSON, FRANKLIN FOG,DD 33;
NELSON, FRANKLIN FOG,DD 330;
NELSON, FRANKLIN FOG,DD 339;
NELSON, FRANKLIN FOG,DD 34;
NELSON, FRANKLIN FOG,DD 341;
NELSON, FRANKLIN FOG,DD 342;
NELSON, FRANKLIN FOG,DD 345;
NELSON, FRANKLIN FOG,DD 346;
NELSON, FRANKLIN FOG,DD 347;
NELSON, FRANKLIN FOG,DD 348;
NELSON, FRANKLIN FOG,DD 349;
NELSON, FRANKLIN FOG,DD 35;
NELSON, FRANKLIN FOG,DD 352;
NELSON, FRANKLIN FOG,DD 353;
NELSON, FRANKLIN FOG,DD 355;
NELSON, FRANKLIN FOG,DD 357;
NELSON, FRANKLIN FOG,DD 358;
NELSON, FRANKLIN FOG,DD 359;
NELSON, FRANKLIN FOG,DD 36;
NELSON, FRANKLIN FOG,DD 362;
NELSON, FRANKLIN FOG,DD 363;
NELSON, FRANKLIN FOG,DD 364;
NELSON, FRANKLIN FOG,DD 366;
NELSON, FRANKLIN FOG,DD 368;
NELSON, FRANKLIN FOG,DD 370;
NELSON, FRANKLIN FOG,DD 371;
NELSON, FRANKLIN FOG,DD 373;
NELSON, FRANKLIN FOG,DD 374;
NELSON, FRANKLIN FOG,DD 375;
NELSON, FRANKLIN FOG,DD 377;
NELSON, FRANKLIN FOG,DD 378;
NELSON, FRANKLIN FOG,DD 379;
NELSON, FRANKLIN FOG,DD 38;
NELSON, FRANKLIN FOG,DD 380;
NELSON, FRANKLIN FOG,DD 39;
NELSON, FRANKLIN FOG,DD 4;
NELSON, FRANKLIN FOG,DD 40;
NELSON, FRANKLIN FOG,DD 41;
NELSON, FRANKLIN FOG,DD 42;
NELSON, FRANKLIN FOG,DD 43;
NELSON, FRANKLIN FOG,DD 44;
NELSON, FRANKLIN FOG,DD 45;
NELSON, FRANKLIN FOG,DD 46;
NELSON, FRANKLIN FOG,DD 48;
NELSON, FRANKLIN FOG,DD 5;
NELSON, FRANKLIN FOG,DD 50;
NELSON, FRANKLIN FOG,DD 51;
NELSON, FRANKLIN FOG,DD 52;
NELSON, FRANKLIN FOG,DD 53;
NELSON, FRANKLIN FOG,DD 54;
NELSON, FRANKLIN FOG,DD 55;
NELSON, FRANKLIN FOG,DD 56;
NELSON, FRANKLIN FOG,DD 57;
NELSON, FRANKLIN FOG,DD 58;
NELSON, FRANKLIN FOG,DD 59;
NELSON, FRANKLIN FOG,DD 6;
NELSON, FRANKLIN FOG,DD 60;
NELSON, FRANKLIN FOG,DD 61;
NELSON, FRANKLIN FOG,DD 62;
NELSON, FRANKLIN FOG,DD 63;
NELSON, FRANKLIN FOG,DD 64;
NELSON, FRANKLIN FOG,DD 67;
NELSON, FRANKLIN FOG,DD 68;
NELSON, FRANKLIN FOG,DD 7;
NELSON, FRANKLIN FOG,DD 70;
NELSON, FRANKLIN FOG,DD 71;
NELSON, FRANKLIN FOG,DD 74;
NELSON, FRANKLIN FOG,DD 75;
NELSON, FRANKLIN FOG,DD 76;
NELSON, FRANKLIN FOG,DD 77;
NELSON, FRANKLIN FOG,DD 78;
NELSON, FRANKLIN FOG,DD 79;
NELSON, FRANKLIN FOG,DD 8;
NELSON, FRANKLIN FOG,DD 81;
NELSON, FRANKLIN FOG,DD 82;
NELSON, FRANKLIN FOG,DD 83;
NELSON, FRANKLIN FOG,DD 84;
NELSON, FRANKLIN FOG,DD 85;
NELSON, FRANKLIN FOG,DD 86;
NELSON, FRANKLIN FOG,DD 9;
NELSON, FRANKLIN FOG,DD '97;
NELSON, FRANKLIN FOG,DD/SM 2;
NELSON, FRANKLIN FOG,DD:Y 1;
NELSON, FRANKLIN FOG,DD:Y 2;
NELSON, FRANKLIN FOG,FF 3;
NELSON, FRANKLIN FOG,FF3 35;
NELSON, FRANKLIN FOG,H2 279;
NELSON, FRANKLIN FOG,HFH 1;
NELSON, FRANKLIN FOG,IM3 1;
NELSON, FRANKLIN FOG,IM 327;
NELSON, FRANKLIN FOG,IM 35;
NELSON, FRANKLIN FOG,KZ4 15;
NELSON, FRANKLIN FOG,KZ4 17;
NELSON, FRANKLIN FOG,MARVELS 4;
NELSON, FRANKLIN FOG,M/FAN 1/2;
NELSON, FRANKLIN FOG,M/FAN 27;
NELSON, FRANKLIN FOG,M/TIO 37;
NELSON, FRANKLIN FOG,M/TIO 38;
NELSON, FRANKLIN FOG,M/TU 107;
NELSON, FRANKLIN FOG,M/TU 141;
NELSON, FRANKLIN FOG,M/TU 25;
NELSON, FRANKLIN FOG,NW 21;
NELSON, FRANKLIN FOG,NW 22;
NELSON, FRANKLIN FOG,NW 23;
NELSON, FRANKLIN FOG,NW 24;
NELSON, FRANKLIN FOG,NW 25;
NELSON, FRANKLIN FOG,OE 6;
NELSON, FRANKLIN FOG,O:MU;
NELSON, FRANKLIN FOG,PM&IF 77;
NELSON, FRANKLIN FOG,PPTSS 240;
NELSON, FRANKLIN FOG,PPTSS 242;
NELSON, FRANKLIN FOG,PPTSS 250;
NELSON, FRANKLIN FOG,S-M 75;
NELSON, FRANKLIN FOG,UX 46;
NEMESIS,AF 115;
NEMESIS,AF 84;
NEMESIS,AF 85;
NEMESIS,AF 86;
NEMESIS,AF 87;
NEMESIS,AF 88;
NEMESIS,AF 89;
NEMESIS,AF 90;
NEOPHYTE/,UX 366;
NEOPHYTE/,UX 367;
NEOPHYTE/,UX 379;
NEOPHYTE/,X 86;
NEOPHYTE/,X:MW 1;
NEPHRI,ROA 1;
NEPHRI,ROA 2;
NEPHRI,ROA 4;
NEPTUNE [OLYMPIAN],A 282;
NEPTUNE [OLYMPIAN],A 285;
NEPTUNE [OLYMPIAN],M/FAN 16/2;
NEPTUNE [OLYMPIAN],N 2;
NEPTUNE [OLYMPIAN],N 37;
NEPTUNE [OLYMPIAN],SUB-M 17;
NEPTUNE [OLYMPIAN],SUB-M 68;
NEPTUNE [OLYMPIAN],TTA 70;
NEPTUNE [OLYMPIAN],TTA 71;
NEPTUNE [OLYMPIAN],TTA 75;
NEPTUNIUM,TB 8;
NEREEL,CX 21/2;
NEREEL,UX 114;
NEREEL,UX 115;
NEREEL,UX 12;
NEREEL,UX 250;
NEREEL,UX 275;
NEREEL,XU 6;
NESTOR,QS 12;
NESTOR,QS 13;
NESTOR,QS 8;
NETTLES,XU 20;
NETWORK NINA,NF3 10;
NETWORK NINA,NF3 12;
NETWORK NINA,NF3 13;
NETWORK NINA,NF3 14;
NETWORK NINA,NF3 15;
NETWORK NINA,NF3 16;
NETWORK NINA,NF3 17;
NETWORK NINA,NF3 18;
NETWORK NINA,NF3 19;
NETWORK NINA,NF3 2;
NETWORK NINA,NF3 20;
NETWORK NINA,NF3 22;
NETWORK NINA,NF3 23;
NETWORK NINA,NF3 25;
NETWORK NINA,NF3 26;
NETWORK NINA,NF3 27;
NETWORK NINA,NF3 28;
NETWORK NINA,NF3 29;
NETWORK NINA,NF3 3;
NETWORK NINA,NF3 30;
NETWORK NINA,NF3 4;
NETWORK NINA,NF3 5;
NETWORK NINA,NF3 6;
NETWORK NINA,NF3 7;
NETWORK NINA,NF3 8;
NETWORK NINA,NF3 9;
NETWORK NINA,P:POV 2;
NETWORK NINA,P:POV 3;
NETWORK NINA,P:POV 4;
NEUROTAP/MICHELLE BA,XFOR '99;
NEUT,A 391;
NEUT,A 394;
NEUT,IM 322;
NEUTRON,AWC 81;
NEUTRON,Q 33;
NEUTRON,UX 387;
NEVILLE, KATE,DD 298;
NEVILLE, KATE,NF3 1;
NEVILLE, KATE,NF3 12;
NEVILLE, KATE,NF3 13;
NEVILLE, KATE,NF3 14;
NEVILLE, KATE,NF3 15;
NEVILLE, KATE,NF3 16;
NEVILLE, KATE,NF3 17;
NEVILLE, KATE,NF3 18;
NEVILLE, KATE,NF3 19;
NEVILLE, KATE,NF3 2;
NEVILLE, KATE,NF3 20;
NEVILLE, KATE,NF3 22;
NEVILLE, KATE,NF3 25;
NEVILLE, KATE,NF3 26;
NEVILLE, KATE,NF3 27;
NEVILLE, KATE,NF3 3;
NEVILLE, KATE,NF3 30;
NEVILLE, KATE,NF3 31;
NEVILLE, KATE,NF3 4;
NEVILLE, KATE,NF3 42;
NEVILLE, KATE,NF3 5;
NEVILLE, KATE,NF3 6;
NEVILLE, KATE,NF3 7;
NEVILLE, KATE,NF3 8;
NEVILLE, KATE,NF3 9;
NEVILLE, KATE,NFV.S 4;
NEVILLE, KATE,NFV.S 5;
NEVILLE, KATE,NFV.S 6;
NEWELL, DIANE ARLISS,A 262;
NEWELL, DIANE ARLISS,FFU 11/2;
NEWELL, DIANE ARLISS,M/CP 53/3;
NEWELL, DIANE ARLISS,M/CP 54/3;
NEWELL, DIANE ARLISS,M/CP 55/3;
NEWELL, DIANE ARLISS,M/CP 56/3;
NEWELL, DIANE ARLISS,M/TIO 74;
NEWELL, DIANE ARLISS,N 4;
NEWELL, DIANE ARLISS,N 54;
NEWELL, DIANE ARLISS,N 55;
NEWELL, DIANE ARLISS,SUB-M 15;
NEWELL, DIANE ARLISS,SUB-M 19;
NEWELL, DIANE ARLISS,SUB-M 21;
NEWELL, DIANE ARLISS,SUB-M 25;
NEWELL, DIANE ARLISS,SUB-M 26;
NEWELL, DIANE ARLISS,SUB-M 27;
NEWELL, DIANE ARLISS,SUB-M 28;
NEWELL, DIANE ARLISS,SUB-M 29;
NEWELL, DIANE ARLISS,SUB-M 31;
NEWELL, DIANE ARLISS,SUB-M 36;
NEWELL, DIANE ARLISS,SUB-M 39;
NEWELL, DIANE ARLISS,SUB-M 41;
NEWELL, DIANE ARLISS,SUB-M 42;
NEWELL, DIANE ARLISS,SUB-M 43;
NEWELL, DIANE ARLISS,SUB-M 44;
NEWELL, DIANE ARLISS,SUB-M 45;
NEWELL, DIANE ARLISS,SUB-M 46;
NEWELL, DIANE ARLISS,SUB-M 47;
NEWELL, DIANE ARLISS,SUB-M 5;
NEWELL, DIANE ARLISS,SUB-M 6;
NEWELL, DIANE ARLISS,SUB-M 7;
NEWELL, DIANE ARLISS,SUB-M 8;
NEWMARK, LOTUS,ASPOT 30;
NEWMARK, LOTUS,ASPOT 31;
NEWMARK, LOTUS,ASPOT 32;
NEWMARK, LOTUS,ASPOT 33;
NEWMARK, LOTUS,ASPOT 34;
NEWMARK, LOTUS,ASPOT 35;
NEWMARK, LOTUS,ASPOT 36;
NEWMARK, LOTUS,AT:WMB 1;
NEWMARK, LOTUS,AT:WMB 2;
NEWMARK, LOTUS,NT 2;
NEWMARK, LOTUS,WM2 10;
NEWMARK, LOTUS,WM2 11;
NEWMARK, LOTUS,WM2 13;
NEWMARK, LOTUS,WM2 16;
NEWMARK, LOTUS,WM2 17;
NEWMARK, LOTUS,WM2 18;
NEWMARK, LOTUS,WM2 4;
NEWMARK, LOTUS,WM2 6;
NEW SUN,GAM3 '00;
NEW SUN,GAM3 19;
NEW SUN,GAM3 21;
NEW SUN,GAM3 22;
NEW SUN,GAM3 23;
NEW SUN,GAM3 24;
NEZARR,A 339;
NEZARR,E 10;
NEZARR,E 11;
NEZARR,E 7;
NEZARR,E 9;
NEZARR,FF 23;
NEZARR,HR:R 4;
NEZARR,T 284;
NEZARR,T 300;
NEZARR,T 424;
NEZARR,WI 23/2;
N'GAMI,NF3 15;
N'GAMI,NF3 16;
N'GAMI,NF3 17;
N'GAMI,NF3 18;
N'GAMI,NF3 19;
N'GAMO,BP3 33;
N'GASSI,C2 54;
NHU'ABDAR,X:HY 3;
NHU'ABDAR,X:HY 4;
NICHOLS, LORNA,T 496;
NICHOLS, TOM,PUN3 2;
NICHOLS, TOM,PUN3 3;
NICKEL,TB 7;
NICODEMUS,DEF 53/2;
NICODEMUS II,GAM3 14;
NICODEMUS II,XFOR 10;
NICODEMUS,M/FAN 5;
NIELS,M/SH3 5/3;
NIELS,M/SH3 6/4;
NIELS,NW 1/4;
NIELS,NW 3;
NIELS,NW 66;
NIELS,NW 67;
NIELS,NW 68;
NIELS,NW 71;
NIELS,NW 73;
NIGHT,C&D3 12;
NIGHT,C&D3 13;
NIGHTCRAWLER 2013,PHOENIX 1;
NIGHTCRAWLER 2013,XU 188;
NIGHTCRAWLER/KURT WA,A 10;
NIGHTCRAWLER/KURT WA,A3 10;
NIGHTCRAWLER/KURT WA,ASM 161;
NIGHTCRAWLER/KURT WA,ASM 162;
NIGHTCRAWLER/KURT WA,BIZADV 27/3;
NIGHTCRAWLER/KURT WA,C2 88;
NIGHTCRAWLER/KURT WA,COC 1;
NIGHTCRAWLER/KURT WA,CRYS 6;
NIGHTCRAWLER/KURT WA,CX 1;
NIGHTCRAWLER/KURT WA,CX 12;
NIGHTCRAWLER/KURT WA,CX 13;
NIGHTCRAWLER/KURT WA,CX 14;
NIGHTCRAWLER/KURT WA,CX 15;
NIGHTCRAWLER/KURT WA,CX 17/2;
NIGHTCRAWLER/KURT WA,CX 18;
NIGHTCRAWLER/KURT WA,CX 18/2;
NIGHTCRAWLER/KURT WA,CX 19;
NIGHTCRAWLER/KURT WA,CX 2;
NIGHTCRAWLER/KURT WA,CX 20;
NIGHTCRAWLER/KURT WA,CX 21/2;
NIGHTCRAWLER/KURT WA,CX 22/2;
NIGHTCRAWLER/KURT WA,CX 23;
NIGHTCRAWLER/KURT WA,CX 23/2;
NIGHTCRAWLER/KURT WA,CX 26/2;
NIGHTCRAWLER/KURT WA,CX 28/2;
NIGHTCRAWLER/KURT WA,CX 3;
NIGHTCRAWLER/KURT WA,CX 3/2;
NIGHTCRAWLER/KURT WA,CX 32;
NIGHTCRAWLER/KURT WA,CX 4;
NIGHTCRAWLER/KURT WA,CX 40/2;
NIGHTCRAWLER/KURT WA,CX 4/2;
NIGHTCRAWLER/KURT WA,CX 6;
NIGHTCRAWLER/KURT WA,CX 7;
NIGHTCRAWLER/KURT WA,CX 8/2;
NIGHTCRAWLER/KURT WA,CX 9;
NIGHTCRAWLER/KURT WA,CX 9/2;
NIGHTCRAWLER/KURT WA,DAMCON 4;
NIGHTCRAWLER/KURT WA,DAZZ 1;
NIGHTCRAWLER/KURT WA,DAZZ 2;
NIGHTCRAWLER/KURT WA,DAZZ 38;
NIGHTCRAWLER/KURT WA,FFV.X 1;
NIGHTCRAWLER/KURT WA,FFV.X 2;
NIGHTCRAWLER/KURT WA,FFV.X 3;
NIGHTCRAWLER/KURT WA,FFV.X 4;
NIGHTCRAWLER/KURT WA,FS 1;
NIGHTCRAWLER/KURT WA,FS 2;
NIGHTCRAWLER/KURT WA,GAM '00;
NIGHTCRAWLER/KURT WA,GAM3 1;
NIGHTCRAWLER/KURT WA,GSX 1;
NIGHTCRAWLER/KURT WA,H2 278;
NIGHTCRAWLER/KURT WA,IF 15;
NIGHTCRAWLER/KURT WA,MAXSEC 3;
NIGHTCRAWLER/KURT WA,M/CP 101;
NIGHTCRAWLER/KURT WA,M/CP 102;
NIGHTCRAWLER/KURT WA,M/CP 103;
NIGHTCRAWLER/KURT WA,M/CP 104;
NIGHTCRAWLER/KURT WA,M/CP 105;
NIGHTCRAWLER/KURT WA,M/CP 106;
NIGHTCRAWLER/KURT WA,M/CP 107;
NIGHTCRAWLER/KURT WA,M/CP 108;
NIGHTCRAWLER/KURT WA,M/CP 110/2;
NIGHTCRAWLER/KURT WA,M/CP 31/4;
NIGHTCRAWLER/KURT WA,M/CP 32;
NIGHTCRAWLER/KURT WA,M/CP 35;
NIGHTCRAWLER/KURT WA,M/CP 36;
NIGHTCRAWLER/KURT WA,M/CP 37;
NIGHTCRAWLER/KURT WA,M/CP 38;
NIGHTCRAWLER/KURT WA,M/CP 75/3;
NIGHTCRAWLER/KURT WA,M/FAN 3;
NIGHTCRAWLER/KURT WA,M/FAN 4;
NIGHTCRAWLER/KURT WA,MGK2 1;
NIGHTCRAWLER/KURT WA,MGK2 2;
NIGHTCRAWLER/KURT WA,MGK2 3;
NIGHTCRAWLER/KURT WA,MGK2 4;
NIGHTCRAWLER/KURT WA,M/GN 1;
NIGHTCRAWLER/KURT WA,M/GN 12;
NIGHTCRAWLER/KURT WA,M/GN 5;
NIGHTCRAWLER/KURT WA,M/HOL SPECIAL 1;
NIGHTCRAWLER/KURT WA,MICRO 37;
NIGHTCRAWLER/KURT WA,MK 35;
NIGHTCRAWLER/KURT WA,M/SHSW 1;
NIGHTCRAWLER/KURT WA,M/SHSW 10;
NIGHTCRAWLER/KURT WA,M/SHSW 11;
NIGHTCRAWLER/KURT WA,M/SHSW 12;
NIGHTCRAWLER/KURT WA,M/SHSW 2;
NIGHTCRAWLER/KURT WA,M/SHSW 3;
NIGHTCRAWLER/KURT WA,M/SHSW 4;
NIGHTCRAWLER/KURT WA,M/SHSW 5;
NIGHTCRAWLER/KURT WA,M/SHSW 7;
NIGHTCRAWLER/KURT WA,M/SHSW 8;
NIGHTCRAWLER/KURT WA,M/SHSW 9;
NIGHTCRAWLER/KURT WA,M/TALES 262/2;
NIGHTCRAWLER/KURT WA,M/TIO 7;
NIGHTCRAWLER/KURT WA,M/TIO 96;
NIGHTCRAWLER/KURT WA,M/TU 1;
NIGHTCRAWLER/KURT WA,M/TU 135;
NIGHTCRAWLER/KURT WA,M/TU 150;
NIGHTCRAWLER/KURT WA,M/TU 53;
NIGHTCRAWLER/KURT WA,M/TU 89;
NIGHTCRAWLER/KURT WA,NC 1;
NIGHTCRAWLER/KURT WA,NC 2;
NIGHTCRAWLER/KURT WA,NC 3;
NIGHTCRAWLER/KURT WA,NC 4;
NIGHTCRAWLER/KURT WA,NM 14;
NIGHTCRAWLER/KURT WA,NM 22;
NIGHTCRAWLER/KURT WA,NM 46;
NIGHTCRAWLER/KURT WA,NM 7;
NIGHTCRAWLER/KURT WA,PM&IF57;
NIGHTCRAWLER/KURT WA,PP 12;
NIGHTCRAWLER/KURT WA,PPSM2 4;
NIGHTCRAWLER/KURT WA,Q 11;
NIGHTCRAWLER/KURT WA,ROM 17;
NIGHTCRAWLER/KURT WA,ROM 18;
NIGHTCRAWLER/KURT WA,ROM 65;
NIGHTCRAWLER/KURT WA,ROM 66;
NIGHTCRAWLER/KURT WA,SEX 1;
NIGHTCRAWLER/KURT WA,S-H2 26;
NIGHTCRAWLER/KURT WA,SS3 14;
NIGHTCRAWLER/KURT WA,S-W 37;
NIGHTCRAWLER/KURT WA,S-W 38;
NIGHTCRAWLER/KURT WA,SWII 1;
NIGHTCRAWLER/KURT WA,SWII 5;
NIGHTCRAWLER/KURT WA,T 427;
NIGHTCRAWLER/KURT WA,T 428;
NIGHTCRAWLER/KURT WA,T 429;
NIGHTCRAWLER/KURT WA,UX 10;
NIGHTCRAWLER/KURT WA,UX 100;
NIGHTCRAWLER/KURT WA,UX 101;
NIGHTCRAWLER/KURT WA,UX 102;
NIGHTCRAWLER/KURT WA,UX 103;
NIGHTCRAWLER/KURT WA,UX 104;
NIGHTCRAWLER/KURT WA,UX 105;
NIGHTCRAWLER/KURT WA,UX 106;
NIGHTCRAWLER/KURT WA,UX 107;
NIGHTCRAWLER/KURT WA,UX 108;
NIGHTCRAWLER/KURT WA,UX 109;
NIGHTCRAWLER/KURT WA,UX 110;
NIGHTCRAWLER/KURT WA,UX 111;
NIGHTCRAWLER/KURT WA,UX 112;
NIGHTCRAWLER/KURT WA,UX 113;
NIGHTCRAWLER/KURT WA,UX 114;
NIGHTCRAWLER/KURT WA,UX 115;
NIGHTCRAWLER/KURT WA,UX 116;
NIGHTCRAWLER/KURT WA,UX 117;
NIGHTCRAWLER/KURT WA,UX 118;
NIGHTCRAWLER/KURT WA,UX 119;
NIGHTCRAWLER/KURT WA,UX 120;
NIGHTCRAWLER/KURT WA,UX 121;
NIGHTCRAWLER/KURT WA,UX 122;
NIGHTCRAWLER/KURT WA,UX 123;
NIGHTCRAWLER/KURT WA,UX 124;
NIGHTCRAWLER/KURT WA,UX 125;
NIGHTCRAWLER/KURT WA,UX 126;
NIGHTCRAWLER/KURT WA,UX 127;
NIGHTCRAWLER/KURT WA,UX 128;
NIGHTCRAWLER/KURT WA,UX 129;
NIGHTCRAWLER/KURT WA,UX 130;
NIGHTCRAWLER/KURT WA,UX 131;
NIGHTCRAWLER/KURT WA,UX 132;
NIGHTCRAWLER/KURT WA,UX 133;
NIGHTCRAWLER/KURT WA,UX 134;
NIGHTCRAWLER/KURT WA,UX 135;
NIGHTCRAWLER/KURT WA,UX 136;
NIGHTCRAWLER/KURT WA,UX 137;
NIGHTCRAWLER/KURT WA,UX 138;
NIGHTCRAWLER/KURT WA,UX 139;
NIGHTCRAWLER/KURT WA,UX 140;
NIGHTCRAWLER/KURT WA,UX 141;
NIGHTCRAWLER/KURT WA,UX 142;
NIGHTCRAWLER/KURT WA,UX 143;
NIGHTCRAWLER/KURT WA,UX 144;
NIGHTCRAWLER/KURT WA,UX 145;
NIGHTCRAWLER/KURT WA,UX 146;
NIGHTCRAWLER/KURT WA,UX 147;
NIGHTCRAWLER/KURT WA,UX 148;
NIGHTCRAWLER/KURT WA,UX 149;
NIGHTCRAWLER/KURT WA,UX 150;
NIGHTCRAWLER/KURT WA,UX 151;
NIGHTCRAWLER/KURT WA,UX 152;
NIGHTCRAWLER/KURT WA,UX 153;
NIGHTCRAWLER/KURT WA,UX 154;
NIGHTCRAWLER/KURT WA,UX 155;
NIGHTCRAWLER/KURT WA,UX 156;
NIGHTCRAWLER/KURT WA,UX 157;
NIGHTCRAWLER/KURT WA,UX 158;
NIGHTCRAWLER/KURT WA,UX 159;
NIGHTCRAWLER/KURT WA,UX 160;
NIGHTCRAWLER/KURT WA,UX 161;
NIGHTCRAWLER/KURT WA,UX 162;
NIGHTCRAWLER/KURT WA,UX 163;
NIGHTCRAWLER/KURT WA,UX 164;
NIGHTCRAWLER/KURT WA,UX 165;
NIGHTCRAWLER/KURT WA,UX 166;
NIGHTCRAWLER/KURT WA,UX 167;
NIGHTCRAWLER/KURT WA,UX 168;
NIGHTCRAWLER/KURT WA,UX 169;
NIGHTCRAWLER/KURT WA,UX 170;
NIGHTCRAWLER/KURT WA,UX 171;
NIGHTCRAWLER/KURT WA,UX 172;
NIGHTCRAWLER/KURT WA,UX 173;
NIGHTCRAWLER/KURT WA,UX 174;
NIGHTCRAWLER/KURT WA,UX 175;
NIGHTCRAWLER/KURT WA,UX 177;
NIGHTCRAWLER/KURT WA,UX 178;
NIGHTCRAWLER/KURT WA,UX 179;
NIGHTCRAWLER/KURT WA,UX 180;
NIGHTCRAWLER/KURT WA,UX 181;
NIGHTCRAWLER/KURT WA,UX 183;
NIGHTCRAWLER/KURT WA,UX 184;
NIGHTCRAWLER/KURT WA,UX 186;
NIGHTCRAWLER/KURT WA,UX 188;
NIGHTCRAWLER/KURT WA,UX 189;
NIGHTCRAWLER/KURT WA,UX 190;
NIGHTCRAWLER/KURT WA,UX 191;
NIGHTCRAWLER/KURT WA,UX 192;
NIGHTCRAWLER/KURT WA,UX 193;
NIGHTCRAWLER/KURT WA,UX 194;
NIGHTCRAWLER/KURT WA,UX 196;
NIGHTCRAWLER/KURT WA,UX 199;
NIGHTCRAWLER/KURT WA,UX 200;
NIGHTCRAWLER/KURT WA,UX 201;
NIGHTCRAWLER/KURT WA,UX 202;
NIGHTCRAWLER/KURT WA,UX 204;
NIGHTCRAWLER/KURT WA,UX 206;
NIGHTCRAWLER/KURT WA,UX 207;
NIGHTCRAWLER/KURT WA,UX 208;
NIGHTCRAWLER/KURT WA,UX 209;
NIGHTCRAWLER/KURT WA,UX 210;
NIGHTCRAWLER/KURT WA,UX 211;
NIGHTCRAWLER/KURT WA,UX 212;
NIGHTCRAWLER/KURT WA,UX 213;
NIGHTCRAWLER/KURT WA,UX 215;
NIGHTCRAWLER/KURT WA,UX 223;
NIGHTCRAWLER/KURT WA,UX 227;
NIGHTCRAWLER/KURT WA,UX 3;
NIGHTCRAWLER/KURT WA,UX 326;
NIGHTCRAWLER/KURT WA,UX 335;
NIGHTCRAWLER/KURT WA,UX 360;
NIGHTCRAWLER/KURT WA,UX 361;
NIGHTCRAWLER/KURT WA,UX 362;
NIGHTCRAWLER/KURT WA,UX 363;
NIGHTCRAWLER/KURT WA,UX 364;
NIGHTCRAWLER/KURT WA,UX 365;
NIGHTCRAWLER/KURT WA,UX 366;
NIGHTCRAWLER/KURT WA,UX 367;
NIGHTCRAWLER/KURT WA,UX 368;
NIGHTCRAWLER/KURT WA,UX 369;
NIGHTCRAWLER/KURT WA,UX 370;
NIGHTCRAWLER/KURT WA,UX 371;
NIGHTCRAWLER/KURT WA,UX 372;
NIGHTCRAWLER/KURT WA,UX 375;
NIGHTCRAWLER/KURT WA,UX 376;
NIGHTCRAWLER/KURT WA,UX 377;
NIGHTCRAWLER/KURT WA,UX 379;
NIGHTCRAWLER/KURT WA,UX 380;
NIGHTCRAWLER/KURT WA,UX 384;
NIGHTCRAWLER/KURT WA,UX 385;
NIGHTCRAWLER/KURT WA,UX 388;
NIGHTCRAWLER/KURT WA,UX 389;
NIGHTCRAWLER/KURT WA,UX 395;
NIGHTCRAWLER/KURT WA,UX 396;
NIGHTCRAWLER/KURT WA,UX 4;
NIGHTCRAWLER/KURT WA,UX 5;
NIGHTCRAWLER/KURT WA,UX 6;
NIGHTCRAWLER/KURT WA,UX 7;
NIGHTCRAWLER/KURT WA,UX 8;
NIGHTCRAWLER/KURT WA,UX 9;
NIGHTCRAWLER/KURT WA,UX 94;
NIGHTCRAWLER/KURT WA,UX 95;
NIGHTCRAWLER/KURT WA,UX 96;
NIGHTCRAWLER/KURT WA,UX 97;
NIGHTCRAWLER/KURT WA,UX 98;
NIGHTCRAWLER/KURT WA,UX '99;
NIGHTCRAWLER/KURT WA,UX 99;
NIGHTCRAWLER/KURT WA,W2 140;
NIGHTCRAWLER/KURT WA,W2 145;
NIGHTCRAWLER/KURT WA,W2 146;
NIGHTCRAWLER/KURT WA,W2 147;
NIGHTCRAWLER/KURT WA,W2 159;
NIGHTCRAWLER/KURT WA,W2 161;
NIGHTCRAWLER/KURT WA,W2 82;
NIGHTCRAWLER/KURT WA,W 4;
NIGHTCRAWLER/KURT WA,X '00;
NIGHTCRAWLER/KURT WA,X 100;
NIGHTCRAWLER/KURT WA,X 101;
NIGHTCRAWLER/KURT WA,X 102;
NIGHTCRAWLER/KURT WA,X 103;
NIGHTCRAWLER/KURT WA,X 104;
NIGHTCRAWLER/KURT WA,X 105;
NIGHTCRAWLER/KURT WA,X 106;
NIGHTCRAWLER/KURT WA,X 107;
NIGHTCRAWLER/KURT WA,X 108;
NIGHTCRAWLER/KURT WA,X 109;
NIGHTCRAWLER/KURT WA,X 4;
NIGHTCRAWLER/KURT WA,X 80;
NIGHTCRAWLER/KURT WA,X 81;
NIGHTCRAWLER/KURT WA,X 83;
NIGHTCRAWLER/KURT WA,X 84;
NIGHTCRAWLER/KURT WA,X 86;
NIGHTCRAWLER/KURT WA,X 87;
NIGHTCRAWLER/KURT WA,X 88;
NIGHTCRAWLER/KURT WA,X 89;
NIGHTCRAWLER/KURT WA,X 90;
NIGHTCRAWLER/KURT WA,X 91;
NIGHTCRAWLER/KURT WA,X 92;
NIGHTCRAWLER/KURT WA,X 93;
NIGHTCRAWLER/KURT WA,X 94;
NIGHTCRAWLER/KURT WA,X 95;
NIGHTCRAWLER/KURT WA,X 96;
NIGHTCRAWLER/KURT WA,X 98;
NIGHTCRAWLER/KURT WA,X '99;
NIGHTCRAWLER/KURT WA,X 99;
NIGHTCRAWLER/KURT WA,X&AF 1;
NIGHTCRAWLER/KURT WA,X&AF 2;
NIGHTCRAWLER/KURT WA,X&AF2 1;
NIGHTCRAWLER/KURT WA,X&AF2 2;
NIGHTCRAWLER/KURT WA,XCAL -1;
NIGHTCRAWLER/KURT WA,XCAL 1;
NIGHTCRAWLER/KURT WA,XCAL 10;
NIGHTCRAWLER/KURT WA,XCAL 100;
NIGHTCRAWLER/KURT WA,XCAL 101;
NIGHTCRAWLER/KURT WA,XCAL 102;
NIGHTCRAWLER/KURT WA,XCAL 103;
NIGHTCRAWLER/KURT WA,XCAL 104;
NIGHTCRAWLER/KURT WA,XCAL 105;
NIGHTCRAWLER/KURT WA,XCAL 106;
NIGHTCRAWLER/KURT WA,XCAL 107;
NIGHTCRAWLER/KURT WA,XCAL 108;
NIGHTCRAWLER/KURT WA,XCAL 109;
NIGHTCRAWLER/KURT WA,XCAL 11;
NIGHTCRAWLER/KURT WA,XCAL 110;
NIGHTCRAWLER/KURT WA,XCAL 111;
NIGHTCRAWLER/KURT WA,XCAL 112;
NIGHTCRAWLER/KURT WA,XCAL 116;
NIGHTCRAWLER/KURT WA,XCAL 117;
NIGHTCRAWLER/KURT WA,XCAL 118;
NIGHTCRAWLER/KURT WA,XCAL 119;
NIGHTCRAWLER/KURT WA,XCAL 12;
NIGHTCRAWLER/KURT WA,XCAL 120;
NIGHTCRAWLER/KURT WA,XCAL 121;
NIGHTCRAWLER/KURT WA,XCAL 122;
NIGHTCRAWLER/KURT WA,XCAL 123;
NIGHTCRAWLER/KURT WA,XCAL 124;
NIGHTCRAWLER/KURT WA,XCAL 125;
NIGHTCRAWLER/KURT WA,XCAL 13;
NIGHTCRAWLER/KURT WA,XCAL 14;
NIGHTCRAWLER/KURT WA,XCAL 15;
NIGHTCRAWLER/KURT WA,XCAL 16;
NIGHTCRAWLER/KURT WA,XCAL 17;
NIGHTCRAWLER/KURT WA,XCAL 18;
NIGHTCRAWLER/KURT WA,XCAL 19;
NIGHTCRAWLER/KURT WA,XCAL 2;
NIGHTCRAWLER/KURT WA,XCAL 20;
NIGHTCRAWLER/KURT WA,XCAL 21;
NIGHTCRAWLER/KURT WA,XCAL 2/2;
NIGHTCRAWLER/KURT WA,XCAL 22;
NIGHTCRAWLER/KURT WA,XCAL 2/3;
NIGHTCRAWLER/KURT WA,XCAL 23;
NIGHTCRAWLER/KURT WA,XCAL 24;
NIGHTCRAWLER/KURT WA,XCAL 25;
NIGHTCRAWLER/KURT WA,XCAL 26;
NIGHTCRAWLER/KURT WA,XCAL 27;
NIGHTCRAWLER/KURT WA,XCAL 29;
NIGHTCRAWLER/KURT WA,XCAL 3;
NIGHTCRAWLER/KURT WA,XCAL 30;
NIGHTCRAWLER/KURT WA,XCAL 31;
NIGHTCRAWLER/KURT WA,XCAL 32;
NIGHTCRAWLER/KURT WA,XCAL 33;
NIGHTCRAWLER/KURT WA,XCAL 34;
NIGHTCRAWLER/KURT WA,XCAL 35;
NIGHTCRAWLER/KURT WA,XCAL 36;
NIGHTCRAWLER/KURT WA,XCAL 37;
NIGHTCRAWLER/KURT WA,XCAL 38;
NIGHTCRAWLER/KURT WA,XCAL 39;
NIGHTCRAWLER/KURT WA,XCAL 4;
NIGHTCRAWLER/KURT WA,XCAL 40;
NIGHTCRAWLER/KURT WA,XCAL 41;
NIGHTCRAWLER/KURT WA,XCAL 42;
NIGHTCRAWLER/KURT WA,XCAL 43;
NIGHTCRAWLER/KURT WA,XCAL 44;
NIGHTCRAWLER/KURT WA,XCAL 45;
NIGHTCRAWLER/KURT WA,XCAL 46;
NIGHTCRAWLER/KURT WA,XCAL 47;
NIGHTCRAWLER/KURT WA,XCAL 48;
NIGHTCRAWLER/KURT WA,XCAL 49;
NIGHTCRAWLER/KURT WA,XCAL 5;
NIGHTCRAWLER/KURT WA,XCAL 50;
NIGHTCRAWLER/KURT WA,XCAL 51;
NIGHTCRAWLER/KURT WA,XCAL 52;
NIGHTCRAWLER/KURT WA,XCAL 54;
NIGHTCRAWLER/KURT WA,XCAL 55;
NIGHTCRAWLER/KURT WA,XCAL 56;
NIGHTCRAWLER/KURT WA,XCAL 57;
NIGHTCRAWLER/KURT WA,XCAL 58;
NIGHTCRAWLER/KURT WA,XCAL 59;
NIGHTCRAWLER/KURT WA,XCAL 6;
NIGHTCRAWLER/KURT WA,XCAL 60;
NIGHTCRAWLER/KURT WA,XCAL 7;
NIGHTCRAWLER/KURT WA,XCAL 77;
NIGHTCRAWLER/KURT WA,XCAL 8;
NIGHTCRAWLER/KURT WA,XCAL 80;
NIGHTCRAWLER/KURT WA,XCAL 82;
NIGHTCRAWLER/KURT WA,XCAL 83;
NIGHTCRAWLER/KURT WA,XCAL 84;
NIGHTCRAWLER/KURT WA,XCAL 85;
NIGHTCRAWLER/KURT WA,XCAL 86;
NIGHTCRAWLER/KURT WA,XCAL 87;
NIGHTCRAWLER/KURT WA,XCAL 89;
NIGHTCRAWLER/KURT WA,XCAL 9;
NIGHTCRAWLER/KURT WA,XCAL 91;
NIGHTCRAWLER/KURT WA,XCAL 92;
NIGHTCRAWLER/KURT WA,XCAL 93;
NIGHTCRAWLER/KURT WA,XCAL 95;
NIGHTCRAWLER/KURT WA,XCAL 96;
NIGHTCRAWLER/KURT WA,XCAL 97;
NIGHTCRAWLER/KURT WA,XCAL 98;
NIGHTCRAWLER/KURT WA,XCAL 99;
NIGHTCRAWLER/KURT WA,XCAL:AA;
NIGHTCRAWLER/KURT WA,XCALGN;
NIGHTCRAWLER/KURT WA,XCAL:MM;
NIGHTCRAWLER/KURT WA,XCAL:P;
NIGHTCRAWLER/KURT WA,XCALSE 1;
NIGHTCRAWLER/KURT WA,XF 106;
NIGHTCRAWLER/KURT WA,XF 108;
NIGHTCRAWLER/KURT WA,XFOR 38;
NIGHTCRAWLER/KURT WA,X:L 1;
NIGHTCRAWLER/KURT WA,X:L 2;
NIGHTCRAWLER/KURT WA,X:L 3;
NIGHTCRAWLER/KURT WA,X:L 4;
NIGHTCRAWLER/KURT WA,X&M 1;
NIGHTCRAWLER/KURT WA,XM 12;
NIGHTCRAWLER/KURT WA,X&M 2;
NIGHTCRAWLER/KURT WA,X&M 3;
NIGHTCRAWLER/KURT WA,X&M 4;
NIGHTCRAWLER/KURT WA,XMF 1;
NIGHTCRAWLER/KURT WA,X:MW 1;
NIGHTCRAWLER/KURT WA,XSOS 2;
NIGHTCRAWLER/KURT WA,XU 19;
NIGHTCRAWLER/KURT WA,XU 22;
NIGHTCRAWLER/KURT WA,XU 23;
NIGHTCRAWLER/KURT WA,XU 25;
NIGHTCRAWLER/KURT WA,XU 29;
NIGHTCRAWLER/KURT WA,XU 30/2;
NIGHTCRAWLER/KURT WA,XU 4;
NIGHTCRAWLER | MUTAN,MX '00;
NIGHTCRAWLER | MUTAN,MX '01;
NIGHTCRAWLER | MUTAN,MX 10;
NIGHTCRAWLER | MUTAN,MX 11;
NIGHTCRAWLER | MUTAN,MX 12;
NIGHTCRAWLER | MUTAN,MX 13;
NIGHTCRAWLER | MUTAN,MX 15;
NIGHTEYES/ERIC,S-W3 14;
NIGHTFIGHTER/,XM 72;
NIGHT FLYER,CA 213;
NIGHT FLYER,CA 214;
NIGHT FLYER,H2 263;
NIGHT FLYER,H2 264;
NIGHTHAWK III/NEAL,SQS:NWO;
NIGHTHAWK II/KYLE RI,A 16;
NIGHTHAWK II/KYLE RI,A 167;
NIGHTHAWK II/KYLE RI,A 69;
NIGHTHAWK II/KYLE RI,A 70;
NIGHTHAWK II/KYLE RI,CA 268;
NIGHTHAWK II/KYLE RI,DD 62;
NIGHTHAWK II/KYLE RI,DEF 1;
NIGHTHAWK II/KYLE RI,DEF 100;
NIGHTHAWK II/KYLE RI,DEF 101;
NIGHTHAWK II/KYLE RI,DEF 102;
NIGHTHAWK II/KYLE RI,DEF 103;
NIGHTHAWK II/KYLE RI,DEF 104;
NIGHTHAWK II/KYLE RI,DEF 106;
NIGHTHAWK II/KYLE RI,DEF 110;
NIGHTHAWK II/KYLE RI,DEF 111;
NIGHTHAWK II/KYLE RI,DEF 112;
NIGHTHAWK II/KYLE RI,DEF 113;
NIGHTHAWK II/KYLE RI,DEF 114;
NIGHTHAWK II/KYLE RI,DEF 119;
NIGHTHAWK II/KYLE RI,DEF 12;
NIGHTHAWK II/KYLE RI,DEF 13;
NIGHTHAWK II/KYLE RI,DEF 14;
NIGHTHAWK II/KYLE RI,DEF 15;
NIGHTHAWK II/KYLE RI,DEF 16;
NIGHTHAWK II/KYLE RI,DEF 17;
NIGHTHAWK II/KYLE RI,DEF 18;
NIGHTHAWK II/KYLE RI,DEF 19;
NIGHTHAWK II/KYLE RI,DEF 20;
NIGHTHAWK II/KYLE RI,DEF 21;
NIGHTHAWK II/KYLE RI,DEF2 1;
NIGHTHAWK II/KYLE RI,DEF 22;
NIGHTHAWK II/KYLE RI,DEF2 2;
NIGHTHAWK II/KYLE RI,DEF 23;
NIGHTHAWK II/KYLE RI,DEF2 3;
NIGHTHAWK II/KYLE RI,DEF 24;
NIGHTHAWK II/KYLE RI,DEF2 4;
NIGHTHAWK II/KYLE RI,DEF 25;
NIGHTHAWK II/KYLE RI,DEF2 5;
NIGHTHAWK II/KYLE RI,DEF 26;
NIGHTHAWK II/KYLE RI,DEF2 6;
NIGHTHAWK II/KYLE RI,DEF 27;
NIGHTHAWK II/KYLE RI,DEF2 7;
NIGHTHAWK II/KYLE RI,DEF 28;
NIGHTHAWK II/KYLE RI,DEF 29;
NIGHTHAWK II/KYLE RI,DEF 30;
NIGHTHAWK II/KYLE RI,DEF 31;
NIGHTHAWK II/KYLE RI,DEF 32;
NIGHTHAWK II/KYLE RI,DEF 33;
NIGHTHAWK II/KYLE RI,DEF 34;
NIGHTHAWK II/KYLE RI,DEF 35;
NIGHTHAWK II/KYLE RI,DEF 36;
NIGHTHAWK II/KYLE RI,DEF 37;
NIGHTHAWK II/KYLE RI,DEF 38;
NIGHTHAWK II/KYLE RI,DEF 39;
NIGHTHAWK II/KYLE RI,DEF 40;
NIGHTHAWK II/KYLE RI,DEF 41;
NIGHTHAWK II/KYLE RI,DEF 42;
NIGHTHAWK II/KYLE RI,DEF 43;
NIGHTHAWK II/KYLE RI,DEF 44;
NIGHTHAWK II/KYLE RI,DEF 45;
NIGHTHAWK II/KYLE RI,DEF 46;
NIGHTHAWK II/KYLE RI,DEF 47;
NIGHTHAWK II/KYLE RI,DEF 48;
NIGHTHAWK II/KYLE RI,DEF 50;
NIGHTHAWK II/KYLE RI,DEF 51;
NIGHTHAWK II/KYLE RI,DEF 52;
NIGHTHAWK II/KYLE RI,DEF 53;
NIGHTHAWK II/KYLE RI,DEF 54;
NIGHTHAWK II/KYLE RI,DEF 55;
NIGHTHAWK II/KYLE RI,DEF 56;
NIGHTHAWK II/KYLE RI,DEF 57;
NIGHTHAWK II/KYLE RI,DEF 59;
NIGHTHAWK II/KYLE RI,DEF 60;
NIGHTHAWK II/KYLE RI,DEF 61;
NIGHTHAWK II/KYLE RI,DEF 62;
NIGHTHAWK II/KYLE RI,DEF 63;
NIGHTHAWK II/KYLE RI,DEF 64;
NIGHTHAWK II/KYLE RI,DEF 65;
NIGHTHAWK II/KYLE RI,DEF 67;
NIGHTHAWK II/KYLE RI,DEF 68;
NIGHTHAWK II/KYLE RI,DEF 69;
NIGHTHAWK II/KYLE RI,DEF 70;
NIGHTHAWK II/KYLE RI,DEF 71;
NIGHTHAWK II/KYLE RI,DEF 72;
NIGHTHAWK II/KYLE RI,DEF 73;
NIGHTHAWK II/KYLE RI,DEF 74;
NIGHTHAWK II/KYLE RI,DEF 75;
NIGHTHAWK II/KYLE RI,DEF 76;
NIGHTHAWK II/KYLE RI,DEF 78;
NIGHTHAWK II/KYLE RI,DEF 79;
NIGHTHAWK II/KYLE RI,DEF 80;
NIGHTHAWK II/KYLE RI,DEF 81;
NIGHTHAWK II/KYLE RI,DEF 83;
NIGHTHAWK II/KYLE RI,DEF 84;
NIGHTHAWK II/KYLE RI,DEF 85;
NIGHTHAWK II/KYLE RI,DEF 86;
NIGHTHAWK II/KYLE RI,DEF 87;
NIGHTHAWK II/KYLE RI,DEF 88;
NIGHTHAWK II/KYLE RI,DEF 89;
NIGHTHAWK II/KYLE RI,DEF 90;
NIGHTHAWK II/KYLE RI,DEF 91;
NIGHTHAWK II/KYLE RI,DEF 92;
NIGHTHAWK II/KYLE RI,DEF 93;
NIGHTHAWK II/KYLE RI,DEF 95;
NIGHTHAWK II/KYLE RI,DEF 96;
NIGHTHAWK II/KYLE RI,DEF 97;
NIGHTHAWK II/KYLE RI,DEF 98;
NIGHTHAWK II/KYLE RI,DEF 99;
NIGHTHAWK II/KYLE RI,DRSTR2 29;
NIGHTHAWK II/KYLE RI,FF 14;
NIGHTHAWK II/KYLE RI,GSDEF 2;
NIGHTHAWK II/KYLE RI,GSDEF 3;
NIGHTHAWK II/KYLE RI,GSDEF 4;
NIGHTHAWK II/KYLE RI,GSDEF 5;
NIGHTHAWK II/KYLE RI,H2 206;
NIGHTHAWK II/KYLE RI,H2 207;
NIGHTHAWK II/KYLE RI,M/GN 1;
NIGHTHAWK II/KYLE RI,M/TE 12;
NIGHTHAWK II/KYLE RI,M/TIO 34;
NIGHTHAWK II/KYLE RI,M/TU 101;
NIGHTHAWK II/KYLE RI,M/TU 101/2;
NIGHTHAWK II/KYLE RI,M/TU 33;
NIGHTHAWK II/KYLE RI,M/TU 34;
NIGHTHAWK II/KYLE RI,NHAWK 1;
NIGHTHAWK II/KYLE RI,NHAWK 2;
NIGHTHAWK II/KYLE RI,NHAWK 3;
NIGHTHAWK II/KYLE RI,S-H2 53;
NIGHTHAWK II/KYLE RI,SS 6;
NIGHTHAWK II/KYLE RI,TTA2 13/2;
NIGHTHAWK/KYLE RICHM,A 85;
NIGHTHAWK/KYLE RICHM,A 86;
NIGHTHAWK/KYLE RICHM,CA 314;
NIGHTHAWK/KYLE RICHM,COC 1;
NIGHTHAWK/KYLE RICHM,DEF 109;
NIGHTHAWK/KYLE RICHM,DEF 111;
NIGHTHAWK/KYLE RICHM,DEF 112;
NIGHTHAWK/KYLE RICHM,DEF 113;
NIGHTHAWK/KYLE RICHM,DEF 114;
NIGHTHAWK/KYLE RICHM,DEF 115;
NIGHTHAWK/KYLE RICHM,SQS 1;
NIGHTHAWK/KYLE RICHM,SQS 10;
NIGHTHAWK/KYLE RICHM,SQS 11;
NIGHTHAWK/KYLE RICHM,SQS 12;
NIGHTHAWK/KYLE RICHM,SQS 6;
NIGHTHAWK/KYLE RICHM,SQS 7;
NIGHTHAWK/KYLE RICHM,SQS 9;
NIGHTHAWK/KYLE RICHM,WOSM 5/6;
NIGHTINGALE/,M/:LG 12;
NIGHTINGALE/,M/:LG 2;
NIGHTINGALE/,M/:LG 3;
NIGHTINGALE/,M/:LG 4;
NIGHTINGALE/,M/:LG 6;
NIGHTINGALE/,M/:LG 9;
NIGHTMARE/EDVARD HAB,AF 67;
NIGHTMARE/EDVARD HAB,AF 70;
NIGHTMARE/EDVARD HAB,BP3 21;
NIGHTMARE/EDVARD HAB,BP3 22;
NIGHTMARE/EDVARD HAB,CA3 10;
NIGHTMARE/EDVARD HAB,CA3 11;
NIGHTMARE/EDVARD HAB,CA3 12;
NIGHTMARE/EDVARD HAB,DAZZ 4;
NIGHTMARE/EDVARD HAB,DLOK2 10;
NIGHTMARE/EDVARD HAB,DLOK2 9;
NIGHTMARE/EDVARD HAB,DRSTR 170;
NIGHTMARE/EDVARD HAB,DRSTR 180;
NIGHTMARE/EDVARD HAB,DRSTR 181;
NIGHTMARE/EDVARD HAB,DRSTR 182;
NIGHTMARE/EDVARD HAB,DRSTR2 10;
NIGHTMARE/EDVARD HAB,DRSTR2 13;
NIGHTMARE/EDVARD HAB,DRSTR2 32;
NIGHTMARE/EDVARD HAB,DRSTR2 33;
NIGHTMARE/EDVARD HAB,DRSTR2 34;
NIGHTMARE/EDVARD HAB,DRSTR2 50;
NIGHTMARE/EDVARD HAB,DRSTR2 52;
NIGHTMARE/EDVARD HAB,DRSTR2 53;
NIGHTMARE/EDVARD HAB,DRSTR3 31/2;
NIGHTMARE/EDVARD HAB,DRSTR3 32/2;
NIGHTMARE/EDVARD HAB,DRSTR3 33/2;
NIGHTMARE/EDVARD HAB,DRSTR3 38;
NIGHTMARE/EDVARD HAB,DRSTR3 39;
NIGHTMARE/EDVARD HAB,DRSTR3 40;
NIGHTMARE/EDVARD HAB,DRSTR3 79;
NIGHTMARE/EDVARD HAB,GR2 77;
NIGHTMARE/EDVARD HAB,GR2 78;
NIGHTMARE/EDVARD HAB,GR3 11;
NIGHTMARE/EDVARD HAB,GR3 30;
NIGHTMARE/EDVARD HAB,H2 297;
NIGHTMARE/EDVARD HAB,H2 298;
NIGHTMARE/EDVARD HAB,H2 299;
NIGHTMARE/EDVARD HAB,H2 360;
NIGHTMARE/EDVARD HAB,M/CP 100;
NIGHTMARE/EDVARD HAB,M/CP 100/2;
NIGHTMARE/EDVARD HAB,M/CP 100/3;
NIGHTMARE/EDVARD HAB,M/CP 100/4;
NIGHTMARE/EDVARD HAB,M/CP 118;
NIGHTMARE/EDVARD HAB,M/CP 79/4;
NIGHTMARE/EDVARD HAB,M/CP 90/4;
NIGHTMARE/EDVARD HAB,M/CP 99;
NIGHTMARE/EDVARD HAB,MGK2 1;
NIGHTMARE/EDVARD HAB,MICRO 29;
NIGHTMARE/EDVARD HAB,M/K 8;
NIGHTMARE/EDVARD HAB,M/K 9;
NIGHTMARE/EDVARD HAB,M/PRM 3;
NIGHTMARE/EDVARD HAB,NMARE 1;
NIGHTMARE/EDVARD HAB,NMARE 2;
NIGHTMARE/EDVARD HAB,NMARE 3;
NIGHTMARE/EDVARD HAB,NMARE 4;
NIGHTMARE/EDVARD HAB,OE 7;
NIGHTMARE/EDVARD HAB,SENSM -1;
NIGHTMARE/EDVARD HAB,SLEEP 12;
NIGHTMARE/EDVARD HAB,ST 110/2;
NIGHTMARE/EDVARD HAB,ST 116/2;
NIGHTMARE/EDVARD HAB,ST 122/2;
NIGHTMARE/EDVARD HAB,ST2 3;
NIGHTMARE/EDVARD HAB,ST2 4;
NIGHTMARE/EDVARD HAB,ST2 5;
NIGHTMARE/EDVARD HAB,ST2 6;
NIGHTMARE/EDVARD HAB,ST2 7;
NIGHTMARE/EDVARD HAB,ST2 7/2;
NIGHTMARE/EDVARD HAB,T 451/2;
NIGHTMARE/EDVARD HAB,T 452/2;
NIGHTMARE/EDVARD HAB,WOSM 7;
NIGHTMARE/EDVARD HAB,XCAL 118;
NIGHTMARE/EDVARD HAB,XCAL 119;
NIGHTMARE/EDVARD HAB,XCAL 120;
NIGHTMARE/EDVARD HAB,XCAL 29;
NIGHT PHANTOM II,IM 44;
NIGHT PHANTOM II,IM 45;
NIGHT PHANTOM/TRAVIS,IM 14;
NIGHT RIDER,A 142;
NIGHT RIDER,A 143;
NIGHT RIDER,GR2 50;
NIGHT RIDER,GR2 51/2;
NIGHT RIDER,GR 3;
NIGHT RIDER,GR 4;
NIGHT RIDER,G-S KID COLT 3;
NIGHT RIDER III/HAMI,GR2 56;
NIGHT RIDER III/HAMI,H2 265;
NIGHT RIDER III/HAMI,WCA2 31;
NIGHT RIDER III/HAMI,WCA2 32;
NIGHT RIDER III/HAMI,WCA2 41;
NIGHT RIDER III/HAMI,WCA2 8;
NIGHT RIDER III/HAMI,WCA2 9;
NIGHT RIDER,THOR CORPS 3;
NIGHT RIDER,WESTERN GUNFIGHTERS;
NIGHTSHADE/TILDA,BP3 16;
NIGHTSHADE/TILDA,BP3 17;
NIGHTSHADE/TILDA,CA 164;
NIGHTSHADE/TILDA,CA 189;
NIGHTSHADE/TILDA,CA 190;
NIGHTSHADE/TILDA,CA 387;
NIGHTSHADE/TILDA,CA 389;
NIGHTSHADE/TILDA,CA 390;
NIGHTSHADE/TILDA,CA 391;
NIGHTSHADE/TILDA,CA 403;
NIGHTSHADE/TILDA,CA 404;
NIGHTSHADE/TILDA,CA 405;
NIGHTSHADE/TILDA,CA 406;
NIGHTSHADE/TILDA,CA 407;
NIGHTSHADE/TILDA,CA 408;
NIGHTSHADE/TILDA,M/TU 3;
NIGHTSHADE/TILDA,PM&IF 110;
NIGHTSHADE/TILDA,PM&IF 51;
NIGHTSHADE/TILDA,PM&IF 52;
NIGHTSHADE/TILDA,PM&IF 53;
NIGHTSIDE,AWC 81;
NIGHTSIDE,GUARD 1;
NIGHTSIDE,GUARD 2;
NIGHTSIDE,GUARD 3;
NIGHTSIDE,UX 107;
NIGHTSIDE,UX 137;
NIGHTSIDE,XSOS 2;
NIGHT,ST2 10;
NIGHT,ST2 11;
NIGHT,ST2 12;
NIGHT,ST2 17;
NIGHT,ST2 18;
NIGHT,ST2 9;
NIGHTSTICK/,SLEEP 14;
NIGHTSTICK/,SLEEP 15;
NIGHTSTICK/,SLEEP 16;
NIGHT THRASHER/DUANE,A3 13;
NIGHT THRASHER/DUANE,A 341;
NIGHT THRASHER/DUANE,A 342;
NIGHT THRASHER/DUANE,ASM 26;
NIGHT THRASHER/DUANE,ASM 354;
NIGHT THRASHER/DUANE,ASM 355;
NIGHT THRASHER/DUANE,ASM 356;
NIGHT THRASHER/DUANE,ASM 357;
NIGHT THRASHER/DUANE,ASM 358;
NIGHT THRASHER/DUANE,DAMCON3 1;
NIGHT THRASHER/DUANE,DAMCON3 2;
NIGHT THRASHER/DUANE,DAMCON3 4;
NIGHT THRASHER/DUANE,FF 356;
NIGHT THRASHER/DUANE,HAWK2;
NIGHT THRASHER/DUANE,IM 303;
NIGHT THRASHER/DUANE,JUSTICE 1;
NIGHT THRASHER/DUANE,N 5;
NIGHT THRASHER/DUANE,NM 7;
NIGHT THRASHER/DUANE,NO2 10;
NIGHT THRASHER/DUANE,NO2 11;
NIGHT THRASHER/DUANE,NO2 12;
NIGHT THRASHER/DUANE,NO2 13;
NIGHT THRASHER/DUANE,NT 1;
NIGHT THRASHER/DUANE,NT 2;
NIGHT THRASHER/DUANE,NT2 11;
NIGHT THRASHER/DUANE,NT2 12;
NIGHT THRASHER/DUANE,NT2 14;
NIGHT THRASHER/DUANE,NT2 15;
NIGHT THRASHER/DUANE,NT2 16;
NIGHT THRASHER/DUANE,NT2 17;
NIGHT THRASHER/DUANE,NT2 18;
NIGHT THRASHER/DUANE,NT2 19;
NIGHT THRASHER/DUANE,NT2 20;
NIGHT THRASHER/DUANE,NT 3;
NIGHT THRASHER/DUANE,NT 4;
NIGHT THRASHER/DUANE,NW 1;
NIGHT THRASHER/DUANE,NW 10;
NIGHT THRASHER/DUANE,NW 1/2;
NIGHT THRASHER/DUANE,NW 13;
NIGHT THRASHER/DUANE,NW 14;
NIGHT THRASHER/DUANE,NW 15;
NIGHT THRASHER/DUANE,NW 16;
NIGHT THRASHER/DUANE,NW 17;
NIGHT THRASHER/DUANE,NW 1/8;
NIGHT THRASHER/DUANE,NW 18;
NIGHT THRASHER/DUANE,NW 19;
NIGHT THRASHER/DUANE,NW 2;
NIGHT THRASHER/DUANE,NW 20;
NIGHT THRASHER/DUANE,NW 21;
NIGHT THRASHER/DUANE,NW2 1;
NIGHT THRASHER/DUANE,NW2 10;
NIGHT THRASHER/DUANE,NW 22;
NIGHT THRASHER/DUANE,NW 23;
NIGHT THRASHER/DUANE,NW 24;
NIGHT THRASHER/DUANE,NW 25;
NIGHT THRASHER/DUANE,NW 26;
NIGHT THRASHER/DUANE,NW2 6;
NIGHT THRASHER/DUANE,NW 27;
NIGHT THRASHER/DUANE,NW2 7;
NIGHT THRASHER/DUANE,NW2 8;
NIGHT THRASHER/DUANE,NW2 9;
NIGHT THRASHER/DUANE,NW 3;
NIGHT THRASHER/DUANE,NW 4;
NIGHT THRASHER/DUANE,NW 47;
NIGHT THRASHER/DUANE,NW 5;
NIGHT THRASHER/DUANE,NW 50;
NIGHT THRASHER/DUANE,NW 51;
NIGHT THRASHER/DUANE,NW 52;
NIGHT THRASHER/DUANE,NW 53;
NIGHT THRASHER/DUANE,NW 57;
NIGHT THRASHER/DUANE,NW 6;
NIGHT THRASHER/DUANE,NW 60;
NIGHT THRASHER/DUANE,NW 63;
NIGHT THRASHER/DUANE,NW 64;
NIGHT THRASHER/DUANE,NW 7;
NIGHT THRASHER/DUANE,NW 72;
NIGHT THRASHER/DUANE,NW 73;
NIGHT THRASHER/DUANE,NW 74;
NIGHT THRASHER/DUANE,NW 75;
NIGHT THRASHER/DUANE,NW 8;
NIGHT THRASHER/DUANE,NW 9;
NIGHT THRASHER/DUANE,PPTSS 12;
NIGHT THRASHER/DUANE,T 411;
NIGHT THRASHER/DUANE,T 412;
NIGHT THRASHER/DUANE,TB 1;
NIGHT THRASHER/DUANE,TB 25;
NIGHT THRASHER/DUANE,TB 8;
NIGHT THRASHER/DUANE,UX 15;
NIGHT THRASHER/DUANE,WOSM 75;
NIGHT THRASHER/DUANE,WOSM 8;
NIGHT THRASHER/DUANE,XF 6;
NIGHTWATCH/,ASMU 14;
NIGHTWIND/,GENX 53;
NIGHTWIND/,GENX 54;
NIKKI/NICHOLETTE GOL,FF 24;
NIKKI/NICHOLETTE GOL,NW 68;
NIKKI/NICHOLETTE GOL,SS 4;
NIKKI/NICHOLETTE GOL,T 16/2;
NILES, SEN. CATHERIN,BHOOD 2;
NIMROD,BIZADV 33/4;
NIMROD,DL 3;
NIMROD III,XFOR 35;
NIMROD III,XFOR 36;
NINA,ASTONX2 1;
NINA,ASTONX2 2;
NINA,ASTONX2 3;
NINA,UX 372;
NINA,X 82;
NINA,X 83;
NINA,X 84;
NINA,X 92;
NINGAL,CHAMBER OF CHILLS 4;
NINGAL,DRSTR2 36;
NINGAL,DRSTR2 37;
NINJA/,M/PRM 17;
NINJA/,M/PRM 18;
NINJA/,M/PRM 19;
NINJA/,M/PRM 20;
NINJA/,M/PRM 21;
NINJA/,M/PRM 22;
NINJA/,PM&IF 74;
NINJA/,PM&IF 75;
NIRA,M/FAN2 4;
NITAL, DR.,SS3 146;
NITRO/ROBERT L. HUNT,CAGE 2;
NITRO/ROBERT L. HUNT,CAGE 3;
NITRO/ROBERT L. HUNT,CAGE 4;
NITRO/ROBERT L. HUNT,CM 34;
NITRO/ROBERT L. HUNT,CM 54;
NITRO/ROBERT L. HUNT,HFH 2;
NITRO/ROBERT L. HUNT,HFH 3;
NITRO/ROBERT L. HUNT,IM3 15;
NITRO/ROBERT L. HUNT,IM '99;
NITRO/ROBERT L. HUNT,M/TU 113;
NITRO/ROBERT L. HUNT,NM 86;
NITRO/ROBERT L. HUNT,OU 8;
NITRO/ROBERT L. HUNT,PPTSS 55;
NITRO/ROBERT L. HUNT,PPTSS 56;
NITRO/ROBERT L. HUNT,S-M 95;
NIVENA, JOANNA,IM:IA 1;
NIXON, RICHARD,A 82;
NIXON, RICHARD,FF 103;
NIXON, RICHARD,FF 104;
NIXON, RICHARD,FF 123;
NIXON, RICHARD,H2 119;
NOBILUS,T 422;
NOBILUS,T 423;
NOBILUS,T 424;
NOBILUS,T 425;
NOBILUS,T 447/2;
NOBILUS,T 448/2;
NOBILUS,T 449/2;
NOBILUS,T 450/2;
NOBILUS,T 482;
NOBILUS,T 483;
NOBILUS,WIW 3;
NOBILUS,WIW 4;
NOBLE,DRSTR3 73;
NOCENTI, ANN,DAZZ 30;
NOCENTI, ANN,UX 7;
NOCTURNE II/ANGELA C,ASM 395;
NOCTURNE II/ANGELA C,PPTSS 13;
NOCTURNE II/ANGELA C,PPTSS 218;
NOCTURNE/,M/:LG 11;
NOCTURNE/,M/:LG 12;
NOCTURNE/,M/:LG 7;
NOCTURNE/,M/:LG 8;
NOMAD II/EDWARD FERB,CA 261;
NOMAD II/EDWARD FERB,CA 262;
NOMAD III/JACK MONRO,CA 10/5;
NOMAD III/JACK MONRO,CA 153;
NOMAD III/JACK MONRO,CA 154;
NOMAD III/JACK MONRO,CA 155;
NOMAD III/JACK MONRO,CA 156;
NOMAD III/JACK MONRO,CA 236;
NOMAD III/JACK MONRO,CA 281;
NOMAD III/JACK MONRO,CA 282;
NOMAD III/JACK MONRO,CA 283;
NOMAD III/JACK MONRO,CA 284;
NOMAD III/JACK MONRO,CA 285;
NOMAD III/JACK MONRO,CA 286;
NOMAD III/JACK MONRO,CA 287;
NOMAD III/JACK MONRO,CA 288;
NOMAD III/JACK MONRO,CA 290;
NOMAD III/JACK MONRO,CA 292;
NOMAD III/JACK MONRO,CA 293;
NOMAD III/JACK MONRO,CA 294;
NOMAD III/JACK MONRO,CA 295;
NOMAD III/JACK MONRO,CA 296;
NOMAD III/JACK MONRO,CA 297;
NOMAD III/JACK MONRO,CA 298;
NOMAD III/JACK MONRO,CA 299;
NOMAD III/JACK MONRO,CA 300;
NOMAD III/JACK MONRO,CA 301;
NOMAD III/JACK MONRO,CA 302;
NOMAD III/JACK MONRO,CA 303;
NOMAD III/JACK MONRO,CA 304;
NOMAD III/JACK MONRO,CA 305;
NOMAD III/JACK MONRO,CA 306;
NOMAD III/JACK MONRO,CA 307;
NOMAD III/JACK MONRO,CA 309;
NOMAD III/JACK MONRO,CA 324;
NOMAD III/JACK MONRO,CA 325;
NOMAD III/JACK MONRO,CA 336;
NOMAD III/JACK MONRO,CA 337;
NOMAD III/JACK MONRO,CA 338;
NOMAD III/JACK MONRO,CA 339;
NOMAD III/JACK MONRO,CA 340;
NOMAD III/JACK MONRO,CA 342;
NOMAD III/JACK MONRO,CA 343;
NOMAD III/JACK MONRO,CA 344;
NOMAD III/JACK MONRO,CA 345;
NOMAD III/JACK MONRO,CA 9/3;
NOMAD III/JACK MONRO,DD 307;
NOMAD III/JACK MONRO,DD 309;
NOMAD III/JACK MONRO,M/CP 14/4;
NOMAD III/JACK MONRO,M/:LG 1;
NOMAD III/JACK MONRO,M/TU 146;
NOMAD III/JACK MONRO,NOM 1;
NOMAD III/JACK MONRO,NOM 2;
NOMAD III/JACK MONRO,NOM2 1;
NOMAD III/JACK MONRO,NOM2 18;
NOMAD III/JACK MONRO,NOM2 2;
NOMAD III/JACK MONRO,NOM2 23;
NOMAD III/JACK MONRO,NOM2 24;
NOMAD III/JACK MONRO,NOM2 3;
NOMAD III/JACK MONRO,NOM2 4;
NOMAD III/JACK MONRO,NOM2 5;
NOMAD III/JACK MONRO,NOM2 6;
NOMAD III/JACK MONRO,NOM2 7;
NOMAD III/JACK MONRO,NOM2 8;
NOMAD III/JACK MONRO,NOM 3;
NOMAD III/JACK MONRO,NOM 4;
NOMAD III/JACK MONRO,PWJ 47;
NOMAD III/JACK MONRO,TB 35;
NOMAD III/JACK MONRO,TB 37;
NOMAD III/JACK MONRO,TB 38;
NOMAD III/JACK MONRO,TB 39;
NOMAD III/JACK MONRO,TB 40;
NOMAD III/JACK MONRO,TB 41;
NOMAD III/JACK MONRO,TB 42;
NOMAD III/JACK MONRO,TB 43;
NOMAD III/JACK MONRO,TB 44;
NOMAD III/JACK MONRO,TB 45;
NOMAD III/JACK MONRO,TB 46;
NOMAD III/JACK MONRO,TB 47;
NOMAD III/JACK MONRO,TB 48;
NOMAD III/JACK MONRO,TB 49;
NOMAD III/JACK MONRO,TB 50;
NOMAD III/JACK MONRO,YOUNG MEN 24;
NOMAD III/JACK MONRO,YOUNG MEN 25;
NOMAD III/JACK MONRO,YOUNG MEN 26;
NOMAD III/JACK MONRO,YOUNG MEN 27;
NOMAD III/JACK MONRO,YOUNG MEN 28;
NOM,BSHP2 1;
NOM,BSHP2 10;
NOM,BSHP2 12/2;
NOM,BSHP2 14;
NOM,BSHP2 2;
NOM,BSHP2 3;
NOM,BSHP2 4;
NOM,BSHP2 5;
NOM,BSHP2 6;
NOM,BSHP2 7;
NOM,BSHP2 8;
NOM,BSHP2 9;
NORRISS, JACK,DEF 1;
NORRISS, JACK,DEF 22;
NORRISS, JACK,DEF 23;
NORRISS, JACK,DEF 24;
NORRISS, JACK,DEF 25;
NORRISS, JACK,DEF 26;
NORRISS, JACK,DEF 27;
NORRISS, JACK,DEF 29;
NORRISS, JACK,DEF 31;
NORRISS, JACK,DEF 32;
NORRISS, JACK,DEF 33;
NORRISS, JACK,DEF 34;
NORRISS, JACK,DEF 35;
NORRISS, JACK,DEF 36;
NORRISS, JACK,DEF 37;
NORRISS, JACK,DEF 38;
NORRISS, JACK,DEF 39;
NORRISS, JACK,DEF 40;
NORRISS, JACK,DEF 41;
NORRISS, JACK,DEF 44;
NORRISS, JACK,DEF 45;
NORRISS, JACK,DEF 46;
NORRISS, JACK,DEF 47;
NORRISS, JACK,DEF 48;
NORRISS, JACK,DEF 49;
NORRISS, JACK,DEF 50;
NORRISS, JACK,DEF 51;
NORRISS, JACK,DEF 54;
NORRISS, JACK,DEF 58;
NORRISS, JACK,DEF 87;
NORRISS, JACK,NOM2 2;
NORRISS, JACK,NOM2 3;
NORRISS, JACK,XFOR -1;
NORRISS, SISTER BARB,A 11;
NORRISS, SISTER BARB,A 116;
NORRISS, SISTER BARB,A 117;
NORRISS, SISTER BARB,A 118;
NORRISS, SISTER BARB,A 157;
NORRISS, SISTER BARB,A 83;
NORRISS, SISTER BARB,ASM 225;
NORRISS, SISTER BARB,BK2 3;
NORRISS, SISTER BARB,BK2 4;
NORRISS, SISTER BARB,CA 268;
NORRISS, SISTER BARB,COC 1;
NORRISS, SISTER BARB,DEF 1;
NORRISS, SISTER BARB,DEF 10;
NORRISS, SISTER BARB,DEF 100;
NORRISS, SISTER BARB,DEF 101;
NORRISS, SISTER BARB,DEF 103;
NORRISS, SISTER BARB,DEF 104;
NORRISS, SISTER BARB,DEF 106;
NORRISS, SISTER BARB,DEF 107;
NORRISS, SISTER BARB,DEF 108;
NORRISS, SISTER BARB,DEF 109;
NORRISS, SISTER BARB,DEF 11;
NORRISS, SISTER BARB,DEF 112;
NORRISS, SISTER BARB,DEF 113;
NORRISS, SISTER BARB,DEF 114;
NORRISS, SISTER BARB,DEF 115;
NORRISS, SISTER BARB,DEF 116;
NORRISS, SISTER BARB,DEF 117;
NORRISS, SISTER BARB,DEF 119;
NORRISS, SISTER BARB,DEF 12;
NORRISS, SISTER BARB,DEF 120;
NORRISS, SISTER BARB,DEF 121;
NORRISS, SISTER BARB,DEF 122;
NORRISS, SISTER BARB,DEF 123;
NORRISS, SISTER BARB,DEF 125;
NORRISS, SISTER BARB,DEF 126;
NORRISS, SISTER BARB,DEF 127;
NORRISS, SISTER BARB,DEF 128;
NORRISS, SISTER BARB,DEF 129;
NORRISS, SISTER BARB,DEF 13;
NORRISS, SISTER BARB,DEF 130;
NORRISS, SISTER BARB,DEF 131;
NORRISS, SISTER BARB,DEF 132;
NORRISS, SISTER BARB,DEF 133;
NORRISS, SISTER BARB,DEF 134;
NORRISS, SISTER BARB,DEF 135;
NORRISS, SISTER BARB,DEF 136;
NORRISS, SISTER BARB,DEF 137;
NORRISS, SISTER BARB,DEF 138;
NORRISS, SISTER BARB,DEF 139;
NORRISS, SISTER BARB,DEF 14;
NORRISS, SISTER BARB,DEF 140;
NORRISS, SISTER BARB,DEF 141;
NORRISS, SISTER BARB,DEF 143;
NORRISS, SISTER BARB,DEF 144;
NORRISS, SISTER BARB,DEF 145;
NORRISS, SISTER BARB,DEF 146;
NORRISS, SISTER BARB,DEF 147;
NORRISS, SISTER BARB,DEF 149;
NORRISS, SISTER BARB,DEF 15;
NORRISS, SISTER BARB,DEF 150;
NORRISS, SISTER BARB,DEF 151;
NORRISS, SISTER BARB,DEF 152;
NORRISS, SISTER BARB,DEF 16;
NORRISS, SISTER BARB,DEF 17;
NORRISS, SISTER BARB,DEF 18;
NORRISS, SISTER BARB,DEF 20;
NORRISS, SISTER BARB,DEF 21;
NORRISS, SISTER BARB,DEF 22;
NORRISS, SISTER BARB,DEF 23;
NORRISS, SISTER BARB,DEF 24;
NORRISS, SISTER BARB,DEF2 4;
NORRISS, SISTER BARB,DEF 25;
NORRISS, SISTER BARB,DEF 26;
NORRISS, SISTER BARB,DEF 27;
NORRISS, SISTER BARB,DEF 28;
NORRISS, SISTER BARB,DEF 29;
NORRISS, SISTER BARB,DEF 3;
NORRISS, SISTER BARB,DEF 30;
NORRISS, SISTER BARB,DEF 31;
NORRISS, SISTER BARB,DEF 32;
NORRISS, SISTER BARB,DEF 33;
NORRISS, SISTER BARB,DEF 34;
NORRISS, SISTER BARB,DEF 35;
NORRISS, SISTER BARB,DEF 36;
NORRISS, SISTER BARB,DEF 37;
NORRISS, SISTER BARB,DEF 38;
NORRISS, SISTER BARB,DEF 39;
NORRISS, SISTER BARB,DEF 4;
NORRISS, SISTER BARB,DEF 40;
NORRISS, SISTER BARB,DEF 41;
NORRISS, SISTER BARB,DEF 42;
NORRISS, SISTER BARB,DEF 43;
NORRISS, SISTER BARB,DEF 44;
NORRISS, SISTER BARB,DEF 45;
NORRISS, SISTER BARB,DEF 46;
NORRISS, SISTER BARB,DEF 47;
NORRISS, SISTER BARB,DEF 48;
NORRISS, SISTER BARB,DEF 49;
NORRISS, SISTER BARB,DEF 5;
NORRISS, SISTER BARB,DEF 50;
NORRISS, SISTER BARB,DEF 51;
NORRISS, SISTER BARB,DEF 52;
NORRISS, SISTER BARB,DEF 53;
NORRISS, SISTER BARB,DEF 54;
NORRISS, SISTER BARB,DEF 55;
NORRISS, SISTER BARB,DEF 56;
NORRISS, SISTER BARB,DEF 57;
NORRISS, SISTER BARB,DEF 58;
NORRISS, SISTER BARB,DEF 59;
NORRISS, SISTER BARB,DEF 6;
NORRISS, SISTER BARB,DEF 60;
NORRISS, SISTER BARB,DEF 61;
NORRISS, SISTER BARB,DEF 62;
NORRISS, SISTER BARB,DEF 63;
NORRISS, SISTER BARB,DEF 64;
NORRISS, SISTER BARB,DEF 65;
NORRISS, SISTER BARB,DEF 66;
NORRISS, SISTER BARB,DEF 67;
NORRISS, SISTER BARB,DEF 68;
NORRISS, SISTER BARB,DEF 69;
NORRISS, SISTER BARB,DEF 7;
NORRISS, SISTER BARB,DEF 70;
NORRISS, SISTER BARB,DEF 71;
NORRISS, SISTER BARB,DEF 72;
NORRISS, SISTER BARB,DEF 73;
NORRISS, SISTER BARB,DEF 74;
NORRISS, SISTER BARB,DEF 75;
NORRISS, SISTER BARB,DEF 76;
NORRISS, SISTER BARB,DEF 77;
NORRISS, SISTER BARB,DEF 78;
NORRISS, SISTER BARB,DEF 79;
NORRISS, SISTER BARB,DEF 8;
NORRISS, SISTER BARB,DEF 80;
NORRISS, SISTER BARB,DEF 81;
NORRISS, SISTER BARB,DEF 8/2;
NORRISS, SISTER BARB,DEF 83;
NORRISS, SISTER BARB,DEF 84;
NORRISS, SISTER BARB,DEF 85;
NORRISS, SISTER BARB,DEF 86;
NORRISS, SISTER BARB,DEF 87;
NORRISS, SISTER BARB,DEF 88;
NORRISS, SISTER BARB,DEF 89;
NORRISS, SISTER BARB,DEF 9;
NORRISS, SISTER BARB,DEF 90;
NORRISS, SISTER BARB,DEF 91;
NORRISS, SISTER BARB,DEF 92;
NORRISS, SISTER BARB,DEF 93;
NORRISS, SISTER BARB,DEF 94;
NORRISS, SISTER BARB,DEF 95;
NORRISS, SISTER BARB,DEF 96;
NORRISS, SISTER BARB,DEF 97;
NORRISS, SISTER BARB,DEF 98;
NORRISS, SISTER BARB,DEF 99;
NORRISS, SISTER BARB,DRSTR3 3;
NORRISS, SISTER BARB,DRSTR3 4;
NORRISS, SISTER BARB,GSDEF 1;
NORRISS, SISTER BARB,GSDEF 2;
NORRISS, SISTER BARB,GSDEF 3;
NORRISS, SISTER BARB,GSDEF 4;
NORRISS, SISTER BARB,GSDEF 5;
NORRISS, SISTER BARB,H2 126;
NORRISS, SISTER BARB,H2 142;
NORRISS, SISTER BARB,H2 206;
NORRISS, SISTER BARB,H2 207;
NORRISS, SISTER BARB,H2 278;
NORRISS, SISTER BARB,H2 279;
NORRISS, SISTER BARB,HCAT 3;
NORRISS, SISTER BARB,M/FAN 20;
NORRISS, SISTER BARB,M/GN 1;
NORRISS, SISTER BARB,M/:LG 5;
NORRISS, SISTER BARB,M/TE 12;
NORRISS, SISTER BARB,M/TIO 6;
NORRISS, SISTER BARB,M/TIO 7;
NORRISS, SISTER BARB,M/TU 111;
NORRISS, SISTER BARB,M/TU 116;
NORRISS, SISTER BARB,M/TU 34;
NORRISS, SISTER BARB,M/TU 35;
NORRISS, SISTER BARB,ROM 65;
NORRISS, SISTER BARB,ROM 66;
NORRISS, SISTER BARB,S-H 13;
NORRISS, SISTER BARB,SS 6;
NORRISS, SISTER BARB,ST2 5/2;
NORRISS, SISTER BARB,ST2 6/2;
NORRISS, SISTER BARB,ST2 7;
NORRISS, SISTER BARB,ST2 7/2;
NORRISS, SISTER BARB,SUB-M2 3;
NORRISS, SISTER BARB,T 454;
NORRISS, SISTER BARB,VAL 1;
NORRISS, SISTER BARB,XFOR -1;
NORRISS, SISTER BARB,XFOR 74;
NORRISS, SISTER BARB,XFOR '97;
NORTH, DAKOTA,BP3 31;
NORTH, DAKOTA,BP3 32;
NORTH, DAKOTA,BP3 33;
NORTH, DAKOTA,CAGE 1;
NORTH, DAKOTA,CAGE 10;
NORTH, DAKOTA,CAGE 2;
NORTH, DAKOTA,CAGE 3;
NORTH, DAKOTA,CAGE 4;
NORTH, DAKOTA,CAGE 6;
NORTH, DAKOTA,CAGE 8;
NORTH, DAKOTA,DN 1;
NORTH, DAKOTA,DN 2;
NORTH, DAKOTA,DN 3;
NORTH, DAKOTA,DN 4;
NORTH, DAKOTA,DN 5;
NORTH, DAKOTA,M/SH3 3/2;
NORTH, DAKOTA,PP 46;
NORTH, DAKOTA,WOSM 37;
NORTH, RICKY,DN 1;
NORTH, RICKY,DN 2;
NORTH, RICKY,DN 3;
NORTH, RICKY,DN 4;
NORTH, RICKY,DN 5;
NORTH, RICKY,WOSM 37;
NORTHSTAR DOPPELGANG,IW 3;
NORTHSTAR/JEAN-PAUL,A 272;
NORTHSTAR/JEAN-PAUL,AF 1;
NORTHSTAR/JEAN-PAUL,AF 100;
NORTHSTAR/JEAN-PAUL,AF 101;
NORTHSTAR/JEAN-PAUL,AF 10/2;
NORTHSTAR/JEAN-PAUL,AF 102;
NORTHSTAR/JEAN-PAUL,AF 103;
NORTHSTAR/JEAN-PAUL,AF 104;
NORTHSTAR/JEAN-PAUL,AF 105;
NORTHSTAR/JEAN-PAUL,AF 106;
NORTHSTAR/JEAN-PAUL,AF 107;
NORTHSTAR/JEAN-PAUL,AF 108;
NORTHSTAR/JEAN-PAUL,AF 109;
NORTHSTAR/JEAN-PAUL,AF 109/2;
NORTHSTAR/JEAN-PAUL,AF 110;
NORTHSTAR/JEAN-PAUL,AF 111;
NORTHSTAR/JEAN-PAUL,AF 112;
NORTHSTAR/JEAN-PAUL,AF 113;
NORTHSTAR/JEAN-PAUL,AF 114;
NORTHSTAR/JEAN-PAUL,AF 115;
NORTHSTAR/JEAN-PAUL,AF 12;
NORTHSTAR/JEAN-PAUL,AF 18;
NORTHSTAR/JEAN-PAUL,AF 2;
NORTHSTAR/JEAN-PAUL,AF2 12;
NORTHSTAR/JEAN-PAUL,AF2 13;
NORTHSTAR/JEAN-PAUL,AF2 15;
NORTHSTAR/JEAN-PAUL,AF2 17;
NORTHSTAR/JEAN-PAUL,AF2 18;
NORTHSTAR/JEAN-PAUL,AF2 19;
NORTHSTAR/JEAN-PAUL,AF 22;
NORTHSTAR/JEAN-PAUL,AF2 20;
NORTHSTAR/JEAN-PAUL,AF 24;
NORTHSTAR/JEAN-PAUL,AF 25;
NORTHSTAR/JEAN-PAUL,AF 26;
NORTHSTAR/JEAN-PAUL,AF2 6;
NORTHSTAR/JEAN-PAUL,AF 27;
NORTHSTAR/JEAN-PAUL,AF 28;
NORTHSTAR/JEAN-PAUL,AF2 8;
NORTHSTAR/JEAN-PAUL,AF 29;
NORTHSTAR/JEAN-PAUL,AF 3;
NORTHSTAR/JEAN-PAUL,AF 30;
NORTHSTAR/JEAN-PAUL,AF 31;
NORTHSTAR/JEAN-PAUL,AF 32;
NORTHSTAR/JEAN-PAUL,AF 33;
NORTHSTAR/JEAN-PAUL,AF 34;
NORTHSTAR/JEAN-PAUL,AF 35;
NORTHSTAR/JEAN-PAUL,AF 36;
NORTHSTAR/JEAN-PAUL,AF 37;
NORTHSTAR/JEAN-PAUL,AF 38;
NORTHSTAR/JEAN-PAUL,AF 39;
NORTHSTAR/JEAN-PAUL,AF 4;
NORTHSTAR/JEAN-PAUL,AF 40;
NORTHSTAR/JEAN-PAUL,AF 41;
NORTHSTAR/JEAN-PAUL,AF 42;
NORTHSTAR/JEAN-PAUL,AF 43;
NORTHSTAR/JEAN-PAUL,AF 44;
NORTHSTAR/JEAN-PAUL,AF 45;
NORTHSTAR/JEAN-PAUL,AF 46;
NORTHSTAR/JEAN-PAUL,AF 48;
NORTHSTAR/JEAN-PAUL,AF 49;
NORTHSTAR/JEAN-PAUL,AF 50;
NORTHSTAR/JEAN-PAUL,AF 52;
NORTHSTAR/JEAN-PAUL,AF 7;
NORTHSTAR/JEAN-PAUL,AF 8;
NORTHSTAR/JEAN-PAUL,AF 81;
NORTHSTAR/JEAN-PAUL,AF 82;
NORTHSTAR/JEAN-PAUL,AF 84;
NORTHSTAR/JEAN-PAUL,AF 85;
NORTHSTAR/JEAN-PAUL,AF 86;
NORTHSTAR/JEAN-PAUL,AF 87;
NORTHSTAR/JEAN-PAUL,AF 89;
NORTHSTAR/JEAN-PAUL,AF 90;
NORTHSTAR/JEAN-PAUL,AF 91;
NORTHSTAR/JEAN-PAUL,AF 92;
NORTHSTAR/JEAN-PAUL,AF 93;
NORTHSTAR/JEAN-PAUL,AF 94;
NORTHSTAR/JEAN-PAUL,AF 95;
NORTHSTAR/JEAN-PAUL,AF 97;
NORTHSTAR/JEAN-PAUL,AF 98;
NORTHSTAR/JEAN-PAUL,AF 99;
NORTHSTAR/JEAN-PAUL,COC 1;
NORTHSTAR/JEAN-PAUL,CRYS 11;
NORTHSTAR/JEAN-PAUL,CX 27;
NORTHSTAR/JEAN-PAUL,H2 277;
NORTHSTAR/JEAN-PAUL,H2 279;
NORTHSTAR/JEAN-PAUL,H2 313;
NORTHSTAR/JEAN-PAUL,IW 1;
NORTHSTAR/JEAN-PAUL,IW 2;
NORTHSTAR/JEAN-PAUL,IW 3;
NORTHSTAR/JEAN-PAUL,M/CP 92/4;
NORTHSTAR/JEAN-PAUL,M/FAN 28;
NORTHSTAR/JEAN-PAUL,MK3 41;
NORTHSTAR/JEAN-PAUL,MM 18;
NORTHSTAR/JEAN-PAUL,M/TIO 84;
NORTHSTAR/JEAN-PAUL,M/TU 7;
NORTHSTAR/JEAN-PAUL,NW 27;
NORTHSTAR/JEAN-PAUL,Q 38;
NORTHSTAR/JEAN-PAUL,SWII 4;
NORTHSTAR/JEAN-PAUL,SWII 9;
NORTHSTAR/JEAN-PAUL,UX 120;
NORTHSTAR/JEAN-PAUL,UX 121;
NORTHSTAR/JEAN-PAUL,UX 379;
NORTHSTAR/JEAN-PAUL,UX 392;
NORTHSTAR/JEAN-PAUL,UX 393;
NORTHSTAR/JEAN-PAUL,W2 142;
NORTHSTAR/JEAN-PAUL,W2 143;
NORTHSTAR/JEAN-PAUL,X 112;
NORTHSTAR/JEAN-PAUL,X 113;
NORTHSTAR/JEAN-PAUL,X&AF 1;
NORTHSTAR/JEAN-PAUL,X&AF 2;
NORTHSTAR/JEAN-PAUL,X&AF2 1;
NORTHSTAR/JEAN-PAUL,X&AF2 2;
NORTHSTAR/JEAN-PAUL,XF 116;
NORTHSTAR | MUTANT X,MX 3;
NOSFERATA/PURPLE HAY,S-H2 19;
NOSFERATA/PURPLE HAY,S-H2 20;
NOTE,BSHP2 10;
NOTE,BSHP2 11;
NOVA 0:0,NO2 12;
NOVA DOPPELGANGER II,FF 369;
NOVA DOPPELGANGER II,MK3 41;
NOVA DOPPELGANGER II,WM2 15;
NOVA DOPPELGANGER,IW 1;
NOVA II/FRANKIE RAYE,AF 100;
NOVA II/FRANKIE RAYE,AF 97;
NOVA II/FRANKIE RAYE,AF 98;
NOVA II/FRANKIE RAYE,AF 99;
NOVA II/FRANKIE RAYE,DRSTR3 42;
NOVA II/FRANKIE RAYE,DRSTR3 43;
NOVA II/FRANKIE RAYE,DRSTR3 44;
NOVA II/FRANKIE RAYE,DRSTR3 45;
NOVA II/FRANKIE RAYE,FF 164;
NOVA II/FRANKIE RAYE,FF 171;
NOVA II/FRANKIE RAYE,FF 181;
NOVA II/FRANKIE RAYE,FF 191;
NOVA II/FRANKIE RAYE,FF 204;
NOVA II/FRANKIE RAYE,FF 232;
NOVA II/FRANKIE RAYE,FF 234;
NOVA II/FRANKIE RAYE,FF 235;
NOVA II/FRANKIE RAYE,FF 237;
NOVA II/FRANKIE RAYE,FF 238;
NOVA II/FRANKIE RAYE,FF 239;
NOVA II/FRANKIE RAYE,FF 240;
NOVA II/FRANKIE RAYE,FF 241;
NOVA II/FRANKIE RAYE,FF 242;
NOVA II/FRANKIE RAYE,FF 243;
NOVA II/FRANKIE RAYE,FF 244;
NOVA II/FRANKIE RAYE,FF 256;
NOVA II/FRANKIE RAYE,FF 257;
NOVA II/FRANKIE RAYE,FF 262;
NOVA II/FRANKIE RAYE,FF 369;
NOVA II/FRANKIE RAYE,FF 370;
NOVA II/FRANKIE RAYE,IW 1;
NOVA II/FRANKIE RAYE,IW 2;
NOVA II/FRANKIE RAYE,IW 3;
NOVA II/FRANKIE RAYE,IW 4;
NOVA II/FRANKIE RAYE,IW 5;
NOVA II/FRANKIE RAYE,IW 6;
NOVA II/FRANKIE RAYE,M/CP 93/2;
NOVA II/FRANKIE RAYE,M/CP 94/2;
NOVA II/FRANKIE RAYE,M/CP 95/2;
NOVA II/FRANKIE RAYE,M/CP 96/2;
NOVA II/FRANKIE RAYE,PP 56;
NOVA II/FRANKIE RAYE,PP 57;
NOVA II/FRANKIE RAYE,PP 58;
NOVA II/FRANKIE RAYE,Q 25;
NOVA II/FRANKIE RAYE,SS 1;
NOVA II/FRANKIE RAYE,SS 1/2;
NOVA II/FRANKIE RAYE,SS3 1;
NOVA II/FRANKIE RAYE,SS3 10;
NOVA II/FRANKIE RAYE,SS3 11;
NOVA II/FRANKIE RAYE,SS3 12;
NOVA II/FRANKIE RAYE,SS3 13;
NOVA II/FRANKIE RAYE,SS3 14;
NOVA II/FRANKIE RAYE,SS3 15;
NOVA II/FRANKIE RAYE,SS3 17;
NOVA II/FRANKIE RAYE,SS3 18;
NOVA II/FRANKIE RAYE,SS3 19;
NOVA II/FRANKIE RAYE,SS3 20;
NOVA II/FRANKIE RAYE,SS3 21;
NOVA II/FRANKIE RAYE,SS3 48;
NOVA II/FRANKIE RAYE,SS3 51;
NOVA II/FRANKIE RAYE,SS3 67;
NOVA II/FRANKIE RAYE,SS3 68;
NOVA II/FRANKIE RAYE,SS3 69;
NOVA II/FRANKIE RAYE,SS3 70;
NOVA II/FRANKIE RAYE,SS3 72;
NOVA II/FRANKIE RAYE,SS3 73;
NOVA II/FRANKIE RAYE,SS3 74;
NOVA II/FRANKIE RAYE,SS3 75;
NOVA II/FRANKIE RAYE,SS3 9;
NOVA II/FRANKIE RAYE,SS: JUDGMENT DAY;
NOVA II/FRANKIE RAYE,UX 370;
NOVA II/FRANKIE RAYE,WM2 14;
NOVA II/FRANKIE RAYE,X 89;
NOVA II/FRANKIE RAYE,X 90;
NOVA II/FRANKIE RAYE,XCAL 25;
NOVA III/FRANKIE RAY,FF '01;
NOVA II | MUTANT X-V,MX 14;
NOVA II | MUTANT X-V,MX 17;
NOVA | MUTANT X-VERS,MX '01;
NOVA OMEGA/GARTHAN S,NO2 18;
NOVA OMEGA/GARTHAN S,NW 69;
NOVA OMEGA/GARTHAN S,NW 73;
NOVA OMEGA/GARTHAN S,NW 75;
NOVA-PRIME,FF 204;
NOVA-PRIME,FF 205;
NOVA-PRIME,FF 206;
NOVA-PRIME,FF 209;
NOVA-PRIME,ROM 24;
NOVA/RICHARD RIDER,A3 13;
NOVA/RICHARD RIDER,A3 25;
NOVA/RICHARD RIDER,A 332;
NOVA/RICHARD RIDER,ASM 171;
NOVA/RICHARD RIDER,ASM 26;
NOVA/RICHARD RIDER,ASM 337;
NOVA/RICHARD RIDER,ASM 351;
NOVA/RICHARD RIDER,ASM 352;
NOVA/RICHARD RIDER,ASM 354;
NOVA/RICHARD RIDER,ASM 355;
NOVA/RICHARD RIDER,ASM 356;
NOVA/RICHARD RIDER,ASM 357;
NOVA/RICHARD RIDER,ASM 358;
NOVA/RICHARD RIDER,ASM:F&E 1;
NOVA/RICHARD RIDER,CPU 1;
NOVA/RICHARD RIDER,DAMCON3 1;
NOVA/RICHARD RIDER,DAMCON3 2;
NOVA/RICHARD RIDER,DAMCON3 4;
NOVA/RICHARD RIDER,DD 142;
NOVA/RICHARD RIDER,DEF 62;
NOVA/RICHARD RIDER,DEF 63;
NOVA/RICHARD RIDER,DEF 64;
NOVA/RICHARD RIDER,FF 206;
NOVA/RICHARD RIDER,FF 208;
NOVA/RICHARD RIDER,FF 209;
NOVA/RICHARD RIDER,FF3 27;
NOVA/RICHARD RIDER,FF 356;
NOVA/RICHARD RIDER,FF 367;
NOVA/RICHARD RIDER,FF 368;
NOVA/RICHARD RIDER,FF 369;
NOVA/RICHARD RIDER,FF 370;
NOVA/RICHARD RIDER,GENX 59;
NOVA/RICHARD RIDER,HAWK2;
NOVA/RICHARD RIDER,IG 3;
NOVA/RICHARD RIDER,IG 4;
NOVA/RICHARD RIDER,IM 303;
NOVA/RICHARD RIDER,IW 1;
NOVA/RICHARD RIDER,IW 2;
NOVA/RICHARD RIDER,IW 3;
NOVA/RICHARD RIDER,IW 4;
NOVA/RICHARD RIDER,IW 5;
NOVA/RICHARD RIDER,IW 6;
NOVA/RICHARD RIDER,MAXSEC 1;
NOVA/RICHARD RIDER,MAXSEC 3;
NOVA/RICHARD RIDER,MK3 41;
NOVA/RICHARD RIDER,M/TIO 3;
NOVA/RICHARD RIDER,N 5;
NOVA/RICHARD RIDER,NM 7;
NOVA/RICHARD RIDER,NO 1;
NOVA/RICHARD RIDER,NO 10;
NOVA/RICHARD RIDER,NO 11;
NOVA/RICHARD RIDER,NO 12;
NOVA/RICHARD RIDER,NO 13;
NOVA/RICHARD RIDER,NO 14;
NOVA/RICHARD RIDER,NO 15;
NOVA/RICHARD RIDER,NO 16;
NOVA/RICHARD RIDER,NO 17;
NOVA/RICHARD RIDER,NO 18;
NOVA/RICHARD RIDER,NO 18/2;
NOVA/RICHARD RIDER,NO 19;
NOVA/RICHARD RIDER,NO 2;
NOVA/RICHARD RIDER,NO 20;
NOVA/RICHARD RIDER,NO 21;
NOVA/RICHARD RIDER,NO2 10;
NOVA/RICHARD RIDER,NO2 11;
NOVA/RICHARD RIDER,NO2 12;
NOVA/RICHARD RIDER,NO2 13;
NOVA/RICHARD RIDER,NO2 14;
NOVA/RICHARD RIDER,NO2 15;
NOVA/RICHARD RIDER,NO2 17;
NOVA/RICHARD RIDER,NO2 18;
NOVA/RICHARD RIDER,NO 22;
NOVA/RICHARD RIDER,NO 23;
NOVA/RICHARD RIDER,NO 24;
NOVA/RICHARD RIDER,NO 25;
NOVA/RICHARD RIDER,NO2 6;
NOVA/RICHARD RIDER,NO2 7;
NOVA/RICHARD RIDER,NO2 8;
NOVA/RICHARD RIDER,NO2 9;
NOVA/RICHARD RIDER,NO 3;
NOVA/RICHARD RIDER,NO 4;
NOVA/RICHARD RIDER,NO 5;
NOVA/RICHARD RIDER,NO 6;
NOVA/RICHARD RIDER,NO 7;
NOVA/RICHARD RIDER,NO 8;
NOVA/RICHARD RIDER,NO 9;
NOVA/RICHARD RIDER,NT 2;
NOVA/RICHARD RIDER,NT2 16;
NOVA/RICHARD RIDER,NT2 20;
NOVA/RICHARD RIDER,NW 1;
NOVA/RICHARD RIDER,NW 10;
NOVA/RICHARD RIDER,NW 13;
NOVA/RICHARD RIDER,NW 14;
NOVA/RICHARD RIDER,NW 15;
NOVA/RICHARD RIDER,NW 16;
NOVA/RICHARD RIDER,NW 1/7;
NOVA/RICHARD RIDER,NW 17;
NOVA/RICHARD RIDER,NW 18;
NOVA/RICHARD RIDER,NW 19;
NOVA/RICHARD RIDER,NW 2;
NOVA/RICHARD RIDER,NW 20;
NOVA/RICHARD RIDER,NW 21;
NOVA/RICHARD RIDER,NW2 1;
NOVA/RICHARD RIDER,NW2 10;
NOVA/RICHARD RIDER,NW 22;
NOVA/RICHARD RIDER,NW2 2;
NOVA/RICHARD RIDER,NW 23;
NOVA/RICHARD RIDER,NW2 3;
NOVA/RICHARD RIDER,NW 2/4;
NOVA/RICHARD RIDER,NW 24;
NOVA/RICHARD RIDER,NW2 4;
NOVA/RICHARD RIDER,NW 25;
NOVA/RICHARD RIDER,NW2 5;
NOVA/RICHARD RIDER,NW 26;
NOVA/RICHARD RIDER,NW2 6;
NOVA/RICHARD RIDER,NW 27;
NOVA/RICHARD RIDER,NW2 7;
NOVA/RICHARD RIDER,NW 28;
NOVA/RICHARD RIDER,NW2 8;
NOVA/RICHARD RIDER,NW 29;
NOVA/RICHARD RIDER,NW2 9;
NOVA/RICHARD RIDER,NW 3;
NOVA/RICHARD RIDER,NW 30;
NOVA/RICHARD RIDER,NW 4;
NOVA/RICHARD RIDER,NW 47;
NOVA/RICHARD RIDER,NW 49;
NOVA/RICHARD RIDER,NW 5;
NOVA/RICHARD RIDER,NW 50;
NOVA/RICHARD RIDER,NW 51;
NOVA/RICHARD RIDER,NW 53;
NOVA/RICHARD RIDER,NW 54;
NOVA/RICHARD RIDER,NW 55;
NOVA/RICHARD RIDER,NW 56;
NOVA/RICHARD RIDER,NW 57;
NOVA/RICHARD RIDER,NW 6;
NOVA/RICHARD RIDER,NW 60;
NOVA/RICHARD RIDER,NW 61;
NOVA/RICHARD RIDER,NW 62;
NOVA/RICHARD RIDER,NW 65;
NOVA/RICHARD RIDER,NW 68;
NOVA/RICHARD RIDER,NW 69;
NOVA/RICHARD RIDER,NW 7;
NOVA/RICHARD RIDER,NW 71;
NOVA/RICHARD RIDER,NW 73;
NOVA/RICHARD RIDER,NW 74;
NOVA/RICHARD RIDER,NW 75;
NOVA/RICHARD RIDER,NW 8;
NOVA/RICHARD RIDER,NW 9;
NOVA/RICHARD RIDER,PPTSS 12;
NOVA/RICHARD RIDER,Q 28;
NOVA/RICHARD RIDER,Q 38;
NOVA/RICHARD RIDER,Q 39;
NOVA/RICHARD RIDER,Q 60;
NOVA/RICHARD RIDER,ROM 24;
NOVA/RICHARD RIDER,S-M 20;
NOVA/RICHARD RIDER,S-M 23;
NOVA/RICHARD RIDER,SS3 52;
NOVA/RICHARD RIDER,SS3 54;
NOVA/RICHARD RIDER,T 271;
NOVA/RICHARD RIDER,T 411;
NOVA/RICHARD RIDER,T 412;
NOVA/RICHARD RIDER,TB 1;
NOVA/RICHARD RIDER,TB 10;
NOVA/RICHARD RIDER,TB 25;
NOVA/RICHARD RIDER,TB 8;
NOVA/RICHARD RIDER,UX 15;
NOVA/RICHARD RIDER,W2 149;
NOVA/RICHARD RIDER,WIW 8;
NOVA/RICHARD RIDER,WM2 13;
NOVA/RICHARD RIDER,WM2 14;
NOVA/RICHARD RIDER,WM2 15;
NOVA/RICHARD RIDER,WOSM 75;
NOVA/RICHARD RIDER,WOSM 8;
NOVA/RICHARD RIDER,XF 6;
NOX,DRSTR3 31/2;
NOX,DRSTR3 32/2;
NOX,DRSTR3 33/2;
NOX,DRSTR3 38;
NOX,DRSTR3 39;
NOY,GENX 53;
NOY,GENX 54;
NUADA,IG 2;
NUGENT, ALICE,A3 19;
NUGENT, ALICE,A3 20;
NUGENT, ALICE,IM 194;
NUGENT,MGK2 1;
NUGENT,MGK2 2;
NUGENT,MGK2 4;
NUKE,DEF 112;
NUKE,DEF 113;
NUKE,DEF 114;
NUKE,SQS 1;
NUKE,SQS 2;
NUKE,SQS 3;
NUKLO/ROBERT FRANK J,A 311;
NUKLO/ROBERT FRANK J,A 6;
NUKLO/ROBERT FRANK J,CA 8;
NUKLO/ROBERT FRANK J,CV 1;
NUKLO/ROBERT FRANK J,CV 2;
NUKLO/ROBERT FRANK J,CV 3;
NUKLO/ROBERT FRANK J,DAZZ 9;
NUKLO/ROBERT FRANK J,GSA 1;
NUKLO/ROBERT FRANK J,M/TIO 54;
NUKLO/ROBERT FRANK J,M/TIO 55;
NUKLO/ROBERT FRANK J,TB 39;
NUKLO/ROBERT FRANK J,TB 40;
NUKLO/ROBERT FRANK J,TB 49;
NUKLO/ROBERT FRANK J,V&SW 2;
NULLITRON,T2 33;
NUMBER NINE,DD 271;
NUMBER NINE,DD 272;
NUMBER NINE,DD 273;
NUMBER NINE,DD 274;
NUMBER NINE,DD 275;
NUMBER NINE,DD 276;
NUMBER NINE,DD 278;
NUMBER NINE,DD 279;
NUMBER NINE,DD 280;
NUMBER NINE,DD 281;
NUMBER NINE,DD 282;
NUMBER NINE,DD 283;
NUMBER ONE FAN/PROF.,XF 83;
NUMBERS,FF3 6;
NUMBERS,FF3 7;
NUMBERS,XCAL 125;
NUMBERS,XCAL 42;
NUMBERS,XCAL 43;
NUMBERS,XCAL 45;
NUMBERS,XCAL 47;
NUMBERS,XCALSE;
NUNTOO,S&L 2;
NURIL,SS3 114;
NURO,BSHP2 15;
NURO,MAXSEC 2;
NURO,MAXSEC 3;
NURO,MAXSEC:DP;
NURO,XU 29;
NUTT,LSHOT2 1;
NUWA,XFOR 3;
NYLES, JENNIFER,M/CP 86/3;
NYLES, JENNIFER,M/CP 87/3;
NYLES, JENNIFER,M/CP 89/2;
NYLES, JENNIFER,M/CP 90/2;
NYLES, JENNIFER,M/CP 91/2;
NYLES, JENNIFER,M/CP 92/2;
NYLES, JENNIFER,UX 50/2;
NZAGA,MK3 13;
OBLITERATOR [ELDER],SS3 21;
OBLITERATOR [ELDER],SS3 4;
OBLITERATOR [ELDER],SS3 5;
OBLITERATOR [ELDER],SS3 6;
OBLITERATOR II,FF3 34;
OBLIVION,DAMCON3 4;
OBLIVION,Q 21;
OBLIVION,Q 25;
OBLIVION,Q 40;
O'BREEN, GLORIANNA,DD 205;
O'BREEN, GLORIANNA,DD 206;
O'BREEN, GLORIANNA,DD 207;
O'BREEN, GLORIANNA,DD 210;
O'BREEN, GLORIANNA,DD 211;
O'BREEN, GLORIANNA,DD 212;
O'BREEN, GLORIANNA,DD 216;
O'BREEN, GLORIANNA,DD 217;
O'BREEN, GLORIANNA,DD 218;
O'BREEN, GLORIANNA,DD 222;
O'BREEN, GLORIANNA,DD 223;
O'BREEN, GLORIANNA,DD 226;
O'BREEN, GLORIANNA,DD 227;
O'BREEN, GLORIANNA,DD 228;
O'BREEN, GLORIANNA,DD 229;
O'BREEN, GLORIANNA,DD 230;
O'BREEN, GLORIANNA,DD 232;
O'BREEN, GLORIANNA,DD 233;
O'BREEN, GLORIANNA,DD 248;
O'BREEN, GLORIANNA,DD 250;
O'BREEN, GLORIANNA,DD 251;
O'BREEN, GLORIANNA,DD 254;
O'BREEN, GLORIANNA,DD 256;
O'BREEN, GLORIANNA,DD 339;
O'BREEN, GLORIANNA,DD 340;
O'BREEN, GLORIANNA,DD 342;
O'BRIEN, MICHAEL,A 18/3;
O'BRIEN, MICHAEL,A 19/3;
O'BRIEN, MICHAEL,A 236;
O'BRIEN, MICHAEL,A 237;
O'BRIEN, MICHAEL,A 301;
O'BRIEN, MICHAEL,A 311;
O'BRIEN, MICHAEL,A 319/2;
O'BRIEN, MICHAEL,A 320/2;
O'BRIEN, MICHAEL,A 323/2;
O'BRIEN, MICHAEL,A 324/2;
O'BRIEN, MICHAEL,A 325;
O'BRIEN, MICHAEL,A 329;
O'BRIEN, MICHAEL,A 330;
O'BRIEN, MICHAEL,A 331;
O'BRIEN, MICHAEL,A 332;
O'BRIEN, MICHAEL,A 341;
O'BRIEN, MICHAEL,A '99;
O'BRIEN, MICHAEL,CA 352;
O'BRIEN, MICHAEL,CA 353;
O'BRIEN, MICHAEL,CA 354;
O'BRIEN, MICHAEL,CA 358;
O'BRIEN, MICHAEL,CA 363;
O'BRIEN, MICHAEL,CA 365;
O'BRIEN, MICHAEL,CA 371;
O'BRIEN, MICHAEL,CA 372;
O'BRIEN, MICHAEL,CA 374;
O'BRIEN, MICHAEL,CA 380;
O'BRIEN, MICHAEL,CA 383;
O'BRIEN, MICHAEL,CA 404/2;
O'BRIEN, MICHAEL,CA 405/2;
O'BRIEN, MICHAEL,COC 1;
O'BRIEN, MICHAEL,COC 3;
O'BRIEN, MICHAEL,IM 100;
O'BRIEN, MICHAEL,IM 104;
O'BRIEN, MICHAEL,IM 105;
O'BRIEN, MICHAEL,IM 106;
O'BRIEN, MICHAEL,IM 107;
O'BRIEN, MICHAEL,IM 108;
O'BRIEN, MICHAEL,IM 109;
O'BRIEN, MICHAEL,IM 8;
O'BRIEN, MICHAEL,IM 82;
O'BRIEN, MICHAEL,IM 83;
O'BRIEN, MICHAEL,IM 84;
O'BRIEN, MICHAEL,IM 85;
O'BRIEN, MICHAEL,IM 86;
O'BRIEN, MICHAEL,IM 87;
O'BRIEN, MICHAEL,IM 88;
O'BRIEN, MICHAEL,IM 89;
O'BRIEN, MICHAEL,IM 90;
O'BRIEN, MICHAEL,IM 92;
O'BRIEN, MICHAEL,IM 96;
O'BRIEN, MICHAEL,IM 97;
O'BRIEN, MICHAEL,IM 98;
O'BRIEN, MICHAEL,IM 99;
O'BRIEN, MICHAEL,NW 22;
O'BRIEN, MICHAEL,PM&IF 113;
O'BRIEN, MICHAEL,PM&IF 121;
O'BRIEN, MICHAEL,Q 28;
O'BRIEN, MICHAEL,Q 5;
O'BRIEN, MICHAEL,TG 24;
O'BRIEN, MICHAEL,V&SW2 1;
O'BRYAN, BOB,AT 21;
O'BRYAN, BOB,AT 22;
O'BRYAN, BOB,AT 23;
O'BRYAN, BOB,AT 24;
O'BRYAN, BOB,AT:WMB 2;
O'BRYAN, BOB,H2 244;
O'BRYAN, BOB,TOS 20;
OCCULT,CA 343;
OCCULT,CA 346;
OCCULT,CA 4;
OCCULT,DEF 78;
OCCULT,DEF 79;
OCCULT,DEF 80;
OCCULT,DEF 83;
OCCULT,DEF 87;
OCCULT,NW2 6;
OCCULT,W2 164;
OCCULT,W2 165;
OCCULUS,FF 363;
OCCULUS,FF 364;
OCCULUS,FF 365;
O'CONNELL, TARYN,S-H2 4;
O'CONNELL, TARYN,S-H2 44;
O'CONNELL, TARYN,S-H2 45;
O'CONNELL, TARYN,S-H2 46;
O'CONNELL, TARYN,S-H2 48;
O'CONNELL, TARYN,S-H2 5;
O'CONNELL, TARYN,S-H2 6;
O'CONNELL, TARYN,S-H2 7;
O'CONNELL, TARYN,US1 10;
O'CONNELL, TARYN,US1 11;
O'CONNELL, TARYN,US1 12;
O'CONNELL, TARYN,US1 2;
O'CONNELL, TARYN,US1 3;
O'CONNELL, TARYN,US1 5;
O'CONNELL, TARYN,US1 7;
O'CONNELL, TARYN,US1 8;
O'CONNELL, TARYN,US1 9;
O'CONNOR, A.C. ACE,ROM 10;
O'CONNOR, A.C. ACE,ROM 11;
O'CONNOR, A.C. ACE,ROM 12;
O'CONNOR, A.C. ACE,ROM 13;
O'CONNOR, A.C. ACE,ROM 14;
O'CONNOR, A.C. ACE,ROM 15;
OCULUS, LT.,AF2 14;
OCULUS, LT.,AF2 2;
OCULUS, LT.,AF2 8;
ODDBALL/ELTON HEALEY,ASPOT 23;
ODDBALL/ELTON HEALEY,ASPOT 24;
ODDBALL/ELTON HEALEY,ASPOT 25;
ODDBALL/ELTON HEALEY,CA 317;
ODDBALL/ELTON HEALEY,HAWK2;
ODDBALL/ELTON HEALEY,HAWK 3;
ODDBALL/ELTON HEALEY,HAWK 4;
ODIN [ASGARDIAN],A 1;
ODIN [ASGARDIAN],A 173;
ODIN [ASGARDIAN],A 20/4;
ODIN [ASGARDIAN],A 220;
ODIN [ASGARDIAN],A 310;
ODIN [ASGARDIAN],A 7;
ODIN [ASGARDIAN],A 83;
ODIN [ASGARDIAN],BIZADV 32;
ODIN [ASGARDIAN],DAZZ 16;
ODIN [ASGARDIAN],DEF 109;
ODIN [ASGARDIAN],DEF 122;
ODIN [ASGARDIAN],DEF 123;
ODIN [ASGARDIAN],DEF 139;
ODIN [ASGARDIAN],DEF 66;
ODIN [ASGARDIAN],DEF 68;
ODIN [ASGARDIAN],DF 2.4;
ODIN [ASGARDIAN],DF 3.6;
ODIN [ASGARDIAN],DF 4.8;
ODIN [ASGARDIAN],FF 225;
ODIN [ASGARDIAN],FF 262;
ODIN [ASGARDIAN],FF 73;
ODIN [ASGARDIAN],H2 102;
ODIN [ASGARDIAN],H2 279;
ODIN [ASGARDIAN],JIM -1;
ODIN [ASGARDIAN],JIM 100;
ODIN [ASGARDIAN],JIM 100/2;
ODIN [ASGARDIAN],JIM 101;
ODIN [ASGARDIAN],JIM 101/2;
ODIN [ASGARDIAN],JIM 102;
ODIN [ASGARDIAN],JIM 103;
ODIN [ASGARDIAN],JIM 104;
ODIN [ASGARDIAN],JIM 104/2;
ODIN [ASGARDIAN],JIM 105/2;
ODIN [ASGARDIAN],JIM 106/2;
ODIN [ASGARDIAN],JIM 108;
ODIN [ASGARDIAN],JIM 109/2;
ODIN [ASGARDIAN],JIM 110;
ODIN [ASGARDIAN],JIM 110/2;
ODIN [ASGARDIAN],JIM 111;
ODIN [ASGARDIAN],JIM 112;
ODIN [ASGARDIAN],JIM 112/2;
ODIN [ASGARDIAN],JIM 113;
ODIN [ASGARDIAN],JIM 115;
ODIN [ASGARDIAN],JIM 116;
ODIN [ASGARDIAN],JIM 117;
ODIN [ASGARDIAN],JIM 117/2;
ODIN [ASGARDIAN],JIM 118/2;
ODIN [ASGARDIAN],JIM 119;
ODIN [ASGARDIAN],JIM 119/2;
ODIN [ASGARDIAN],JIM 120;
ODIN [ASGARDIAN],JIM 120/2;
ODIN [ASGARDIAN],JIM 121;
ODIN [ASGARDIAN],JIM 122;
ODIN [ASGARDIAN],JIM 123;
ODIN [ASGARDIAN],JIM 123/2;
ODIN [ASGARDIAN],JIM 124;
ODIN [ASGARDIAN],JIM 125;
ODIN [ASGARDIAN],JIM 503;
ODIN [ASGARDIAN],JIM 505;
ODIN [ASGARDIAN],JIM 508;
ODIN [ASGARDIAN],JIM 509;
ODIN [ASGARDIAN],JIM 510;
ODIN [ASGARDIAN],JIM 511;
ODIN [ASGARDIAN],JIM 512;
ODIN [ASGARDIAN],JIM 513;
ODIN [ASGARDIAN],JIM 85;
ODIN [ASGARDIAN],JIM 88;
ODIN [ASGARDIAN],JIM 91;
ODIN [ASGARDIAN],JIM 92;
ODIN [ASGARDIAN],JIM 94;
ODIN [ASGARDIAN],JIM 95;
ODIN [ASGARDIAN],JIM 97;
ODIN [ASGARDIAN],JIM 97/2;
ODIN [ASGARDIAN],JIM 98;
ODIN [ASGARDIAN],JIM 98/2;
ODIN [ASGARDIAN],JIM 99;
ODIN [ASGARDIAN],JIM 99/2;
ODIN [ASGARDIAN],M/GN 30;
ODIN [ASGARDIAN],M/GN 33;
ODIN [ASGARDIAN],M/SH3 5;
ODIN [ASGARDIAN],M/SH3 9/2;
ODIN [ASGARDIAN],NM 82;
ODIN [ASGARDIAN],NM 85;
ODIN [ASGARDIAN],SS3 111;
ODIN [ASGARDIAN],SS 4;
ODIN [ASGARDIAN],SS '98;
ODIN [ASGARDIAN],ST 123/2;
ODIN [ASGARDIAN],T '00;
ODIN [ASGARDIAN],T 10;
ODIN [ASGARDIAN],T 126;
ODIN [ASGARDIAN],T 126/2;
ODIN [ASGARDIAN],T 127;
ODIN [ASGARDIAN],T 127/2;
ODIN [ASGARDIAN],T 128;
ODIN [ASGARDIAN],T 128/2;
ODIN [ASGARDIAN],T 131;
ODIN [ASGARDIAN],T 135;
ODIN [ASGARDIAN],T 135/2;
ODIN [ASGARDIAN],T 136;
ODIN [ASGARDIAN],T 136/2;
ODIN [ASGARDIAN],T 138;
ODIN [ASGARDIAN],T 139;
ODIN [ASGARDIAN],T 140;
ODIN [ASGARDIAN],T 142;
ODIN [ASGARDIAN],T 143;
ODIN [ASGARDIAN],T 144;
ODIN [ASGARDIAN],T 145;
ODIN [ASGARDIAN],T 146;
ODIN [ASGARDIAN],T 147;
ODIN [ASGARDIAN],T 148;
ODIN [ASGARDIAN],T 149;
ODIN [ASGARDIAN],T 151;
ODIN [ASGARDIAN],T 152;
ODIN [ASGARDIAN],T 15/3;
ODIN [ASGARDIAN],T 153;
ODIN [ASGARDIAN],T 154;
ODIN [ASGARDIAN],T 155;
ODIN [ASGARDIAN],T 156;
ODIN [ASGARDIAN],T 157;
ODIN [ASGARDIAN],T 158;
ODIN [ASGARDIAN],T 159;
ODIN [ASGARDIAN],T 160;
ODIN [ASGARDIAN],T 162;
ODIN [ASGARDIAN],T 163;
ODIN [ASGARDIAN],T 164;
ODIN [ASGARDIAN],T 166;
ODIN [ASGARDIAN],T 167;
ODIN [ASGARDIAN],T 168;
ODIN [ASGARDIAN],T 169;
ODIN [ASGARDIAN],T 172;
ODIN [ASGARDIAN],T 175;
ODIN [ASGARDIAN],T 176;
ODIN [ASGARDIAN],T 177;
ODIN [ASGARDIAN],T 178;
ODIN [ASGARDIAN],T 179;
ODIN [ASGARDIAN],T 180;
ODIN [ASGARDIAN],T 181;
ODIN [ASGARDIAN],T 182;
ODIN [ASGARDIAN],T 183;
ODIN [ASGARDIAN],T 184;
ODIN [ASGARDIAN],T 185;
ODIN [ASGARDIAN],T 186;
ODIN [ASGARDIAN],T 187;
ODIN [ASGARDIAN],T 188;
ODIN [ASGARDIAN],T 189;
ODIN [ASGARDIAN],T 19;
ODIN [ASGARDIAN],T 190;
ODIN [ASGARDIAN],T 191;
ODIN [ASGARDIAN],T 194;
ODIN [ASGARDIAN],T 195;
ODIN [ASGARDIAN],T 196;
ODIN [ASGARDIAN],T 197;
ODIN [ASGARDIAN],T 198;
ODIN [ASGARDIAN],T 199;
ODIN [ASGARDIAN],T 2;
ODIN [ASGARDIAN],T 200;
ODIN [ASGARDIAN],T 201;
ODIN [ASGARDIAN],T 202;
ODIN [ASGARDIAN],T 203;
ODIN [ASGARDIAN],T 204;
ODIN [ASGARDIAN],T 208;
ODIN [ASGARDIAN],T2 10;
ODIN [ASGARDIAN],T2 11;
ODIN [ASGARDIAN],T 212;
ODIN [ASGARDIAN],T2 12;
ODIN [ASGARDIAN],T 213;
ODIN [ASGARDIAN],T2 13;
ODIN [ASGARDIAN],T 214;
ODIN [ASGARDIAN],T2 14;
ODIN [ASGARDIAN],T 215;
ODIN [ASGARDIAN],T2 15;
ODIN [ASGARDIAN],T 216;
ODIN [ASGARDIAN],T 217;
ODIN [ASGARDIAN],T 218;
ODIN [ASGARDIAN],T2 18;
ODIN [ASGARDIAN],T2 19;
ODIN [ASGARDIAN],T 220;
ODIN [ASGARDIAN],T2 20;
ODIN [ASGARDIAN],T 221;
ODIN [ASGARDIAN],T2 21;
ODIN [ASGARDIAN],T 222;
ODIN [ASGARDIAN],T2 22;
ODIN [ASGARDIAN],T 223;
ODIN [ASGARDIAN],T2 23;
ODIN [ASGARDIAN],T2 24;
ODIN [ASGARDIAN],T 225;
ODIN [ASGARDIAN],T2 25;
ODIN [ASGARDIAN],T2 26;
ODIN [ASGARDIAN],T 227;
ODIN [ASGARDIAN],T 228;
ODIN [ASGARDIAN],T 229;
ODIN [ASGARDIAN],T2 29;
ODIN [ASGARDIAN],T2 30;
ODIN [ASGARDIAN],T 231;
ODIN [ASGARDIAN],T2 31;
ODIN [ASGARDIAN],T2 32;
ODIN [ASGARDIAN],T 233;
ODIN [ASGARDIAN],T2 33;
ODIN [ASGARDIAN],T 234;
ODIN [ASGARDIAN],T2 35;
ODIN [ASGARDIAN],T 236;
ODIN [ASGARDIAN],T2 36;
ODIN [ASGARDIAN],T 237;
ODIN [ASGARDIAN],T2 37;
ODIN [ASGARDIAN],T 238;
ODIN [ASGARDIAN],T2 38;
ODIN [ASGARDIAN],T 239;
ODIN [ASGARDIAN],T2 39;
ODIN [ASGARDIAN],T2 4;
ODIN [ASGARDIAN],T 240;
ODIN [ASGARDIAN],T 241;
ODIN [ASGARDIAN],T 242;
ODIN [ASGARDIAN],T 243;
ODIN [ASGARDIAN],T 244;
ODIN [ASGARDIAN],T 262;
ODIN [ASGARDIAN],T 263;
ODIN [ASGARDIAN],T 264;
ODIN [ASGARDIAN],T 266;
ODIN [ASGARDIAN],T 267;
ODIN [ASGARDIAN],T 269;
ODIN [ASGARDIAN],T2 7;
ODIN [ASGARDIAN],T 274;
ODIN [ASGARDIAN],T 275;
ODIN [ASGARDIAN],T 276;
ODIN [ASGARDIAN],T 277;
ODIN [ASGARDIAN],T 278;
ODIN [ASGARDIAN],T2 8;
ODIN [ASGARDIAN],T 283;
ODIN [ASGARDIAN],T 286;
ODIN [ASGARDIAN],T 288;
ODIN [ASGARDIAN],T 289;
ODIN [ASGARDIAN],T2 9;
ODIN [ASGARDIAN],T 291;
ODIN [ASGARDIAN],T 292;
ODIN [ASGARDIAN],T 300;
ODIN [ASGARDIAN],T 301;
ODIN [ASGARDIAN],T 302;
ODIN [ASGARDIAN],T 307/2;
ODIN [ASGARDIAN],T 311/2;
ODIN [ASGARDIAN],T 312;
ODIN [ASGARDIAN],T 312/2;
ODIN [ASGARDIAN],T 313;
ODIN [ASGARDIAN],T 313/2;
ODIN [ASGARDIAN],T 314/2;
ODIN [ASGARDIAN],T 318;
ODIN [ASGARDIAN],T 320;
ODIN [ASGARDIAN],T 321;
ODIN [ASGARDIAN],T 322;
ODIN [ASGARDIAN],T 323;
ODIN [ASGARDIAN],T 324/2;
ODIN [ASGARDIAN],T 325/2;
ODIN [ASGARDIAN],T 326/2;
ODIN [ASGARDIAN],T 327;
ODIN [ASGARDIAN],T 328;
ODIN [ASGARDIAN],T 331;
ODIN [ASGARDIAN],T 334;
ODIN [ASGARDIAN],T 337;
ODIN [ASGARDIAN],T 338;
ODIN [ASGARDIAN],T 339;
ODIN [ASGARDIAN],T 340;
ODIN [ASGARDIAN],T 341;
ODIN [ASGARDIAN],T 342;
ODIN [ASGARDIAN],T 343;
ODIN [ASGARDIAN],T 344;
ODIN [ASGARDIAN],T 347;
ODIN [ASGARDIAN],T 348;
ODIN [ASGARDIAN],T 349;
ODIN [ASGARDIAN],T 350;
ODIN [ASGARDIAN],T 351;
ODIN [ASGARDIAN],T 352;
ODIN [ASGARDIAN],T 353;
ODIN [ASGARDIAN],T 398;
ODIN [ASGARDIAN],T 399;
ODIN [ASGARDIAN],T 400;
ODIN [ASGARDIAN],T 400/4;
ODIN [ASGARDIAN],T 402;
ODIN [ASGARDIAN],T 403;
ODIN [ASGARDIAN],T 404;
ODIN [ASGARDIAN],T 405;
ODIN [ASGARDIAN],T 408;
ODIN [ASGARDIAN],T 415;
ODIN [ASGARDIAN],T 417;
ODIN [ASGARDIAN],T 417/2;
ODIN [ASGARDIAN],T 418/2;
ODIN [ASGARDIAN],T 419/2;
ODIN [ASGARDIAN],T 420/2;
ODIN [ASGARDIAN],T 421/2;
ODIN [ASGARDIAN],T 422/2;
ODIN [ASGARDIAN],T 423/2;
ODIN [ASGARDIAN],T 424/2;
ODIN [ASGARDIAN],T 425;
ODIN [ASGARDIAN],T 426;
ODIN [ASGARDIAN],T 432;
ODIN [ASGARDIAN],T 454;
ODIN [ASGARDIAN],T 455;
ODIN [ASGARDIAN],T 456;
ODIN [ASGARDIAN],T 456/2;
ODIN [ASGARDIAN],T 475;
ODIN [ASGARDIAN],T 477;
ODIN [ASGARDIAN],T 478;
ODIN [ASGARDIAN],T 479;
ODIN [ASGARDIAN],T 482/2;
ODIN [ASGARDIAN],T 483;
ODIN [ASGARDIAN],T 484;
ODIN [ASGARDIAN],T 487;
ODIN [ASGARDIAN],T 489;
ODIN [ASGARDIAN],T 490;
ODIN [ASGARDIAN],T 491;
ODIN [ASGARDIAN],T 492;
ODIN [ASGARDIAN],T 497;
ODIN [ASGARDIAN],T 498;
ODIN [ASGARDIAN],T 5;
ODIN [ASGARDIAN],T 500;
ODIN [ASGARDIAN],T 501;
ODIN [ASGARDIAN],T 502;
ODIN [ASGARDIAN],T 7;
ODIN [ASGARDIAN],T 9;
ODIN [ASGARDIAN],TS 15;
ODIN [ASGARDIAN],TS 23;
ODIN [ASGARDIAN],TS 24;
ODIN [ASGARDIAN],TTA 101;
O'DONNELL, EAMON,GENX 8;
O'DONNELL, EAMON,UX 101;
O'DONNELL, EAMON,UX 103;
O'DONNELL,M/CP 1;
O'DONNELL,M/CP 10;
O'DONNELL,M/CP 2;
O'DONNELL,M/CP 4;
O'DONNELL,M/CP 7;
O'DONNELL,M/CP 8;
O'DONNELL,W2 13;
O'DONNELL,W2 14;
O'DONNELL,W2 15;
O'DONNELL,W2 16;
O'DONNELL,W2 17;
O'DONNELL,W2 18;
O'DONNELL,W2 3;
O'DONNELL,W2 8;
O'DONNELL,W2 87;
O'DONNELL,W2 98;
OGADA, DR.,XFOR 69;
OGRE II,PPSM2 16;
OGRESS/,H2 345;
OGRESS/,H2 366;
OGRESS/,H2 397;
OGRESS/,H2 398;
OGRESS/,H2 400;
OGRESS/,H2 439;
OGRE,TB 28;
OGRE,TB 33;
OGRE,TB 36;
OGRE,TB 37;
OGRE,TB 42;
OGRE,TB 46;
OGRE,TB 48;
OGRE,TB 49;
OGRE,TB 53;
OGRE,TB 54;
OGRE,UX 28;
OGUN,KPAOS 1;
OGUN,KPAOS 2;
OGUN,KPAOS 3;
OGUN,KP&W 1;
OGUN,KP&W 2;
OGUN,KP&W 3;
OGUN,KP&W 4;
OGUN,KP&W 5;
OGUN,KP&W 6;
OGUN,W2 89;
OGUN,XCAL 111;
OGUR,T 138;
OGUR,TB 9;
O'HARA, GERALD,RH 9/2;
O'HARA, ROBERT IRONG,DD 106;
O'HARA, ROBERT IRONG,DD 107;
O'HARA, ROBERT IRONG,DD 109;
O'HARA, ROBERT IRONG,DD 110;
O'HARA, ROBERT IRONG,DD 111;
O'HARA, ROBERT IRONG,DD 112;
O'HARA, ROBERT IRONG,DD 113;
O'HARA, ROBERT IRONG,DD 87;
O'HARA, ROBERT IRONG,DD 88;
O'HARA, ROBERT IRONG,DD 92;
O'HARA, ROBERT IRONG,DD 94;
O'HARA, ROBERT IRONG,DD 96;
O'HARA, ROBERT IRONG,DD 97;
O'HARA, ROBERT IRONG,DD 98;
O'HARA, ROBERT IRONG,M/TIO 3;
O'HOOLIHAN, SERGIUS,FF 191;
O'HOOLIHAN, SERGIUS,FF 79;
O'HOOLIHAN, SERGIUS,TG 10;
OJANI,SS3 115;
OJANI,SS3 116;
OJANI,SS3 121;
O'KEEFE, CHANDRA,ASMU 6;
O'KEEFE, CHANDRA,TS 10;
O'KEEFE, CHANDRA,TS 11;
O'KEEFE, CHANDRA,TS 9;
OKOYE,BP3 1;
OKOYE,BP3 11;
OKOYE,BP3 12;
OKOYE,BP3 15;
OKOYE,BP3 16;
OKOYE,BP3 18;
OKOYE,BP3 19;
OKOYE,BP3 19/2;
OKOYE,BP3 2;
OKOYE,BP3 20;
OKOYE,BP3 25;
OKOYE,BP3 3;
OKOYE,BP3 32;
OKOYE,BP3 34;
OKOYE,BP3 7;
OKOYE,BP3 9;
OKOYE,DD2 8;
OLAFSON, ERIC,CM5 17;
OLAFSON, ERIC,CM5 18;
OLALLA,M/PRM 29;
OLALLA,MYSTIC COMICS 4;
OLAR,A 338;
OLD SKULL,AA2 20;
OLD SKULL,AA2 21;
OLD SKULL,AA2 22;
OLD SKULL,AA2 23;
OLD SKULL,AA2 24;
OLD SKULL,AA2 25;
OLD SKULL,AA2 26;
OLD SKULL,AA2 27;
OLD SKULL,AA2 28;
OLD SKULL,AA2 29;
OLD SKULL,AA2 31;
OLD SKULL,AA2 32;
OLD SKULL,AA2 33;
OLD SKULL,AA2 34;
OLD SKULL,AA2 35;
OLD SKULL,AA2 36;
OLD SKULL,AA2 37;
OLD SKULL,AA2 39;
OLD SKULL,M/GN 7;
OLD WOMAN,FW 6;
OLD WOMAN,FW 7;
OLD WOMAN,WARM 9;
OLIVIER,PUN4 1;
OLIVIER,PUN4 2;
OLIVIER,PUN4 3;
OLIVIER,PUN4 4;
OLLSEN, BO,MK3 22;
OLLSEN, BO,MK3 23;
OLSEN, JIMMY,ASM 332;
OLSEN, JIMMY,FF3 40;
OLSON, MRS.,T2 32;
OLSON, MRS.,T2 33;
OLSON, MRS.,T2 35;
OLSON, MRS.,T2 36;
OLSON, MRS.,T2 39;
O'MEARA, KATHLEEN,FF3 37;
OMEGA-20/EUGENE,M/:LG 1;
OMEGA-20/EUGENE,M/:LG 2;
OMEGA-20/EUGENE,M/:LG 6;
OMEGA-20/EUGENE,M/:LG 7;
OMEGA,FF 131;
OMEGA,FF 132;
OMEGA II,DEF 75;
OMEGA II,DEF 76;
OMEGA II,DEF 77;
OMEGA II,DEF 78;
OMEGA II,FF 405;
OMEGA II,HTD 10;
OMEGA II,OU 1;
OMEGA II,OU 10;
OMEGA II,OU 2;
OMEGA II,OU 3;
OMEGA II,OU 4;
OMEGA II,OU 5;
OMEGA II,OU 6;
OMEGA II,OU 7;
OMEGA II,OU 8;
OMEGA II,OU 9;
OMEGA,M/TU 11;
OMEGA RED/ARKADY ROS,DD 368;
OMEGA RED/ARKADY ROS,GENX 10;
OMEGA RED/ARKADY ROS,GENX 11;
OMEGA RED/ARKADY ROS,IM 296;
OMEGA RED/ARKADY ROS,MAV;
OMEGA RED/ARKADY ROS,MAV2 10;
OMEGA RED/ARKADY ROS,MAV2 11;
OMEGA RED/ARKADY ROS,MAV2 12;
OMEGA RED/ARKADY ROS,QS 6;
OMEGA RED/ARKADY ROS,QS 8;
OMEGA RED/ARKADY ROS,QS 9;
OMEGA RED/ARKADY ROS,UX 380;
OMEGA RED/ARKADY ROS,W2 61;
OMEGA RED/ARKADY ROS,X 4;
OMEGA RED/ARKADY ROS,X 5;
OMEGA RED/ARKADY ROS,X 6;
OMEGA RED/ARKADY ROS,X 7;
OMEGA RED/ARKADY ROS,XF 138;
OMEGA RED/ARKADY ROS,X:L 2;
OMEGA RED/ARKADY ROS,X:L 3;
OMEGA RED/ARKADY ROS,X:L 4;
OMERTA/,AF 108;
OMNIBUS/LT. DALLAS,H2 345;
OMNIBUS/LT. DALLAS,H2 400;
OMNIBUS/LT. DALLAS,H2 436;
OMNIBUS/LT. DALLAS,H2 437;
OMNIBUS/LT. DALLAS,H2 438;
OMNIBUS/LT. DALLAS,H2 439;
OMNIBUS/LT. DALLAS,H2 440;
OMNIBUS/LT. DALLAS,H2 441;
OMNIBUS/LT. DALLAS,H2 442;
OMORO,BP3 31;
OMORO,BP3 32;
OMORO,BP3 33;
ONE ABOVE ALL [CELES,FF 23;
ONE ABOVE ALL [CELES,IG 3;
ONE ABOVE ALL [CELES,IG 4;
ONE ABOVE ALL [CELES,IG 5;
ONE ABOVE ALL [CELES,IG 6;
ONE ABOVE ALL [CELES,T 287;
ONE ABOVE ALL [CELES,T 288;
ONE ABOVE ALL [CELES,T 289;
ONE ABOVE ALL [CELES,T 291;
ONE ABOVE ALL [CELES,WIW 1;
ONE ABOVE ALL [CELES,XF 48;
ONE ABOVE ALL [CELES,XF 49;
ONE ABOVE ALL [CELES,XF 50;
ONEG,A 339;
ONEG,E 9;
ONEG,FF 23;
ONEG,HR:R 4;
ONEG,T 300;
ONEG,WI 23/2;
O'NEIL, BRIDGET,FF 366;
O'NEIL, BRIDGET,FF 371;
O'NEIL, BRIDGET,FF 393;
O'NEIL, BRIDGET,FF 394;
O'NEIL, BRIDGET,FF 395;
O'NEILL, DET. BRADY,T2 10;
O'NEILL, DET. BRADY,T2 13;
O'NEILL, DET. BRADY,T2 14;
O'NEILL, DET. BRADY,T2 15;
O'NEILL, DET. BRADY,T2 16;
O'NEILL, DET. BRADY,T2 18;
O'NEILL, DET. BRADY,T2 19;
O'NEILL, DET. BRADY,T2 20;
O'NEILL, DET. BRADY,T2 9;
ONSLAUGHT II,A 402;
ONSLAUGHT II,C2 33;
ONSLAUGHT II,C2 35;
ONSLAUGHT II,FF 415;
ONSLAUGHT II,FF 416;
ONSLAUGHT II,H2 445;
ONSLAUGHT II,O:MU;
ONSLAUGHT II,O:X;
ONSLAUGHT II,UX 333;
ONSLAUGHT II,UX 335;
ONSLAUGHT II,UX 336;
ONSLAUGHT II,X 53;
ONSLAUGHT II,X 54;
ONSLAUGHT II,X 55;
ONSLAUGHT II,X 56;
ONSLAUGHT II,X '98;
ONSLAUGHT II,XCAL 99;
ONSLAUGHT II,XM 15;
ONSLAUGHT,Q 33;
OPSIDIAN/,XM 50;
ORACLE/LADY SIBYL,AWC 80;
ORACLE/LADY SIBYL,GUARD 1;
ORACLE/LADY SIBYL,GUARD 2;
ORACLE/LADY SIBYL,GUARD 3;
ORACLE/LADY SIBYL,H '97;
ORACLE/LADY SIBYL,INH3 3;
ORACLE/LADY SIBYL,INH3 4;
ORACLE/LADY SIBYL,Q 33;
ORACLE/LADY SIBYL,ROM 4;
ORACLE/LADY SIBYL,UX 107;
ORACLE/LADY SIBYL,UX 109;
ORACLE/LADY SIBYL,UX 137;
ORACLE/LADY SIBYL,UX 157;
ORACLE/LADY SIBYL,UX 158;
ORACLE/LADY SIBYL,UX 275;
ORACLE/LADY SIBYL,UX 276;
ORACLE/LADY SIBYL,UX 277;
ORACLE/LADY SIBYL,XSOS 2;
ORB,ASPOT 21;
ORB,CA 395;
ORB,GR2 14;
ORB,GR2 15;
ORB,GR2 28;
ORB,GR2 54;
ORB,GR2 63;
ORBIT,UTSM 4;
ORB,M/TU 15;
ORB,SOLOA 19;
ORB,SOLOA 20;
ORIGIN/PHYLLIS TWOMB,Q 18;
ORIGIN/PHYLLIS TWOMB,Q 23;
ORIKAL,T 138;
ORIKAL,T 139;
ORIKAL,T2 14;
ORIKAL,T2 20;
ORIKAL,T2 22;
ORIKAL,T2 23;
ORIKAL,T2 24;
ORIKAL,T2 25;
ORIKAL,T2 9;
ORINI,DRSTR2 7;
ORINI,DRSTR2 8;
ORINI,DRSTR2 9;
ORINI,DRSTR3 21;
ORINI,DRSTR3 22/2;
ORINI,ST 132/2;
ORKA,A 149;
ORKA,A 18;
ORKA,A 319;
ORKA,A 320;
ORKA,A 321;
ORKA,A 322;
ORKA,A 323;
ORKA,A 324;
ORKA,A:DV;
ORKA,ASPOT 26/2;
ORKA,DEF2 7;
ORKA,FF 336;
ORKA,HFH 4;
ORKA,N 42;
ORKA,S-H2 12;
ORKA,SUB-M 23;
ORKA,SUB-M 24;
ORKA,SUB-M 66;
ORKA,SUB-M 67;
ORKA,TB '97;
ORPHAN,FW 10;
ORPHAN II/GUY SMITH,XFOR 117;
ORPHAN-MAKER/PETER,A 299;
ORPHAN-MAKER/PETER,A 300;
ORPHAN-MAKER/PETER,GENX 4;
ORPHAN-MAKER/PETER,UX 247;
ORPHAN-MAKER/PETER,UX 248;
ORPHAN-MAKER/PETER,UX 265;
ORPHAN-MAKER/PETER,UX 266;
ORPHAN-MAKER/PETER,UX 267;
ORPHAN-MAKER/PETER,XF 34;
ORPHAN-MAKER/PETER,XF 35;
ORPHAN-MAKER/PETER,XF 40;
ORWELL,BHOOD 1;
ORWELL,BHOOD 2;
OSAMA,DHKF 32;
OSAMA,UX 118;
OSAMA,UX 119;
OSAMA,UX 120;
OSBORN, EMILY,SM:RGG 2;
OSBORN, HARRY,ASM 105;
OSBORN, HARRY,ASM 106;
OSBORN, HARRY,ASM 107;
OSBORN, HARRY,ASM 108;
OSBORN, HARRY,ASM 110;
OSBORN, HARRY,ASM 112;
OSBORN, HARRY,ASM 113;
OSBORN, HARRY,ASM 116;
OSBORN, HARRY,ASM 117;
OSBORN, HARRY,ASM 118;
OSBORN, HARRY,ASM 119;
OSBORN, HARRY,ASM 121;
OSBORN, HARRY,ASM 122;
OSBORN, HARRY,ASM 123;
OSBORN, HARRY,ASM 125;
OSBORN, HARRY,ASM 126;
OSBORN, HARRY,ASM 127;
OSBORN, HARRY,ASM 129;
OSBORN, HARRY,ASM 134;
OSBORN, HARRY,ASM 135;
OSBORN, HARRY,ASM 136;
OSBORN, HARRY,ASM 137;
OSBORN, HARRY,ASM 151;
OSBORN, HARRY,ASM 152;
OSBORN, HARRY,ASM 153;
OSBORN, HARRY,ASM 156;
OSBORN, HARRY,ASM 157;
OSBORN, HARRY,ASM 16;
OSBORN, HARRY,ASM 160;
OSBORN, HARRY,ASM 161;
OSBORN, HARRY,ASM 162;
OSBORN, HARRY,ASM 163;
OSBORN, HARRY,ASM 166;
OSBORN, HARRY,ASM 167;
OSBORN, HARRY,ASM 169;
OSBORN, HARRY,ASM 17;
OSBORN, HARRY,ASM 171;
OSBORN, HARRY,ASM 172;
OSBORN, HARRY,ASM 173;
OSBORN, HARRY,ASM 174;
OSBORN, HARRY,ASM 175;
OSBORN, HARRY,ASM 177;
OSBORN, HARRY,ASM 178;
OSBORN, HARRY,ASM 179;
OSBORN, HARRY,ASM 180;
OSBORN, HARRY,ASM 185/2;
OSBORN, HARRY,ASM 188;
OSBORN, HARRY,ASM 192;
OSBORN, HARRY,ASM 194;
OSBORN, HARRY,ASM 195;
OSBORN, HARRY,ASM 196;
OSBORN, HARRY,ASM 199;
OSBORN, HARRY,ASM 203;
OSBORN, HARRY,ASM 239;
OSBORN, HARRY,ASM 244;
OSBORN, HARRY,ASM 249;
OSBORN, HARRY,ASM 250;
OSBORN, HARRY,ASM 251;
OSBORN, HARRY,ASM 260;
OSBORN, HARRY,ASM 261;
OSBORN, HARRY,ASM 263;
OSBORN, HARRY,ASM 265;
OSBORN, HARRY,ASM 31;
OSBORN, HARRY,ASM 311;
OSBORN, HARRY,ASM 312;
OSBORN, HARRY,ASM 318;
OSBORN, HARRY,ASM 319;
OSBORN, HARRY,ASM 320;
OSBORN, HARRY,ASM 321;
OSBORN, HARRY,ASM 326;
OSBORN, HARRY,ASM 34;
OSBORN, HARRY,ASM 343;
OSBORN, HARRY,ASM 365/3;
OSBORN, HARRY,ASM 369/2;
OSBORN, HARRY,ASM 37;
OSBORN, HARRY,ASM 38;
OSBORN, HARRY,ASM 39;
OSBORN, HARRY,ASM 40;
OSBORN, HARRY,ASM 41;
OSBORN, HARRY,ASM 42;
OSBORN, HARRY,ASM 43;
OSBORN, HARRY,ASM 44;
OSBORN, HARRY,ASM 45;
OSBORN, HARRY,ASM 46;
OSBORN, HARRY,ASM 47;
OSBORN, HARRY,ASM 48;
OSBORN, HARRY,ASM 49;
OSBORN, HARRY,ASM 5;
OSBORN, HARRY,ASM 50;
OSBORN, HARRY,ASM 51;
OSBORN, HARRY,ASM 52;
OSBORN, HARRY,ASM 53;
OSBORN, HARRY,ASM 54;
OSBORN, HARRY,ASM 55;
OSBORN, HARRY,ASM 56;
OSBORN, HARRY,ASM 57;
OSBORN, HARRY,ASM 58;
OSBORN, HARRY,ASM 59;
OSBORN, HARRY,ASM 60;
OSBORN, HARRY,ASM 61;
OSBORN, HARRY,ASM 62;
OSBORN, HARRY,ASM 63;
OSBORN, HARRY,ASM 65;
OSBORN, HARRY,ASM 66;
OSBORN, HARRY,ASM 71;
OSBORN, HARRY,ASM 74;
OSBORN, HARRY,ASM 76;
OSBORN, HARRY,ASM 78;
OSBORN, HARRY,ASM 80;
OSBORN, HARRY,ASM 82;
OSBORN, HARRY,ASM 83;
OSBORN, HARRY,ASM 86;
OSBORN, HARRY,ASM 87;
OSBORN, HARRY,ASM 90;
OSBORN, HARRY,ASM 91;
OSBORN, HARRY,ASM 95;
OSBORN, HARRY,ASM '96;
OSBORN, HARRY,ASM 96;
OSBORN, HARRY,ASM 97;
OSBORN, HARRY,ASM 98;
OSBORN, HARRY,CA 137;
OSBORN, HARRY,CA 138;
OSBORN, HARRY,M/SH 14;
OSBORN, HARRY,M/TU 140;
OSBORN, HARRY,M/TU 4;
OSBORN, HARRY,M/TU 5;
OSBORN, HARRY,M/TU 9;
OSBORN, HARRY,PPTSS 10;
OSBORN, HARRY,PPTSS 102;
OSBORN, HARRY,PPTSS 112;
OSBORN, HARRY,PPTSS 119;
OSBORN, HARRY,PPTSS 130;
OSBORN, HARRY,PPTSS 14;
OSBORN, HARRY,PPTSS 146;
OSBORN, HARRY,PPTSS 147;
OSBORN, HARRY,PPTSS 152;
OSBORN, HARRY,PPTSS 155;
OSBORN, HARRY,PPTSS 156;
OSBORN, HARRY,PPTSS 157;
OSBORN, HARRY,PPTSS 177;
OSBORN, HARRY,PPTSS 178;
OSBORN, HARRY,PPTSS 179;
OSBORN, HARRY,PPTSS 180;
OSBORN, HARRY,PPTSS 181;
OSBORN, HARRY,PPTSS 182;
OSBORN, HARRY,PPTSS 183;
OSBORN, HARRY,PPTSS 184;
OSBORN, HARRY,PPTSS 188;
OSBORN, HARRY,PPTSS 189;
OSBORN, HARRY,PPTSS 190;
OSBORN, HARRY,PPTSS 24;
OSBORN, HARRY,PPTSS 29;
OSBORN, HARRY,PPTSS 63;
OSBORN, HARRY,PPTSS 78;
OSBORN, HARRY,PPTSS 85;
OSBORN, HARRY,PPTSS 89;
OSBORN, HARRY,PPTSS 9/3;
OSBORN, HARRY,PPTSS 94;
OSBORN, HARRY,PPTSS 95;
OSBORN, HARRY,SM:PL;
OSBORN, HARRY,SPECSM 1;
OSBORN, HARRY,SPECSM 2;
OSBORN, HARRY,UTSM 25;
OSBORN, HARRY,UTSM 4;
OSBORN, HARRY,UTSM 8;
OSBORN, HARRY,WOSM 2;
OSBORN, HARRY,WOSM 38;
OSBORN, HARRY,WOSM 47;
OSBORN, HARRY,WOSM 48;
OSBORN, HARRY,WOSM 56;
OSBORN, HARRY,WOSM 6;
OSBORN, HARRY,WOSM 61;
OSBORN, HARRY,WOSM 62;
OSBORN, HARRY,WOSM 63;
OSBORN, HARRY,WOSM 64;
OSBORN, HARRY,WOSM 65;
OSBORN, HARRY,WOSM 66;
OSBORN, HARRY,WOSM 67;
OSBORN, HARRY,WOSM 77;
OSBORN, HARRY,WOSM 78;
OSBORN, HARRY,WTS 1;
OSBORN, HARRY,WTS 1/2;
OSBORN, LIZ ALLAN,AAF 15;
OSBORN, LIZ ALLAN,AAF 16;
OSBORN, LIZ ALLAN,AAF 17;
OSBORN, LIZ ALLAN,AAF 18;
OSBORN, LIZ ALLAN,ASM '00;
OSBORN, LIZ ALLAN,ASM 1;
OSBORN, LIZ ALLAN,ASM 10;
OSBORN, LIZ ALLAN,ASM 12;
OSBORN, LIZ ALLAN,ASM 13;
OSBORN, LIZ ALLAN,ASM 132;
OSBORN, LIZ ALLAN,ASM 133;
OSBORN, LIZ ALLAN,ASM 134;
OSBORN, LIZ ALLAN,ASM 135;
OSBORN, LIZ ALLAN,ASM 137;
OSBORN, LIZ ALLAN,ASM 139;
OSBORN, LIZ ALLAN,ASM 14;
OSBORN, LIZ ALLAN,ASM 143;
OSBORN, LIZ ALLAN,ASM 15;
OSBORN, LIZ ALLAN,ASM 156;
OSBORN, LIZ ALLAN,ASM 157;
OSBORN, LIZ ALLAN,ASM 16;
OSBORN, LIZ ALLAN,ASM 160;
OSBORN, LIZ ALLAN,ASM 161;
OSBORN, LIZ ALLAN,ASM 163;
OSBORN, LIZ ALLAN,ASM 166;
OSBORN, LIZ ALLAN,ASM 167;
OSBORN, LIZ ALLAN,ASM 169;
OSBORN, LIZ ALLAN,ASM 17;
OSBORN, LIZ ALLAN,ASM 170;
OSBORN, LIZ ALLAN,ASM 171;
OSBORN, LIZ ALLAN,ASM 172;
OSBORN, LIZ ALLAN,ASM 173;
OSBORN, LIZ ALLAN,ASM 18;
OSBORN, LIZ ALLAN,ASM 180;
OSBORN, LIZ ALLAN,ASM 188;
OSBORN, LIZ ALLAN,ASM 192;
OSBORN, LIZ ALLAN,ASM 199;
OSBORN, LIZ ALLAN,ASM 20;
OSBORN, LIZ ALLAN,ASM2 18;
OSBORN, LIZ ALLAN,ASM 22;
OSBORN, LIZ ALLAN,ASM 24;
OSBORN, LIZ ALLAN,ASM 244;
OSBORN, LIZ ALLAN,ASM 249;
OSBORN, LIZ ALLAN,ASM 25;
OSBORN, LIZ ALLAN,ASM 26;
OSBORN, LIZ ALLAN,ASM 260;
OSBORN, LIZ ALLAN,ASM 261;
OSBORN, LIZ ALLAN,ASM 263;
OSBORN, LIZ ALLAN,ASM 265;
OSBORN, LIZ ALLAN,ASM 28;
OSBORN, LIZ ALLAN,ASM 30;
OSBORN, LIZ ALLAN,ASM 311;
OSBORN, LIZ ALLAN,ASM 312;
OSBORN, LIZ ALLAN,ASM 319;
OSBORN, LIZ ALLAN,ASM 321;
OSBORN, LIZ ALLAN,ASM 326;
OSBORN, LIZ ALLAN,ASM 343;
OSBORN, LIZ ALLAN,ASM 369/2;
OSBORN, LIZ ALLAN,ASM 4;
OSBORN, LIZ ALLAN,ASM 400;
OSBORN, LIZ ALLAN,ASM 412;
OSBORN, LIZ ALLAN,ASM 432;
OSBORN, LIZ ALLAN,ASM 6;
OSBORN, LIZ ALLAN,ASM 7;
OSBORN, LIZ ALLAN,ASM 8;
OSBORN, LIZ ALLAN,ASM 9;
OSBORN, LIZ ALLAN,DD2 8;
OSBORN, LIZ ALLAN,DD 355;
OSBORN, LIZ ALLAN,DD 358;
OSBORN, LIZ ALLAN,DD 362;
OSBORN, LIZ ALLAN,DD 363;
OSBORN, LIZ ALLAN,DD 366;
OSBORN, LIZ ALLAN,DD 370;
OSBORN, LIZ ALLAN,PPSM2 14;
OSBORN, LIZ ALLAN,PPSM2 18;
OSBORN, LIZ ALLAN,PPSM2 25;
OSBORN, LIZ ALLAN,PPTSS 102;
OSBORN, LIZ ALLAN,PPTSS 112;
OSBORN, LIZ ALLAN,PPTSS 130;
OSBORN, LIZ ALLAN,PPTSS 14;
OSBORN, LIZ ALLAN,PPTSS 146;
OSBORN, LIZ ALLAN,PPTSS 156;
OSBORN, LIZ ALLAN,PPTSS 157;
OSBORN, LIZ ALLAN,PPTSS 177;
OSBORN, LIZ ALLAN,PPTSS 178;
OSBORN, LIZ ALLAN,PPTSS 179;
OSBORN, LIZ ALLAN,PPTSS 180;
OSBORN, LIZ ALLAN,PPTSS 184;
OSBORN, LIZ ALLAN,PPTSS 189;
OSBORN, LIZ ALLAN,PPTSS 190;
OSBORN, LIZ ALLAN,PPTSS 234;
OSBORN, LIZ ALLAN,PPTSS 24;
OSBORN, LIZ ALLAN,PPTSS 240;
OSBORN, LIZ ALLAN,PPTSS 242;
OSBORN, LIZ ALLAN,PPTSS 250;
OSBORN, LIZ ALLAN,PPTSS 255;
OSBORN, LIZ ALLAN,PPTSS 29;
OSBORN, LIZ ALLAN,PPTSS 63;
OSBORN, LIZ ALLAN,PPTSS 78;
OSBORN, LIZ ALLAN,PPTSS 85;
OSBORN, LIZ ALLAN,PPTSS 9/3;
OSBORN, LIZ ALLAN,PPTSS 94;
OSBORN, LIZ ALLAN,PPTSS 95;
OSBORN, LIZ ALLAN,SENSM 10;
OSBORN, LIZ ALLAN,SENSM 25;
OSBORN, LIZ ALLAN,SENSM 5;
OSBORN, LIZ ALLAN,SENSM 7;
OSBORN, LIZ ALLAN,SENSM '96;
OSBORN, LIZ ALLAN,S-M 75;
OSBORN, LIZ ALLAN,SM:PL;
OSBORN, LIZ ALLAN,SM:R 1;
OSBORN, LIZ ALLAN,UTSM 1;
OSBORN, LIZ ALLAN,UTSM 10;
OSBORN, LIZ ALLAN,UTSM 11;
OSBORN, LIZ ALLAN,UTSM 13;
OSBORN, LIZ ALLAN,UTSM 14;
OSBORN, LIZ ALLAN,UTSM 15;
OSBORN, LIZ ALLAN,UTSM 16;
OSBORN, LIZ ALLAN,UTSM 18;
OSBORN, LIZ ALLAN,UTSM 19;
OSBORN, LIZ ALLAN,UTSM 2;
OSBORN, LIZ ALLAN,UTSM 20;
OSBORN, LIZ ALLAN,UTSM 21;
OSBORN, LIZ ALLAN,UTSM 22;
OSBORN, LIZ ALLAN,UTSM 23;
OSBORN, LIZ ALLAN,UTSM 24;
OSBORN, LIZ ALLAN,UTSM 25;
OSBORN, LIZ ALLAN,UTSM 3;
OSBORN, LIZ ALLAN,UTSM 4;
OSBORN, LIZ ALLAN,UTSM 5;
OSBORN, LIZ ALLAN,UTSM 6;
OSBORN, LIZ ALLAN,UTSM 7;
OSBORN, LIZ ALLAN,UTSM '96;
OSBORN, LIZ ALLAN,UTSM '97;
OSBORN, LIZ ALLAN,UTSM:SE;
OSBORN, LIZ ALLAN,WOSM 2;
OSBORN, LIZ ALLAN,WOSM 38;
OSBORN, LIZ ALLAN,WOSM 47;
OSBORN, LIZ ALLAN,WOSM 61;
OSBORN, LIZ ALLAN,WOSM 62;
OSBORN, LIZ ALLAN,WOSM 65;
OSBORN, LIZ ALLAN,WOSM 66;
OSBORN, LIZ ALLAN,WOSM 69;
OSBORN, LIZ ALLAN,WOSM 77;
OSBORN, LIZ ALLAN,WOSM 78;
OSBORN, NORMAN,ASM2 25;
OSBORN, NORMAN,PPSM2 25;
OSBORN, NORMIE,ASM '00;
OSBORN, NORMIE,ASM2 25;
OSBORN, NORMIE,ASM 263;
OSBORN, NORMIE,ASM 265;
OSBORN, NORMIE,ASM 311;
OSBORN, NORMIE,ASM 312;
OSBORN, NORMIE,ASM 321;
OSBORN, NORMIE,ASM 326;
OSBORN, NORMIE,ASM 343;
OSBORN, NORMIE,ASM 400;
OSBORN, NORMIE,ASM 412;
OSBORN, NORMIE,ASM 432;
OSBORN, NORMIE,DD 362;
OSBORN, NORMIE,PPSM2 25;
OSBORN, NORMIE,PPTSS 112;
OSBORN, NORMIE,PPTSS 119;
OSBORN, NORMIE,PPTSS 130;
OSBORN, NORMIE,PPTSS 14;
OSBORN, NORMIE,PPTSS 146;
OSBORN, NORMIE,PPTSS 156;
OSBORN, NORMIE,PPTSS 157;
OSBORN, NORMIE,PPTSS 169;
OSBORN, NORMIE,PPTSS 177;
OSBORN, NORMIE,PPTSS 178;
OSBORN, NORMIE,PPTSS 179;
OSBORN, NORMIE,PPTSS 180;
OSBORN, NORMIE,PPTSS 183;
OSBORN, NORMIE,PPTSS 184;
OSBORN, NORMIE,PPTSS 189;
OSBORN, NORMIE,PPTSS 190;
OSBORN, NORMIE,PPTSS 234;
OSBORN, NORMIE,PPTSS 250;
OSBORN, NORMIE,PPTSS 254;
OSBORN, NORMIE,PPTSS 255;
OSBORN, NORMIE,PPTSS 9/3;
OSBORN, NORMIE,SENSM 25;
OSBORN, NORMIE,SENSM 28;
OSBORN, NORMIE,SENSM 5;
OSBORN, NORMIE,SENSM 7;
OSBORN, NORMIE,S-M 75;
OSBORN, NORMIE,S-M 95;
OSBORN, NORMIE,SM:R 1;
OSBORN, NORMIE,WOSM 2;
OSBORN, NORMIE,WOSM 47;
OSBORN, NORMIE,WOSM 61;
OSBORN, NORMIE,WOSM 62;
OSBORN, NORMIE,WOSM 65;
OSBORN, NORMIE,WOSM 66;
OSBORN, NORMIE,WOSM 69;
O'SHAUGNESSY, COLLEE,XM 48;
OSHIMA,S&BH6 1;
OSHIMA,S&BH6 2;
OSHIMA,S&BH6 3;
OSHTUR,DRSTR3 43;
OSHTUR,DRSTR3 48;
OSHTUR,DRSTR3 49;
OSIRIS,IG 2;
OSIRIS,ROA 3;
OSIRIS,T 239;
OSIRIS,T 240;
OSIRIS,T 241;
OSNICK, OLLIE,ASM 263;
OSNICK, OLLIE,ASM 266;
OSNICK, OLLIE,PPTSS 72;
OSWALD,BHOOD 1;
OSWALD,BHOOD 2;
OTHER,A 187;
OTHER II,SS3 134;
OTHER,M/CHL 1;
OTHER,UX 12/3;
OTOMO,X51 6;
OUBLIETTE/,MB2 5;
OUIJA/,AF2 14;
OUTLAW/NIGEL HIGGINS,PUN2 64;
OUTLAW/NIGEL HIGGINS,PUN2 66;
OUTLAW/NIGEL HIGGINS,PUN2 67;
OUTLAW/NIGEL HIGGINS,PUN2 69;
OUTLAW/NIGEL HIGGINS,PUN2 70;
OUTRIDER II/MARTIN Z,PPSM '99;
OUTRIDER/OCLIN UWIR,SS3 119;
OUTRIDER/OCLIN UWIR,SS3 120;
OVERBOSS DIXON,DPOOL3 15;
OVERBOSS DIXON,DPOOL3 16;
OVERBOSS DIXON,DPOOL3 20;
OVERBOSS DIXON,DPOOL3 21;
OVERBOSS DIXON,DPOOL3 22;
OVERBOSS DIXON,DPOOL3 23;
OVERBOSS DIXON,DPOOL3 24;
OVERBOSS DIXON,DPOOL3 25;
OVERMIND/GROM,DEF 111;
OVERMIND/GROM,DEF 112;
OVERMIND/GROM,DEF 113;
OVERMIND/GROM,DEF 114;
OVERMIND/GROM,DEF 115;
OVERMIND/GROM,DEF 116;
OVERMIND/GROM,DEF 117;
OVERMIND/GROM,DEF 120;
OVERMIND/GROM,DEF 121;
OVERMIND/GROM,DEF 122;
OVERMIND/GROM,FF 113;
OVERMIND/GROM,FF 114;
OVERMIND/GROM,FF 115;
OVERMIND/GROM,FF 116;
OVERMIND/GROM,M/CP 40/4;
OVERMIND/GROM,Q 13;
OVERMIND/GROM,Q 14;
OVERMIND/GROM,Q 15;
OVERMIND/GROM,Q 16;
OVERRIDE/DR. GREGORY,ASM2 2;
OVERRIDE/DR. GREGORY,ASM2 3;
OVERRIDE/DR. GREGORY,ASM 441;
OVERRIDE/DR. GREGORY,PPSM2 3;
OVERRIDE/DR. GREGORY,PPTSS 255;
OVERRIDE/DR. GREGORY,SENSM 25;
OVERRIDE/DR. GREGORY,SENSM 32;
OVERRIDE/DR. GREGORY,SENSM 33;
OVERRIDE/DR. GREGORY,SSCARSPI 1;
OVERRIDE/DR. GREGORY,S-W3 4;
OVERRIDE/DR. GREGORY,WOSS 2;
OVERRIDER/,NF3 33;
OVERRIDER/,NF3 34;
OVERRIDER/,NF3 35;
OWAYODATA,DRSTR3 25;
OWL/LELAND OWLSLEY,AF 79;
OWL/LELAND OWLSLEY,AF 80;
OWL/LELAND OWLSLEY,ASM 396;
OWL/LELAND OWLSLEY,CAT 2;
OWL/LELAND OWLSLEY,DD 116;
OWL/LELAND OWLSLEY,DD 117;
OWL/LELAND OWLSLEY,DD 144;
OWL/LELAND OWLSLEY,DD 145;
OWL/LELAND OWLSLEY,DD 20;
OWL/LELAND OWLSLEY,DD 21;
OWL/LELAND OWLSLEY,DD 22;
OWL/LELAND OWLSLEY,DD 264;
OWL/LELAND OWLSLEY,DD 3;
OWL/LELAND OWLSLEY,DD 301;
OWL/LELAND OWLSLEY,DD 302;
OWL/LELAND OWLSLEY,DD 303;
OWL/LELAND OWLSLEY,DD 80;
OWL/LELAND OWLSLEY,DD 81;
OWL/LELAND OWLSLEY,DD/SM 1;
OWL/LELAND OWLSLEY,DD/SM 2;
OWL/LELAND OWLSLEY,FF 336;
OWL/LELAND OWLSLEY,M/TU 73;
OWL/LELAND OWLSLEY,M/TU 98;
OWL/LELAND OWLSLEY,PPTSS 127;
OWL/LELAND OWLSLEY,PPTSS 219;
OWL/LELAND OWLSLEY,PPTSS 73;
OWL/LELAND OWLSLEY,PPTSS 74;
OWL/LELAND OWLSLEY,PPTSS 75;
OX,ASM 10;
OX,ASM 14;
OX,ASM 19;
OX,ASM2 28;
OXBOW/,M/:LG 10;
OXBOW/,M/:LG 12;
OXBOW/,M/:LG 4;
OXBOW/,M/:LG 5;
OXBOW/,M/:LG 6;
OXBOW/,M/:LG 7;
OXBOW/,M/:LG 9;
OX,DD 15;
OX,DD 6;
OX,DD 86;
OX II/DR. KARL STRAG,DD 15;
OX III,DAZZ 7;
OX III,DAZZ 8;
OX III,DD 357;
OX III,M/TU 138;
OX III,PPTSS 19;
OX III,PPTSS 20;
OX IV,AF 66;
OX IV,AF 69;
OX IV,XFOR 3;
OXNARD, PHIL,CA3 13;
OX,S-M 94;
OX,S-M 95;
OXTON, PROFESSOR HEN,C2 79;
OXTON, PROFESSOR HEN,C2 80;
OXTON, PROFESSOR HEN,C2 81;
OZ, DR. MALACHI,M/CP 76/4;
OZYMANDIAS,C2 34;
OZYMANDIAS,C2 53;
OZYMANDIAS,C2 64;
OZYMANDIAS,C2 65;
OZYMANDIAS,C2 66;
OZYMANDIAS,C2 67;
OZYMANDIAS,C2 68;
OZYMANDIAS,C2 73;
OZYMANDIAS,C2 78;
OZYMANDIAS,GAM3 14;
OZYMANDIAS,H2 456;
OZYMANDIAS,H2 457;
OZYMANDIAS,ROA 1;
OZYMANDIAS,ROA 2;
OZYMANDIAS,ROA 3;
OZYMANDIAS,UX 332;
OZYMANDIAS,UX 335;
OZYMANDIAS,UX 338;
OZYMANDIAS,W2 101;
OZYMANDIAS,X 55;
OZYMANDIAS,X:SC 1;
OZYMANDIAS,X:SC 2;
OZYMANDIAS,X:SC 4;
PACE, MICHAEL,CAGE 8;
PACKER, ARTIE,ROM 5;
PACKER, ARTIE,ROM 7;
PACKER, ARTIE,ROM 8;
PAGAN,A3 14;
PAGAN,A3 15;
PAGAN,A3 36;
PAGAN,A3 37;
PAGE, KAREN,ASM 16;
PAGE, KAREN,ASM 287;
PAGE, KAREN,ASM 43;
PAGE, KAREN,BW:CW;
PAGE, KAREN,C2 55;
PAGE, KAREN,DD 1;
PAGE, KAREN,DD 10;
PAGE, KAREN,DD 11;
PAGE, KAREN,DD 12;
PAGE, KAREN,DD 13;
PAGE, KAREN,DD 138;
PAGE, KAREN,DD 14;
PAGE, KAREN,DD 15;
PAGE, KAREN,DD 16;
PAGE, KAREN,DD 17;
PAGE, KAREN,DD 18;
PAGE, KAREN,DD 19;
PAGE, KAREN,DD 20;
PAGE, KAREN,DD 22;
PAGE, KAREN,DD2 2;
PAGE, KAREN,DD 227;
PAGE, KAREN,DD 228;
PAGE, KAREN,DD 229;
PAGE, KAREN,DD 23;
PAGE, KAREN,DD2 3;
PAGE, KAREN,DD 230;
PAGE, KAREN,DD 231;
PAGE, KAREN,DD 232;
PAGE, KAREN,DD 233;
PAGE, KAREN,DD 235;
PAGE, KAREN,DD 237;
PAGE, KAREN,DD 239;
PAGE, KAREN,DD 24;
PAGE, KAREN,DD2 4;
PAGE, KAREN,DD 240;
PAGE, KAREN,DD 241;
PAGE, KAREN,DD 242;
PAGE, KAREN,DD 243;
PAGE, KAREN,DD 244;
PAGE, KAREN,DD 248;
PAGE, KAREN,DD 249;
PAGE, KAREN,DD 25;
PAGE, KAREN,DD2 5;
PAGE, KAREN,DD 250;
PAGE, KAREN,DD 251;
PAGE, KAREN,DD 252;
PAGE, KAREN,DD 253;
PAGE, KAREN,DD 254;
PAGE, KAREN,DD 255;
PAGE, KAREN,DD 256;
PAGE, KAREN,DD 259;
PAGE, KAREN,DD 26;
PAGE, KAREN,DD2 6;
PAGE, KAREN,DD 260;
PAGE, KAREN,DD 261;
PAGE, KAREN,DD 262;
PAGE, KAREN,DD 263;
PAGE, KAREN,DD 27;
PAGE, KAREN,DD 28;
PAGE, KAREN,DD2 8;
PAGE, KAREN,DD 29;
PAGE, KAREN,DD 294;
PAGE, KAREN,DD 296;
PAGE, KAREN,DD 297;
PAGE, KAREN,DD 299;
PAGE, KAREN,DD 3;
PAGE, KAREN,DD 30;
PAGE, KAREN,DD 302;
PAGE, KAREN,DD 305;
PAGE, KAREN,DD 31;
PAGE, KAREN,DD 33;
PAGE, KAREN,DD 330;
PAGE, KAREN,DD 331;
PAGE, KAREN,DD 334;
PAGE, KAREN,DD 338;
PAGE, KAREN,DD 339;
PAGE, KAREN,DD 34;
PAGE, KAREN,DD 341;
PAGE, KAREN,DD 342;
PAGE, KAREN,DD 345;
PAGE, KAREN,DD 346;
PAGE, KAREN,DD 347;
PAGE, KAREN,DD 348;
PAGE, KAREN,DD 349;
PAGE, KAREN,DD 35;
PAGE, KAREN,DD 350;
PAGE, KAREN,DD 353;
PAGE, KAREN,DD 355;
PAGE, KAREN,DD 357;
PAGE, KAREN,DD 358;
PAGE, KAREN,DD 359;
PAGE, KAREN,DD 36;
PAGE, KAREN,DD 362;
PAGE, KAREN,DD 363;
PAGE, KAREN,DD 364;
PAGE, KAREN,DD 366;
PAGE, KAREN,DD 367;
PAGE, KAREN,DD 368;
PAGE, KAREN,DD 369;
PAGE, KAREN,DD 370;
PAGE, KAREN,DD 371;
PAGE, KAREN,DD 372;
PAGE, KAREN,DD 373;
PAGE, KAREN,DD 374;
PAGE, KAREN,DD 375;
PAGE, KAREN,DD 38;
PAGE, KAREN,DD 39;
PAGE, KAREN,DD 4;
PAGE, KAREN,DD 40;
PAGE, KAREN,DD 41;
PAGE, KAREN,DD 42;
PAGE, KAREN,DD 44;
PAGE, KAREN,DD 46;
PAGE, KAREN,DD 47;
PAGE, KAREN,DD 48;
PAGE, KAREN,DD 5;
PAGE, KAREN,DD 50;
PAGE, KAREN,DD 51;
PAGE, KAREN,DD 52;
PAGE, KAREN,DD 53;
PAGE, KAREN,DD 54;
PAGE, KAREN,DD 55;
PAGE, KAREN,DD 56;
PAGE, KAREN,DD 57;
PAGE, KAREN,DD 58;
PAGE, KAREN,DD 59;
PAGE, KAREN,DD 6;
PAGE, KAREN,DD 61;
PAGE, KAREN,DD 62;
PAGE, KAREN,DD 63;
PAGE, KAREN,DD 64;
PAGE, KAREN,DD 65;
PAGE, KAREN,DD 66;
PAGE, KAREN,DD 67;
PAGE, KAREN,DD 7;
PAGE, KAREN,DD 70;
PAGE, KAREN,DD 75;
PAGE, KAREN,DD 77;
PAGE, KAREN,DD 78;
PAGE, KAREN,DD 79;
PAGE, KAREN,DD 8;
PAGE, KAREN,DD 80;
PAGE, KAREN,DD 81;
PAGE, KAREN,DD 82;
PAGE, KAREN,DD 83;
PAGE, KAREN,DD 85;
PAGE, KAREN,DD 86;
PAGE, KAREN,DD 9;
PAGE, KAREN,DD:Y 2;
PAGE, KAREN,ELEK 11;
PAGE, KAREN,FF 3;
PAGE, KAREN,GR2 13;
PAGE, KAREN,GR2 14;
PAGE, KAREN,GR2 15;
PAGE, KAREN,GR2 17;
PAGE, KAREN,GR2 19;
PAGE, KAREN,GR2 20;
PAGE, KAREN,GR2 21;
PAGE, KAREN,GR2 22;
PAGE, KAREN,GR2 25;
PAGE, KAREN,GR2 26;
PAGE, KAREN,M/TIO 46;
PAGE, KAREN,M/VS 1/2;
PAGE, KAREN,OE 6;
PAGE, KAREN,O:MU;
PAIBOK, CAPT. [SKRUL,FF 358;
PAIBOK, CAPT. [SKRUL,FF 366;
PAIBOK, CAPT. [SKRUL,FF 369;
PAIBOK, CAPT. [SKRUL,FF 370;
PAIBOK, CAPT. [SKRUL,FF 371;
PAIBOK, CAPT. [SKRUL,FF 372;
PAIBOK, CAPT. [SKRUL,FF 390;
PAI,DD 375;
PAINE, DR.,MORBIUS 3;
PAINE, DR.,MORBIUS 4;
PAIN,M/CP 103/3;
PAIN,M/CP 104/3;
PAINTER/WILHELM VON,ST 108;
PAINTER/WILHELM VON,WOSM 74;
PAINTER/WILHELM VON,WOSM 75;
PAINTER/WILHELM VON,WOSM 76;
PAKAI,S&L 2;
PALADIN/PAUL DENNIS,A 251;
PALADIN/PAUL DENNIS,A 271;
PALADIN/PAUL DENNIS,A 273;
PALADIN/PAUL DENNIS,ASM 320;
PALADIN/PAUL DENNIS,ASM 321;
PALADIN/PAUL DENNIS,C2 49;
PALADIN/PAUL DENNIS,CA 381;
PALADIN/PAUL DENNIS,CA 382;
PALADIN/PAUL DENNIS,CA 387;
PALADIN/PAUL DENNIS,CA 388;
PALADIN/PAUL DENNIS,CA 389;
PALADIN/PAUL DENNIS,CA 390;
PALADIN/PAUL DENNIS,CA 391;
PALADIN/PAUL DENNIS,CA 392;
PALADIN/PAUL DENNIS,CA 393;
PALADIN/PAUL DENNIS,COC 1;
PALADIN/PAUL DENNIS,DD 150;
PALADIN/PAUL DENNIS,DD 152;
PALADIN/PAUL DENNIS,DD 154;
PALADIN/PAUL DENNIS,DEF 62;
PALADIN/PAUL DENNIS,DEF 63;
PALADIN/PAUL DENNIS,GENX 52;
PALADIN/PAUL DENNIS,GENX 53;
PALADIN/PAUL DENNIS,GENX 54;
PALADIN/PAUL DENNIS,HFH 10;
PALADIN/PAUL DENNIS,HFH 11;
PALADIN/PAUL DENNIS,M/CP 21/3;
PALADIN/PAUL DENNIS,M/CP 86/4;
PALADIN/PAUL DENNIS,MK3 15;
PALADIN/PAUL DENNIS,M/PRM 43;
PALADIN/PAUL DENNIS,M/TU 108;
PALADIN/PAUL DENNIS,M/TU 109;
PALADIN/PAUL DENNIS,P:NE;
PALADIN/PAUL DENNIS,PPTSS 105;
PALADIN/PAUL DENNIS,PPTSS 106;
PALADIN/PAUL DENNIS,SSWP 6;
PALADIN/PAUL DENNIS,SSWP 7;
PALADIN/PAUL DENNIS,XCAL 36;
PALERMO, HARRIET ROS,ASM 237;
PALERMO, HARRIET ROS,ASM 254;
PALERMO, HARRIET ROS,ASM 269;
PALERMO, HARRIET ROS,ASM 273;
PALERMO, HARRIET ROS,ASM 275;
PALERMO, HARRIET ROS,ASM 315;
PALERMO, HARRIET ROS,ASM 337;
PALERMO, HARRIET ROS,ASMV.W 1;
PALERMO, HARRIET ROS,M/TU 124;
PALERMO, HARRIET ROS,M/TU 127;
PALERMO, HARRIET ROS,PPTSS 113;
PALERMO, HARRIET ROS,WOSM 19;
PALERMO, HARRIET ROS,WOSM 22;
PALERMO, HARRIET ROS,WOSM 24;
PALERMO, HARRIET ROS,WOSM 47;
PALERMO, HARRIET ROS,WOSM 77;
PALERMO, HARRIET ROS,WOSM 78;
PALERMO, VICTOR,ASM 237;
PALERMO, VICTOR,ASM 254;
PALERMO, VICTOR,ASM 269;
PALERMO, VICTOR,ASM 273;
PALERMO, VICTOR,ASM 275;
PALERMO, VICTOR,ASM 315;
PALERMO, VICTOR,ASM 337;
PALERMO, VICTOR,ASMV.W 1;
PALERMO, VICTOR,M/TU 124;
PALERMO, VICTOR,M/TU 127;
PALERMO, VICTOR,PPTSS 113;
PALERMO, VICTOR,WOSM 19;
PALERMO, VICTOR,WOSM 22;
PALERMO, VICTOR,WOSM 23;
PALERMO, VICTOR,WOSM 24;
PALERMO, VICTOR,WOSM 47;
PALERMO, VICTOR,WOSM 77;
PALERMO, VICTOR,WOSM 78;
PALMIOTTI, JIMMY,DD2 8;
PAM,UX 299;
PAM,X 48;
PANDEMONIA,XFOR 80;
PANDEMONIA,XFOR 85;
PANTHER CUB/,REMNANTS;
PAPA GRANITE,WOSM 118;
PAPA HAGG,DEF2 1;
PAPA HAGG,DEF2 2;
PAPA NEBO,ST5 1/3;
PARADIGM,XFOR 87;
PARADIGM,XFOR 89;
PARADIGM,XFOR 90;
PARADOX,DRSTR3 75;
PARADOX,DRSTR3 78;
PARADOX II,GENX 47;
PARADY, CAPT. RONALD,S-W3 1;
PARALYZER,CA 343;
PARALYZER,CA 346;
PARALYZER,CA 4;
PARALYZER,DEF 125;
PARALYZER,DEF 126;
PARALYZER,DEF 128;
PARALYZER,DEF 129;
PARALYZER,DEF 130;
PARALYZER,DEF 78;
PARALYZER,DEF 79;
PARALYZER,DEF 80;
PARALYZER,DEF 83;
PARALYZER,DEF 87;
PARALYZER,NW2 6;
PARETSKY, DR. GARY,T 435;
PARETSKY, DR. GARY,T 437;
PARETSKY, DR. GARY,T 438;
PARETSKY, DR. GARY,T 440;
PARETSKY, DR. GARY,T 441;
PARETSKY, DR. GARY,T 442;
PARETSKY, DR. GARY,T 444;
PARETSKY, DR. GARY,T 448;
PARETSKY, DR. GARY,T 451;
PARETSKY, DR. GARY,T 453;
PARETSKY, DR. GARY,TS 13;
PARETSKY, DR. GARY,TS 15;
PARETSKY, DR. GARY,TS 16;
PARETSKY, DR. GARY,TS 19;
PARETSKY, DR. GARY,TS 22;
PARETSKY, DR. GARY,TS 23;
PARETSKY, DR. GARY,TS 24;
PARETSKY, DR. GARY,TS 9;
PARETTI, TONY,ASM 25/3;
PARIS,DRSTR 2;
PARIS,H 18/2;
PARIS,H 18/3;
PARIS,H2 376;
PARIS,H2 379;
PARIS,H2 381;
PARIS,H2 382;
PARIS,H2 389;
PARIS,H2 394;
PARIS,H2 395;
PARIS,H2 396;
PARIS,H2 397;
PARIS,H2 421;
PARIS,H2 423;
PARIS,H2 425;
PARIS,H2 445;
PARIS,H2 446;
PARIS,H2 447;
PARIS,H2 448;
PARK, ARCHIE,WARM 11;
PARK, ARCHIE,WARM 12;
PARK, ARCHIE,WARM 19;
PARK, ARCHIE,WARM 20;
PARKER, BEN,AAF 15;
PARKER, BEN,ASM -1;
PARKER, BEN,ASM 147;
PARKER, BEN,ASM 200;
PARKER, BEN,ASM 370/2;
PARKER, BEN,ASM 5;
PARKER, BEN,PPSM2 1/2;
PARKER, BEN,PPSM2 20;
PARKER, BEN,PPSM2 33;
PARKER, BEN,PPTSSSS 1/2;
PARKER, BEN,SENSM -1;
PARKER, BEN,SM -1;
PARKER, BEN,SM:PL;
PARKER, BEN,UTSM -1;
PARKER, HORACE,PPSM2 28;
PARKER, MARY,ASM 370/2;
PARKER, MARY,ASM 5;
PARKER, MARY (ROBOT),ASM 363;
PARKER, MARY (ROBOT),ASM 364;
PARKER, MARY (ROBOT),ASM 365;
PARKER, MARY (ROBOT),ASM 366;
PARKER, MARY (ROBOT),ASM 367;
PARKER, MARY (ROBOT),ASM 368;
PARKER, MARY (ROBOT),ASM 369;
PARKER, MARY (ROBOT),ASM 370;
PARKER, MARY (ROBOT),ASM 371;
PARKER, MARY (ROBOT),ASM 372;
PARKER, MARY (ROBOT),ASM 373;
PARKER, MARY,SM:PL;
PARKER, MARY,UTSM -1;
PARKER, MAY,A 82;
PARKER, MAY,AAF 15;
PARKER, MAY,AAF 16;
PARKER, MAY,AAF 17;
PARKER, MAY,AAF 18;
PARKER, MAY,ASM '01;
PARKER, MAY,ASM -1;
PARKER, MAY,ASM 1;
PARKER, MAY,ASM 10;
PARKER, MAY,ASM 102;
PARKER, MAY,ASM 105;
PARKER, MAY,ASM 108;
PARKER, MAY,ASM 11;
PARKER, MAY,ASM 110;
PARKER, MAY,ASM 111;
PARKER, MAY,ASM 112;
PARKER, MAY,ASM 114;
PARKER, MAY,ASM 115;
PARKER, MAY,ASM 117;
PARKER, MAY,ASM 119;
PARKER, MAY,ASM 12;
PARKER, MAY,ASM 123;
PARKER, MAY,ASM 126;
PARKER, MAY,ASM 13;
PARKER, MAY,ASM 130;
PARKER, MAY,ASM 131;
PARKER, MAY,ASM 134;
PARKER, MAY,ASM 137;
PARKER, MAY,ASM 14;
PARKER, MAY,ASM 142;
PARKER, MAY,ASM 144;
PARKER, MAY,ASM 145;
PARKER, MAY,ASM 146;
PARKER, MAY,ASM 147;
PARKER, MAY,ASM 15;
PARKER, MAY,ASM 156;
PARKER, MAY,ASM 157;
PARKER, MAY,ASM 158;
PARKER, MAY,ASM 159;
PARKER, MAY,ASM 16;
PARKER, MAY,ASM 160;
PARKER, MAY,ASM 167;
PARKER, MAY,ASM 17;
PARKER, MAY,ASM 176;
PARKER, MAY,ASM 177;
PARKER, MAY,ASM 178;
PARKER, MAY,ASM 179;
PARKER, MAY,ASM 18;
PARKER, MAY,ASM 181;
PARKER, MAY,ASM 182;
PARKER, MAY,ASM 183;
PARKER, MAY,ASM 185/2;
PARKER, MAY,ASM 186;
PARKER, MAY,ASM 188;
PARKER, MAY,ASM 189;
PARKER, MAY,ASM 19;
PARKER, MAY,ASM 193;
PARKER, MAY,ASM 194;
PARKER, MAY,ASM 195;
PARKER, MAY,ASM 20;
PARKER, MAY,ASM 200;
PARKER, MAY,ASM 201;
PARKER, MAY,ASM 203;
PARKER, MAY,ASM 208;
PARKER, MAY,ASM 21;
PARKER, MAY,ASM2 1;
PARKER, MAY,ASM2 10;
PARKER, MAY,ASM 211;
PARKER, MAY,ASM2 12;
PARKER, MAY,ASM2 1/3;
PARKER, MAY,ASM2 13;
PARKER, MAY,ASM2 14;
PARKER, MAY,ASM2 15;
PARKER, MAY,ASM 216;
PARKER, MAY,ASM2 16;
PARKER, MAY,ASM2 18;
PARKER, MAY,ASM 219;
PARKER, MAY,ASM2 19;
PARKER, MAY,ASM 22;
PARKER, MAY,ASM2 2;
PARKER, MAY,ASM2 20;
PARKER, MAY,ASM 220/2;
PARKER, MAY,ASM2 21;
PARKER, MAY,ASM 224;
PARKER, MAY,ASM2 24;
PARKER, MAY,ASM2 25;
PARKER, MAY,ASM2 26;
PARKER, MAY,ASM 23;
PARKER, MAY,ASM2 31;
PARKER, MAY,ASM 23/3;
PARKER, MAY,ASM 237;
PARKER, MAY,ASM 238;
PARKER, MAY,ASM 24;
PARKER, MAY,ASM2 4;
PARKER, MAY,ASM 240;
PARKER, MAY,ASM 247;
PARKER, MAY,ASM 25;
PARKER, MAY,ASM2 5;
PARKER, MAY,ASM 252;
PARKER, MAY,ASM 253;
PARKER, MAY,ASM 254;
PARKER, MAY,ASM 255;
PARKER, MAY,ASM 26;
PARKER, MAY,ASM2 6;
PARKER, MAY,ASM 260;
PARKER, MAY,ASM 265;
PARKER, MAY,ASM 269;
PARKER, MAY,ASM 27;
PARKER, MAY,ASM 271;
PARKER, MAY,ASM 272;
PARKER, MAY,ASM 273;
PARKER, MAY,ASM 274;
PARKER, MAY,ASM 275;
PARKER, MAY,ASM 28;
PARKER, MAY,ASM2 8;
PARKER, MAY,ASM 284;
PARKER, MAY,ASM 286;
PARKER, MAY,ASM 287;
PARKER, MAY,ASM 288;
PARKER, MAY,ASM 29;
PARKER, MAY,ASM 290;
PARKER, MAY,ASM 297;
PARKER, MAY,ASM 3;
PARKER, MAY,ASM 30;
PARKER, MAY,ASM 300;
PARKER, MAY,ASM 304;
PARKER, MAY,ASM 306;
PARKER, MAY,ASM 308;
PARKER, MAY,ASM 31;
PARKER, MAY,ASM 313;
PARKER, MAY,ASM 314;
PARKER, MAY,ASM 315;
PARKER, MAY,ASM 316;
PARKER, MAY,ASM 317;
PARKER, MAY,ASM 319;
PARKER, MAY,ASM 32;
PARKER, MAY,ASM 320;
PARKER, MAY,ASM 321;
PARKER, MAY,ASM 322;
PARKER, MAY,ASM 323;
PARKER, MAY,ASM 326;
PARKER, MAY,ASM 33;
PARKER, MAY,ASM 330;
PARKER, MAY,ASM 332;
PARKER, MAY,ASM 333;
PARKER, MAY,ASM 334;
PARKER, MAY,ASM 335;
PARKER, MAY,ASM 336;
PARKER, MAY,ASM 337;
PARKER, MAY,ASM 338;
PARKER, MAY,ASM 34;
PARKER, MAY,ASM 340;
PARKER, MAY,ASM 341;
PARKER, MAY,ASM 342;
PARKER, MAY,ASM 343;
PARKER, MAY,ASM 345;
PARKER, MAY,ASM 347;
PARKER, MAY,ASM 351;
PARKER, MAY,ASM 353;
PARKER, MAY,ASM 354;
PARKER, MAY,ASM 361;
PARKER, MAY,ASM 364;
PARKER, MAY,ASM 365;
PARKER, MAY,ASM 366;
PARKER, MAY,ASM 367;
PARKER, MAY,ASM 368;
PARKER, MAY,ASM 370/2;
PARKER, MAY,ASM 372;
PARKER, MAY,ASM 373;
PARKER, MAY,ASM 38;
PARKER, MAY,ASM 39;
PARKER, MAY,ASM 391;
PARKER, MAY,ASM 392;
PARKER, MAY,ASM 393;
PARKER, MAY,ASM 394;
PARKER, MAY,ASM 398;
PARKER, MAY,ASM 4;
PARKER, MAY,ASM 40;
PARKER, MAY,ASM 400;
PARKER, MAY,ASM 400/3;
PARKER, MAY,ASM 41;
PARKER, MAY,ASM 42;
PARKER, MAY,ASM 43;
PARKER, MAY,ASM 44;
PARKER, MAY,ASM 45;
PARKER, MAY,ASM 46;
PARKER, MAY,ASM 47;
PARKER, MAY,ASM 48;
PARKER, MAY,ASM 49;
PARKER, MAY,ASM 5;
PARKER, MAY,ASM 50;
PARKER, MAY,ASM 53;
PARKER, MAY,ASM 54;
PARKER, MAY,ASM 55;
PARKER, MAY,ASM 56;
PARKER, MAY,ASM 57;
PARKER, MAY,ASM 58;
PARKER, MAY,ASM 59;
PARKER, MAY,ASM 6;
PARKER, MAY,ASM 60;
PARKER, MAY,ASM 64;
PARKER, MAY,ASM 65;
PARKER, MAY,ASM 66;
PARKER, MAY,ASM 67;
PARKER, MAY,ASM 68;
PARKER, MAY,ASM 7;
PARKER, MAY,ASM 72;
PARKER, MAY,ASM 76;
PARKER, MAY,ASM 81;
PARKER, MAY,ASM 82;
PARKER, MAY,ASM 86;
PARKER, MAY,ASM 9;
PARKER, MAY,ASM 94;
PARKER, MAY,ASM 95;
PARKER, MAY,ASM 96;
PARKER, MAY,ASM '96/2;
PARKER, MAY,ASMU 10;
PARKER, MAY,ASMU 7;
PARKER, MAY,ASMV.W 1;
PARKER, MAY,DD 16;
PARKER, MAY,DD 17;
PARKER, MAY,DHKF 9/2;
PARKER, MAY,FF 242;
PARKER, MAY,FF 260;
PARKER, MAY,GSS-M 1;
PARKER, MAY III,ASM 400;
PARKER, MAY II,S-M 75;
PARKER, MAY,MSM 1;
PARKER, MAY,M/TU 114;
PARKER, MAY,M/TU 119;
PARKER, MAY,M/TU 120;
PARKER, MAY,M/TU 124;
PARKER, MAY,M/TU 127;
PARKER, MAY,M/TU 4;
PARKER, MAY,M/TU 52;
PARKER, MAY,PPSM2 1;
PARKER, MAY,PPSM2 10;
PARKER, MAY,PPSM2 1/2;
PARKER, MAY,PPSM2 13;
PARKER, MAY,PPSM2 14;
PARKER, MAY,PPSM2 16;
PARKER, MAY,PPSM2 18;
PARKER, MAY,PPSM2 19;
PARKER, MAY,PPSM2 2;
PARKER, MAY,PPSM2 20;
PARKER, MAY,PPSM2 21;
PARKER, MAY,PPSM2 24;
PARKER, MAY,PPSM2 25;
PARKER, MAY,PPSM2 28;
PARKER, MAY,PPSM2 29;
PARKER, MAY,PPSM2 33;
PARKER, MAY,PPSM2 4;
PARKER, MAY,PPSM2 5;
PARKER, MAY,PPSM2 6;
PARKER, MAY,PPSM2 9;
PARKER, MAY,PPSM '99;
PARKER, MAY,PPTSS 107;
PARKER, MAY,PPTSS 108;
PARKER, MAY,PPTSS 110;
PARKER, MAY,PPTSS 112;
PARKER, MAY,PPTSS 113;
PARKER, MAY,PPTSS 153;
PARKER, MAY,PPTSS 154;
PARKER, MAY,PPTSS 155;
PARKER, MAY,PPTSS 156;
PARKER, MAY,PPTSS 173;
PARKER, MAY,PPTSS 179;
PARKER, MAY,PPTSS 180;
PARKER, MAY,PPTSS 186;
PARKER, MAY,PPTSS 187;
PARKER, MAY,PPTSS 188;
PARKER, MAY,PPTSS 189;
PARKER, MAY,PPTSS 189/2;
PARKER, MAY,PPTSS 2;
PARKER, MAY,PPTSS 216;
PARKER, MAY,PPTSS 218;
PARKER, MAY,PPTSS 220;
PARKER, MAY,PPTSS 225/2;
PARKER, MAY,PPTSS 263;
PARKER, MAY,PPTSS 38;
PARKER, MAY,PPTSS 4;
PARKER, MAY,PPTSS 47;
PARKER, MAY,PPTSS 48;
PARKER, MAY,PPTSS 49;
PARKER, MAY,PPTSS 50;
PARKER, MAY,PPTSS 51;
PARKER, MAY,PPTSS 56;
PARKER, MAY,PPTSS 57;
PARKER, MAY,PPTSS 6;
PARKER, MAY,PPTSS 60/2;
PARKER, MAY,PPTSS 66;
PARKER, MAY,PPTSS 67;
PARKER, MAY,PPTSS 68;
PARKER, MAY,PPTSS 7;
PARKER, MAY,PPTSS 78;
PARKER, MAY,PPTSS 90;
PARKER, MAY,PPTSS 91;
PARKER, MAY,PPTSS 9/3;
PARKER, MAY,PPTSS 95;
PARKER, MAY,PPTSSSS 1/2;
PARKER, MAY,SENSM -1;
PARKER, MAY,SENSM '96;
PARKER, MAY,SM -1;
PARKER, MAY,S-M 23;
PARKER, MAY,S-M 29;
PARKER, MAY,S-M 51;
PARKER, MAY,S-M 56;
PARKER, MAY,S-M 57/2;
PARKER, MAY,S-M 97;
PARKER, MAY,S-M 98;
PARKER, MAY,SM:PL;
PARKER, MAY,SM:RGG 2;
PARKER, MAY,SPECSM 1;
PARKER, MAY,SPECSM 1/2;
PARKER, MAY,SPECSM 2;
PARKER, MAY,T2 8;
PARKER, MAY | TIMESL,A:T;
PARKER, MAY,TW 1;
PARKER, MAY,TW 3;
PARKER, MAY,UTSM 1;
PARKER, MAY,UTSM 10;
PARKER, MAY,UTSM 11;
PARKER, MAY,UTSM 12;
PARKER, MAY,UTSM 13;
PARKER, MAY,UTSM 14;
PARKER, MAY,UTSM 17;
PARKER, MAY,UTSM 19;
PARKER, MAY,UTSM 2;
PARKER, MAY,UTSM 20;
PARKER, MAY,UTSM 21;
PARKER, MAY,UTSM 22;
PARKER, MAY,UTSM 24;
PARKER, MAY,UTSM 25;
PARKER, MAY,UTSM 3;
PARKER, MAY,UTSM 4;
PARKER, MAY,UTSM 5;
PARKER, MAY,UTSM 9;
PARKER, MAY,UTSM '96;
PARKER, MAY,UTSM '97;
PARKER, MAY,UTSM:SE;
PARKER, MAY,WOSM 1;
PARKER, MAY,WOSM 114;
PARKER, MAY,WOSM 115;
PARKER, MAY,WOSM 116;
PARKER, MAY,WOSM 117;
PARKER, MAY,WOSM 118;
PARKER, MAY,WOSM 120;
PARKER, MAY,WOSM 122;
PARKER, MAY,WOSM 123;
PARKER, MAY,WOSM 14;
PARKER, MAY,WOSM 15;
PARKER, MAY,WOSM 19;
PARKER, MAY,WOSM 21;
PARKER, MAY,WOSM 22;
PARKER, MAY,WOSM 23;
PARKER, MAY,WOSM 24;
PARKER, MAY,WOSM 25;
PARKER, MAY,WOSM 3;
PARKER, MAY,WOSM 33;
PARKER, MAY,WOSM 39;
PARKER, MAY,WOSM 43;
PARKER, MAY,WOSM 47;
PARKER, MAY,WOSM 48;
PARKER, MAY,WOSM 5;
PARKER, MAY,WOSM 50;
PARKER, MAY,WOSM 53;
PARKER, MAY,WOSM 56;
PARKER, MAY,WOSM 6;
PARKER, MAY,WOSM 60;
PARKER, MAY,WOSM 6/2;
PARKER, MAY,WOSM 73;
PARKER, MAY,WOSM 77;
PARKER, MAY,WOSM 78;
PARKER, MAY,WOSM 83;
PARKER, MAY,WOSM 84;
PARKER, MAY,WOSM 85;
PARKER, MAY,WOSM 87;
PARKER, MAY,WOSM 88;
PARKER, MAY,WTS 1;
PARKER, MAY,WTS 2;
PARKER, PETER | TIME,A:T;
PARKER, RICHARD,ASM2 26;
PARKER, RICHARD,ASM 370/2;
PARKER, RICHARD,ASM 5;
PARKER, RICHARD (ROB,ASM 363;
PARKER, RICHARD (ROB,ASM 364;
PARKER, RICHARD (ROB,ASM 365;
PARKER, RICHARD (ROB,ASM 366;
PARKER, RICHARD (ROB,ASM 368;
PARKER, RICHARD (ROB,ASM 369;
PARKER, RICHARD (ROB,ASM 370;
PARKER, RICHARD (ROB,ASM 371;
PARKER, RICHARD (ROB,ASM 372;
PARKER, RICHARD (ROB,ASM 373;
PARKER, RICHARD,SM:PL;
PARKER, RICHARD,UTSM -1;
PARKS, JOE,A 159;
PARKS, JOE,T 324;
PARKS, JUDITH,M/TIO 4;
PARKS, JUDITH,T 324;
PARRISH, MAX,BFF:S 1;
PARRISH, MAX,BFF:S 2;
PARRISH, MAX,BFF:S 3;
PARSON/,REBEL;
PARSONS, DR. DEREK,XFOR 83;
PARSONS, DR. DEREK,XFOR 84;
PARTRIDGE, STEVE,DFSM 1;
PARTRIDGE, STEVE,DFSM 2;
PARTRIDGE, STEVE,DFSM 3;
P,ASM2 27;
PAST MASTER/PROFESSO,M/CP 60/3;
PAST MASTER/PROFESSO,M/CP 63/3;
PATCH II,DPOOL3 14;
PATCH II,DPOOL3 16;
PATCH II,DPOOL3 30;
PATCH II,XFOR 73;
PATCH II,XFOR 76;
PATCHWORK/KYLE BARKE,DS 1;
PATCHWORK/KYLE BARKE,DS 2;
PATCHWORK/KYLE BARKE,DS 3;
PATCHWORK/KYLE BARKE,DS 4;
PATHWAY/LAURA DEAN,AF 109/2;
PATHWAY/LAURA DEAN,AF 110;
PATHWAY/LAURA DEAN,AF 111;
PATHWAY/LAURA DEAN,AF 112;
PATHWAY/LAURA DEAN,AF 114;
PATHWAY/LAURA DEAN,AF 115;
PATHWAY/LAURA DEAN,AF 53;
PATHWAY/LAURA DEAN,AF 54;
PATHWAY/LAURA DEAN,AF 55;
PATHWAY/LAURA DEAN,AF 56;
PATHWAY/LAURA DEAN,AF 57;
PATHWAY/LAURA DEAN,AF 58;
PATHWAY/LAURA DEAN,AF 59;
PATHWAY/LAURA DEAN,AF 60;
PATHWAY/LAURA DEAN,AF 61;
PATHWAY/LAURA DEAN,AF 62;
PATHWAY/LAURA DEAN,AF 64;
PATHWAY/LAURA DEAN,AF 65;
PATHWAY/LAURA DEAN,AF 66;
PATHWAY/LAURA DEAN,AF 67;
PATHWAY/LAURA DEAN,AF 68;
PATHWAY/LAURA DEAN,AF 69;
PATHWAY/LAURA DEAN,AF 70;
PATHWAY/LAURA DEAN,AF 71;
PATHWAY/LAURA DEAN,AF 81;
PATHWAY/LAURA DEAN,AF 82;
PATHWAY/LAURA DEAN,AF 85;
PATHWAY/LAURA DEAN,AF 86;
PATHWAY/LAURA DEAN,AF 87;
PATHWAY/LAURA DEAN,AF 89;
PATHWAY/LAURA DEAN,AF 91;
PATHWAY/LAURA DEAN,AF 97;
PATHWAY/LAURA DEAN,AF 98;
PATILIO, MARIE,PPTSS 185;
PATRICK, KERRY,AF 101;
PATRICK, KERRY,AF 92;
PATRICK, KERRY,AF 97;
PATRIOT/JEFF MACE,HUMAN TORCH 4;
PATRIOT/JEFF MACE,INV 35;
PATRIOT/JEFF MACE,INV 36;
PATRIOT/JEFF MACE,INV 37;
PATRIOT/JEFF MACE,INV 38;
PATRIOT/JEFF MACE,INV 6;
PATRIOT/JEFF MACE,MARVEL MYSTERY COMIC;
PATRIOT/JEFF MACE,M/PRM 29;
PATRIOT/JEFF MACE,M/PRM 30;
PATTERSON, JACK,CA3 9;
PATTON, JESS,TW 1;
PATTON, JESS,TW 2;
PAVANE II,A 377;
PAVANE,MOKF 31;
PAVANE,MOKF 65;
PAYBACK/,PWJ 48;
PAYBACK/,PWJ 49;
PAYBACK/,PWJ 51;
PAYGE, REEVA,X 3;
PAYNE, EDWARD,N 14;
PAYNE, MICHAEL,N 14;
PEACEKEEPER/JOSHUA,DD 333;
PEACEKEEPER/JOSHUA,DD 334;
PEACEKEEPER/JOSHUA,DD 335;
PEACEKEEPER/JOSHUA,DD 336;
PEACEKEEPER/JOSHUA,DD 337;
PEACEMONGER/,M/CP 104/4;
PEARLA,FF 17;
PEARLA,FF 284;
PEARLA,M/TIO 87;
PEARSON, AUBREY,BP 14;
PEARSON, AUBREY,M/TU 87;
PEARSON, MARCY,DAMCON 3;
PEARSON, MARCY,IM 217;
PEARSON, MARCY,IM 222;
PEARSON, MARCY,IM 225;
PEARSON, MARCY,IM 226;
PEARSON, MARCY,IM 227;
PEARSON, MARCY,IM 231;
PEARSON, MARCY,IM 233;
PEARSON, MARCY,IM 235;
PEARSON, MARCY,IM 236;
PEARSON, MARCY,IM 238;
PEARSON, MARCY,IM 241;
PEARSON, MARCY,IM 246;
PEARSON, MARCY,IM 248;
PEARSON, MARCY,IM 254;
PEARSON, MARCY,IM 284;
PEARSON, MARCY,IM 287;
PEARSON, MARCY,IM 288;
PEARSON, MARCY,IM 306;
PEARSON, MARCY,IM 9;
PEATOR,A 12;
PEATOR,ASM 223;
PEATOR,ASM 255;
PEATOR,COC 1;
PEATOR,DEF 7;
PEATOR,DEF 8;
PEATOR,FF 13;
PEATOR,FF 197;
PEATOR,FF 29;
PEATOR,FF 3;
PEATOR,FF3 3;
PEATOR,IM 15;
PEATOR,IM 16;
PEATOR,IM 82;
PEATOR,IM 83;
PEATOR,M/CP 87/3;
PEATOR,M/CP 90/2;
PEATOR,M/CP 91/2;
PEATOR,M/CP 92/2;
PEATOR,M/S&L /3;
PEATOR,PP 61;
PEATOR,PP 62;
PEATOR,Q 6;
PEATOR,W2 164;
PEATOR,W2 165;
PECOS BILL,CA 383;
PEEL, EMMA,CA 401;
PELE II,XFOR 81;
PELE/MICHI SASAKI,AWC 71;
PELE/MICHI SASAKI,AWC 73;
PELE/MICHI SASAKI,AWC 74;
PELIALI,A3 29;
PELIALI,A3 30;
PELTINO, LT.,CA 387;
PEMBROKE,DD 291;
PEMBROKE,DFSM 1;
PEMBROKE,DFSM 2;
PEMBROKE,DFSM 4;
PEMBROKE,PPTSS 11;
PENANCE III,GENX 57;
PENANCE III,GENX 58;
PENANCE III,GENX 60;
PENANCE III,GENX 61;
PENANCE III,GENX '99;
PENANCE III,UX 379;
PENANCE/MONET ST. CR,GENX 1;
PENANCE/MONET ST. CR,GENX 10;
PENANCE/MONET ST. CR,GENX 11;
PENANCE/MONET ST. CR,GENX 12;
PENANCE/MONET ST. CR,GENX 13;
PENANCE/MONET ST. CR,GENX 14;
PENANCE/MONET ST. CR,GENX 2;
PENANCE/MONET ST. CR,GENX 25;
PENANCE/MONET ST. CR,GENX 29;
PENANCE/MONET ST. CR,GENX 3;
PENANCE/MONET ST. CR,GENX 31;
PENANCE/MONET ST. CR,GENX 32;
PENANCE/MONET ST. CR,GENX 33;
PENANCE/MONET ST. CR,GENX 34;
PENANCE/MONET ST. CR,GENX 35;
PENANCE/MONET ST. CR,GENX 36;
PENANCE/MONET ST. CR,GENX 37;
PENANCE/MONET ST. CR,GENX 38;
PENANCE/MONET ST. CR,GENX 39;
PENANCE/MONET ST. CR,GENX 4;
PENANCE/MONET ST. CR,GENX 40;
PENANCE/MONET ST. CR,GENX 41;
PENANCE/MONET ST. CR,GENX 42;
PENANCE/MONET ST. CR,GENX 43;
PENANCE/MONET ST. CR,GENX 45;
PENANCE/MONET ST. CR,GENX 46;
PENANCE/MONET ST. CR,GENX 47;
PENANCE/MONET ST. CR,GENX 48;
PENANCE/MONET ST. CR,GENX 49;
PENANCE/MONET ST. CR,GENX 5;
PENANCE/MONET ST. CR,GENX 50;
PENANCE/MONET ST. CR,GENX 51;
PENANCE/MONET ST. CR,GENX 52;
PENANCE/MONET ST. CR,GENX 53;
PENANCE/MONET ST. CR,GENX 55;
PENANCE/MONET ST. CR,GENX 56;
PENANCE/MONET ST. CR,GENX 57;
PENANCE/MONET ST. CR,GENX 58;
PENANCE/MONET ST. CR,GENX 6;
PENANCE/MONET ST. CR,GENX 60;
PENANCE/MONET ST. CR,GENX 61;
PENANCE/MONET ST. CR,GENX 62;
PENANCE/MONET ST. CR,GENX 63;
PENANCE/MONET ST. CR,GENX 64;
PENANCE/MONET ST. CR,GENX 65;
PENANCE/MONET ST. CR,GENX 66;
PENANCE/MONET ST. CR,GENX 67;
PENANCE/MONET ST. CR,GENX 68;
PENANCE/MONET ST. CR,GENX 69;
PENANCE/MONET ST. CR,GENX 7;
PENANCE/MONET ST. CR,GENX 70;
PENANCE/MONET ST. CR,GENX 71;
PENANCE/MONET ST. CR,GENX 72;
PENANCE/MONET ST. CR,GENX 74;
PENANCE/MONET ST. CR,GENX 75;
PENANCE/MONET ST. CR,GENX 8;
PENANCE/MONET ST. CR,GENX 9;
PENANCE/MONET ST. CR,GENX '95;
PENANCE/MONET ST. CR,GENX '97;
PENANCE/MONET ST. CR,GENX '99;
PENANCE/MONET ST. CR,UX 23;
PENANCE/MONET ST. CR,UX 388;
PENANCE/MONET ST. CR,W2 141;
PENANCE/MONET ST. CR,XM 50;
PENANCE/MONET ST. CR,XU 20;
PENDRAGON, ARTHUR,A 20/2;
PENDRAGON, ARTHUR,IM 150;
PENDRAGON, ARTHUR,JIM 96;
PENNINGTON, AUDRA,D:LU 2;
PENNINGTON, AUDRA,D:LU 3;
PENNSU,T '01;
PENNYWORTH, J.C.,A 342;
PENNYWORTH, J.C.,DEF 15;
PENNYWORTH, J.C.,DEF 17;
PENNYWORTH, J.C.,DEF 19;
PENNYWORTH, J.C.,DEF 22;
PENNYWORTH, J.C.,DEF 23;
PENNYWORTH, J.C.,DEF 24;
PENNYWORTH, J.C.,DEF 25;
PENTIGAAR,T2 30;
PENTIGAAR,T2 31;
PENTIGAAR,T2 32;
PEREGRINE, LE/FRANCK,AF 108;
PEREGRINE, LE/FRANCK,COC 1;
PEREGRINE, LE/FRANCK,COC 3;
PEREGRINE, LE/FRANCK,M/CP 51/4;
PEREGRINE, LE/FRANCK,ROM 65;
PEREGRINE, LE/FRANCK,SOLOA 6;
PEREZ, DET. CECILIA,SLEEP 10;
PEREZ, DET. CECILIA,SLEEP 11;
PEREZ, DET. CECILIA,SLEEP 9;
PEREZ, GEORGE,A 149;
PEREZ, GEORGE,DHKF 19/2;
PEREZ, GEORGE,FF 176;
PEREZ, GEORGE,M/TIO 60;
PERRIKUS,T2 1;
PERRIKUS,T2 10;
PERRIKUS,T2 11;
PERRIKUS,T2 12;
PERRIKUS,T2 4;
PERRIKUS,T2 5;
PERRIKUS,T2 7;
PERRIKUS,T2 8;
PERRIKUS,T2 9;
PERSEPHONE,A 23;
PERSEPHONE,FF3 21;
PERSEPHONE II,CPU 3;
PERSUASION/KARA KILL,AF 109/2;
PERSUASION/KARA KILL,AF 110;
PERSUASION/KARA KILL,AF 111;
PERSUASION/KARA KILL,AF 112;
PERSUASION/KARA KILL,AF 114;
PERSUASION/KARA KILL,AF 115;
PERSUASION/KARA KILL,AF 2;
PERSUASION/KARA KILL,AF 41;
PERSUASION/KARA KILL,AF 42;
PERSUASION/KARA KILL,AF 43;
PERSUASION/KARA KILL,AF 44;
PERSUASION/KARA KILL,AF 45;
PERSUASION/KARA KILL,AF 46;
PERSUASION/KARA KILL,AF 48;
PERSUASION/KARA KILL,AF 49;
PERSUASION/KARA KILL,AF 50;
PERSUASION/KARA KILL,AF 51;
PERSUASION/KARA KILL,AF 52;
PERSUASION/KARA KILL,AF 53;
PERSUASION/KARA KILL,AF 54;
PERSUASION/KARA KILL,AF 55;
PERSUASION/KARA KILL,AF 56;
PERSUASION/KARA KILL,AF 57;
PERSUASION/KARA KILL,AF 58;
PERSUASION/KARA KILL,AF 59;
PERSUASION/KARA KILL,AF 60;
PERSUASION/KARA KILL,AF 61;
PERSUASION/KARA KILL,AF 62;
PERSUASION/KARA KILL,AF 64;
PERSUASION/KARA KILL,AF 65;
PERSUASION/KARA KILL,AF 66;
PERSUASION/KARA KILL,AF 67;
PERSUASION/KARA KILL,AF 68;
PERSUASION/KARA KILL,AF 69;
PERSUASION/KARA KILL,AF 70;
PERSUASION/KARA KILL,AF 71;
PERSUASION/KARA KILL,AF 81;
PERSUASION/KARA KILL,AF 82;
PERSUASION/KARA KILL,AF 83;
PERSUASION/KARA KILL,AF 85;
PERSUASION/KARA KILL,AF 86;
PERSUASION/KARA KILL,AF 87;
PERSUASION/KARA KILL,AF 88;
PERSUASION/KARA KILL,AF 89;
PERSUASION/KARA KILL,AF 90;
PERSUASION/KARA KILL,AF 91;
PERSUASION/KARA KILL,AF 95;
PERSUASION/KARA KILL,AF 97;
PERSUASION/KARA KILL,AF 98;
PERUN,A 319;
PERUN,A 320;
PERUN,A 321;
PERUN,A 322;
PERUN,A 323;
PERUN,A 324;
PERUN,CA 352;
PERUN,CA 353;
PERUN,H2 393;
PERUN,SSS 1;
PESTER,WOSM 77;
PESTER,WOSM 78;
PESTILENCE/CAPT. F.R,AF 36;
PESTILENCE/CAPT. F.R,AF 37;
PESTILENCE/CAPT. F.R,AF 38;
PESTILENCE/CAPT. F.R,AF 44;
PESTILENCE/CAPT. F.R,AF 45;
PESTILENCE | MUTANT,MX 19;
PESTILENCE | MUTANT,MX 22;
PETERS, NIGEL,M/CP 89/3;
PETERS, SHANA TOC,M/CP 80/3;
PET,M/FAN2 4;
PET,M/FAN2 5;
PETRIE, JUDGE RICHAR,UX 176;
PETROVITCH, DMITRI,SSWP 1;
PETROVITCH, DMITRI,SSWP 6;
PETROVITCH, IVAN,A 110;
PETROVITCH, IVAN,A 385;
PETROVITCH, IVAN,A 386;
PETROVITCH, IVAN,AA2 1/2;
PETROVITCH, IVAN,AA2 3/2;
PETROVITCH, IVAN,AA2 4/2;
PETROVITCH, IVAN,AA2 5/2;
PETROVITCH, IVAN,AA2 6/2;
PETROVITCH, IVAN,AA2 7/2;
PETROVITCH, IVAN,AA2 8/2;
PETROVITCH, IVAN,BW:CW;
PETROVITCH, IVAN,CHAMP 1;
PETROVITCH, IVAN,CHAMP 10;
PETROVITCH, IVAN,CHAMP 14;
PETROVITCH, IVAN,CHAMP 4;
PETROVITCH, IVAN,CHAMP 5;
PETROVITCH, IVAN,CHAMP 6;
PETROVITCH, IVAN,CHAMP 7;
PETROVITCH, IVAN,CHAMP 8;
PETROVITCH, IVAN,CHAMP 9;
PETROVITCH, IVAN,DD 101;
PETROVITCH, IVAN,DD 103;
PETROVITCH, IVAN,DD 104;
PETROVITCH, IVAN,DD 108;
PETROVITCH, IVAN,DD 114;
PETROVITCH, IVAN,DD 115;
PETROVITCH, IVAN,DD 120;
PETROVITCH, IVAN,DD 121;
PETROVITCH, IVAN,DD 123;
PETROVITCH, IVAN,DD 124;
PETROVITCH, IVAN,DD 188;
PETROVITCH, IVAN,DD 81;
PETROVITCH, IVAN,DD 82;
PETROVITCH, IVAN,DD 83;
PETROVITCH, IVAN,DD 84;
PETROVITCH, IVAN,DD 85;
PETROVITCH, IVAN,DD 86;
PETROVITCH, IVAN,DD 87;
PETROVITCH, IVAN,DD 88;
PETROVITCH, IVAN,DD 89;
PETROVITCH, IVAN,DD 90;
PETROVITCH, IVAN,DD 91;
PETROVITCH, IVAN,DD 92;
PETROVITCH, IVAN,DD 93;
PETROVITCH, IVAN,DD 94;
PETROVITCH, IVAN,DD 95;
PETROVITCH, IVAN,DD 97;
PETROVITCH, IVAN,DD 99;
PETROVITCH, IVAN,GR2 23;
PETROVITCH, IVAN,M/FAN 10;
PETROVITCH, IVAN,M/FAN 13;
PETROVITCH, IVAN,M/TU 141;
PETROVITCH, IVAN,SOLOA 7/2;
PETROVITCH, IVAN,UX 268;
PEYER, DANNY,DPOOL2 2;
PEYER, DANNY,DPOOL2 3;
PEYER, DANNY,DPOOL2 4;
PHAE-DOR,CM 52;
PHAE-DOR,CM 53;
PHAE-DOR,INH 3;
PHAE-DOR,INH 4;
PHANTAZIA/,DHAWK 19;
PHANTAZIA/,DHAWK 20;
PHANTAZIA/,SLEEP 17;
PHANTAZIA/,XF 82;
PHANTAZIA/,XFOR 6;
PHANTAZIA/,XFOR 7;
PHANTAZIA/,XFOR 9;
PHANTOM EAGLE,H2 135;
PHANTOM EAGLE,M/SH 16;
PHANTOM,M/SH3 2/4;
PHANTOM RIDER II/HAM,M/CP 102/4;
PHANTOM RIDER II/HAM,WCA2 31;
PHANTOM RIDER II/HAM,WCA2 32;
PHANTOM RIDER II/HAM,WCA2 34;
PHANTOM RIDER II/HAM,WCA2 35;
PHANTOM RIDER II/HAM,WCA2 39;
PHANTOM RIDER II/HAM,WCA2 41;
PHARAOH KHAFRE,BFF:RR 3;
PHARAOH RAMA-TUT,A 10;
PHARAOH RAMA-TUT,A 11;
PHARAOH RAMA-TUT,A 128;
PHARAOH RAMA-TUT,A 129;
PHARAOH RAMA-TUT,A 131;
PHARAOH RAMA-TUT,A 132;
PHARAOH RAMA-TUT,A 135;
PHARAOH RAMA-TUT,A 141;
PHARAOH RAMA-TUT,A 142;
PHARAOH RAMA-TUT,A 143;
PHARAOH RAMA-TUT,A 16;
PHARAOH RAMA-TUT,A 2;
PHARAOH RAMA-TUT,A 200;
PHARAOH RAMA-TUT,A 21;
PHARAOH RAMA-TUT,A 21/4;
PHARAOH RAMA-TUT,A 23;
PHARAOH RAMA-TUT,A 24;
PHARAOH RAMA-TUT,A 267;
PHARAOH RAMA-TUT,A 268;
PHARAOH RAMA-TUT,A 269;
PHARAOH RAMA-TUT,A 292;
PHARAOH RAMA-TUT,A3 38;
PHARAOH RAMA-TUT,A3 39;
PHARAOH RAMA-TUT,A3 40;
PHARAOH RAMA-TUT,A3 41;
PHARAOH RAMA-TUT,A3 42;
PHARAOH RAMA-TUT,A3 43;
PHARAOH RAMA-TUT,A 393;
PHARAOH RAMA-TUT,A 394;
PHARAOH RAMA-TUT,A 395;
PHARAOH RAMA-TUT,A 69;
PHARAOH RAMA-TUT,A 70;
PHARAOH RAMA-TUT,A 71;
PHARAOH RAMA-TUT,A 8;
PHARAOH RAMA-TUT,A:TERM OBJ 2;
PHARAOH RAMA-TUT,AVF 1;
PHARAOH RAMA-TUT,AVF 10;
PHARAOH RAMA-TUT,AVF 11;
PHARAOH RAMA-TUT,AVF 12;
PHARAOH RAMA-TUT,AVF 2;
PHARAOH RAMA-TUT,AVF 3;
PHARAOH RAMA-TUT,AVF 5;
PHARAOH RAMA-TUT,AVF 7;
PHARAOH RAMA-TUT,AVF 8;
PHARAOH RAMA-TUT,AVF 9;
PHARAOH RAMA-TUT,AWC 48;
PHARAOH RAMA-TUT,AWC 50;
PHARAOH RAMA-TUT,AWC 51;
PHARAOH RAMA-TUT,AWC 53;
PHARAOH RAMA-TUT,AWC 55;
PHARAOH RAMA-TUT,AWC 56;
PHARAOH RAMA-TUT,AWC 59;
PHARAOH RAMA-TUT,AWC 60;
PHARAOH RAMA-TUT,AWC 61;
PHARAOH RAMA-TUT,AWC 62;
PHARAOH RAMA-TUT,C2 57;
PHARAOH RAMA-TUT,CA 11;
PHARAOH RAMA-TUT,CA 11/4;
PHARAOH RAMA-TUT,CA 292;
PHARAOH RAMA-TUT,CA3 1;
PHARAOH RAMA-TUT,DRSTR2 53;
PHARAOH RAMA-TUT,FF 19;
PHARAOH RAMA-TUT,FF 2;
PHARAOH RAMA-TUT,FF 2/2;
PHARAOH RAMA-TUT,FF 25;
PHARAOH RAMA-TUT,FF 25/5;
PHARAOH RAMA-TUT,FF 27;
PHARAOH RAMA-TUT,FF 3;
PHARAOH RAMA-TUT,FW 19;
PHARAOH RAMA-TUT,GSA 2;
PHARAOH RAMA-TUT,GSA 3;
PHARAOH RAMA-TUT,GSA 4;
PHARAOH RAMA-TUT,H2 135;
PHARAOH RAMA-TUT,IM 324;
PHARAOH RAMA-TUT,IM 325;
PHARAOH RAMA-TUT,IW 1;
PHARAOH RAMA-TUT,IW 2;
PHARAOH RAMA-TUT,IW 3;
PHARAOH RAMA-TUT,IW 4;
PHARAOH RAMA-TUT,IW 5;
PHARAOH RAMA-TUT,M/SHSW 1;
PHARAOH RAMA-TUT,M/SHSW 11;
PHARAOH RAMA-TUT,M/SHSW 2;
PHARAOH RAMA-TUT,M/SHSW 3;
PHARAOH RAMA-TUT,M/SHSW 4;
PHARAOH RAMA-TUT,ROA 1;
PHARAOH RAMA-TUT,ROA 2;
PHARAOH RAMA-TUT,ROA 3 & ROA 4;
PHARAOH RAMA-TUT,SSWP 4;
PHARAOH RAMA-TUT,SSWP 5;
PHARAOH RAMA-TUT,ST 134;
PHARAOH RAMA-TUT,T 140;
PHARAOH RAMA-TUT,T 17;
PHARAOH RAMA-TUT,T 17/4;
PHARAOH RAMA-TUT,T 281;
PHARAOH RAMA-TUT,T 282;
PHARAOH RAMA-TUT,T 383;
PHARAOH RAMA-TUT,TB 13;
PHARAOH RAMA-TUT,WCA 20;
PHARAOH RAMA-TUT,WCA 22;
PHARAOH RAMA-TUT,WI?2 39;
PHARAOH RAMA-TUT,XCAL2 4;
PHASTOS [ETERNAL],A 308;
PHASTOS [ETERNAL],A 310;
PHASTOS [ETERNAL],E2 1;
PHASTOS [ETERNAL],E2 12;
PHASTOS [ETERNAL],E2 3;
PHASTOS [ETERNAL],E2 4;
PHASTOS [ETERNAL],E2 5;
PHASTOS [ETERNAL],E:HEROD;
PHASTOS [ETERNAL],FFU 10;
PHASTOS [ETERNAL],NEW ETERNALS;
PHAT/BILLY BOB REILL,XFOR 117;
PHEMOUS,MGK2 3;
PHILIPS, PHILIP,WM2 3;
PHILLIPS, HANDSOME H,FF 23;
PHILLIPS, HANDSOME H,M/TIO 60;
PHILLIPS, HANDSOME H,ST 122;
PHILLIPS, SIR GORDON,UX 388;
PHIM, FATHER,AT:WMB 2;
PHIM, FATHER,WM2 12;
PHINEAS,FF 159;
PHINEAS,FF 161;
PHINEAS,FF 162;
PHINEAS,ST 103;
PHOBIUS,A 250;
PHOBIUS,FFU 10;
PHOBIUS,M/TIO 71;
PHOBIUS,M/TIO 72;
PHOBIUS,Q 21;
PHOBIUS,Q 22;
PHOBIUS,Q 23;
PHOBIUS,Q 25;
PHOBOS,DRSTR3 39;
PHOENIX 2013,PHOENIX 1;
PHOENIX 2013,UX 199;
PHOENIX II,BIZADV 27;
PHOENIX II,CX 10;
PHOENIX II,CX 11;
PHOENIX II,CX 13;
PHOENIX II,CX 13/2;
PHOENIX II,CX 14;
PHOENIX II,CX 15;
PHOENIX II,CX 17/2;
PHOENIX II,CX 18;
PHOENIX II,CX 18/2;
PHOENIX II,CX 19;
PHOENIX II,CX 20;
PHOENIX II,CX 21;
PHOENIX II,CX 24;
PHOENIX II,CX 24/2;
PHOENIX II,CX 26;
PHOENIX II,CX 28/2;
PHOENIX II,CX 43/2;
PHOENIX II,CX 8/2;
PHOENIX II,CX 9;
PHOENIX II,IF 11;
PHOENIX II,IF 15;
PHOENIX III/RACHEL S,AF 33;
PHOENIX III/RACHEL S,C2 23;
PHOENIX III/RACHEL S,C2 65;
PHOENIX III/RACHEL S,C2 71;
PHOENIX III/RACHEL S,C2 82;
PHOENIX III/RACHEL S,C2 83;
PHOENIX III/RACHEL S,C2 84;
PHOENIX III/RACHEL S,C2 85;
PHOENIX III/RACHEL S,C2 86;
PHOENIX III/RACHEL S,C2 92;
PHOENIX III/RACHEL S,C2 93;
PHOENIX III/RACHEL S,C2 94;
PHOENIX III/RACHEL S,C2 95;
PHOENIX III/RACHEL S,C&P 1;
PHOENIX III/RACHEL S,C&P 2;
PHOENIX III/RACHEL S,C&P 3;
PHOENIX III/RACHEL S,C&P 4;
PHOENIX III/RACHEL S,DAZZ 41;
PHOENIX III/RACHEL S,FF 23;
PHOENIX III/RACHEL S,HOPE 1;
PHOENIX III/RACHEL S,M/CP 31/4;
PHOENIX III/RACHEL S,M/CP 32;
PHOENIX III/RACHEL S,M/CP 36;
PHOENIX III/RACHEL S,M/CP 37;
PHOENIX III/RACHEL S,M/CP 38;
PHOENIX III/RACHEL S,M/CP 73/3;
PHOENIX III/RACHEL S,M/TU 150;
PHOENIX III/RACHEL S,NM 18;
PHOENIX III/RACHEL S,NM 30;
PHOENIX III/RACHEL S,NM 31;
PHOENIX III/RACHEL S,Q 11;
PHOENIX III/RACHEL S,Q 23;
PHOENIX III/RACHEL S,S-H2 26;
PHOENIX III/RACHEL S,SWII 1;
PHOENIX III/RACHEL S,SWII 5;
PHOENIX III/RACHEL S,SWII 7;
PHOENIX III/RACHEL S,SWII 8;
PHOENIX III/RACHEL S,SWII 9;
PHOENIX III/RACHEL S,T 427;
PHOENIX III/RACHEL S,T 428;
PHOENIX III/RACHEL S,T 429;
PHOENIX III/RACHEL S,UX -1;
PHOENIX III/RACHEL S,UX 14;
PHOENIX III/RACHEL S,UX 141;
PHOENIX III/RACHEL S,UX 14/2;
PHOENIX III/RACHEL S,UX 142;
PHOENIX III/RACHEL S,UX 184;
PHOENIX III/RACHEL S,UX 185;
PHOENIX III/RACHEL S,UX 188;
PHOENIX III/RACHEL S,UX 189;
PHOENIX III/RACHEL S,UX 190;
PHOENIX III/RACHEL S,UX 191;
PHOENIX III/RACHEL S,UX 192;
PHOENIX III/RACHEL S,UX 193;
PHOENIX III/RACHEL S,UX 194;
PHOENIX III/RACHEL S,UX 195;
PHOENIX III/RACHEL S,UX 196;
PHOENIX III/RACHEL S,UX 199;
PHOENIX III/RACHEL S,UX 200;
PHOENIX III/RACHEL S,UX 201;
PHOENIX III/RACHEL S,UX 202;
PHOENIX III/RACHEL S,UX 203;
PHOENIX III/RACHEL S,UX 206;
PHOENIX III/RACHEL S,UX 207;
PHOENIX III/RACHEL S,UX 208;
PHOENIX III/RACHEL S,UX 209;
PHOENIX III/RACHEL S,UX 8;
PHOENIX III/RACHEL S,UX 9;
PHOENIX III/RACHEL S,X&AF 1;
PHOENIX III/RACHEL S,X&AF 2;
PHOENIX III/RACHEL S,XCAL -1;
PHOENIX III/RACHEL S,XCAL 1;
PHOENIX III/RACHEL S,XCAL 10;
PHOENIX III/RACHEL S,XCAL 11;
PHOENIX III/RACHEL S,XCAL 12;
PHOENIX III/RACHEL S,XCAL 13;
PHOENIX III/RACHEL S,XCAL 14;
PHOENIX III/RACHEL S,XCAL 15;
PHOENIX III/RACHEL S,XCAL 16;
PHOENIX III/RACHEL S,XCAL 17;
PHOENIX III/RACHEL S,XCAL 18;
PHOENIX III/RACHEL S,XCAL 19;
PHOENIX III/RACHEL S,XCAL 2;
PHOENIX III/RACHEL S,XCAL 20;
PHOENIX III/RACHEL S,XCAL 21;
PHOENIX III/RACHEL S,XCAL 22;
PHOENIX III/RACHEL S,XCAL 23;
PHOENIX III/RACHEL S,XCAL 24;
PHOENIX III/RACHEL S,XCAL 25;
PHOENIX III/RACHEL S,XCAL 26;
PHOENIX III/RACHEL S,XCAL 27;
PHOENIX III/RACHEL S,XCAL 29;
PHOENIX III/RACHEL S,XCAL 3;
PHOENIX III/RACHEL S,XCAL 30;
PHOENIX III/RACHEL S,XCAL 31;
PHOENIX III/RACHEL S,XCAL 32;
PHOENIX III/RACHEL S,XCAL 33;
PHOENIX III/RACHEL S,XCAL 34;
PHOENIX III/RACHEL S,XCAL 35;
PHOENIX III/RACHEL S,XCAL 36;
PHOENIX III/RACHEL S,XCAL 37;
PHOENIX III/RACHEL S,XCAL 38;
PHOENIX III/RACHEL S,XCAL 39;
PHOENIX III/RACHEL S,XCAL 4;
PHOENIX III/RACHEL S,XCAL 40;
PHOENIX III/RACHEL S,XCAL 41;
PHOENIX III/RACHEL S,XCAL 42;
PHOENIX III/RACHEL S,XCAL 43;
PHOENIX III/RACHEL S,XCAL 44;
PHOENIX III/RACHEL S,XCAL 45;
PHOENIX III/RACHEL S,XCAL 46;
PHOENIX III/RACHEL S,XCAL 47;
PHOENIX III/RACHEL S,XCAL 48;
PHOENIX III/RACHEL S,XCAL 49;
PHOENIX III/RACHEL S,XCAL 5;
PHOENIX III/RACHEL S,XCAL 50;
PHOENIX III/RACHEL S,XCAL 51;
PHOENIX III/RACHEL S,XCAL 52;
PHOENIX III/RACHEL S,XCAL 6;
PHOENIX III/RACHEL S,XCAL 64;
PHOENIX III/RACHEL S,XCAL 7;
PHOENIX III/RACHEL S,XCAL 8;
PHOENIX III/RACHEL S,XCAL 9;
PHOENIX III/RACHEL S,XCAL:AA;
PHOENIX III/RACHEL S,XCALGN;
PHOENIX III/RACHEL S,XCAL:MM;
PHOENIX III/RACHEL S,XCAL:P;
PHOENIX III/RACHEL S,XCALSE;
PHOENIX III/RACHEL S,XF 3;
PHOENIX III/RACHEL S,XF 5;
PHOENIX III/RACHEL S,X:P 1;
PHOENIX III/RACHEL S,X:P 2;
PHOENIX III/RACHEL S,X:P 3;
PHOENIX III/RACHEL S,XSOS 2;
PHOENIX II,M/TALES 262/2;
PHOENIX II,M/TU 1;
PHOENIX II,M/TU 53;
PHOENIX II,UX 101;
PHOENIX II,UX 102;
PHOENIX II,UX 104;
PHOENIX II,UX 105;
PHOENIX II,UX 107;
PHOENIX II,UX 108;
PHOENIX II,UX 109;
PHOENIX II,UX 110;
PHOENIX II,UX 111;
PHOENIX II,UX 112;
PHOENIX II,UX 113;
PHOENIX II,UX 114;
PHOENIX II,UX 117;
PHOENIX II,UX 119;
PHOENIX II,UX 122;
PHOENIX II,UX 125;
PHOENIX II,UX 126;
PHOENIX II,UX 127;
PHOENIX II,UX 128;
PHOENIX II,UX 129;
PHOENIX II,UX 130;
PHOENIX II,UX 131;
PHOENIX II,UX 132;
PHOENIX II,UX 133;
PHOENIX II,UX 134;
PHOENIX II,UX 135;
PHOENIX II,UX 136;
PHOENIX II,UX 137;
PHOENIX II,UX 151;
PHOENIX II,X '98;
PHOSPHORUS,A 188;
PHOSPHORUS,TB 6;
PICARO/FELIPE,ASM 16;
PICARO/FELIPE,SOLOA 2/2;
PICO,XFOR 11;
PICO,XFOR 13;
PICO,XFOR 14;
PIECEMEAL/GILBERT BE,NM 7;
PIECEMEAL/GILBERT BE,NW 1;
PIECEMEAL/GILBERT BE,UX 15;
PIECEMEAL/GILBERT BE,XF 6;
PIERCE, ALEXANDER GO,DAMCON2 4;
PIERCE, ALEXANDER GO,DD 298;
PIERCE, ALEXANDER GO,DD 7;
PIERCE, ALEXANDER GO,DLOK 3;
PIERCE, ALEXANDER GO,DLOK 4;
PIERCE, ALEXANDER GO,IG 3;
PIERCE, ALEXANDER GO,NF3 1;
PIERCE, ALEXANDER GO,NF3 10;
PIERCE, ALEXANDER GO,NF3 12;
PIERCE, ALEXANDER GO,NF3 13;
PIERCE, ALEXANDER GO,NF3 14;
PIERCE, ALEXANDER GO,NF3 15;
PIERCE, ALEXANDER GO,NF3 16;
PIERCE, ALEXANDER GO,NF3 17;
PIERCE, ALEXANDER GO,NF3 18;
PIERCE, ALEXANDER GO,NF3 19;
PIERCE, ALEXANDER GO,NF3 2;
PIERCE, ALEXANDER GO,NF3 20;
PIERCE, ALEXANDER GO,NF3 22;
PIERCE, ALEXANDER GO,NF3 23;
PIERCE, ALEXANDER GO,NF3 25;
PIERCE, ALEXANDER GO,NF3 26;
PIERCE, ALEXANDER GO,NF3 27;
PIERCE, ALEXANDER GO,NF3 28;
PIERCE, ALEXANDER GO,NF3 29;
PIERCE, ALEXANDER GO,NF3 3;
PIERCE, ALEXANDER GO,NF3 4;
PIERCE, ALEXANDER GO,NF3 5;
PIERCE, ALEXANDER GO,NF3 6;
PIERCE, ALEXANDER GO,NF3 7;
PIERCE, ALEXANDER GO,NF3 8;
PIERCE, ALEXANDER GO,NF3 9;
PIERCE, ALEXANDER GO,NFV.S 3;
PIERCE, ALEXANDER GO,NFV.S 4;
PIERCE, ALEXANDER GO,NFV.S 5;
PIERCE, ALEXANDER GO,NFV.S 6;
PIERCE, ALEXANDER GO,P:POV 3;
PIERCE, ALEXANDER GO,PUN 4;
PIERCE, DONALD,C2 47;
PIERCE, DONALD,C2 48;
PIERCE, DONALD,C2 49;
PIERCE, DONALD,C2 50;
PIERCE, DONALD,C2 51;
PIERCE, DONALD,C2 52;
PIERCE, DONALD,C2 53;
PIERCE, DONALD,GENX 69;
PIERCE, DONALD,M/GN 4;
PIERCE, DONALD,M/SH3 11/3;
PIERCE, DONALD,PUN2 33;
PIERCE, DONALD,PUN2 34;
PIERCE, DONALD,UX 129;
PIERCE, DONALD,UX 132;
PIERCE, DONALD,UX 133;
PIERCE, DONALD,UX 134;
PIERCE, DONALD,UX 247;
PIERCE, DONALD,UX 248;
PIERCE, DONALD,UX 249;
PIERCE, DONALD,UX 251;
PIERCE, DONALD,UX 252;
PIERCE, DONALD,UX 253;
PIERCE, DONALD,UX 261;
PIERCE, DONALD,UX 262;
PIERCE, DONALD,UX 269;
PIERCE, DONALD,UX 281;
PIERCE, DONALD,UX 282;
PIERCE, DONALD,W2 141;
PIERCE, DONALD,W2 35;
PIERCE, DONALD,W2 36;
PIERCE, DONALD,W2 37;
PIERCE, DONALD,W2 38;
PIERCE, DONALD,W2 39;
PIERCE, DONALD,X:HC 4;
PIERSON, FRED,DPOOL3 46;
PIERSON, FRED,DPOOL3 47;
PIERSON, FRED,DPOOL3 48;
PIERSO [TRIONIAN],SK 1;
PIGSKIN/,W2 154;
PIKE, FRISCO,USA2 1;
PILEDRIVER,A 39;
PILEDRIVER II/BRIAN,A 273;
PILEDRIVER II/BRIAN,A 274;
PILEDRIVER II/BRIAN,A 275;
PILEDRIVER II/BRIAN,A 276;
PILEDRIVER II/BRIAN,A 277;
PILEDRIVER II/BRIAN,A3 15;
PILEDRIVER II/BRIAN,A3 16;
PILEDRIVER II/BRIAN,A3 18;
PILEDRIVER II/BRIAN,AUP 4;
PILEDRIVER II/BRIAN,DAMCON2 1;
PILEDRIVER II/BRIAN,DEF 17;
PILEDRIVER II/BRIAN,DEF 18;
PILEDRIVER II/BRIAN,DEF 19;
PILEDRIVER II/BRIAN,IF 11;
PILEDRIVER II/BRIAN,IF 12;
PILEDRIVER II/BRIAN,JIM 505;
PILEDRIVER II/BRIAN,MAXSEC 1;
PILEDRIVER II/BRIAN,M/SHSW 1;
PILEDRIVER II/BRIAN,M/SHSW 10;
PILEDRIVER II/BRIAN,M/SHSW 11;
PILEDRIVER II/BRIAN,M/SHSW 12;
PILEDRIVER II/BRIAN,M/SHSW 2;
PILEDRIVER II/BRIAN,M/SHSW 3;
PILEDRIVER II/BRIAN,M/SHSW 4;
PILEDRIVER II/BRIAN,M/SHSW 5;
PILEDRIVER II/BRIAN,M/SHSW 6;
PILEDRIVER II/BRIAN,M/SHSW 7;
PILEDRIVER II/BRIAN,M/SHSW 8;
PILEDRIVER II/BRIAN,M/TU2 10;
PILEDRIVER II/BRIAN,M/TU2 11;
PILEDRIVER II/BRIAN,M/TU2 6;
PILEDRIVER II/BRIAN,PPTSS 125;
PILEDRIVER II/BRIAN,PPTSS 126;
PILEDRIVER II/BRIAN,T2 28;
PILEDRIVER II/BRIAN,T2 29;
PILEDRIVER II/BRIAN,T 304;
PILEDRIVER II/BRIAN,T 383;
PILEDRIVER II/BRIAN,T 418;
PILEDRIVER II/BRIAN,T 426;
PILEDRIVER II/BRIAN,T 427;
PILEDRIVER II/BRIAN,T 428;
PILEDRIVER II/BRIAN,T 429;
PILEDRIVER II/BRIAN,T 430;
PILEDRIVER II/BRIAN,TB 1;
PILGRIM,DHOLD 1;
PILGRIM,GR3 31;
PILGRIM,MORBIUS 1;
PILGRIMM,X 75;
PILGRIM,NS 1;
PILGRIM,SOV 1;
PILGRIM,SOV 3;
PILLMAN, JIM,XU 18/2;
PINKERTON, PERCIVAL,CA 383/2;
PINKERTON, PERCIVAL,SGTF 13;
PINKERTON, RUDY,DS 2;
PINKERTON, RUDY,DS 4;
PINK PEARL/,AF 105;
PINK PEARL/,AF 22;
PINK PEARL/,CA 388;
PINK PEARL/,CA 389;
PINK PEARL/,CA 390;
PINK PEARL/,CA 391;
PINKWATER, ELLA,M/CP 71/3;
PINKWATER, ELLA,M/CP 72/3;
PINTA,M/CP 76/4;
PIPELINE/CORMICK GRI,C2 22;
PIPELINE/CORMICK GRI,C2 26;
PIPELINE/CORMICK GRI,C2 29;
PIPELINE/CORMICK GRI,FF3 10;
PIPELINE/CORMICK GRI,M:DS 1;
PIPELINE/CORMICK GRI,M:DS 2;
PIPELINE/CORMICK GRI,M:DS 3;
PIPELINE/CORMICK GRI,M:DS 4;
PIPELINE/CORMICK GRI,MR 1;
PIPELINE/CORMICK GRI,NM 95;
PIPELINE/CORMICK GRI,UX 235;
PIPELINE/CORMICK GRI,UX 236;
PIPELINE/CORMICK GRI,UX 259;
PIPELINE/CORMICK GRI,UX 262;
PIPELINE/CORMICK GRI,UX 264;
PIPELINE/CORMICK GRI,UX 270;
PIPELINE/CORMICK GRI,XU 24/2;
PIPER,A 110;
PIPER,A 111;
PIPER,PP 12;
PIPER,T 364;
PIPER,T 365;
PIPER,UX 211;
PIPER,UX 62;
PIP/PRINCE GOFERN,A 7;
PIP/PRINCE GOFERN,DRSTR3 32;
PIP/PRINCE GOFERN,DRSTR3 33;
PIP/PRINCE GOFERN,DRSTR3 34;
PIP/PRINCE GOFERN,DRSTR3 35;
PIP/PRINCE GOFERN,DRSTR3 36;
PIP/PRINCE GOFERN,FF 369;
PIP/PRINCE GOFERN,IG 1;
PIP/PRINCE GOFERN,IG 2;
PIP/PRINCE GOFERN,IG 3;
PIP/PRINCE GOFERN,IG 6;
PIP/PRINCE GOFERN,IW 1;
PIP/PRINCE GOFERN,IW 2;
PIP/PRINCE GOFERN,IW 3;
PIP/PRINCE GOFERN,IW 4;
PIP/PRINCE GOFERN,IW 5;
PIP/PRINCE GOFERN,IW 6;
PIP/PRINCE GOFERN,M/CP 108/4;
PIP/PRINCE GOFERN,M/CP 111/4;
PIP/PRINCE GOFERN,M/CP 112/4;
PIP/PRINCE GOFERN,M/TIO 2;
PIP/PRINCE GOFERN,Q 38;
PIP/PRINCE GOFERN,SS3 46;
PIP/PRINCE GOFERN,SS3 47;
PIP/PRINCE GOFERN,SS3 48;
PIP/PRINCE GOFERN,SS3 52;
PIP/PRINCE GOFERN,SS 5/2;
PIP/PRINCE GOFERN,SS/RUNE/2;
PIP/PRINCE GOFERN,ST 179;
PIP/PRINCE GOFERN,ST 180;
PIP/PRINCE GOFERN,ST 181;
PIP/PRINCE GOFERN,WIW 2;
PIP/PRINCE GOFERN,WIW 3;
PIP/PRINCE GOFERN,WIW 5;
PIP/PRINCE GOFERN,WIW 6;
PIP/PRINCE GOFERN,WIW 7;
PIP/PRINCE GOFERN,WIW 8;
PIP/PRINCE GOFERN,WLOCK 10;
PIP/PRINCE GOFERN,WLOCK 11;
PIP/PRINCE GOFERN,WLOCK 12;
PIP/PRINCE GOFERN,WLOCK 15;
PIP/PRINCE GOFERN,WLOCK2 1;
PIP/PRINCE GOFERN,WLOCK2 2;
PIP/PRINCE GOFERN,WLOCK2 3;
PIP/PRINCE GOFERN,WLOCK2 4;
PIP/PRINCE GOFERN,WLOCK 9;
PIRANHA,DEF2 7;
PIRANHA II/,TER 6;
PIRANHA II/,TER 7;
PIRANHA,M/TIO 28;
PIRANHA,M/TU 14;
PIRANHA,SUB-M 70;
PIRANHA,SUB-M 71;
PIROUETTE/JOBETH,XF 82;
PIROUETTE/JOBETH,XF 83;
PIROUETTE/JOBETH,XF 84;
PISCES II,AF2 1;
PISCES II,AF2 12;
PISCES/NOAH PERRICON,A 120;
PISCES/NOAH PERRICON,A 121;
PISCES/NOAH PERRICON,A 122;
PISCES/NOAH PERRICON,A 72;
PISCES/NOAH PERRICON,GR2 7;
PISCES/NOAH PERRICON,IM 184;
PISCES/NOAH PERRICON,WCA2 26;
PISTON/ANDREI SEMYAN,UX 261;
PIXIE/ [ETERNAL],M/:LG 1;
PIXIE/ [ETERNAL],M/:LG 10;
PIXIE/ [ETERNAL],M/:LG 11;
PIXIE/ [ETERNAL],M/:LG 12;
PIXIE/ [ETERNAL],M/:LG 3;
PIXIE/ [ETERNAL],M/:LG 4;
PIXIE/ [ETERNAL],M/:LG 5;
PIXIE/ [ETERNAL],M/:LG 6;
PIXIE/ [ETERNAL],M/:LG 7;
PIXIE/ [ETERNAL],M/:LG 8;
PIXIE/ [ETERNAL],M/:LG 9;
PIXIE/ [ETERNAL],X:HY 16;
PIXIE/ [ETERNAL],X:HY 21;
PIXIE II/,GR3 9;
P'KAR,MAXSEC:DP;
P'KRRD, CAPTAIN,INH3 2;
PLAGUE,PP 35;
PLAGUE,UX 169;
PLAGUE,UX 170;
PLAGUE,XF 10;
PLAGUE,XF 15;
PLAGUE,XF 17;
PLAGUE,XF 19;
PLAGUE,XF 21;
PLAGUE,XF 22;
PLAGUE,XF 23;
PLAGUE,XF 24;
PLAGUE,XF 25;
PLAGUE,XF 26;
PLANNER,NO2 10;
PLANNER,NO2 13;
PLANNER,NO2 14;
PLANNER,NO2 9;
PLANTMAN/SAM SMITHER,A 19/5;
PLANTMAN/SAM SMITHER,A 227;
PLANTMAN/SAM SMITHER,A 231;
PLANTMAN/SAM SMITHER,A 232;
PLANTMAN/SAM SMITHER,ASM 437;
PLANTMAN/SAM SMITHER,CA 158;
PLANTMAN/SAM SMITHER,CA 159;
PLANTMAN/SAM SMITHER,DEF 37;
PLANTMAN/SAM SMITHER,DEF 63;
PLANTMAN/SAM SMITHER,DEF 64;
PLANTMAN/SAM SMITHER,FF 335;
PLANTMAN/SAM SMITHER,MICRO 21;
PLANTMAN/SAM SMITHER,M/TU 71;
PLANTMAN/SAM SMITHER,N 16;
PLANTMAN/SAM SMITHER,N 19;
PLANTMAN/SAM SMITHER,N 20;
PLANTMAN/SAM SMITHER,N 21;
PLANTMAN/SAM SMITHER,N 22;
PLANTMAN/SAM SMITHER,N 23;
PLANTMAN/SAM SMITHER,N 24;
PLANTMAN/SAM SMITHER,N 25;
PLANTMAN/SAM SMITHER,S-H2 24;
PLANTMAN/SAM SMITHER,SOLOA 19;
PLANTMAN/SAM SMITHER,SOLOA 20;
PLANTMAN/SAM SMITHER,ST 113;
PLANTMAN/SAM SMITHER,ST 121;
PLANTMAN/SAM SMITHER,SUB-M 2;
PLANTMAN/SAM SMITHER,SUB-M 3;
PLANTMAN/SAM SMITHER,TB 26;
PLANTMAN/SAM SMITHER,TB:LS;
PLANTMAN/SAM SMITHER,UX 22;
PLANTMAN/SAM SMITHER,UX 23;
PLASMA/,M/CP 28;
PLASMA/,M/CP 29;
PLASMA/,M/CP 30;
PLASMA/,M/CP 31;
PLASMA/,MK3 25;
PLASMA WRAITH,W2 52;
PLAZM,XFOR 116;
PLEXICO, DET.,IM3 11;
PLEXICO, DET.,IM3 20;
PLEX INTELLIGENCE,MB2 1;
PLEX INTELLIGENCE,MB2 5;
PLUNDER, ADAM KYLE M,CA3 29;
PLUNDER, ADAM KYLE M,CA3 31;
PLUNDER, ADAM KYLE M,KZ4 1;
PLUNDER, ADAM KYLE M,KZ4 10;
PLUNDER, ADAM KYLE M,KZ4 11;
PLUNDER, ADAM KYLE M,KZ4 12;
PLUNDER, ADAM KYLE M,KZ4 13;
PLUNDER, ADAM KYLE M,KZ4 14;
PLUNDER, ADAM KYLE M,KZ4 14/2;
PLUNDER, ADAM KYLE M,KZ4 15;
PLUNDER, ADAM KYLE M,KZ4 16;
PLUNDER, ADAM KYLE M,KZ4 17;
PLUNDER, ADAM KYLE M,KZ4 18;
PLUNDER, ADAM KYLE M,KZ4 19;
PLUNDER, ADAM KYLE M,KZ4 2;
PLUNDER, ADAM KYLE M,KZ4 20;
PLUNDER, ADAM KYLE M,KZ4 3;
PLUNDER, ADAM KYLE M,KZ4 7;
PLUNDER, ADAM KYLE M,KZ '97;
PLUNDER, ADAM KYLE M,UX 12;
PLUNDER, ADAM KYLE M,UX 250;
PLUNDER, ADAM KYLE M,WCA 3/2;
PLUNDERER/LORD EDGAR,AT 11;
PLUNDERER/LORD EDGAR,AT 17;
PLUNDERER/LORD EDGAR,AT 18;
PLUNDERER/LORD EDGAR,AT 19;
PLUNDERER/LORD EDGAR,AT 20;
PLUNDERER/LORD EDGAR,DD 12;
PLUNDERER/LORD EDGAR,DD 13;
PLUNDERER/LORD EDGAR,DD 14;
PLUNDERER/LORD EDGAR,DD 24;
PLUNDERER/LORD EDGAR,FF 191;
PLUNDERER/LORD EDGAR,KZ3 31;
PLUNDERER/LORD EDGAR,KZ3 32;
PLUNDERER/LORD EDGAR,KZ3 33;
PLUNDERER/LORD EDGAR,KZ4 -1;
PLUNDERER/LORD EDGAR,KZ4 1;
PLUNDERER/LORD EDGAR,KZ4 10;
PLUNDERER/LORD EDGAR,KZ4 4;
PLUNDERER/LORD EDGAR,KZ4 5;
PLUNDERER/LORD EDGAR,KZ4 6;
PLUNDERER/LORD EDGAR,KZ4 7;
PLUNDERER/LORD EDGAR,KZ4 8;
PLUNDERER/LORD EDGAR,KZ4 9;
PLUNDERER/LORD EDGAR,KZ '97;
PLUNDERER/LORD EDGAR,M/SH 19;
PLUNDERER/LORD EDGAR,ROM 13;
PLUNDERER/LORD EDGAR,TTA 95;
PLUNDERER/LORD EDGAR,TTA 96;
PLUNDERER/LORD EDGAR,TTA 97;
PLUNDERER/LORD EDGAR,TTA 98;
PLUTONIUM,TB 8;
PLUTO [OLYMPIAN],A 23;
PLUTO [OLYMPIAN],A 282;
PLUTO [OLYMPIAN],A 283;
PLUTO [OLYMPIAN],CHAMP 1;
PLUTO [OLYMPIAN],CHAMP 3;
PLUTO [OLYMPIAN],DEF2 2;
PLUTO [OLYMPIAN],DEF2 3;
PLUTO [OLYMPIAN],DEF2 4;
PLUTO [OLYMPIAN],FF3 21;
PLUTO [OLYMPIAN],HCAT 2;
PLUTO [OLYMPIAN],HCAT 3;
PLUTO [OLYMPIAN],MGK2 3;
PLUTO [OLYMPIAN],MGK2 4;
PLUTO [OLYMPIAN],M/TIO 5;
PLUTO [OLYMPIAN],T 10;
PLUTO [OLYMPIAN],T 127;
PLUTO [OLYMPIAN],T 128;
PLUTO [OLYMPIAN],T 129;
PLUTO [OLYMPIAN],T 130;
PLUTO [OLYMPIAN],T 163;
PLUTO [OLYMPIAN],T 164;
PLUTO [OLYMPIAN],T 19;
PLUTO [OLYMPIAN],T 199;
PLUTO [OLYMPIAN],T 200;
PLUTO [OLYMPIAN],T 201;
PLUTO [OLYMPIAN],T 221;
PLUTO [OLYMPIAN],T 222;
PLUTO [OLYMPIAN],T 223;
PLUTO [OLYMPIAN],T2 7;
PLUTO [OLYMPIAN],T 279;
PLUTO [OLYMPIAN],T 462;
PLUTO [OLYMPIAN],TB '00;
PLUTO [OLYMPIAN],XFOR '98;
PO,ABOM 1;
PO,ABOM 2;
PO,ABOM 3;
POGUE, BARTON,ASM 430;
POISON/CECILIA CARDI,M/CP 60/2;
POISON/CECILIA CARDI,M/CP 61/2;
POISON/CECILIA CARDI,M/CP 62/2;
POISON/CECILIA CARDI,M/CP 63/2;
POISON/CECILIA CARDI,M/CP 64/2;
POISON/CECILIA CARDI,M/CP 65/2;
POISON/CECILIA CARDI,M/CP 66/2;
POISON/CECILIA CARDI,M/CP 67/2;
POISON/CECILIA CARDI,S-M 64;
POITIER, CLAUDE,GAM3 17;
POITIER, CLAUDE,GAM3 19;
POITIER, CLAUDE,GAM3 22;
PO, KIM,FFOR 16;
POLARIS DOPPELGANGER,IW 1;
POLARIS DOPPELGANGER,MK3 43;
POLARIS/LORNA DANE,AF 107;
POLARIS/LORNA DANE,C2 76;
POLARIS/LORNA DANE,CA 174;
POLARIS/LORNA DANE,CA 175;
POLARIS/LORNA DANE,CX 1;
POLARIS/LORNA DANE,CX 33/2;
POLARIS/LORNA DANE,DEF 62;
POLARIS/LORNA DANE,DEF 63;
POLARIS/LORNA DANE,DEF 64;
POLARIS/LORNA DANE,DRSTR3 69;
POLARIS/LORNA DANE,DS 1;
POLARIS/LORNA DANE,DS 4;
POLARIS/LORNA DANE,FF 368;
POLARIS/LORNA DANE,FF 369;
POLARIS/LORNA DANE,GSX 1;
POLARIS/LORNA DANE,H2 150;
POLARIS/LORNA DANE,H2 390;
POLARIS/LORNA DANE,H2 391;
POLARIS/LORNA DANE,H2 392;
POLARIS/LORNA DANE,IW 1;
POLARIS/LORNA DANE,IW 2;
POLARIS/LORNA DANE,IW 3;
POLARIS/LORNA DANE,IW 4;
POLARIS/LORNA DANE,IW 5;
POLARIS/LORNA DANE,M:DS 1;
POLARIS/LORNA DANE,M:DS 2;
POLARIS/LORNA DANE,M:DS 3;
POLARIS/LORNA DANE,M:DS 4;
POLARIS/LORNA DANE,M/FAN2 6;
POLARIS/LORNA DANE,M/TU 69;
POLARIS/LORNA DANE,Q 38;
POLARIS/LORNA DANE,SEX 1;
POLARIS/LORNA DANE,UX 104;
POLARIS/LORNA DANE,UX 105;
POLARIS/LORNA DANE,UX 111;
POLARIS/LORNA DANE,UX 119;
POLARIS/LORNA DANE,UX 122;
POLARIS/LORNA DANE,UX 125;
POLARIS/LORNA DANE,UX 126;
POLARIS/LORNA DANE,UX 127;
POLARIS/LORNA DANE,UX 128;
POLARIS/LORNA DANE,UX 129;
POLARIS/LORNA DANE,UX 144;
POLARIS/LORNA DANE,UX 145;
POLARIS/LORNA DANE,UX 15;
POLARIS/LORNA DANE,UX 158;
POLARIS/LORNA DANE,UX 159;
POLARIS/LORNA DANE,UX 163;
POLARIS/LORNA DANE,UX 173;
POLARIS/LORNA DANE,UX 218;
POLARIS/LORNA DANE,UX 219;
POLARIS/LORNA DANE,UX 221;
POLARIS/LORNA DANE,UX 222;
POLARIS/LORNA DANE,UX 223;
POLARIS/LORNA DANE,UX 232;
POLARIS/LORNA DANE,UX 239;
POLARIS/LORNA DANE,UX 240;
POLARIS/LORNA DANE,UX 241;
POLARIS/LORNA DANE,UX 243;
POLARIS/LORNA DANE,UX 249;
POLARIS/LORNA DANE,UX 250;
POLARIS/LORNA DANE,UX 253;
POLARIS/LORNA DANE,UX 254;
POLARIS/LORNA DANE,UX 255;
POLARIS/LORNA DANE,UX 257;
POLARIS/LORNA DANE,UX 258;
POLARIS/LORNA DANE,UX 269;
POLARIS/LORNA DANE,UX 278;
POLARIS/LORNA DANE,UX 280;
POLARIS/LORNA DANE,UX 295;
POLARIS/LORNA DANE,UX 296;
POLARIS/LORNA DANE,UX 376;
POLARIS/LORNA DANE,UX 377;
POLARIS/LORNA DANE,UX 378;
POLARIS/LORNA DANE,UX 379;
POLARIS/LORNA DANE,UX 380;
POLARIS/LORNA DANE,UX 393;
POLARIS/LORNA DANE,UX 49;
POLARIS/LORNA DANE,UX 50;
POLARIS/LORNA DANE,UX 51;
POLARIS/LORNA DANE,UX 52;
POLARIS/LORNA DANE,UX 57;
POLARIS/LORNA DANE,UX 58;
POLARIS/LORNA DANE,UX 60;
POLARIS/LORNA DANE,UX 61;
POLARIS/LORNA DANE,UX 62;
POLARIS/LORNA DANE,UX 65;
POLARIS/LORNA DANE,UX 66;
POLARIS/LORNA DANE,UX 94;
POLARIS/LORNA DANE,UX 97;
POLARIS/LORNA DANE,WIW 8;
POLARIS/LORNA DANE,WM2 14;
POLARIS/LORNA DANE,WM2 15;
POLARIS/LORNA DANE,X 112;
POLARIS/LORNA DANE,X 14;
POLARIS/LORNA DANE,X 15;
POLARIS/LORNA DANE,X 16;
POLARIS/LORNA DANE,X 93;
POLARIS/LORNA DANE,X 94;
POLARIS/LORNA DANE,X 94/2;
POLARIS/LORNA DANE,X 95;
POLARIS/LORNA DANE,X 96;
POLARIS/LORNA DANE,X 97;
POLARIS/LORNA DANE,X 98;
POLARIS/LORNA DANE,X 99;
POLARIS/LORNA DANE,XCAL 82;
POLARIS/LORNA DANE,XF 104;
POLARIS/LORNA DANE,XF 105;
POLARIS/LORNA DANE,XF 106;
POLARIS/LORNA DANE,XF 107;
POLARIS/LORNA DANE,XF 108;
POLARIS/LORNA DANE,XF 109;
POLARIS/LORNA DANE,XF 110;
POLARIS/LORNA DANE,XF 111;
POLARIS/LORNA DANE,XF 112;
POLARIS/LORNA DANE,XF 113;
POLARIS/LORNA DANE,XF 114;
POLARIS/LORNA DANE,XF 116;
POLARIS/LORNA DANE,XF 117;
POLARIS/LORNA DANE,XF 118;
POLARIS/LORNA DANE,XF 119;
POLARIS/LORNA DANE,XF 120;
POLARIS/LORNA DANE,XF 121;
POLARIS/LORNA DANE,XF 122;
POLARIS/LORNA DANE,XF 123;
POLARIS/LORNA DANE,XF 124;
POLARIS/LORNA DANE,XF 137;
POLARIS/LORNA DANE,XF 138;
POLARIS/LORNA DANE,XF 139;
POLARIS/LORNA DANE,XF 141;
POLARIS/LORNA DANE,XF 146;
POLARIS/LORNA DANE,XF 148;
POLARIS/LORNA DANE,XF 149;
POLARIS/LORNA DANE,XF 39;
POLARIS/LORNA DANE,XF 6;
POLARIS/LORNA DANE,XF 69;
POLARIS/LORNA DANE,XF 7;
POLARIS/LORNA DANE,XF 70;
POLARIS/LORNA DANE,XF 71;
POLARIS/LORNA DANE,XF 72;
POLARIS/LORNA DANE,XF 73;
POLARIS/LORNA DANE,XF 74;
POLARIS/LORNA DANE,XF 75;
POLARIS/LORNA DANE,XF 76;
POLARIS/LORNA DANE,XF 77;
POLARIS/LORNA DANE,XF 78;
POLARIS/LORNA DANE,XF 79;
POLARIS/LORNA DANE,XF 80;
POLARIS/LORNA DANE,XF 82;
POLARIS/LORNA DANE,XF 83;
POLARIS/LORNA DANE,XF 84;
POLARIS/LORNA DANE,XF 85;
POLARIS/LORNA DANE,XF 86;
POLARIS/LORNA DANE,XFOR 16;
POLARIS/LORNA DANE,XFOR 17;
POLARIS/LORNA DANE,XFOR 18;
POLARIS/LORNA DANE,XFOR 38;
POLARIS/LORNA DANE,X:HY 1;
POLARIS/LORNA DANE,X:HY 10;
POLARIS/LORNA DANE,X:HY 12;
POLARIS/LORNA DANE,X:HY 13;
POLARIS/LORNA DANE,X:HY 14;
POLARIS/LORNA DANE,X:HY 15;
POLARIS/LORNA DANE,X:HY 16;
POLARIS/LORNA DANE,X:HY 17;
POLARIS/LORNA DANE,X:HY 18;
POLARIS/LORNA DANE,X:HY 19;
POLARIS/LORNA DANE,X:HY 21;
POLARIS/LORNA DANE,X:HY 22;
POLARIS/LORNA DANE,X:HY 3;
POLARIS/LORNA DANE,X:HY 5;
POLARIS/LORNA DANE,X:HY 6;
POLARIS/LORNA DANE,X:HY 7;
POLARIS/LORNA DANE,X:HY 8;
POLARIS/LORNA DANE,X:PRIME;
POLARIS/LORNA DANE,XU 25;
POLARIS/LORNA DANE,XU 6;
POLARIS | MUTANT X-V,MX '01;
POLARIS | MUTANT X-V,MX 10;
POLARIS | MUTANT X-V,MX 11;
POLARIS | MUTANT X-V,MX 12;
POLARIS | MUTANT X-V,MX 15;
POLARIS | MUTANT X-V,MX 32;
POLESTAR/,ASM 409;
POLESTAR/,ASMU 14;
POLOMBO, CATHY,FF3 3;
POLTERGEIST/MICKEY S,A 240;
POLTERGEIST/MICKEY S,B&B 1;
POLTERGEIST/MICKEY S,B&B 2;
POLTERGEIST/MICKEY S,B&B 3;
POLTERGEIST/MICKEY S,B&B 4;
POLTERGEIST/MICKEY S,S-W 49;
POLTERGEIST/MICKEY S,S-W 50;
POMEROY, SYLVIA,E:HEROD;
PONG, WU,IM 271;
PONG, WU,IM 272;
PONG, WU,IM 273;
PONG, WU,IM 274;
PONG, WU,IM 275;
POPE,DD 280;
POPE,DD 281;
POPE,DD 282;
POPE,DD 283;
POPEYE,CA 401;
POPPA WHEELER,S-H2 40;
POPPA WHEELER,S-H2 42;
POPPA WHEELER,S-H2 43;
POPPA WHEELER,S-H2 6;
POPPA WHEELER,S-H2 7;
POPPA WHEELER,US1 1;
POPPA WHEELER,US1 10;
POPPA WHEELER,US1 11;
POPPA WHEELER,US1 12;
POPPA WHEELER,US1 2;
POPPA WHEELER,US1 3;
POPPA WHEELER,US1 4;
POPPA WHEELER,US1 6;
POPPA WHEELER,US1 7;
POPPA WHEELER,US1 8;
POPPA WHEELER,US1 9;
PORCAL,AR 2;
PORCAL,FF 402;
PORCAL,FFOR 8;
PORCAL,FFOR 9;
PORCUPINE/ALEX GENTR,A 167;
PORCUPINE/ALEX GENTR,AF SPECIAL 1;
PORCUPINE/ALEX GENTR,CA 130;
PORCUPINE/ALEX GENTR,CA 132;
PORCUPINE/ALEX GENTR,CA 158;
PORCUPINE/ALEX GENTR,CA 159;
PORCUPINE/ALEX GENTR,CA 285;
PORCUPINE/ALEX GENTR,CA 315;
PORCUPINE/ALEX GENTR,DEF 37;
PORCUPINE/ALEX GENTR,DEF 38;
PORCUPINE/ALEX GENTR,DEF 63;
PORCUPINE/ALEX GENTR,DEF 65;
PORCUPINE/ALEX GENTR,FF 3;
PORCUPINE/ALEX GENTR,IM 126;
PORCUPINE/ALEX GENTR,IM 127;
PORCUPINE/ALEX GENTR,M/TU 71;
PORCUPINE/ALEX GENTR,TTA 48;
PORCUPINE/ALEX GENTR,TTA 53;
PORCUPINE/ALEX GENTR,UX 22;
PORCUPINE/ALEX GENTR,UX 23;
PORGA,SSU 1;
PORTAL/CHARLES LITTL,A 304;
PORTAL/CHARLES LITTL,DHAWK 19;
PORTAL/CHARLES LITTL,DHAWK 20;
PORTAL/CHARLES LITTL,DHAWK 5;
PORTAL/CHARLES LITTL,DHAWK 6;
PORTAL/CHARLES LITTL,SLEEP 17;
PORTER, KIM,H:PL 7;
POSITRON/RONNIE,A 402;
POSITRON/RONNIE,C2 31;
POSITRON/RONNIE,C2 33;
POSITRON/RONNIE,C2 72;
POSITRON/RONNIE,C2 87;
POSITRON/RONNIE,M/:LG 12;
POSITRON/RONNIE,M/:LG 6;
POSITRON/RONNIE,M/:LG 9;
POSITRON/RONNIE,POST/KEVIN TREMAIN;
POSITRON/RONNIE,UX 363;
POSITRON/RONNIE,UX 364;
POSITRON/RONNIE,UX 379;
POSITRON/RONNIE,X 50;
POSITRON/RONNIE,X51 2;
POSITRON/RONNIE,X 83;
POTTER, BETSY BEATTY,DD 166;
POTTER, BETSY BEATTY,DD 173;
POTTER, BETSY BEATTY,DD 174;
POTTER, BETSY BEATTY,DD 226;
POTTER, BETSY BEATTY,DD2 8;
POTTER, BETSY BEATTY,M/CP 98/4;
POTTS, VIRGINIA PEPP,REBEL;
POUNDCAKES/MARIAN PO,CA 371;
POUNDCAKES/MARIAN PO,CA 389;
POUNDCAKES/MARIAN PO,CA 390;
POUNDCAKES/MARIAN PO,CA 391;
POUNDCAKES/MARIAN PO,DAZZ 13;
POUNDCAKES/MARIAN PO,M/TIO 54;
POUNDCAKES/MARIAN PO,M/TIO 56;
POUNDCAKES/MARIAN PO,M/TIO 96;
POUNDCAKES/MARIAN PO,TB 21;
POUNDCAKES/MARIAN PO,TG 33;
POUNDCAKES/MARIAN PO,TG 36;
POUNDCAKES/MARIAN PO,USA2 2;
POWDERKEG/FRANK SKOR,DLOK2 12;
POWDERKEG II,CM2 1;
POWDERKEG II,SS/RUNE/2;
POWELL, AMY,WOSM 115;
POWELL, AMY,WOSM 116;
POWELL,ASM '00/2;
POWELL,ASMU 16;
POWELL,DLOK2 18;
POWELL, GRACE,DHAWK 1;
POWELL, GRACE,DHAWK 10;
POWELL, GRACE,DHAWK 11;
POWELL, GRACE,DHAWK 12;
POWELL, GRACE,DHAWK 13;
POWELL, GRACE,DHAWK 1/4;
POWELL, GRACE,DHAWK 14;
POWELL, GRACE,DHAWK 15;
POWELL, GRACE,DHAWK 16;
POWELL, GRACE,DHAWK 17;
POWELL, GRACE,DHAWK 18;
POWELL, GRACE,DHAWK 2;
POWELL, GRACE,DHAWK 21;
POWELL, GRACE,DHAWK 23;
POWELL, GRACE,DHAWK 24;
POWELL, GRACE,DHAWK 25;
POWELL, GRACE,DHAWK 3;
POWELL, GRACE,DHAWK 4;
POWELL, GRACE,DHAWK 5;
POWELL, GRACE,DHAWK 6;
POWELL, GRACE,DHAWK 7;
POWELL, GRACE,DHAWK 8;
POWELL, GRACE,DHAWK 9;
POWELL, JASON,DHAWK 1;
POWELL, JASON,DHAWK 10;
POWELL, JASON,DHAWK 11;
POWELL, JASON,DHAWK 12;
POWELL, JASON,DHAWK 1/4;
POWELL, JASON,DHAWK 14;
POWELL, JASON,DHAWK 15;
POWELL, JASON,DHAWK 16;
POWELL, JASON,DHAWK 17;
POWELL, JASON,DHAWK 2;
POWELL, JASON,DHAWK 21;
POWELL, JASON,DHAWK 23;
POWELL, JASON,DHAWK 24;
POWELL, JASON,DHAWK 25;
POWELL, JASON,DHAWK 3;
POWELL, JASON,DHAWK 4;
POWELL, JASON,DHAWK 5;
POWELL, JASON,DHAWK 6;
POWELL, JASON,DHAWK 7;
POWELL, JONATHAN,DHAWK 1;
POWELL, JONATHAN,DHAWK 11;
POWELL, JONATHAN,DHAWK 12;
POWELL, JONATHAN,DHAWK 13;
POWELL, JONATHAN,DHAWK 1/4;
POWELL, JONATHAN,DHAWK 14;
POWELL, JONATHAN,DHAWK 15;
POWELL, JONATHAN,DHAWK 16;
POWELL, JONATHAN,DHAWK 17;
POWELL, JONATHAN,DHAWK 2;
POWELL, JONATHAN,DHAWK 21;
POWELL, JONATHAN,DHAWK 22;
POWELL, JONATHAN,DHAWK 23;
POWELL, JONATHAN,DHAWK 24;
POWELL, JONATHAN,DHAWK 25;
POWELL, JONATHAN,DHAWK 3;
POWELL, JONATHAN,DHAWK 4;
POWELL, JONATHAN,DHAWK 5;
POWELL, JONATHAN,DHAWK 6;
POWELL, JONATHAN,DHAWK 7;
POWELL, OFFICER MIKE,DHAWK 1;
POWELL, OFFICER MIKE,DHAWK 10;
POWELL, OFFICER MIKE,DHAWK 11;
POWELL, OFFICER MIKE,DHAWK 12;
POWELL, OFFICER MIKE,DHAWK 1/4;
POWELL, OFFICER MIKE,DHAWK 14;
POWELL, OFFICER MIKE,DHAWK 15;
POWELL, OFFICER MIKE,DHAWK 7;
POWELL, OFFICER MIKE,DHAWK 9;
POWELL,SSWP 1;
POWELL,SSWP 2;
POWELL,SSWP 3;
POWELL,SSWP 4;
POWELL,SSWP 5;
POWELL,SSWP 6;
POWELL,SSWP 7;
POWER, DR. JIM,FF 23;
POWER, DR. JIM,FF 337;
POWER, DR. JIM,M/SH3 6/2;
POWER, DR. JIM,NW 55;
POWER, DR. JIM,PP 1;
POWER, DR. JIM,PP 15;
POWER, DR. JIM,PP 18;
POWER, DR. JIM,PP 19;
POWER, DR. JIM,PP 2;
POWER, DR. JIM,PP 20;
POWER, DR. JIM,PP 21;
POWER, DR. JIM,PP 23;
POWER, DR. JIM,PP 24;
POWER, DR. JIM,PP 25;
POWER, DR. JIM,PP 26;
POWER, DR. JIM,PP 27;
POWER, DR. JIM,PP 28;
POWER, DR. JIM,PP 31;
POWER, DR. JIM,PP 32;
POWER, DR. JIM,PP 33;
POWER, DR. JIM,PP 35;
POWER, DR. JIM,PP 36;
POWER, DR. JIM,PP 37;
POWER, DR. JIM,PP 38;
POWER, DR. JIM,PP 39;
POWER, DR. JIM,PP 4;
POWER, DR. JIM,PP 40;
POWER, DR. JIM,PP 42;
POWER, DR. JIM,PP 43;
POWER, DR. JIM,PP 44;
POWER, DR. JIM,PP 45;
POWER, DR. JIM,PP 47;
POWER, DR. JIM,PP 48;
POWER, DR. JIM,PP 49;
POWER, DR. JIM,PP 5;
POWER, DR. JIM,PP 50;
POWER, DR. JIM,PP 52;
POWER, DR. JIM,PP 53;
POWER, DR. JIM,PP 54;
POWER, DR. JIM,PP 55;
POWER, DR. JIM,PP 56;
POWER, DR. JIM,PP 57;
POWER, DR. JIM,PP 58;
POWER, DR. JIM,PP 59;
POWER, DR. JIM,PP 60;
POWER, DR. JIM,PP 61;
POWER, DR. JIM,PP 62;
POWER, DR. JIM,PP 7;
POWER, DR. JIM,PP 8;
POWER, DR. JIM,PPCDGN;
POWER, DR. JIM,PP:PP 1;
POWER, DR. JIM,PP:PP 2;
POWER, DR. JIM,PP:PP 3;
POWER, DR. JIM,PP:PP 4;
POWER, DR. JIM,ST2 14;
POWER, DR. JIM,T 359;
POWER, DR. JIM,UX 195;
POWER, DR. JIM,XCAL 29;
POWER, DR. MAX,IM3 33;
POWER, DR. MAX,IM3 34;
POWER, DR. MAX,IM3 35;
POWERHOUSE II/,S-M 15;
POWERHOUSE IV/,W2 133;
POWERHOUSE/RIEG DAVA,FF 206;
POWERHOUSE/RIEG DAVA,FF 208;
POWERHOUSE/RIEG DAVA,FF 209;
POWERHOUSE/RIEG DAVA,NO 10;
POWERHOUSE/RIEG DAVA,NO 11;
POWERHOUSE/RIEG DAVA,NO 2;
POWERHOUSE/RIEG DAVA,NO 24;
POWERHOUSE/RIEG DAVA,NO 25;
POWERHOUSE/RIEG DAVA,NO 6;
POWERHOUSE/RIEG DAVA,NO 7;
POWERHOUSE/RIEG DAVA,NO 8;
POWERHOUSE/RIEG DAVA,ROM 24;
POWER, LEFTENANT,AF2 18;
POWER MAN/ERIK JOSTE,A 1;
POWER MAN/ERIK JOSTE,A 16;
POWER MAN/ERIK JOSTE,A 164;
POWER MAN/ERIK JOSTE,A 166;
POWER MAN/ERIK JOSTE,A 21;
POWER MAN/ERIK JOSTE,A 22;
POWER MAN/ERIK JOSTE,A 273;
POWER MAN/ERIK JOSTE,A 274;
POWER MAN/ERIK JOSTE,A 275;
POWER MAN/ERIK JOSTE,A 276;
POWER MAN/ERIK JOSTE,A 277;
POWER MAN/ERIK JOSTE,A 29;
POWER MAN/ERIK JOSTE,A 30;
POWER MAN/ERIK JOSTE,A3 12;
POWER MAN/ERIK JOSTE,A3 32;
POWER MAN/ERIK JOSTE,A3 33;
POWER MAN/ERIK JOSTE,A3 34;
POWER MAN/ERIK JOSTE,A 38;
POWER MAN/ERIK JOSTE,A 382/3;
POWER MAN/ERIK JOSTE,A 78;
POWER MAN/ERIK JOSTE,A 79;
POWER MAN/ERIK JOSTE,AF SPECIAL 1;
POWER MAN/ERIK JOSTE,ASM 430;
POWER MAN/ERIK JOSTE,AWC 92;
POWER MAN/ERIK JOSTE,H2 449;
POWER MAN/ERIK JOSTE,HFH 7;
POWER MAN/ERIK JOSTE,HR:R 2;
POWER MAN/ERIK JOSTE,IM 206;
POWER MAN/ERIK JOSTE,IM 7;
POWER MAN/ERIK JOSTE,IM '99;
POWER MAN/ERIK JOSTE,M/CP 114/2;
POWER MAN/ERIK JOSTE,M/CP 115/2;
POWER MAN/ERIK JOSTE,M/CP 116/2;
POWER MAN/ERIK JOSTE,M/CP 117/2;
POWER MAN/ERIK JOSTE,M/CP 118/2;
POWER MAN/ERIK JOSTE,PM 21;
POWER MAN/ERIK JOSTE,PPTSS 49;
POWER MAN/ERIK JOSTE,PPTSS 50;
POWER MAN/ERIK JOSTE,PPTSS 54;
POWER MAN/ERIK JOSTE,SMTU 7;
POWER MAN/ERIK JOSTE,TB '00;
POWER MAN/ERIK JOSTE,TB -1;
POWER MAN/ERIK JOSTE,TB 1;
POWER MAN/ERIK JOSTE,TB 10;
POWER MAN/ERIK JOSTE,TB 11;
POWER MAN/ERIK JOSTE,TB 12;
POWER MAN/ERIK JOSTE,TB 13;
POWER MAN/ERIK JOSTE,TB 14;
POWER MAN/ERIK JOSTE,TB 15;
POWER MAN/ERIK JOSTE,TB 16;
POWER MAN/ERIK JOSTE,TB 17;
POWER MAN/ERIK JOSTE,TB 18;
POWER MAN/ERIK JOSTE,TB 19;
POWER MAN/ERIK JOSTE,TB 2;
POWER MAN/ERIK JOSTE,TB 20;
POWER MAN/ERIK JOSTE,TB 21;
POWER MAN/ERIK JOSTE,TB 22;
POWER MAN/ERIK JOSTE,TB 23;
POWER MAN/ERIK JOSTE,TB 24;
POWER MAN/ERIK JOSTE,TB 25;
POWER MAN/ERIK JOSTE,TB 26;
POWER MAN/ERIK JOSTE,TB 27;
POWER MAN/ERIK JOSTE,TB 28;
POWER MAN/ERIK JOSTE,TB 29;
POWER MAN/ERIK JOSTE,TB 3;
POWER MAN/ERIK JOSTE,TB 30;
POWER MAN/ERIK JOSTE,TB 31;
POWER MAN/ERIK JOSTE,TB 32;
POWER MAN/ERIK JOSTE,TB 33;
POWER MAN/ERIK JOSTE,TB 34;
POWER MAN/ERIK JOSTE,TB 35;
POWER MAN/ERIK JOSTE,TB 36;
POWER MAN/ERIK JOSTE,TB 37;
POWER MAN/ERIK JOSTE,TB 38;
POWER MAN/ERIK JOSTE,TB 39;
POWER MAN/ERIK JOSTE,TB 4;
POWER MAN/ERIK JOSTE,TB 40;
POWER MAN/ERIK JOSTE,TB 41;
POWER MAN/ERIK JOSTE,TB 42;
POWER MAN/ERIK JOSTE,TB 43;
POWER MAN/ERIK JOSTE,TB 44;
POWER MAN/ERIK JOSTE,TB 45;
POWER MAN/ERIK JOSTE,TB 46;
POWER MAN/ERIK JOSTE,TB 47;
POWER MAN/ERIK JOSTE,TB 5;
POWER MAN/ERIK JOSTE,TB 6;
POWER MAN/ERIK JOSTE,TB 7;
POWER MAN/ERIK JOSTE,TB 8;
POWER MAN/ERIK JOSTE,TB '97;
POWER MAN/ERIK JOSTE,TM/U 1;
POWER MAN/ERIK JOSTE,TOS 88/2;
POWER MAN/ERIK JOSTE,V&SW2 2;
POWER MAN/ERIK JOSTE,WCA2 1;
POWER MAN/ERIK JOSTE,WCA2 2;
POWER MAN/ERIK JOSTE,WCA2 3;
POWER MAN/ERIK JOSTE,WM2 1;
POWER MAN/ERIK JOSTE,WOSM 60;
POWER MAN/ERIK JOSTE,WOSM 64;
POWER MAN/ERIK JOSTE,WOSM 65;
POWER MAN III/STEELE,CAGE 3;
POWER MAN III/STEELE,CAGE 4;
POWER MAN III/STEELE,CAGE 5;
POWER MAN III/STEELE,CAGE 6;
POWER MAN III/STEELE,CAGE 7;
POWER MAN III/STEELE,CAGE 8;
POWER MAN II | MUTAN,MX '01;
POWER, MARGARET,FF 337;
POWER, MARGARET,NW 65;
POWER, MARGARET,PP 1;
POWER, MARGARET,PP 18;
POWER, MARGARET,PP 19;
POWER, MARGARET,PP 2;
POWER, MARGARET,PP 20;
POWER, MARGARET,PP 25;
POWER, MARGARET,PP 26;
POWER, MARGARET,PP 27;
POWER, MARGARET,PP 28;
POWER, MARGARET,PP 31;
POWER, MARGARET,PP 32;
POWER, MARGARET,PP 33;
POWER, MARGARET,PP 34;
POWER, MARGARET,PP 35;
POWER, MARGARET,PP 36;
POWER, MARGARET,PP 37;
POWER, MARGARET,PP 38;
POWER, MARGARET,PP 39;
POWER, MARGARET,PP 4;
POWER, MARGARET,PP 40;
POWER, MARGARET,PP 41;
POWER, MARGARET,PP 42;
POWER, MARGARET,PP 43;
POWER, MARGARET,PP 44;
POWER, MARGARET,PP 45;
POWER, MARGARET,PP 47;
POWER, MARGARET,PP 48;
POWER, MARGARET,PP 49;
POWER, MARGARET,PP 5;
POWER, MARGARET,PP 50;
POWER, MARGARET,PP 52;
POWER, MARGARET,PP 54;
POWER, MARGARET,PP 55;
POWER, MARGARET,PP 56;
POWER, MARGARET,PP 57;
POWER, MARGARET,PP 58;
POWER, MARGARET,PP 59;
POWER, MARGARET,PP 60;
POWER, MARGARET,PP 61;
POWER, MARGARET,PP 62;
POWER, MARGARET,PP 7;
POWER, MARGARET,PP 9;
POWER, MARGARET,PPCDGN;
POWER, MARGARET,PP:PP 1;
POWER, MARGARET,PP:PP 2;
POWER, MARGARET,PP:PP 3;
POWER, MARGARET,PP:PP 4;
POWER, MARGARET,ST2 14;
POWER, MARGARET,T 359;
POWER, MARGARET,UX 195;
POWER, MARGARET,XCAL 29;
POWER PRINCESS/ZARDA,A3 5;
POWER PRINCESS/ZARDA,A3 6;
POWER PRINCESS/ZARDA,A '98;
POWER PRINCESS/ZARDA,AWC 4/5;
POWER PRINCESS/ZARDA,DEF 112;
POWER PRINCESS/ZARDA,DEF 113;
POWER PRINCESS/ZARDA,DEF 114;
POWER PRINCESS/ZARDA,FFU 11/2;
POWER PRINCESS/ZARDA,Q 13;
POWER PRINCESS/ZARDA,Q 14;
POWER PRINCESS/ZARDA,Q 15;
POWER PRINCESS/ZARDA,Q 16;
POWER PRINCESS/ZARDA,Q 17;
POWER PRINCESS/ZARDA,Q 19;
POWER PRINCESS/ZARDA,Q 27;
POWER PRINCESS/ZARDA,SQS 1;
POWER PRINCESS/ZARDA,SQS 10;
POWER PRINCESS/ZARDA,SQS 11;
POWER PRINCESS/ZARDA,SQS 12;
POWER PRINCESS/ZARDA,SQS 2;
POWER PRINCESS/ZARDA,SQS 3;
POWER PRINCESS/ZARDA,SQS 4;
POWER PRINCESS/ZARDA,SQS 5;
POWER PRINCESS/ZARDA,SQS 6;
POWER PRINCESS/ZARDA,SQS 7;
POWER PRINCESS/ZARDA,SQS 8;
POWER PRINCESS/ZARDA,SQS 9;
POWER PRINCESS/ZARDA,SQS:NWO;
POWERSURGE/ILLARION,A 326;
POWERSURGE/ILLARION,A 327;
POWERSURGE/ILLARION,A 328;
POWERSURGE/ILLARION,IM3 10;
POWERSURGE/ILLARION,IM3 9;
POWERSURGE/ILLARION,TB 25;
PRADDA FOL,SS3 115;
PRADDA FOL,SS3 116;
PRADDA FOL,SS3 117;
PRADDA FOL,SS3 118;
PRADDA FOL,SS3 119;
PRADDA FOL,SS3 120;
PRAZNIKI, ANNIE,T 495;
PRAZNIKI, ANNIE,T 497;
PRAZNIKI, ANNIE,T 498;
PRAZNIKI, ANNIE,T 500;
PRAZNIKI, SYLVIA,T 497;
PRAZNIKI, SYLVIA,T 498;
PRAZNIKI, SYLVIA,T 500;
PRAZNIKI, VICTOR,T 495;
PRAZNIKI, VICTOR,T 497;
PRAZNIKI, VICTOR,T 498;
PREECHA,ABOM 2;
PREECHA,ABOM 3;
PRENTISS, BETTY DEAN,DEF 5;
PRENTISS, BETTY DEAN,M/U 1;
PRENTISS, BETTY DEAN,SUB-M 52;
PRENTISS, BETTY DEAN,SUB-M 54;
PRENTISS, BETTY DEAN,SUB-M 55;
PRENTISS, BETTY DEAN,SUB-M 57;
PRENTISS, BETTY DEAN,SUB-M 61;
PRENTISS, BETTY DEAN,SUB-M 70;
PRENTISS, BETTY DEAN,SUB-M 8;
PRENTISS, BETTY DEAN,SVTU 2;
PRESIDENT ITOES [TRI,SK 1;
PRESTER JOHN,DEF 11;
PRESTER JOHN,FF 54;
PRESTER JOHN,M/FAN 54;
PRESTER JOHN,M/TIO 12;
PRESTER JOHN,T 17;
PRETTY BOY,PUN2 33;
PRETTY BOY,PUN2 34;
PRETTY BOY,UX 229;
PRETTY BOY,UX 248;
PRETTY BOY,UX 251;
PRETTY BOY,UX 252;
PRETTY BOY,UX 253;
PRETTY BOY,UX 254;
PRETTY BOY,UX 255;
PRETTY BOY,UX 262;
PRETTY BOY,UX 269;
PRETTY BOY,UX 281;
PRETTY LARRY,WOSM 79;
PRETTY PERSUASIONS/H,NW 15;
PRETTY PERSUASIONS/H,NW 16;
PRETTY PERSUASIONS/H,NW 18;
PRETTY PERSUASIONS/H,NW 4;
PRETTY PERSUASIONS/H,NW 52;
PRETTY PERSUASIONS/H,NW 60;
PRETTY PERSUASIONS/H,NW 63;
PRETTY PERSUASIONS/H,NW 64;
PREYY,BP3 15;
PREYY,BP3 16;
PREYY,BP3 22;
PREYY,BP3 23;
PREYY,BP3 24;
PREYY,DPOOL3 44;
PRIMAX/JAROMEL,CA3 18;
PRIME MOVER,GSDEF 3;
PRIME MOVER,MOKF 59;
PRIME MOVER,ST 167;
PRIMO, ALEXIS,TER 1;
PRIMO, ALEXIS,TER 6;
PRIMO, ALEXIS,TER 7;
PRIMUS,CA 209;
PRIMUS,CA 210;
PRIMUS,CA 276;
PRIMUS,CA 277;
PRIMUS,CA 278;
PRIMUS,CA 279;
PRIMUS II,GUARD 1;
PRIMUS II,GUARD 2;
PRIMUS II,GUARD 3;
PRIMUS,NW 3;
PRIMUS,NW 51;
PRIMUS,NW 72;
PRIMUS,NW 73;
PRIMUS,W2 139;
PRINCE BAYAN,BFF:RR 1;
PRINCE BAYAN,FF3 18;
PRINCE, DIANA,INV 41;
PRINCE REY,A 30;
PRINCE REY,A 31;
PRINCE REY,H2 209;
PRINCE REY,H2 238;
PRINCE REY,H2 239;
PRINCE REY,H2 240;
PRINCE REY,H2 241;
PRINCESS FEN [ATLANT,CA:SL2 2;
PRINCESS FEN [ATLANT,CA:SL2 3;
PRINCESS FEN [ATLANT,CA:SL2 4;
PRINCESS FEN [ATLANT,N 29;
PRINCESS FEN [ATLANT,N 30;
PRINCESS FEN [ATLANT,N 31;
PRINCESS FEN [ATLANT,N 32;
PRINCESS FEN [ATLANT,N 33;
PRINCESS NEPTHYS/SAN,MK3 35;
PRINCESS NEPTHYS/SAN,MK3 36;
PRINCESS NEPTHYS/SAN,MK3 37;
PRINCESS PEARLA,FF 16;
PRINCESS PEARLA,FF 17;
PRINCESS PEARLA,FF 284;
PRINCESS PEARLA,FFU 8;
PRINCESS PEARLA,M/TIO 87;
PRINCESS PYTHON/ZELD,A 22;
PRINCESS PYTHON/ZELD,A 60;
PRINCESS PYTHON/ZELD,ASM 22;
PRINCESS PYTHON/ZELD,ASM '98;
PRINCESS PYTHON/ZELD,CA 180;
PRINCESS PYTHON/ZELD,CA 181;
PRINCESS PYTHON/ZELD,CA 309;
PRINCESS PYTHON/ZELD,CA 310;
PRINCESS PYTHON/ZELD,CA 311;
PRINCESS PYTHON/ZELD,CA 313;
PRINCESS PYTHON/ZELD,CA 315;
PRINCESS PYTHON/ZELD,CA 318;
PRINCESS PYTHON/ZELD,CA 389;
PRINCESS PYTHON/ZELD,CA 390;
PRINCESS PYTHON/ZELD,CA 391;
PRINCESS PYTHON/ZELD,DD 118;
PRINCESS PYTHON/ZELD,GENX 32;
PRINCESS PYTHON/ZELD,H2 217;
PRINCESS PYTHON/ZELD,H2 292;
PRINCESS PYTHON/ZELD,H2 470;
PRINCESS PYTHON/ZELD,H2 471;
PRINCESS PYTHON/ZELD,HTD 26;
PRINCESS PYTHON/ZELD,HTD 27;
PRINCESS PYTHON/ZELD,IM 50;
PRINCESS PYTHON/ZELD,M/CP 97/4;
PRINCESS PYTHON/ZELD,M/TIO 76;
PRINCESS PYTHON/ZELD,PM 25;
PRINCESS PYTHON/ZELD,S-H2 1;
PRINCESS PYTHON/ZELD,SMTU 5/2;
PRINCESS PYTHON/ZELD,SVTU 8;
PRINCESS PYTHON/ZELD,SVTU 9;
PRINCESS PYTHON/ZELD,T 145;
PRINCESS PYTHON/ZELD,T 146;
PRINCESS PYTHON/ZELD,T 147;
PRINCESS PYTHON/ZELD,T 173;
PRINCESS SANDELLA,C2 78;
PRINCESS SANDELLA,C2 80;
PRINCESS SANDELLA,C2 81;
PRINCESS SANDELLA,C2 82;
PRINCESS SANDELLA,C2 83;
PRINCESS SANDELLA,C2 84;
PRINCESS ZAFINA,M/:LG 9;
PRINCESS ZANDA,BP 1;
PRINCESS ZANDA,BP 2;
PRINCESS ZANDA,BP 3;
PRINCESS ZANDA,BP 4;
PRINCESS ZANDA,BP 5;
PRINCESS ZANDA,BP 7;
PRINCESS ZANDA,IM3 21/2;
PRINCESS ZANDA,IM3 22;
PRISM,UX 240;
PRISM,UX 241;
PRISM,XF 10;
PRISM,XM 13;
PROCTOR,A 344;
PROCTOR,A 348;
PROCTOR,A 355;
PROCTOR,A 356;
PROCTOR,A 374;
PROCTOR,A 375;
PROCTOR, COORDINATOR,AF2 14;
PROCTOR, COORDINATOR,AF2 18;
PROCTOR, COORDINATOR,AF2 2;
PROCTOR, COORDINATOR,AF2 3;
PROCTOR, COORDINATOR,AF2 4;
PRODIGAL/,XF 81;
PRODIGAL/,XF 82;
PRODIGAL/,XF 83;
PRODIGAL/,XF 84;
PRODIGAL/,XF 85;
PRODIGY/,AF 108;
PROFESSOR ANGST/DR.,PPTSS 252;
PROFESSOR ANGST/DR.,PPTSS 253;
PROFESSOR ANGST/DR.,PPTSS 254;
PROFESSOR ANGST/DR.,PPTSS 255;
PROFESSOR GIBBON/,XU 26/2;
PROFESSOR POWER/ANTH,AWC 7;
PROFESSOR POWER/ANTH,CA 338;
PROFESSOR POWER/ANTH,DEF 126;
PROFESSOR POWER/ANTH,DEF 127;
PROFESSOR POWER/ANTH,DEF 128;
PROFESSOR POWER/ANTH,DEF 129;
PROFESSOR POWER/ANTH,DEF 130;
PROFESSOR POWER/ANTH,M/TU 117;
PROFESSOR POWER/ANTH,M/TU 118;
PROFESSOR POWER/ANTH,M/TU 124;
PROFESSOR XAVIER 201,NM 18;
PROFESSOR XAVIER 201,PHOENIX 1;
PROFESSOR X/CHARLES,A 10;
PROFESSOR X/CHARLES,A 110;
PROFESSOR X/CHARLES,A 111;
PROFESSOR X/CHARLES,A 3;
PROFESSOR X/CHARLES,A 350;
PROFESSOR X/CHARLES,A 351;
PROFESSOR X/CHARLES,A 88;
PROFESSOR X/CHARLES,AA2 11;
PROFESSOR X/CHARLES,AA2 12;
PROFESSOR X/CHARLES,AA2 15;
PROFESSOR X/CHARLES,AF 111;
PROFESSOR X/CHARLES,AIF 20;
PROFESSOR X/CHARLES,ASM 1;
PROFESSOR X/CHARLES,BIZADV 27;
PROFESSOR X/CHARLES,BSHP 1;
PROFESSOR X/CHARLES,BSHP 2;
PROFESSOR X/CHARLES,BSHP2 15;
PROFESSOR X/CHARLES,BSHP 4;
PROFESSOR X/CHARLES,C2 20;
PROFESSOR X/CHARLES,C2 23;
PROFESSOR X/CHARLES,C2 29;
PROFESSOR X/CHARLES,C2 31;
PROFESSOR X/CHARLES,C2 76;
PROFESSOR X/CHARLES,C2 92;
PROFESSOR X/CHARLES,CA 172;
PROFESSOR X/CHARLES,CA 173;
PROFESSOR X/CHARLES,CA 174;
PROFESSOR X/CHARLES,CA 175;
PROFESSOR X/CHARLES,COC 1;
PROFESSOR X/CHARLES,CX 1;
PROFESSOR X/CHARLES,CX 10;
PROFESSOR X/CHARLES,CX 11;
PROFESSOR X/CHARLES,CX 13;
PROFESSOR X/CHARLES,CX 14/2;
PROFESSOR X/CHARLES,CX 15;
PROFESSOR X/CHARLES,CX 16;
PROFESSOR X/CHARLES,CX 19/2;
PROFESSOR X/CHARLES,CX 2;
PROFESSOR X/CHARLES,CX 20;
PROFESSOR X/CHARLES,CX 21;
PROFESSOR X/CHARLES,CX 23;
PROFESSOR X/CHARLES,CX 31/2;
PROFESSOR X/CHARLES,CX 3/2;
PROFESSOR X/CHARLES,CX 4;
PROFESSOR X/CHARLES,CX 42/2;
PROFESSOR X/CHARLES,CX 8;
PROFESSOR X/CHARLES,CX 8/2;
PROFESSOR X/CHARLES,CX 9;
PROFESSOR X/CHARLES,CX 9/2;
PROFESSOR X/CHARLES,DAMCON 4;
PROFESSOR X/CHARLES,DAZZ 2;
PROFESSOR X/CHARLES,DAZZ 38;
PROFESSOR X/CHARLES,DEF 15;
PROFESSOR X/CHARLES,DEF 16;
PROFESSOR X/CHARLES,DRSTR3 46;
PROFESSOR X/CHARLES,DRSTR3 69;
PROFESSOR X/CHARLES,FF 28;
PROFESSOR X/CHARLES,FF 3;
PROFESSOR X/CHARLES,FF3 24;
PROFESSOR X/CHARLES,FF 35;
PROFESSOR X/CHARLES,FF 36;
PROFESSOR X/CHARLES,FF 367;
PROFESSOR X/CHARLES,FF 368;
PROFESSOR X/CHARLES,FF 369;
PROFESSOR X/CHARLES,FF 370;
PROFESSOR X/CHARLES,FF 415;
PROFESSOR X/CHARLES,FS 1;
PROFESSOR X/CHARLES,FS 2;
PROFESSOR X/CHARLES,GENX 6;
PROFESSOR X/CHARLES,GR2 34;
PROFESSOR X/CHARLES,GSFF 4;
PROFESSOR X/CHARLES,GSX 1;
PROFESSOR X/CHARLES,H2 172;
PROFESSOR X/CHARLES,H2 277;
PROFESSOR X/CHARLES,H2 278;
PROFESSOR X/CHARLES,IF 15;
PROFESSOR X/CHARLES,IW 2;
PROFESSOR X/CHARLES,IW 3;
PROFESSOR X/CHARLES,IW 4;
PROFESSOR X/CHARLES,IW 5;
PROFESSOR X/CHARLES,IW 6;
PROFESSOR X/CHARLES,J:ED;
PROFESSOR X/CHARLES,KP&W 4;
PROFESSOR X/CHARLES,MARVELS 2;
PROFESSOR X/CHARLES,MAXSEC 2;
PROFESSOR X/CHARLES,MAXSEC 3;
PROFESSOR X/CHARLES,MAXSEC:DP;
PROFESSOR X/CHARLES,M/CP 117;
PROFESSOR X/CHARLES,M/CP 118;
PROFESSOR X/CHARLES,M/CP 85/3;
PROFESSOR X/CHARLES,M/CP 88/3;
PROFESSOR X/CHARLES,M/CP 89/4;
PROFESSOR X/CHARLES,M/FAN 4;
PROFESSOR X/CHARLES,M/GN 1;
PROFESSOR X/CHARLES,M/GN 4;
PROFESSOR X/CHARLES,M/GN 5;
PROFESSOR X/CHARLES,M/H&L 1;
PROFESSOR X/CHARLES,MICRO 37;
PROFESSOR X/CHARLES,MK 35;
PROFESSOR X/CHARLES,M/SHSW 1;
PROFESSOR X/CHARLES,M/SHSW 10;
PROFESSOR X/CHARLES,M/SHSW 11;
PROFESSOR X/CHARLES,M/SHSW 12;
PROFESSOR X/CHARLES,M/SHSW 2;
PROFESSOR X/CHARLES,M/SHSW 3;
PROFESSOR X/CHARLES,M/SHSW 4;
PROFESSOR X/CHARLES,M/SHSW 5;
PROFESSOR X/CHARLES,M/SHSW 6;
PROFESSOR X/CHARLES,M/SHSW 7;
PROFESSOR X/CHARLES,M/SHSW 8;
PROFESSOR X/CHARLES,M/SHSW 9;
PROFESSOR X/CHARLES,M/TALES 262/2;
PROFESSOR X/CHARLES,M/TIO 7;
PROFESSOR X/CHARLES,M/TU 1;
PROFESSOR X/CHARLES,M/TU 100;
PROFESSOR X/CHARLES,M/TU 118;
PROFESSOR X/CHARLES,M/TU 4;
PROFESSOR X/CHARLES,M/TU 51;
PROFESSOR X/CHARLES,M/TU 53;
PROFESSOR X/CHARLES,NM 1;
PROFESSOR X/CHARLES,NM 13;
PROFESSOR X/CHARLES,NM 14;
PROFESSOR X/CHARLES,NM 2;
PROFESSOR X/CHARLES,NM 20;
PROFESSOR X/CHARLES,NM 21;
PROFESSOR X/CHARLES,NM 22;
PROFESSOR X/CHARLES,NM 23;
PROFESSOR X/CHARLES,NM 24;
PROFESSOR X/CHARLES,NM 25;
PROFESSOR X/CHARLES,NM 26;
PROFESSOR X/CHARLES,NM 27;
PROFESSOR X/CHARLES,NM 28;
PROFESSOR X/CHARLES,NM 29;
PROFESSOR X/CHARLES,NM 3;
PROFESSOR X/CHARLES,NM 4;
PROFESSOR X/CHARLES,NM 5;
PROFESSOR X/CHARLES,NM 50;
PROFESSOR X/CHARLES,NM 51;
PROFESSOR X/CHARLES,NM 6;
PROFESSOR X/CHARLES,NM 7;
PROFESSOR X/CHARLES,NM 8;
PROFESSOR X/CHARLES,O:MU;
PROFESSOR X/CHARLES,O:X;
PROFESSOR X/CHARLES,PPSM2 11;
PROFESSOR X/CHARLES,PXX 4;
PROFESSOR X/CHARLES,Q 38;
PROFESSOR X/CHARLES,Q 39;
PROFESSOR X/CHARLES,ROM 17;
PROFESSOR X/CHARLES,ROM 3;
PROFESSOR X/CHARLES,ROM 65;
PROFESSOR X/CHARLES,SEX 1;
PROFESSOR X/CHARLES,SLEEP 18;
PROFESSOR X/CHARLES,SSD 5;
PROFESSOR X/CHARLES,ST 120;
PROFESSOR X/CHARLES,ST 156;
PROFESSOR X/CHARLES,S-W 37;
PROFESSOR X/CHARLES,SWII 1;
PROFESSOR X/CHARLES,THOR CORPS 3;
PROFESSOR X/CHARLES,TOS 49;
PROFESSOR X/CHARLES,UX '00;
PROFESSOR X/CHARLES,UX 1;
PROFESSOR X/CHARLES,UX 10;
PROFESSOR X/CHARLES,UX 100;
PROFESSOR X/CHARLES,UX 101;
PROFESSOR X/CHARLES,UX 102;
PROFESSOR X/CHARLES,UX 104;
PROFESSOR X/CHARLES,UX 105;
PROFESSOR X/CHARLES,UX 106;
PROFESSOR X/CHARLES,UX 107;
PROFESSOR X/CHARLES,UX 108;
PROFESSOR X/CHARLES,UX 109;
PROFESSOR X/CHARLES,UX 11;
PROFESSOR X/CHARLES,UX 110;
PROFESSOR X/CHARLES,UX 113;
PROFESSOR X/CHARLES,UX 114;
PROFESSOR X/CHARLES,UX 117;
PROFESSOR X/CHARLES,UX 118;
PROFESSOR X/CHARLES,UX 12;
PROFESSOR X/CHARLES,UX 120;
PROFESSOR X/CHARLES,UX 122;
PROFESSOR X/CHARLES,UX 125;
PROFESSOR X/CHARLES,UX 129;
PROFESSOR X/CHARLES,UX 13;
PROFESSOR X/CHARLES,UX 130;
PROFESSOR X/CHARLES,UX 131;
PROFESSOR X/CHARLES,UX 132;
PROFESSOR X/CHARLES,UX 133;
PROFESSOR X/CHARLES,UX 135;
PROFESSOR X/CHARLES,UX 136;
PROFESSOR X/CHARLES,UX 137;
PROFESSOR X/CHARLES,UX 138;
PROFESSOR X/CHARLES,UX 139;
PROFESSOR X/CHARLES,UX 14;
PROFESSOR X/CHARLES,UX 140;
PROFESSOR X/CHARLES,UX 141;
PROFESSOR X/CHARLES,UX 142;
PROFESSOR X/CHARLES,UX 143;
PROFESSOR X/CHARLES,UX 144;
PROFESSOR X/CHARLES,UX 145;
PROFESSOR X/CHARLES,UX 148;
PROFESSOR X/CHARLES,UX 149;
PROFESSOR X/CHARLES,UX 15;
PROFESSOR X/CHARLES,UX 150;
PROFESSOR X/CHARLES,UX 151;
PROFESSOR X/CHARLES,UX 152;
PROFESSOR X/CHARLES,UX 153;
PROFESSOR X/CHARLES,UX 154;
PROFESSOR X/CHARLES,UX 155;
PROFESSOR X/CHARLES,UX 156;
PROFESSOR X/CHARLES,UX 157;
PROFESSOR X/CHARLES,UX 158;
PROFESSOR X/CHARLES,UX 16;
PROFESSOR X/CHARLES,UX 161;
PROFESSOR X/CHARLES,UX 164;
PROFESSOR X/CHARLES,UX 165;
PROFESSOR X/CHARLES,UX 167;
PROFESSOR X/CHARLES,UX 168;
PROFESSOR X/CHARLES,UX 169;
PROFESSOR X/CHARLES,UX 17;
PROFESSOR X/CHARLES,UX 171;
PROFESSOR X/CHARLES,UX 173;
PROFESSOR X/CHARLES,UX 174;
PROFESSOR X/CHARLES,UX 175;
PROFESSOR X/CHARLES,UX 177;
PROFESSOR X/CHARLES,UX 178;
PROFESSOR X/CHARLES,UX 179;
PROFESSOR X/CHARLES,UX 18;
PROFESSOR X/CHARLES,UX 180;
PROFESSOR X/CHARLES,UX 181;
PROFESSOR X/CHARLES,UX 184;
PROFESSOR X/CHARLES,UX 185;
PROFESSOR X/CHARLES,UX 186;
PROFESSOR X/CHARLES,UX 188;
PROFESSOR X/CHARLES,UX 189;
PROFESSOR X/CHARLES,UX 19;
PROFESSOR X/CHARLES,UX 190;
PROFESSOR X/CHARLES,UX 191;
PROFESSOR X/CHARLES,UX 192;
PROFESSOR X/CHARLES,UX 193;
PROFESSOR X/CHARLES,UX 196;
PROFESSOR X/CHARLES,UX 199;
PROFESSOR X/CHARLES,UX 2;
PROFESSOR X/CHARLES,UX 20;
PROFESSOR X/CHARLES,UX 200;
PROFESSOR X/CHARLES,UX 201;
PROFESSOR X/CHARLES,UX 203;
PROFESSOR X/CHARLES,UX 21;
PROFESSOR X/CHARLES,UX 22;
PROFESSOR X/CHARLES,UX 23;
PROFESSOR X/CHARLES,UX 24;
PROFESSOR X/CHARLES,UX 25;
PROFESSOR X/CHARLES,UX 26;
PROFESSOR X/CHARLES,UX 27;
PROFESSOR X/CHARLES,UX 273;
PROFESSOR X/CHARLES,UX 276;
PROFESSOR X/CHARLES,UX 277;
PROFESSOR X/CHARLES,UX 278;
PROFESSOR X/CHARLES,UX 279;
PROFESSOR X/CHARLES,UX 28;
PROFESSOR X/CHARLES,UX 280;
PROFESSOR X/CHARLES,UX 282;
PROFESSOR X/CHARLES,UX 283;
PROFESSOR X/CHARLES,UX 284;
PROFESSOR X/CHARLES,UX 286;
PROFESSOR X/CHARLES,UX 287;
PROFESSOR X/CHARLES,UX 288;
PROFESSOR X/CHARLES,UX 289;
PROFESSOR X/CHARLES,UX 29;
PROFESSOR X/CHARLES,UX 291;
PROFESSOR X/CHARLES,UX 292;
PROFESSOR X/CHARLES,UX 293;
PROFESSOR X/CHARLES,UX 294;
PROFESSOR X/CHARLES,UX 295;
PROFESSOR X/CHARLES,UX 296;
PROFESSOR X/CHARLES,UX 3;
PROFESSOR X/CHARLES,UX 30;
PROFESSOR X/CHARLES,UX 300;
PROFESSOR X/CHARLES,UX 308;
PROFESSOR X/CHARLES,UX 309;
PROFESSOR X/CHARLES,UX 31;
PROFESSOR X/CHARLES,UX 314;
PROFESSOR X/CHARLES,UX 318;
PROFESSOR X/CHARLES,UX 319;
PROFESSOR X/CHARLES,UX 32;
PROFESSOR X/CHARLES,UX 320;
PROFESSOR X/CHARLES,UX 321;
PROFESSOR X/CHARLES,UX 326;
PROFESSOR X/CHARLES,UX 328;
PROFESSOR X/CHARLES,UX 33;
PROFESSOR X/CHARLES,UX 330;
PROFESSOR X/CHARLES,UX 331;
PROFESSOR X/CHARLES,UX 332;
PROFESSOR X/CHARLES,UX 333;
PROFESSOR X/CHARLES,UX 334;
PROFESSOR X/CHARLES,UX 335;
PROFESSOR X/CHARLES,UX 336;
PROFESSOR X/CHARLES,UX 337;
PROFESSOR X/CHARLES,UX 350;
PROFESSOR X/CHARLES,UX 362;
PROFESSOR X/CHARLES,UX 363;
PROFESSOR X/CHARLES,UX 364;
PROFESSOR X/CHARLES,UX 365;
PROFESSOR X/CHARLES,UX 366;
PROFESSOR X/CHARLES,UX 367;
PROFESSOR X/CHARLES,UX 368;
PROFESSOR X/CHARLES,UX 369;
PROFESSOR X/CHARLES,UX 37;
PROFESSOR X/CHARLES,UX 370;
PROFESSOR X/CHARLES,UX 371;
PROFESSOR X/CHARLES,UX 372;
PROFESSOR X/CHARLES,UX 375;
PROFESSOR X/CHARLES,UX 376;
PROFESSOR X/CHARLES,UX 377;
PROFESSOR X/CHARLES,UX 378;
PROFESSOR X/CHARLES,UX 379;
PROFESSOR X/CHARLES,UX 38;
PROFESSOR X/CHARLES,UX 38/2;
PROFESSOR X/CHARLES,UX 387;
PROFESSOR X/CHARLES,UX 388;
PROFESSOR X/CHARLES,UX 389;
PROFESSOR X/CHARLES,UX 39;
PROFESSOR X/CHARLES,UX 390;
PROFESSOR X/CHARLES,UX 39/2;
PROFESSOR X/CHARLES,UX 392;
PROFESSOR X/CHARLES,UX 393;
PROFESSOR X/CHARLES,UX 4;
PROFESSOR X/CHARLES,UX 40;
PROFESSOR X/CHARLES,UX 40/2;
PROFESSOR X/CHARLES,UX 41/2;
PROFESSOR X/CHARLES,UX 42/2;
PROFESSOR X/CHARLES,UX 43;
PROFESSOR X/CHARLES,UX 44/2;
PROFESSOR X/CHARLES,UX 46/2;
PROFESSOR X/CHARLES,UX 5;
PROFESSOR X/CHARLES,UX 51/2;
PROFESSOR X/CHARLES,UX 52/2;
PROFESSOR X/CHARLES,UX 53/2;
PROFESSOR X/CHARLES,UX 55/2;
PROFESSOR X/CHARLES,UX 56/2;
PROFESSOR X/CHARLES,UX 6;
PROFESSOR X/CHARLES,UX 65;
PROFESSOR X/CHARLES,UX 66;
PROFESSOR X/CHARLES,UX 7;
PROFESSOR X/CHARLES,UX 8;
PROFESSOR X/CHARLES,UX 9;
PROFESSOR X/CHARLES,UX 94;
PROFESSOR X/CHARLES,UX 95;
PROFESSOR X/CHARLES,UX 96;
PROFESSOR X/CHARLES,UX 97;
PROFESSOR X/CHARLES,UX 98;
PROFESSOR X/CHARLES,UX 99;
PROFESSOR X/CHARLES,W2 102;
PROFESSOR X/CHARLES,W2 115;
PROFESSOR X/CHARLES,W2 140;
PROFESSOR X/CHARLES,W2 145;
PROFESSOR X/CHARLES,W2 49;
PROFESSOR X/CHARLES,W2 50;
PROFESSOR X/CHARLES,W2 51;
PROFESSOR X/CHARLES,W2 58;
PROFESSOR X/CHARLES,W2 63;
PROFESSOR X/CHARLES,W2 65;
PROFESSOR X/CHARLES,W2 91;
PROFESSOR X/CHARLES,W2 92;
PROFESSOR X/CHARLES,W2 93;
PROFESSOR X/CHARLES,WIW 8;
PROFESSOR X/CHARLES,WM2 14;
PROFESSOR X/CHARLES,X -1;
PROFESSOR X/CHARLES,X 1;
PROFESSOR X/CHARLES,X 10;
PROFESSOR X/CHARLES,X 108;
PROFESSOR X/CHARLES,X 109;
PROFESSOR X/CHARLES,X 11;
PROFESSOR X/CHARLES,X 110;
PROFESSOR X/CHARLES,X 111;
PROFESSOR X/CHARLES,X 112;
PROFESSOR X/CHARLES,X 113;
PROFESSOR X/CHARLES,X 114;
PROFESSOR X/CHARLES,X 115;
PROFESSOR X/CHARLES,X 12;
PROFESSOR X/CHARLES,X 13;
PROFESSOR X/CHARLES,X 14;
PROFESSOR X/CHARLES,X 15;
PROFESSOR X/CHARLES,X 16;
PROFESSOR X/CHARLES,X 2;
PROFESSOR X/CHARLES,X 3;
PROFESSOR X/CHARLES,X 38;
PROFESSOR X/CHARLES,X 4;
PROFESSOR X/CHARLES,X 40;
PROFESSOR X/CHARLES,X 41;
PROFESSOR X/CHARLES,X 42;
PROFESSOR X/CHARLES,X 43;
PROFESSOR X/CHARLES,X 44;
PROFESSOR X/CHARLES,X 47;
PROFESSOR X/CHARLES,X 48;
PROFESSOR X/CHARLES,X 5;
PROFESSOR X/CHARLES,X 50;
PROFESSOR X/CHARLES,X 51;
PROFESSOR X/CHARLES,X 53;
PROFESSOR X/CHARLES,X 54;
PROFESSOR X/CHARLES,X 55;
PROFESSOR X/CHARLES,X 56;
PROFESSOR X/CHARLES,X 57;
PROFESSOR X/CHARLES,X 65;
PROFESSOR X/CHARLES,X 66;
PROFESSOR X/CHARLES,X 67;
PROFESSOR X/CHARLES,X 8;
PROFESSOR X/CHARLES,X 83;
PROFESSOR X/CHARLES,X 84;
PROFESSOR X/CHARLES,X 85;
PROFESSOR X/CHARLES,X 86;
PROFESSOR X/CHARLES,X 87;
PROFESSOR X/CHARLES,X 88;
PROFESSOR X/CHARLES,X 89;
PROFESSOR X/CHARLES,X 90;
PROFESSOR X/CHARLES,X 91;
PROFESSOR X/CHARLES,X 94/2;
PROFESSOR X/CHARLES,X 95;
PROFESSOR X/CHARLES,X 96;
PROFESSOR X/CHARLES,X 97;
PROFESSOR X/CHARLES,X '98;
PROFESSOR X/CHARLES,X 98;
PROFESSOR X/CHARLES,X&AF 1;
PROFESSOR X/CHARLES,X&AF 2;
PROFESSOR X/CHARLES,X&AF2 1;
PROFESSOR X/CHARLES,X&AF2 2;
PROFESSOR X/CHARLES,XCAL 107;
PROFESSOR X/CHARLES,XCAL 17;
PROFESSOR X/CHARLES,XCAL 52;
PROFESSOR X/CHARLES,XCAL 79;
PROFESSOR X/CHARLES,XCAL 80;
PROFESSOR X/CHARLES,XCAL 81;
PROFESSOR X/CHARLES,XCAL 84;
PROFESSOR X/CHARLES,XCAL 85;
PROFESSOR X/CHARLES,XCAL 88;
PROFESSOR X/CHARLES,XCAL: XX CROSSING;
PROFESSOR X/CHARLES,X&CD 1;
PROFESSOR X/CHARLES,XCD 1;
PROFESSOR X/CHARLES,X&CD 2;
PROFESSOR X/CHARLES,XF 106;
PROFESSOR X/CHARLES,XF 50;
PROFESSOR X/CHARLES,XF 69;
PROFESSOR X/CHARLES,XF 70;
PROFESSOR X/CHARLES,XF 71;
PROFESSOR X/CHARLES,XF 78;
PROFESSOR X/CHARLES,XF 84;
PROFESSOR X/CHARLES,XF 86;
PROFESSOR X/CHARLES,XFOR 117;
PROFESSOR X/CHARLES,XFOR 17;
PROFESSOR X/CHARLES,XFOR 18;
PROFESSOR X/CHARLES,XFOR 38;
PROFESSOR X/CHARLES,XFOR 40;
PROFESSOR X/CHARLES,XFOR 43;
PROFESSOR X/CHARLES,XFOR 44;
PROFESSOR X/CHARLES,XFOR 45;
PROFESSOR X/CHARLES,XFOR 47;
PROFESSOR X/CHARLES,XFOR 48;
PROFESSOR X/CHARLES,X:HY 1;
PROFESSOR X/CHARLES,X:HY 10;
PROFESSOR X/CHARLES,X:HY 11;
PROFESSOR X/CHARLES,X:HY 12;
PROFESSOR X/CHARLES,X:HY 13;
PROFESSOR X/CHARLES,X:HY 14;
PROFESSOR X/CHARLES,X:HY 16;
PROFESSOR X/CHARLES,X:HY 17;
PROFESSOR X/CHARLES,X:HY 18;
PROFESSOR X/CHARLES,X:HY 19;
PROFESSOR X/CHARLES,X:HY 20;
PROFESSOR X/CHARLES,X:HY 21;
PROFESSOR X/CHARLES,X:HY 22;
PROFESSOR X/CHARLES,X:HY 3;
PROFESSOR X/CHARLES,X:HY 5;
PROFESSOR X/CHARLES,X:HY 6;
PROFESSOR X/CHARLES,X:HY 8;
PROFESSOR X/CHARLES,X:HY 9;
PROFESSOR X/CHARLES,X:L 1;
PROFESSOR X/CHARLES,X:L 2;
PROFESSOR X/CHARLES,X:L 3;
PROFESSOR X/CHARLES,X&M 1;
PROFESSOR X/CHARLES,XM 10;
PROFESSOR X/CHARLES,XM 11;
PROFESSOR X/CHARLES,XM 12;
PROFESSOR X/CHARLES,X&M 2;
PROFESSOR X/CHARLES,X&M 3;
PROFESSOR X/CHARLES,X&M 4;
PROFESSOR X/CHARLES,XM 5;
PROFESSOR X/CHARLES,XMF 3;
PROFESSOR X/CHARLES,X:MW 1;
PROFESSOR X/CHARLES,X:PRIME;
PROFESSOR X/CHARLES,XSOS 1;
PROFESSOR X/CHARLES,XSOS 2;
PROFESSOR X/CHARLES,XU 10;
PROFESSOR X/CHARLES,XU 23;
PROFESSOR X/CHARLES,XU 25;
PROFESSOR X/CHARLES,XU 29;
PROFESSOR X/CHARLES,XU 5;
PROFESSOR X/CHARLES,X: WEDDING ALBUM 1;
PROFESSOR X DOPPELGA,IW 1;
PROFESSOR X | EARTH,XM 71;
PROFESSOR X | EARTH,XM 72;
PROFESSOR X | MUTANT,MX 19;
PROFESSOR X | MUTANT,MX 21;
PROFESSOR X | MUTANT,MX 22;
PROFESSOR X | MUTANT,MX 23;
PROFESSOR X | MUTANT,MX 32;
PROGENITOR,XFOR 111;
PROJECTOR/,M:DS 1;
PROJECTOR/,QS 11;
PROJECTOR/,QS 12;
PROJECTOR/,QS 9;
PROJECTOR/,X:MW 1;
PRO, LE/,ASMU 12;
PRO, LE/,SCARSPI 1;
PRO, LE/,SSCARSPI 2;
PROMETHEUS II,H2 369;
PROMETHEUS II,H2 372;
PROMETHEUS II,H2 376;
PROMETHEUS II,H2 379;
PROMETHEUS II,H2 392;
PROMETHEUS II,H2 400;
PROMETHEUS II,H2 421;
PROMETHEUS II,H2 425;
PROMETHEUS II,H '97;
PROMETHEUS [OLYMPIAN,A 282;
PROMETHEUS [OLYMPIAN,A 283;
PROMETHEUS [OLYMPIAN,A 284;
PROMETHEUS [OLYMPIAN,A 285;
PROMETHEUS [OLYMPIAN,T 8;
PROSH,XFOR 39;
PROSH,XMF 1;
PROSH,XMF 2;
PROSH,XMF 3;
PROSH,XMF 4;
PROSH,XMF 5;
PROSH,XMF 6;
PROSPERO, DR./HARPER,W2 116;
PROSPERO, DR./HARPER,W2 117;
PROTECTOR III/,FF 205;
PROTECTOR III/,FF 208;
PROTECTOR III/,NO 8;
PROTECTOR III/,NO 9;
PROTECTOR III/,ROM 24;
PROTEUS II,CX 32;
PROTEUS II,CX 36/2;
PROTEUS II,UX 125;
PROTEUS II,UX 126;
PROTEUS II,UX 127;
PROTEUS II,UX 128;
PROTEUS II,UX 15;
PROTEUS II,XF 6;
PROTOCIDE/PRIVATE CL,CA '00;
PROTOCIDE/PRIVATE CL,CA3 28;
PROTOCIDE/PRIVATE CL,CA3 29;
PROTOCIDE/PRIVATE CL,CA3 30;
PROTOCIDE/PRIVATE CL,CA3 31;
PROTOCIDE/PRIVATE CL,CA3 33;
PROTOCIDE/PRIVATE CL,CA3 34;
PROTOCIDE/PRIVATE CL,CA3 35;
PROTOCIDE/PRIVATE CL,CA3 37;
PROTOCIDE/PRIVATE CL,CA3 38;
PROTO-GOBLIN/VAN ADD,SM -1;
PROUST, PAUL,ASMU 11;
PROUST, PAUL,BCAT 1;
PROUST, PAUL,BCAT 2;
PROUST, PAUL,BCAT 3;
PROUST, PAUL,BCAT 4;
PROUST, PAUL,WOSM 128;
PROVENZANO, PAULIE,UX 392;
PROVENZANO, PAULIE,UX 393;
PROVENZANO, PAULIE,X 112;
PROVENZANO, PAULIE,X 113;
PROWLER/HOBIE BROWN,ASM 25/3;
PROWLER/HOBIE BROWN,ASM 304;
PROWLER/HOBIE BROWN,ASM 305;
PROWLER/HOBIE BROWN,ASM 365/4;
PROWLER/HOBIE BROWN,ASM 78;
PROWLER/HOBIE BROWN,ASM 79;
PROWLER/HOBIE BROWN,ASM 87;
PROWLER/HOBIE BROWN,ASM 93;
PROWLER/HOBIE BROWN,ASMU 14;
PROWLER/HOBIE BROWN,DEF 62;
PROWLER/HOBIE BROWN,DEF 63;
PROWLER/HOBIE BROWN,DEF 64;
PROWLER/HOBIE BROWN,DHKF 21/2;
PROWLER/HOBIE BROWN,NT2 16;
PROWLER/HOBIE BROWN,PPTSS 10/2;
PROWLER/HOBIE BROWN,PPTSS 11/2;
PROWLER/HOBIE BROWN,PPTSS 12/3;
PROWLER/HOBIE BROWN,PPTSS 169;
PROWLER/HOBIE BROWN,PPTSS 170;
PROWLER/HOBIE BROWN,PPTSS 47;
PROWLER/HOBIE BROWN,PPTSS 9/2;
PROWLER/HOBIE BROWN,SENSM 16;
PROWLER/HOBIE BROWN,SENSM 17;
PROWLER/HOBIE BROWN,SENSM 18;
PROWLER/HOBIE BROWN,SENSM 25;
PROWLER/HOBIE BROWN,SENSM 26;
PROWLER/HOBIE BROWN,SENSM 27;
PROWLER/HOBIE BROWN,SENSM 28;
PROWLER/HOBIE BROWN,WOSM 50;
PROWLER/HOBIE BROWN,WOSM 7/6;
PROWLER/HOBIE BROWN,XCAL 36;
PROWLER III/RICK LAW,SENSM 16;
PROWLER III/RICK LAW,SENSM 17;
PROWLER III/RICK LAW,SENSM 18;
PRYDE, CARMEN,UX 129;
PRYDE, CARMEN,UX 131;
PRYDE, CARMEN,UX 143;
PRYDE, TERRI,UX 129;
PRYDE, TERRI,UX 131;
PRYDE, TERRI,UX 143;
PSI-BORG/,NF3 33;
PSI-BORG/,NF3 34;
PSI-BORG/,NF3 35;
PSI-BORG/,NF3 37;
PSI-BORG/,NF3 40;
PSI-BORG/,NF3 41;
PSI-BORG/,NF3 42;
PSI-LORD/FRANKLIN BE,A 383;
PSI-LORD/FRANKLIN BE,AR 2;
PSI-LORD/FRANKLIN BE,FF 388;
PSI-LORD/FRANKLIN BE,FF 389;
PSI-LORD/FRANKLIN BE,FF 390;
PSI-LORD/FRANKLIN BE,FF 391;
PSI-LORD/FRANKLIN BE,FF 392;
PSI-LORD/FRANKLIN BE,FF 400;
PSI-LORD/FRANKLIN BE,FF 410;
PSI-LORD/FRANKLIN BE,FF 411;
PSI-LORD/FRANKLIN BE,FF 412;
PSI-LORD/FRANKLIN BE,FF 413;
PSI-LORD/FRANKLIN BE,FFOR 1;
PSI-LORD/FRANKLIN BE,FFOR 10;
PSI-LORD/FRANKLIN BE,FFOR 10/2;
PSI-LORD/FRANKLIN BE,FFOR 11;
PSI-LORD/FRANKLIN BE,FFOR 12;
PSI-LORD/FRANKLIN BE,FFOR 13;
PSI-LORD/FRANKLIN BE,FFOR 14;
PSI-LORD/FRANKLIN BE,FFOR 15;
PSI-LORD/FRANKLIN BE,FFOR 16;
PSI-LORD/FRANKLIN BE,FFOR 17;
PSI-LORD/FRANKLIN BE,FFOR 2;
PSI-LORD/FRANKLIN BE,FFOR 3;
PSI-LORD/FRANKLIN BE,FFOR 4;
PSI-LORD/FRANKLIN BE,FFOR 5;
PSI-LORD/FRANKLIN BE,FFOR 6;
PSI-LORD/FRANKLIN BE,FFOR 7;
PSI-LORD/FRANKLIN BE,FFOR 8;
PSI-LORD/FRANKLIN BE,FFOR 9;
PSI-LORD/FRANKLIN BE,FFUP 2;
PSIMON,WLOCK3 3;
PSIMON,WLOCK3 4;
PSIMON,WLOCK3 5;
PSIREN,WLOCK3 1;
PSIREN,WLOCK3 2;
PSIREN,WLOCK3 3;
PSI-WOLF/NIKOLAI VON,DHAWK 17;
PSI-WOLF/NIKOLAI VON,DHAWK 18;
PSYCHE II/PSYKOS/RON,NEW ETERNALS;
PSYCHO-MAN,C2 38;
PSYCHO-MAN,C2 39;
PSYCHO-MAN,CM5 13;
PSYCHO-MAN,CM5 15;
PSYCHO-MAN,CM5 16;
PSYCHO-MAN,FF 279;
PSYCHO-MAN,FF 280;
PSYCHO-MAN,FF 281;
PSYCHO-MAN,FF 282;
PSYCHO-MAN,FF 283;
PSYCHO-MAN,FF 284;
PSYCHO-MAN,FF 5;
PSYCHO-MAN,FF 76;
PSYCHO-MAN,FF 77;
PSYCHO-MAN,FFU 8;
PSYCHO-MAN,IMSVS 2;
PSYCHO-MAN,MICRO 15;
PSYCHO-MAN,MICRO 16;
PSYCHO-MAN,MICRO 17;
PSYCHO-MAN,PPTSS 10;
PSYCHO-MAN,SS3 143;
PSYCHO-MAN,SS3 144;
PSYCHO-MAN,SS3 145;
PSYCHO-MAN,SWII 2;
PSYCHO-MAN,UX/FF '98;
PSYCHO-MAN,WLOCK3 5;
PSYCHO-MAN,WOSM 6;
PSYKLOP,A 88;
PSYKLOP,H2 140;
PSYKLOP,H2 202;
PSYKLOP,H2 203;
PSYLOCKE 2013,XCAL 94;
PSYLOCKE/ELISABETH B,AF 61;
PSYLOCKE/ELISABETH B,ARCHANGEL;
PSYLOCKE/ELISABETH B,BSHP 4;
PSYLOCKE/ELISABETH B,C2 16;
PSYLOCKE/ELISABETH B,C2 31;
PSYLOCKE/ELISABETH B,CB 10;
PSYLOCKE/ELISABETH B,CB 12;
PSYLOCKE/ELISABETH B,CB 15;
PSYLOCKE/ELISABETH B,CB 18;
PSYLOCKE/ELISABETH B,CB 20;
PSYLOCKE/ELISABETH B,CB 8;
PSYLOCKE/ELISABETH B,CB 9;
PSYLOCKE/ELISABETH B,CD 2;
PSYLOCKE/ELISABETH B,CD 3;
PSYLOCKE/ELISABETH B,CD 4;
PSYLOCKE/ELISABETH B,DAMCON3 4;
PSYLOCKE/ELISABETH B,DRSTR3 46;
PSYLOCKE/ELISABETH B,FF 367;
PSYLOCKE/ELISABETH B,FF 368;
PSYLOCKE/ELISABETH B,FF 369;
PSYLOCKE/ELISABETH B,FF 370;
PSYLOCKE/ELISABETH B,FFV.X 1;
PSYLOCKE/ELISABETH B,FFV.X 2;
PSYLOCKE/ELISABETH B,FFV.X 3;
PSYLOCKE/ELISABETH B,FFV.X 4;
PSYLOCKE/ELISABETH B,GR3 26;
PSYLOCKE/ELISABETH B,GR3 27;
PSYLOCKE/ELISABETH B,H2 340;
PSYLOCKE/ELISABETH B,IFW 2;
PSYLOCKE/ELISABETH B,IFW 3;
PSYLOCKE/ELISABETH B,IFW 4;
PSYLOCKE/ELISABETH B,IM3 1;
PSYLOCKE/ELISABETH B,IW 1;
PSYLOCKE/ELISABETH B,IW 2;
PSYLOCKE/ELISABETH B,IW 3;
PSYLOCKE/ELISABETH B,IW 4;
PSYLOCKE/ELISABETH B,IW 5;
PSYLOCKE/ELISABETH B,IW 6;
PSYLOCKE/ELISABETH B,MAXSEC 3;
PSYLOCKE/ELISABETH B,M/CP 89/4;
PSYLOCKE/ELISABETH B,MEPHV. 3;
PSYLOCKE/ELISABETH B,MEPHV. 4;
PSYLOCKE/ELISABETH B,MK3 41;
PSYLOCKE/ELISABETH B,M/SH3 6;
PSYLOCKE/ELISABETH B,M/SH3 7;
PSYLOCKE/ELISABETH B,M/SH3 8;
PSYLOCKE/ELISABETH B,NM 2;
PSYLOCKE/ELISABETH B,NM 46;
PSYLOCKE/ELISABETH B,NM 96;
PSYLOCKE/ELISABETH B,NM 97;
PSYLOCKE/ELISABETH B,NW 27;
PSYLOCKE/ELISABETH B,Q 38;
PSYLOCKE/ELISABETH B,SLEEP 18;
PSYLOCKE/ELISABETH B,SMTU 1;
PSYLOCKE/ELISABETH B,UX 10;
PSYLOCKE/ELISABETH B,UX 11;
PSYLOCKE/ELISABETH B,UX 12;
PSYLOCKE/ELISABETH B,UX 13;
PSYLOCKE/ELISABETH B,UX 13/2;
PSYLOCKE/ELISABETH B,UX 14/2;
PSYLOCKE/ELISABETH B,UX 211;
PSYLOCKE/ELISABETH B,UX 212;
PSYLOCKE/ELISABETH B,UX 213;
PSYLOCKE/ELISABETH B,UX 214;
PSYLOCKE/ELISABETH B,UX 215;
PSYLOCKE/ELISABETH B,UX 216;
PSYLOCKE/ELISABETH B,UX 217;
PSYLOCKE/ELISABETH B,UX 218;
PSYLOCKE/ELISABETH B,UX 219;
PSYLOCKE/ELISABETH B,UX 221;
PSYLOCKE/ELISABETH B,UX 222;
PSYLOCKE/ELISABETH B,UX 223;
PSYLOCKE/ELISABETH B,UX 224;
PSYLOCKE/ELISABETH B,UX 225;
PSYLOCKE/ELISABETH B,UX 226;
PSYLOCKE/ELISABETH B,UX 227;
PSYLOCKE/ELISABETH B,UX 228;
PSYLOCKE/ELISABETH B,UX 229;
PSYLOCKE/ELISABETH B,UX 230;
PSYLOCKE/ELISABETH B,UX 232;
PSYLOCKE/ELISABETH B,UX 233;
PSYLOCKE/ELISABETH B,UX 234;
PSYLOCKE/ELISABETH B,UX 235;
PSYLOCKE/ELISABETH B,UX 236;
PSYLOCKE/ELISABETH B,UX 237;
PSYLOCKE/ELISABETH B,UX 238;
PSYLOCKE/ELISABETH B,UX 239;
PSYLOCKE/ELISABETH B,UX 240;
PSYLOCKE/ELISABETH B,UX 241;
PSYLOCKE/ELISABETH B,UX 242;
PSYLOCKE/ELISABETH B,UX 243;
PSYLOCKE/ELISABETH B,UX 244;
PSYLOCKE/ELISABETH B,UX 245;
PSYLOCKE/ELISABETH B,UX 246;
PSYLOCKE/ELISABETH B,UX 247;
PSYLOCKE/ELISABETH B,UX 248;
PSYLOCKE/ELISABETH B,UX 249;
PSYLOCKE/ELISABETH B,UX 250;
PSYLOCKE/ELISABETH B,UX 251;
PSYLOCKE/ELISABETH B,UX 255;
PSYLOCKE/ELISABETH B,UX 256;
PSYLOCKE/ELISABETH B,UX 257;
PSYLOCKE/ELISABETH B,UX 258;
PSYLOCKE/ELISABETH B,UX 261;
PSYLOCKE/ELISABETH B,UX 268;
PSYLOCKE/ELISABETH B,UX 271;
PSYLOCKE/ELISABETH B,UX 272;
PSYLOCKE/ELISABETH B,UX 273;
PSYLOCKE/ELISABETH B,UX 274;
PSYLOCKE/ELISABETH B,UX 275;
PSYLOCKE/ELISABETH B,UX 276;
PSYLOCKE/ELISABETH B,UX 277;
PSYLOCKE/ELISABETH B,UX 278;
PSYLOCKE/ELISABETH B,UX 280;
PSYLOCKE/ELISABETH B,UX 295;
PSYLOCKE/ELISABETH B,UX 319;
PSYLOCKE/ELISABETH B,UX 320;
PSYLOCKE/ELISABETH B,UX 321;
PSYLOCKE/ELISABETH B,UX 322;
PSYLOCKE/ELISABETH B,UX 323;
PSYLOCKE/ELISABETH B,UX 324;
PSYLOCKE/ELISABETH B,UX 325;
PSYLOCKE/ELISABETH B,UX 328;
PSYLOCKE/ELISABETH B,UX 329;
PSYLOCKE/ELISABETH B,UX 330;
PSYLOCKE/ELISABETH B,UX 333;
PSYLOCKE/ELISABETH B,UX 334;
PSYLOCKE/ELISABETH B,UX 335;
PSYLOCKE/ELISABETH B,UX 336;
PSYLOCKE/ELISABETH B,UX 337;
PSYLOCKE/ELISABETH B,UX 338;
PSYLOCKE/ELISABETH B,UX 348;
PSYLOCKE/ELISABETH B,UX 349;
PSYLOCKE/ELISABETH B,UX 350;
PSYLOCKE/ELISABETH B,UX 353;
PSYLOCKE/ELISABETH B,UX 368;
PSYLOCKE/ELISABETH B,UX 375;
PSYLOCKE/ELISABETH B,UX 376;
PSYLOCKE/ELISABETH B,UX 377;
PSYLOCKE/ELISABETH B,UX 379;
PSYLOCKE/ELISABETH B,UX 385;
PSYLOCKE/ELISABETH B,UX 388;
PSYLOCKE/ELISABETH B,UX 389;
PSYLOCKE/ELISABETH B,W2 125;
PSYLOCKE/ELISABETH B,W2 126;
PSYLOCKE/ELISABETH B,W2 146;
PSYLOCKE/ELISABETH B,W2 147;
PSYLOCKE/ELISABETH B,W2 21;
PSYLOCKE/ELISABETH B,W2 85;
PSYLOCKE/ELISABETH B,W2 91;
PSYLOCKE/ELISABETH B,WIW 8;
PSYLOCKE/ELISABETH B,WM2 13;
PSYLOCKE/ELISABETH B,WM2 14;
PSYLOCKE/ELISABETH B,X '00;
PSYLOCKE/ELISABETH B,X 1;
PSYLOCKE/ELISABETH B,X 10;
PSYLOCKE/ELISABETH B,X 100;
PSYLOCKE/ELISABETH B,X 101;
PSYLOCKE/ELISABETH B,X 102;
PSYLOCKE/ELISABETH B,X 103;
PSYLOCKE/ELISABETH B,X 104;
PSYLOCKE/ELISABETH B,X 105;
PSYLOCKE/ELISABETH B,X 106;
PSYLOCKE/ELISABETH B,X 107;
PSYLOCKE/ELISABETH B,X 108;
PSYLOCKE/ELISABETH B,X 109;
PSYLOCKE/ELISABETH B,X 11;
PSYLOCKE/ELISABETH B,X 12;
PSYLOCKE/ELISABETH B,X 14;
PSYLOCKE/ELISABETH B,X 15;
PSYLOCKE/ELISABETH B,X 16;
PSYLOCKE/ELISABETH B,X 2;
PSYLOCKE/ELISABETH B,X 3;
PSYLOCKE/ELISABETH B,X 34;
PSYLOCKE/ELISABETH B,X 38;
PSYLOCKE/ELISABETH B,X 40;
PSYLOCKE/ELISABETH B,X 41;
PSYLOCKE/ELISABETH B,X 44;
PSYLOCKE/ELISABETH B,X 48;
PSYLOCKE/ELISABETH B,X 5;
PSYLOCKE/ELISABETH B,X 53;
PSYLOCKE/ELISABETH B,X 55;
PSYLOCKE/ELISABETH B,X 57;
PSYLOCKE/ELISABETH B,X 6;
PSYLOCKE/ELISABETH B,X 7;
PSYLOCKE/ELISABETH B,X 73;
PSYLOCKE/ELISABETH B,X 77;
PSYLOCKE/ELISABETH B,X 78;
PSYLOCKE/ELISABETH B,X 8;
PSYLOCKE/ELISABETH B,X 88;
PSYLOCKE/ELISABETH B,X 9;
PSYLOCKE/ELISABETH B,X '95/2;
PSYLOCKE/ELISABETH B,X 96;
PSYLOCKE/ELISABETH B,XCAL 100;
PSYLOCKE/ELISABETH B,XCAL 125;
PSYLOCKE/ELISABETH B,XCAL 2;
PSYLOCKE/ELISABETH B,XCAL2 1;
PSYLOCKE/ELISABETH B,XCAL2 2;
PSYLOCKE/ELISABETH B,XCAL2 3;
PSYLOCKE/ELISABETH B,XCAL2 4;
PSYLOCKE/ELISABETH B,XCAL 55;
PSYLOCKE/ELISABETH B,XCAL 56;
PSYLOCKE/ELISABETH B,XCAL 57;
PSYLOCKE/ELISABETH B,XCAL 58;
PSYLOCKE/ELISABETH B,XF 3;
PSYLOCKE/ELISABETH B,XF 38;
PSYLOCKE/ELISABETH B,XF 39;
PSYLOCKE/ELISABETH B,XF 62;
PSYLOCKE/ELISABETH B,XF 69;
PSYLOCKE/ELISABETH B,XF 84;
PSYLOCKE/ELISABETH B,XF 85;
PSYLOCKE/ELISABETH B,XF 86;
PSYLOCKE/ELISABETH B,XFOR 16;
PSYLOCKE/ELISABETH B,XFOR 18;
PSYLOCKE/ELISABETH B,X:PRIME;
PSYLOCKE/ELISABETH B,XU 29;
PSYLOCKE/ELISABETH B,XU 9;
PSYLOCKE/ELISABETH B,XV.A 1;
PSYLOCKE/ELISABETH B,XV.A 2;
PSYLOCKE/ELISABETH B,XV.A 3;
PSYLOCKE/ELISABETH B,XV.A 4;
PSYLOCKE/ELISABETH B,XX 1;
PSYLOCKE/ELISABETH B,XX 2;
PSYLOCKE/ELISABETH B,XX 3;
PSYNAPSE,UX 296;
PSYNAPSE,X 14;
PSYNAPSE,X 15;
PSYNAPSE,XF 65;
PSYNAPSE,XF 66;
PSYNAPSE,XFOR 17;
PSYNAPSE,XM 46;
PUCK DOPPELGANGER II,AF 111;
PUCK DOPPELGANGER II,IW 3;
PUCK DOPPELGANGER II,IW 4;
PUCK DOPPELGANGER,IW 1;
PUCK/EUGENE MILTON J,A 272;
PUCK/EUGENE MILTON J,A 320;
PUCK/EUGENE MILTON J,A 321;
PUCK/EUGENE MILTON J,A 322;
PUCK/EUGENE MILTON J,A 323;
PUCK/EUGENE MILTON J,A 324;
PUCK/EUGENE MILTON J,AF 1;
PUCK/EUGENE MILTON J,AF 100;
PUCK/EUGENE MILTON J,AF 101;
PUCK/EUGENE MILTON J,AF 102;
PUCK/EUGENE MILTON J,AF 103;
PUCK/EUGENE MILTON J,AF 104;
PUCK/EUGENE MILTON J,AF 105;
PUCK/EUGENE MILTON J,AF 106;
PUCK/EUGENE MILTON J,AF 109;
PUCK/EUGENE MILTON J,AF 109/2;
PUCK/EUGENE MILTON J,AF 110;
PUCK/EUGENE MILTON J,AF 111;
PUCK/EUGENE MILTON J,AF 112;
PUCK/EUGENE MILTON J,AF 113;
PUCK/EUGENE MILTON J,AF 114;
PUCK/EUGENE MILTON J,AF 115;
PUCK/EUGENE MILTON J,AF 12;
PUCK/EUGENE MILTON J,AF 13;
PUCK/EUGENE MILTON J,AF 14;
PUCK/EUGENE MILTON J,AF 15;
PUCK/EUGENE MILTON J,AF 16;
PUCK/EUGENE MILTON J,AF 17;
PUCK/EUGENE MILTON J,AF 18;
PUCK/EUGENE MILTON J,AF 19;
PUCK/EUGENE MILTON J,AF 2;
PUCK/EUGENE MILTON J,AF 20;
PUCK/EUGENE MILTON J,AF2 1;
PUCK/EUGENE MILTON J,AF2 10;
PUCK/EUGENE MILTON J,AF2 11;
PUCK/EUGENE MILTON J,AF2 12;
PUCK/EUGENE MILTON J,AF2 13;
PUCK/EUGENE MILTON J,AF2 14;
PUCK/EUGENE MILTON J,AF2 15;
PUCK/EUGENE MILTON J,AF2 16;
PUCK/EUGENE MILTON J,AF2 17;
PUCK/EUGENE MILTON J,AF2 18;
PUCK/EUGENE MILTON J,AF2 19;
PUCK/EUGENE MILTON J,AF2 2;
PUCK/EUGENE MILTON J,AF2 20;
PUCK/EUGENE MILTON J,AF 23;
PUCK/EUGENE MILTON J,AF2 3;
PUCK/EUGENE MILTON J,AF 24;
PUCK/EUGENE MILTON J,AF2 4;
PUCK/EUGENE MILTON J,AF 25;
PUCK/EUGENE MILTON J,AF2 5;
PUCK/EUGENE MILTON J,AF 26;
PUCK/EUGENE MILTON J,AF2 6;
PUCK/EUGENE MILTON J,AF 27;
PUCK/EUGENE MILTON J,AF2 7;
PUCK/EUGENE MILTON J,AF 28;
PUCK/EUGENE MILTON J,AF2 8;
PUCK/EUGENE MILTON J,AF 29;
PUCK/EUGENE MILTON J,AF2 9;
PUCK/EUGENE MILTON J,AF 30;
PUCK/EUGENE MILTON J,AF 31;
PUCK/EUGENE MILTON J,AF 32;
PUCK/EUGENE MILTON J,AF 33;
PUCK/EUGENE MILTON J,AF 34;
PUCK/EUGENE MILTON J,AF 35;
PUCK/EUGENE MILTON J,AF 36;
PUCK/EUGENE MILTON J,AF 37;
PUCK/EUGENE MILTON J,AF 38;
PUCK/EUGENE MILTON J,AF 39;
PUCK/EUGENE MILTON J,AF 40;
PUCK/EUGENE MILTON J,AF 41;
PUCK/EUGENE MILTON J,AF 42;
PUCK/EUGENE MILTON J,AF 43;
PUCK/EUGENE MILTON J,AF 44;
PUCK/EUGENE MILTON J,AF 45;
PUCK/EUGENE MILTON J,AF 46;
PUCK/EUGENE MILTON J,AF 48;
PUCK/EUGENE MILTON J,AF 49;
PUCK/EUGENE MILTON J,AF 5;
PUCK/EUGENE MILTON J,AF 50;
PUCK/EUGENE MILTON J,AF 59;
PUCK/EUGENE MILTON J,AF 60;
PUCK/EUGENE MILTON J,AF 67;
PUCK/EUGENE MILTON J,AF 75;
PUCK/EUGENE MILTON J,AF 76;
PUCK/EUGENE MILTON J,AF 78;
PUCK/EUGENE MILTON J,AF 79;
PUCK/EUGENE MILTON J,AF 81;
PUCK/EUGENE MILTON J,AF 82;
PUCK/EUGENE MILTON J,AF 87;
PUCK/EUGENE MILTON J,AF 88;
PUCK/EUGENE MILTON J,AF 89;
PUCK/EUGENE MILTON J,AF 90;
PUCK/EUGENE MILTON J,AF 91;
PUCK/EUGENE MILTON J,AF 94;
PUCK/EUGENE MILTON J,AF 95;
PUCK/EUGENE MILTON J,AF 96;
PUCK/EUGENE MILTON J,AF 98;
PUCK/EUGENE MILTON J,AF 99;
PUCK/EUGENE MILTON J,CRYS 11;
PUCK/EUGENE MILTON J,FF 367;
PUCK/EUGENE MILTON J,FF 368;
PUCK/EUGENE MILTON J,GENX 58;
PUCK/EUGENE MILTON J,H2 313;
PUCK/EUGENE MILTON J,IW 1;
PUCK/EUGENE MILTON J,IW 2;
PUCK/EUGENE MILTON J,IW 3;
PUCK/EUGENE MILTON J,IW 4;
PUCK/EUGENE MILTON J,MAV2 3;
PUCK/EUGENE MILTON J,M/CP 99/2;
PUCK/EUGENE MILTON J,M/FAN 28;
PUCK/EUGENE MILTON J,MK3 41;
PUCK/EUGENE MILTON J,MK3 43;
PUCK/EUGENE MILTON J,M/TU 7;
PUCK/EUGENE MILTON J,NW 27;
PUCK/EUGENE MILTON J,S-M 12;
PUCK/EUGENE MILTON J,SWII 4;
PUCK/EUGENE MILTON J,SWII 9;
PUCK/EUGENE MILTON J,UX 355;
PUCK/EUGENE MILTON J,UX 365;
PUCK/EUGENE MILTON J,W2 142;
PUCK/EUGENE MILTON J,W2 143;
PUCK/EUGENE MILTON J,W2 35;
PUCK/EUGENE MILTON J,W2 36;
PUCK/EUGENE MILTON J,W2 37;
PUCK/EUGENE MILTON J,WM2 13;
PUCK/EUGENE MILTON J,X&AF 1;
PUCK/EUGENE MILTON J,X&AF 2;
PUCK/EUGENE MILTON J,X&AF2 1;
PUCK/EUGENE MILTON J,X&AF2 2;
PUCK/EUGENE MILTON J,XF 116;
PUCK | MUTANT X-VERS,MX 3;
PUDDLEGULP,T 364;
PUDDLEGULP,T 365;
PUDDLEGULP,T 373;
PUDDLEGULP,T 502;
PUDDLEGULP,UX 10;
PUENTES, DONNA MARIA,CA 207;
PUENTES, DONNA MARIA,CA 208;
PUENTES, DONNA MARIA,CA 209;
PUENTES, DONNA MARIA,CA 210;
PUENTES, DONNA MARIA,CA 211;
PUENTES, DONNA MARIA,CA 212;
PUENTES, DONNA MARIA,CA 404;
PUENTES, DONNA MARIA,CA 404/2;
PUENTES, DONNA MARIA,CA 405/2;
PUENTES, DONNA MARIA,CA 409;
PUENTES, DONNA MARIA,Q 41;
PUFF ADDER,CA 337;
PUFF ADDER,CA 338;
PUFF ADDER,CA 341;
PUFF ADDER,CA 342;
PUFF ADDER,CA 355;
PUFF ADDER,CA 365/2;
PUFF ADDER,CA 367/2;
PUFF ADDER,CA 380;
PUFF ADDER,CA 381;
PUFF ADDER,CA 382;
PUFF ADDER,CA 386;
PUFF ADDER,CA 387;
PUFF ADDER,CA 434;
PUFF ADDER,CA 435;
PUFF ADDER,CA 436;
PUFF ADDER,CA 437;
PUFF ADDER,UX 13;
PULASKI, JOSEPHINE J,AAF 17;
PULSAR II/LAN,SK 2;
PULSAR II/LAN,SK 3;
PULSAR II/LAN,SK 4;
PULSAR II/LAN,SK 5;
PULSAR/PLOR,ROM 2;
PULSAR/PLOR,ROM 4;
PULSE II/,WOSM 92;
PULSE/,WOSM 91;
PULSSUS,AR 1;
PULSSUS,AR 2;
PULSSUS,FF 398;
PULSSUS,FF 399;
PULSSUS,FFOR 8;
PULSSUS,FFU 11;
PUMA/THOMAS FIREHEAR,A 304;
PUMA/THOMAS FIREHEAR,ASM 256;
PUMA/THOMAS FIREHEAR,ASM 257;
PUMA/THOMAS FIREHEAR,ASM 258;
PUMA/THOMAS FIREHEAR,ASM 272;
PUMA/THOMAS FIREHEAR,ASM 273;
PUMA/THOMAS FIREHEAR,ASM 274;
PUMA/THOMAS FIREHEAR,ASM 326;
PUMA/THOMAS FIREHEAR,ASM 395;
PUMA/THOMAS FIREHEAR,ASMU 15;
PUMA/THOMAS FIREHEAR,M/CP 44/4;
PUMA/THOMAS FIREHEAR,PPTSS 111;
PUMA/THOMAS FIREHEAR,PPTSS 151;
PUMA/THOMAS FIREHEAR,PPTSS 154;
PUMA/THOMAS FIREHEAR,PPTSS 156;
PUMA/THOMAS FIREHEAR,PPTSS 157;
PUMA/THOMAS FIREHEAR,PPTSS 161;
PUMA/THOMAS FIREHEAR,PPTSS 163;
PUMA/THOMAS FIREHEAR,PPTSS 166;
PUMA/THOMAS FIREHEAR,PPTSS 167;
PUMA/THOMAS FIREHEAR,PPTSS 168;
PUMA/THOMAS FIREHEAR,PPTSS 169;
PUMA/THOMAS FIREHEAR,PPTSS 170;
PUMA/THOMAS FIREHEAR,PPTSS 171;
PUMA/THOMAS FIREHEAR,PPTSS 172;
PUMA/THOMAS FIREHEAR,PPTSS 191;
PUMA/THOMAS FIREHEAR,PPTSS 192;
PUMA/THOMAS FIREHEAR,PPTSS 193;
PUMA/THOMAS FIREHEAR,PPTSS 218;
PUMA/THOMAS FIREHEAR,PPTSS 7;
PUMA/THOMAS FIREHEAR,RH2 6;
PUMA/THOMAS FIREHEAR,WOSM 50;
PUMA/THOMAS FIREHEAR,WOSM 58;
PUMA/THOMAS FIREHEAR,WOSM 59;
PUMA/THOMAS FIREHEAR,WOSM 60;
PUMA/THOMAS FIREHEAR,WOSM 65;
PUMPKIN,NW 1/5;
PUMPKIN,NW 2/3;
PUNCHOUT,C2 26;
PUNCHOUT,FF3 10;
PUNCHOUT,UX 235;
PUNCHOUT,UX 236;
PUNCHOUT,UX 264;
PUNISHER,FF3 29;
PUNISHER,FF 49;
PUNISHER,FF 74;
PUNISHER/FRANK CASTL,MX 18;
PUNISHER II/FRANK CA,ASM 129;
PUNISHER II/FRANK CA,ASM 134;
PUNISHER II/FRANK CA,ASM 135;
PUNISHER II/FRANK CA,ASM 15;
PUNISHER II/FRANK CA,ASM 161;
PUNISHER II/FRANK CA,ASM 162;
PUNISHER II/FRANK CA,ASM 174;
PUNISHER II/FRANK CA,ASM 175;
PUNISHER II/FRANK CA,ASM 201;
PUNISHER II/FRANK CA,ASM 202;
PUNISHER II/FRANK CA,ASM 284;
PUNISHER II/FRANK CA,ASM 285;
PUNISHER II/FRANK CA,ASM 288;
PUNISHER II/FRANK CA,ASM 330;
PUNISHER II/FRANK CA,ASM 331;
PUNISHER II/FRANK CA,ASM 353;
PUNISHER II/FRANK CA,ASM 354;
PUNISHER II/FRANK CA,ASM 355;
PUNISHER II/FRANK CA,ASM 356;
PUNISHER II/FRANK CA,ASM 357;
PUNISHER II/FRANK CA,ASM 358;
PUNISHER II/FRANK CA,CA 241;
PUNISHER II/FRANK CA,CAGE 3;
PUNISHER II/FRANK CA,CAGE 4;
PUNISHER II/FRANK CA,COH 2;
PUNISHER II/FRANK CA,DAMCON2 2;
PUNISHER II/FRANK CA,DAMCON2 4;
PUNISHER II/FRANK CA,DAMCON3 4;
PUNISHER II/FRANK CA,DD 181;
PUNISHER II/FRANK CA,DD 182;
PUNISHER II/FRANK CA,DD 183;
PUNISHER II/FRANK CA,DD 184;
PUNISHER II/FRANK CA,DD 257;
PUNISHER II/FRANK CA,DD 292;
PUNISHER II/FRANK CA,DD 293;
PUNISHER II/FRANK CA,DD 308;
PUNISHER II/FRANK CA,DD 309;
PUNISHER II/FRANK CA,DD 344;
PUNISHER II/FRANK CA,DE:A;
PUNISHER II/FRANK CA,DE:O;
PUNISHER II/FRANK CA,DHAWK 9;
PUNISHER II/FRANK CA,DLOK2 6;
PUNISHER II/FRANK CA,DLOK2 7;
PUNISHER II/FRANK CA,DS 3;
PUNISHER II/FRANK CA,GR3 5;
PUNISHER II/FRANK CA,GR3 6;
PUNISHER II/FRANK CA,GSS-M 4;
PUNISHER II/FRANK CA,H2 395;
PUNISHER II/FRANK CA,H2 396;
PUNISHER II/FRANK CA,H2 433;
PUNISHER II/FRANK CA,HFH 8;
PUNISHER II/FRANK CA,HFH 9;
PUNISHER II/FRANK CA,HOD;
PUNISHER II/FRANK CA,IMSVS 1/5;
PUNISHER II/FRANK CA,KZ4 15;
PUNISHER II/FRANK CA,KZ4 16;
PUNISHER II/FRANK CA,MAXSEC 1;
PUNISHER II/FRANK CA,MC:A;
PUNISHER II/FRANK CA,M/CP 101/4;
PUNISHER II/FRANK CA,M/CP 59/4;
PUNISHER II/FRANK CA,M/K 1;
PUNISHER II/FRANK CA,M/K 10;
PUNISHER II/FRANK CA,M/K 11;
PUNISHER II/FRANK CA,M/K 2;
PUNISHER II/FRANK CA,M/K 3;
PUNISHER II/FRANK CA,MK3 19;
PUNISHER II/FRANK CA,MK3 20;
PUNISHER II/FRANK CA,MK3 21;
PUNISHER II/FRANK CA,MK3 35;
PUNISHER II/FRANK CA,MK3 36;
PUNISHER II/FRANK CA,MK3 37;
PUNISHER II/FRANK CA,MK3 38;
PUNISHER II/FRANK CA,MK3 8;
PUNISHER II/FRANK CA,MK3 9;
PUNISHER II/FRANK CA,M/K 4;
PUNISHER II/FRANK CA,M/K 5;
PUNISHER II/FRANK CA,M/K 6;
PUNISHER II/FRANK CA,M/K 7;
PUNISHER II/FRANK CA,M/K 8;
PUNISHER II/FRANK CA,M/K 9;
PUNISHER II/FRANK CA,M/PRV 2;
PUNISHER II/FRANK CA,M/SA 1;
PUNISHER II/FRANK CA,N 16;
PUNISHER II/FRANK CA,N 18;
PUNISHER II/FRANK CA,N 19;
PUNISHER II/FRANK CA,N 20;
PUNISHER II/FRANK CA,NAM 52;
PUNISHER II/FRANK CA,NAM 53;
PUNISHER II/FRANK CA,NOM2 5;
PUNISHER II/FRANK CA,NOM2 6;
PUNISHER II/FRANK CA,NW 7;
PUNISHER II/FRANK CA,NW 8;
PUNISHER II/FRANK CA,NW 9;
PUNISHER II/FRANK CA,OE 5;
PUNISHER II/FRANK CA,PB;
PUNISHER II/FRANK CA,P:NE;
PUNISHER II/FRANK CA,P:P;
PUNISHER II/FRANK CA,PP 46;
PUNISHER II/FRANK CA,P:POV 1;
PUNISHER II/FRANK CA,P:POV 2;
PUNISHER II/FRANK CA,P:POV 3;
PUNISHER II/FRANK CA,P:POV 4;
PUNISHER II/FRANK CA,PPTSS 140;
PUNISHER II/FRANK CA,PPTSS 141;
PUNISHER II/FRANK CA,PPTSS 142;
PUNISHER II/FRANK CA,PPTSS 143;
PUNISHER II/FRANK CA,PPTSS 255;
PUNISHER II/FRANK CA,PPTSS 78;
PUNISHER II/FRANK CA,PPTSS 81;
PUNISHER II/FRANK CA,PPTSS 82;
PUNISHER II/FRANK CA,PPTSS 83;
PUNISHER II/FRANK CA,PSS 1;
PUNISHER II/FRANK CA,PSS 1/2;
PUNISHER II/FRANK CA,PSS 1/3;
PUNISHER II/FRANK CA,PSS 1/4;
PUNISHER II/FRANK CA,PUN 1;
PUNISHER II/FRANK CA,PUN 2;
PUNISHER II/FRANK CA,PUN2 1;
PUNISHER II/FRANK CA,PUN2 10;
PUNISHER II/FRANK CA,PUN2 11;
PUNISHER II/FRANK CA,PUN2 12;
PUNISHER II/FRANK CA,PUN2 13;
PUNISHER II/FRANK CA,PUN2 14;
PUNISHER II/FRANK CA,PUN2 15;
PUNISHER II/FRANK CA,PUN2 16;
PUNISHER II/FRANK CA,PUN2 17;
PUNISHER II/FRANK CA,PUN2 18;
PUNISHER II/FRANK CA,PUN2 19;
PUNISHER II/FRANK CA,PUN2 2;
PUNISHER II/FRANK CA,PUN2 20;
PUNISHER II/FRANK CA,PUN2 21;
PUNISHER II/FRANK CA,PUN2 22;
PUNISHER II/FRANK CA,PUN2 23;
PUNISHER II/FRANK CA,PUN2 24;
PUNISHER II/FRANK CA,PUN2 25;
PUNISHER II/FRANK CA,PUN2 26;
PUNISHER II/FRANK CA,PUN2 27;
PUNISHER II/FRANK CA,PUN2 28;
PUNISHER II/FRANK CA,PUN2 29;
PUNISHER II/FRANK CA,PUN2 3;
PUNISHER II/FRANK CA,PUN2 30;
PUNISHER II/FRANK CA,PUN2 31;
PUNISHER II/FRANK CA,PUN2 32;
PUNISHER II/FRANK CA,PUN2 33;
PUNISHER II/FRANK CA,PUN2 34;
PUNISHER II/FRANK CA,PUN2 35;
PUNISHER II/FRANK CA,PUN2 36;
PUNISHER II/FRANK CA,PUN2 37;
PUNISHER II/FRANK CA,PUN2 38;
PUNISHER II/FRANK CA,PUN2 39;
PUNISHER II/FRANK CA,PUN2 4;
PUNISHER II/FRANK CA,PUN2 40;
PUNISHER II/FRANK CA,PUN2 41;
PUNISHER II/FRANK CA,PUN2 42;
PUNISHER II/FRANK CA,PUN2 43;
PUNISHER II/FRANK CA,PUN2 44;
PUNISHER II/FRANK CA,PUN2 45;
PUNISHER II/FRANK CA,PUN2 46;
PUNISHER II/FRANK CA,PUN2 47;
PUNISHER II/FRANK CA,PUN2 48;
PUNISHER II/FRANK CA,PUN2 49;
PUNISHER II/FRANK CA,PUN2 5;
PUNISHER II/FRANK CA,PUN2 50;
PUNISHER II/FRANK CA,PUN2 51;
PUNISHER II/FRANK CA,PUN2 52;
PUNISHER II/FRANK CA,PUN2 53;
PUNISHER II/FRANK CA,PUN2 54;
PUNISHER II/FRANK CA,PUN2 55;
PUNISHER II/FRANK CA,PUN2 56;
PUNISHER II/FRANK CA,PUN2 57;
PUNISHER II/FRANK CA,PUN2 58;
PUNISHER II/FRANK CA,PUN2 59;
PUNISHER II/FRANK CA,PUN2 6;
PUNISHER II/FRANK CA,PUN2 60;
PUNISHER II/FRANK CA,PUN2 61;
PUNISHER II/FRANK CA,PUN2 62;
PUNISHER II/FRANK CA,PUN2 63;
PUNISHER II/FRANK CA,PUN2 64;
PUNISHER II/FRANK CA,PUN2 65;
PUNISHER II/FRANK CA,PUN2 66;
PUNISHER II/FRANK CA,PUN2 67;
PUNISHER II/FRANK CA,PUN2 68;
PUNISHER II/FRANK CA,PUN2 69;
PUNISHER II/FRANK CA,PUN2 7;
PUNISHER II/FRANK CA,PUN2 70;
PUNISHER II/FRANK CA,PUN2 71;
PUNISHER II/FRANK CA,PUN2 72;
PUNISHER II/FRANK CA,PUN2 73;
PUNISHER II/FRANK CA,PUN2 74;
PUNISHER II/FRANK CA,PUN2 75;
PUNISHER II/FRANK CA,PUN2 75/2;
PUNISHER II/FRANK CA,PUN2 75/3;
PUNISHER II/FRANK CA,PUN2 8;
PUNISHER II/FRANK CA,PUN2 9;
PUNISHER II/FRANK CA,PUN 3;
PUNISHER II/FRANK CA,PUN3 1;
PUNISHER II/FRANK CA,PUN3 2;
PUNISHER II/FRANK CA,PUN 3/3;
PUNISHER II/FRANK CA,PUN3 3;
PUNISHER II/FRANK CA,PUN 4;
PUNISHER II/FRANK CA,PUN4 1;
PUNISHER II/FRANK CA,PUN 4/2;
PUNISHER II/FRANK CA,PUN4 2;
PUNISHER II/FRANK CA,PUN 4/3;
PUNISHER II/FRANK CA,PUN4 3;
PUNISHER II/FRANK CA,PUN4 4;
PUNISHER II/FRANK CA,PUN 5;
PUNISHER II/FRANK CA,PUN5 1;
PUNISHER II/FRANK CA,PUN5 10;
PUNISHER II/FRANK CA,PUN5 11;
PUNISHER II/FRANK CA,PUN5 12;
PUNISHER II/FRANK CA,PUN5 3;
PUNISHER II/FRANK CA,PUN5 4;
PUNISHER II/FRANK CA,PUN5 5;
PUNISHER II/FRANK CA,PUN5 8;
PUNISHER II/FRANK CA,PUN5 9;
PUNISHER II/FRANK CA,PUN6 1;
PUNISHER II/FRANK CA,PUN6 2;
PUNISHER II/FRANK CA,PUN: ASSASSIN'S GUIL;
PUNISHER II/FRANK CA,PUN: INTRUDER;
PUNISHER II/FRANK CA,PUN: RETURN TO BIG N;
PUNISHER II/FRANK CA,PWJ 1;
PUNISHER II/FRANK CA,PWJ 10;
PUNISHER II/FRANK CA,PWJ 11;
PUNISHER II/FRANK CA,PWJ 12;
PUNISHER II/FRANK CA,PWJ 13;
PUNISHER II/FRANK CA,PWJ 14;
PUNISHER II/FRANK CA,PWJ 15;
PUNISHER II/FRANK CA,PWJ 16;
PUNISHER II/FRANK CA,PWJ 17;
PUNISHER II/FRANK CA,PWJ 18;
PUNISHER II/FRANK CA,PWJ 19;
PUNISHER II/FRANK CA,PWJ 20;
PUNISHER II/FRANK CA,PWJ 21;
PUNISHER II/FRANK CA,PWJ 22;
PUNISHER II/FRANK CA,PWJ 23;
PUNISHER II/FRANK CA,PWJ 24;
PUNISHER II/FRANK CA,PWJ 25;
PUNISHER II/FRANK CA,PWJ 26;
PUNISHER II/FRANK CA,PWJ 27;
PUNISHER II/FRANK CA,PWJ 28;
PUNISHER II/FRANK CA,PWJ 29;
PUNISHER II/FRANK CA,PWJ 3;
PUNISHER II/FRANK CA,PWJ 30;
PUNISHER II/FRANK CA,PWJ 31;
PUNISHER II/FRANK CA,PWJ 32;
PUNISHER II/FRANK CA,PWJ 33;
PUNISHER II/FRANK CA,PWJ 34;
PUNISHER II/FRANK CA,PWJ 35;
PUNISHER II/FRANK CA,PWJ 36;
PUNISHER II/FRANK CA,PWJ 37;
PUNISHER II/FRANK CA,PWJ 38;
PUNISHER II/FRANK CA,PWJ 39;
PUNISHER II/FRANK CA,PWJ 4;
PUNISHER II/FRANK CA,PWJ 40;
PUNISHER II/FRANK CA,PWJ 41;
PUNISHER II/FRANK CA,PWJ 42;
PUNISHER II/FRANK CA,PWJ 43;
PUNISHER II/FRANK CA,PWJ 44;
PUNISHER II/FRANK CA,PWJ 45;
PUNISHER II/FRANK CA,PWJ 46;
PUNISHER II/FRANK CA,PWJ 47;
PUNISHER II/FRANK CA,PWJ 48;
PUNISHER II/FRANK CA,PWJ 49;
PUNISHER II/FRANK CA,PWJ 5;
PUNISHER II/FRANK CA,PWJ 50;
PUNISHER II/FRANK CA,PWJ 50/2;
PUNISHER II/FRANK CA,PWJ 51;
PUNISHER II/FRANK CA,PWJ 6;
PUNISHER II/FRANK CA,PWJ 7;
PUNISHER II/FRANK CA,PWJ 8;
PUNISHER II/FRANK CA,PWJ 9;
PUNISHER II/FRANK CA,PWZ 1;
PUNISHER II/FRANK CA,PWZ 10;
PUNISHER II/FRANK CA,PWZ 11;
PUNISHER II/FRANK CA,PWZ 2;
PUNISHER II/FRANK CA,PWZ 3;
PUNISHER II/FRANK CA,PWZ 4;
PUNISHER II/FRANK CA,PWZ 5;
PUNISHER II/FRANK CA,PWZ 6;
PUNISHER II/FRANK CA,PWZ 7;
PUNISHER II/FRANK CA,PWZ 8;
PUNISHER II/FRANK CA,PWZ 9;
PUNISHER II/FRANK CA,Q 42;
PUNISHER II/FRANK CA,S-M 89;
PUNISHER II/FRANK CA,SMMM;
PUNISHER II/FRANK CA,SM/P:FP 1;
PUNISHER II/FRANK CA,SM/P:FP 2;
PUNISHER II/FRANK CA,ST2 12;
PUNISHER II/FRANK CA,ST2 13;
PUNISHER II/FRANK CA,ST2 14;
PUNISHER II/FRANK CA,TER 6;
PUNISHER II/FRANK CA,TER 7;
PUNISHER II/FRANK CA,UX 272;
PUNISHER II/FRANK CA,WOSM 127;
PUNISHER II/FRANK CA,WOSM 6/2;
PUNISHER II/FRANK CA,W/P 1;
PUNISHER II/FRANK CA,W/P 2;
PUNISHER II/FRANK CA,W/P 3;
PUNISHER,IM 110;
PUNISHER,IM 112;
PUPPET MASTER/PHILLI,A 63;
PUPPET MASTER/PHILLI,CM 14;
PUPPET MASTER/PHILLI,FF 100;
PUPPET MASTER/PHILLI,FF 14;
PUPPET MASTER/PHILLI,FF 170;
PUPPET MASTER/PHILLI,FF 236;
PUPPET MASTER/PHILLI,FF 246;
PUPPET MASTER/PHILLI,FF 28;
PUPPET MASTER/PHILLI,FF 3;
PUPPET MASTER/PHILLI,FF 300;
PUPPET MASTER/PHILLI,FF3 45;
PUPPET MASTER/PHILLI,FF 356;
PUPPET MASTER/PHILLI,FF 357;
PUPPET MASTER/PHILLI,FF 358;
PUPPET MASTER/PHILLI,FF 366;
PUPPET MASTER/PHILLI,FF 367;
PUPPET MASTER/PHILLI,FF 369;
PUPPET MASTER/PHILLI,FF 370;
PUPPET MASTER/PHILLI,FF 371;
PUPPET MASTER/PHILLI,FF 372;
PUPPET MASTER/PHILLI,FF 373;
PUPPET MASTER/PHILLI,FF 393;
PUPPET MASTER/PHILLI,FF 416;
PUPPET MASTER/PHILLI,FF 8;
PUPPET MASTER/PHILLI,FFOR 13;
PUPPET MASTER/PHILLI,MICRO 41;
PUPPET MASTER/PHILLI,M/TIO 60;
PUPPET MASTER/PHILLI,M/TIO 74;
PUPPET MASTER/PHILLI,M/TIO 9;
PUPPET MASTER/PHILLI,M/TU 5;
PUPPET MASTER/PHILLI,M/TU 6;
PUPPET MASTER/PHILLI,PP 60;
PUPPET MASTER/PHILLI,S-H2 47;
PUPPET MASTER/PHILLI,SS3 127;
PUPPET MASTER/PHILLI,SS3 128;
PUPPET MASTER/PHILLI,SS3 129;
PUPPET MASTER/PHILLI,SS3 130;
PUPPET MASTER/PHILLI,SS3 131;
PUPPET MASTER/PHILLI,SS3 132;
PUPPET MASTER/PHILLI,SS3 133;
PUPPET MASTER/PHILLI,SS3 134;
PUPPET MASTER/PHILLI,SS3 135;
PUPPET MASTER/PHILLI,SS3 136;
PUPPET MASTER/PHILLI,SS3 138;
PUPPET MASTER/PHILLI,ST 116;
PUPPET MASTER/PHILLI,ST 126;
PUPPET MASTER/PHILLI,ST 134;
PUPPET MASTER/PHILLI,SUB-M 14;
PUPPET MASTER/PHILLI,TG 34;
PUPPET MASTER/PHILLI,TG 5;
PUPPET MASTER/PHILLI,TG 6;
PUPPET MASTER/PHILLI,TTA 100;
PUPPET MASTER/PHILLI,TTA 78;
PUPPET MASTER/PHILLI,TTA 79;
PUPPET MASTER/PHILLI,TTA 80;
PUPPET MASTER/PHILLI,UX 27;
PUPPY,FF3 10;
PUPPY,FF3 20;
PUPPY,FF3 23;
PUPPY,FF3 24;
PUPPY,FF3 9;
PUPPY,FF '99;
PURL, DR. NOAH,ASMSS 1/3;
PURL, DR. NOAH,PPTSSSS 1/3;
PURL, DR. NOAH,WOSM 119;
PURL, DR. NOAH,WOSMSS 1/3;
PURPLE MAN/ZEBEDIAH,AF 41;
PURPLE MAN/ZEBEDIAH,AF 62;
PURPLE MAN/ZEBEDIAH,DD 147;
PURPLE MAN/ZEBEDIAH,DD 150;
PURPLE MAN/ZEBEDIAH,DD 154;
PURPLE MAN/ZEBEDIAH,DD 4;
PURPLE MAN/ZEBEDIAH,DD 88;
PURPLE MAN/ZEBEDIAH,DD 89;
PURPLE MAN/ZEBEDIAH,M/GN 27;
PURPLE MAN/ZEBEDIAH,M/TALES 100/2;
PURPLE MAN/ZEBEDIAH,M/TU 4;
PURPLE MAN/ZEBEDIAH,XM 34;
PURPLE MAN/ZEBEDIAH,XM 35;
PURPLE MAN/ZEBEDIAH,XM 36;
PURSUER,INH 11;
PURSUER,INH 12;
PUSHKIN, IVAN,MAV2 1;
PUSHKIN, IVAN,MAV2 10;
PUSHKIN, IVAN,MAV2 11;
PUSHKIN, IVAN,MAV2 12;
PUSHKIN, IVAN,MAV2 2;
PUSHKIN, IVAN,MAV2 3;
PUSHKIN, IVAN,MAV2 8;
PUSHKIN, IVAN,MAV2 9;
PYLLAR,JIM 504;
PYLLAR,JIM 505;
PYLLAR,JIM 508;
PYLLAR,JIM 509;
PYLLAR,JIM 511;
PYLLAR,JIM 512;
PYLLAR,JIM 513;
PYLLAR,T 500;
PYLLAR,T 501;
PYLLAR,T 502;
PYRAKH, COMMANDER,SS3 114;
PYRE II,XFOR 84;
PYRE II,XFOR 97;
PYRE,NS 2;
PYRO/ALLERDYCE JOHNN,A 10;
PYRO/ALLERDYCE JOHNN,A 15;
PYRO/ALLERDYCE JOHNN,A 312;
PYRO/ALLERDYCE JOHNN,AWC 84;
PYRO/ALLERDYCE JOHNN,C2 87;
PYRO/ALLERDYCE JOHNN,CA 333;
PYRO/ALLERDYCE JOHNN,CA 334;
PYRO/ALLERDYCE JOHNN,CA 339;
PYRO/ALLERDYCE JOHNN,CA 346;
PYRO/ALLERDYCE JOHNN,DD 269;
PYRO/ALLERDYCE JOHNN,DD 355;
PYRO/ALLERDYCE JOHNN,DHAWK 19;
PYRO/ALLERDYCE JOHNN,DHAWK 20;
PYRO/ALLERDYCE JOHNN,H2 369;
PYRO/ALLERDYCE JOHNN,M/CP 41/4;
PYRO/ALLERDYCE JOHNN,M/CP 84/4;
PYRO/ALLERDYCE JOHNN,M/CP 85/2;
PYRO/ALLERDYCE JOHNN,M/CP 86/2;
PYRO/ALLERDYCE JOHNN,M/FAN 60/2;
PYRO/ALLERDYCE JOHNN,M/SH3 11/3;
PYRO/ALLERDYCE JOHNN,NM 65;
PYRO/ALLERDYCE JOHNN,NM 7/2;
PYRO/ALLERDYCE JOHNN,NM 78;
PYRO/ALLERDYCE JOHNN,NM 80;
PYRO/ALLERDYCE JOHNN,NM 82;
PYRO/ALLERDYCE JOHNN,NM 86;
PYRO/ALLERDYCE JOHNN,NM 88;
PYRO/ALLERDYCE JOHNN,NM 89;
PYRO/ALLERDYCE JOHNN,PUN2 29;
PYRO/ALLERDYCE JOHNN,QS 6;
PYRO/ALLERDYCE JOHNN,QS 7;
PYRO/ALLERDYCE JOHNN,QS 8;
PYRO/ALLERDYCE JOHNN,QS 9;
PYRO/ALLERDYCE JOHNN,ROM 31;
PYRO/ALLERDYCE JOHNN,SLEEP 17;
PYRO/ALLERDYCE JOHNN,UX 141;
PYRO/ALLERDYCE JOHNN,UX 142;
PYRO/ALLERDYCE JOHNN,UX 15/2;
PYRO/ALLERDYCE JOHNN,UX 177;
PYRO/ALLERDYCE JOHNN,UX 178;
PYRO/ALLERDYCE JOHNN,UX 199;
PYRO/ALLERDYCE JOHNN,UX 206;
PYRO/ALLERDYCE JOHNN,UX 223;
PYRO/ALLERDYCE JOHNN,UX 224;
PYRO/ALLERDYCE JOHNN,UX 225;
PYRO/ALLERDYCE JOHNN,UX 226;
PYRO/ALLERDYCE JOHNN,UX 227;
PYRO/ALLERDYCE JOHNN,UX 255;
PYRO/ALLERDYCE JOHNN,UX 338;
PYRO/ALLERDYCE JOHNN,UX 351;
PYRO/ALLERDYCE JOHNN,UX 362;
PYRO/ALLERDYCE JOHNN,WCA 1;
PYRO/ALLERDYCE JOHNN,XF 10;
PYRO/ALLERDYCE JOHNN,XF 30;
PYRO/ALLERDYCE JOHNN,XF 31;
PYRO/ALLERDYCE JOHNN,XF 40;
PYRO/ALLERDYCE JOHNN,XF 6/2;
PYRO/ALLERDYCE JOHNN,XF 8;
PYRO/ALLERDYCE JOHNN,XF 82;
PYRO/ALLERDYCE JOHNN,XF 9;
PYRO/ALLERDYCE JOHNN,XFOR 6;
PYRO/ALLERDYCE JOHNN,XFOR 7;
PYRO/ALLERDYCE JOHNN,XMF 2;
PYRON/,DPOOL3 39;
PYRON/,DPOOL3 40;
QABIRI,XM 67;
QABIRI,XM 71;
QABIRI,XM 72;
QABIRI,XM 73;
Q,ASM2 27;
QIRMET,SS3 117;
QIRMET,SS3 118;
QIRMET,SS3 119;
QIRMET,SS3 121;
QNAX,H2 269;
QNAX,H2 270;
QNAX,H2 471;
QNAX,H2 472;
QNAX,H2 473;
QNAX,H2 474;
QNAX,TTA 73/2;
QNAX,TTA 74/2;
QUAGMIRE,M/CP 29/4;
QUAGMIRE,Q 35;
QUAGMIRE,Q 36;
QUAGMIRE,Q 37;
QUAGMIRE,Q 43;
QUAGMIRE,SQS 10;
QUAGMIRE,SQS 5;
QUAGMIRE,SQS 6;
QUAGMIRE,SQS 7;
QUAGMIRE,SQS 8;
QUAGMIRE,SQS 9;
QUANTUM,Q 4;
QUANTUM,WCA2 12;
QUANTUM,WCA2 13;
QUARK,M/FAN2 4;
QUARK,M/FAN2 5;
QUARK,X 1;
QUARRY,ABOM 2;
QUARRY,ABOM 3;
QUARTERMAIN, CLAY,C2 58;
QUARTERMAIN, CLAY,C2 61;
QUARTERMAIN, CLAY,C2 62;
QUARTERMAIN, CLAY,DEF 54/2;
QUARTERMAIN, CLAY,H 15;
QUARTERMAIN, CLAY,H2 187;
QUARTERMAIN, CLAY,H2 188;
QUARTERMAIN, CLAY,H2 192;
QUARTERMAIN, CLAY,H2 193;
QUARTERMAIN, CLAY,H2 194;
QUARTERMAIN, CLAY,H2 195;
QUARTERMAIN, CLAY,H2 196;
QUARTERMAIN, CLAY,H2 197;
QUARTERMAIN, CLAY,H2 198;
QUARTERMAIN, CLAY,H2 199;
QUARTERMAIN, CLAY,H2 200;
QUARTERMAIN, CLAY,H2 206;
QUARTERMAIN, CLAY,H2 207;
QUARTERMAIN, CLAY,H2 209;
QUARTERMAIN, CLAY,H2 210;
QUARTERMAIN, CLAY,H2 212;
QUARTERMAIN, CLAY,H2 213;
QUARTERMAIN, CLAY,H2 214;
QUARTERMAIN, CLAY,H2 215;
QUARTERMAIN, CLAY,H2 216;
QUARTERMAIN, CLAY,H2 219;
QUARTERMAIN, CLAY,H2 224;
QUARTERMAIN, CLAY,H2 226;
QUARTERMAIN, CLAY,H2 227;
QUARTERMAIN, CLAY,H2 228;
QUARTERMAIN, CLAY,H2 230;
QUARTERMAIN, CLAY,H2 231;
QUARTERMAIN, CLAY,H2 233;
QUARTERMAIN, CLAY,H2 234;
QUARTERMAIN, CLAY,H2 237;
QUARTERMAIN, CLAY,H2 238;
QUARTERMAIN, CLAY,H2 239;
QUARTERMAIN, CLAY,H2 240;
QUARTERMAIN, CLAY,H2 243;
QUARTERMAIN, CLAY,H2 315;
QUARTERMAIN, CLAY,H2 322;
QUARTERMAIN, CLAY,H2 323;
QUARTERMAIN, CLAY,H2 324;
QUARTERMAIN, CLAY,H2 325;
QUARTERMAIN, CLAY,H2 326;
QUARTERMAIN, CLAY,H2 327;
QUARTERMAIN, CLAY,H2 329;
QUARTERMAIN, CLAY,H2 330;
QUARTERMAIN, CLAY,H2 331;
QUARTERMAIN, CLAY,H2 332;
QUARTERMAIN, CLAY,H2 334;
QUARTERMAIN, CLAY,H2 336;
QUARTERMAIN, CLAY,H2 337;
QUARTERMAIN, CLAY,H2 338;
QUARTERMAIN, CLAY,H2 339;
QUARTERMAIN, CLAY,H2 340;
QUARTERMAIN, CLAY,H2 341;
QUARTERMAIN, CLAY,H2 342;
QUARTERMAIN, CLAY,H2 343;
QUARTERMAIN, CLAY,H2 344;
QUARTERMAIN, CLAY,H2 345;
QUARTERMAIN, CLAY,H2 346;
QUARTERMAIN, CLAY,H2 378;
QUARTERMAIN, CLAY,M/TU 83;
QUARTERMAIN, CLAY,M/TU 84;
QUARTERMAIN, CLAY,M/TU 85;
QUARTERMAIN, CLAY,NFAOS 2;
QUARTERMAIN, CLAY,NFV.S 1;
QUARTERMAIN, CLAY,NFV.S 2;
QUARTERMAIN, CLAY,NFV.S 3;
QUARTERMAIN, CLAY,NFV.S 5;
QUARTERMAIN, CLAY,NFV.S 6;
QUARTERMAIN, CLAY,ST 163;
QUARTERMAIN, CLAY,ST 167;
QUASAR DOPPELGANGER,FF 370;
QUASAR DOPPELGANGER,IW 1;
QUASAR II,INH3 3;
QUASAR II,INH3 4;
QUASAR III/WENDELL V,A 18;
QUASAR III/WENDELL V,A 18/2;
QUASAR III/WENDELL V,A 19;
QUASAR III/WENDELL V,A 19/3;
QUASAR III/WENDELL V,A 19/5;
QUASAR III/WENDELL V,A 20;
QUASAR III/WENDELL V,A 302;
QUASAR III/WENDELL V,A 303;
QUASAR III/WENDELL V,A 305;
QUASAR III/WENDELL V,A 306;
QUASAR III/WENDELL V,A 307;
QUASAR III/WENDELL V,A 308;
QUASAR III/WENDELL V,A3 1;
QUASAR III/WENDELL V,A 311;
QUASAR III/WENDELL V,A 317;
QUASAR III/WENDELL V,A 318;
QUASAR III/WENDELL V,A 319;
QUASAR III/WENDELL V,A3 2;
QUASAR III/WENDELL V,A 320;
QUASAR III/WENDELL V,A 321;
QUASAR III/WENDELL V,A 322;
QUASAR III/WENDELL V,A 323;
QUASAR III/WENDELL V,A 324;
QUASAR III/WENDELL V,A 325;
QUASAR III/WENDELL V,A 329;
QUASAR III/WENDELL V,A3 3;
QUASAR III/WENDELL V,A 330;
QUASAR III/WENDELL V,A 331;
QUASAR III/WENDELL V,A 332;
QUASAR III/WENDELL V,A 333;
QUASAR III/WENDELL V,A 334;
QUASAR III/WENDELL V,A 335;
QUASAR III/WENDELL V,A3 35;
QUASAR III/WENDELL V,A 336;
QUASAR III/WENDELL V,A 337;
QUASAR III/WENDELL V,A 338;
QUASAR III/WENDELL V,A3 38;
QUASAR III/WENDELL V,A 339;
QUASAR III/WENDELL V,A3 4;
QUASAR III/WENDELL V,A 345;
QUASAR III/WENDELL V,A 346;
QUASAR III/WENDELL V,AF 100;
QUASAR III/WENDELL V,AF 101;
QUASAR III/WENDELL V,AF 98;
QUASAR III/WENDELL V,AF 99;
QUASAR III/WENDELL V,AI 1;
QUASAR III/WENDELL V,AI 2;
QUASAR III/WENDELL V,AI 3;
QUASAR III/WENDELL V,AI 4;
QUASAR III/WENDELL V,ASM 348;
QUASAR III/WENDELL V,ASPOT 29/2;
QUASAR III/WENDELL V,AWC 4;
QUASAR III/WENDELL V,AWC 5;
QUASAR III/WENDELL V,AWC 54;
QUASAR III/WENDELL V,AWC 6;
QUASAR III/WENDELL V,AWC 63;
QUASAR III/WENDELL V,AWC 69;
QUASAR III/WENDELL V,AWC 80;
QUASAR III/WENDELL V,AWC 81;
QUASAR III/WENDELL V,AWC 82;
QUASAR III/WENDELL V,CA 217;
QUASAR III/WENDELL V,CA 218;
QUASAR III/WENDELL V,CA 228;
QUASAR III/WENDELL V,CA 229;
QUASAR III/WENDELL V,CA 230;
QUASAR III/WENDELL V,CA3 3;
QUASAR III/WENDELL V,CA 379;
QUASAR III/WENDELL V,CA 383;
QUASAR III/WENDELL V,CA 394;
QUASAR III/WENDELL V,CA 395;
QUASAR III/WENDELL V,CA 401;
QUASAR III/WENDELL V,COC 1;
QUASAR III/WENDELL V,COC 3;
QUASAR III/WENDELL V,DAZZ 10;
QUASAR III/WENDELL V,DAZZ 13;
QUASAR III/WENDELL V,DAZZ 21;
QUASAR III/WENDELL V,DAZZ 9;
QUASAR III/WENDELL V,DEF 62;
QUASAR III/WENDELL V,DEF 63;
QUASAR III/WENDELL V,DEF 64;
QUASAR III/WENDELL V,FF 22;
QUASAR III/WENDELL V,FF 367;
QUASAR III/WENDELL V,FF 368;
QUASAR III/WENDELL V,FF 369;
QUASAR III/WENDELL V,H2 232;
QUASAR III/WENDELL V,H2 233;
QUASAR III/WENDELL V,H2 234;
QUASAR III/WENDELL V,H2 279;
QUASAR III/WENDELL V,IG 2;
QUASAR III/WENDELL V,IG 3;
QUASAR III/WENDELL V,IG 4;
QUASAR III/WENDELL V,IG 6;
QUASAR III/WENDELL V,IMSVS 1/2;
QUASAR III/WENDELL V,IW 2;
QUASAR III/WENDELL V,IW 3;
QUASAR III/WENDELL V,IW 4;
QUASAR III/WENDELL V,IW 5;
QUASAR III/WENDELL V,MAXSEC 2;
QUASAR III/WENDELL V,MAXSEC 3;
QUASAR III/WENDELL V,M/CP 29/4;
QUASAR III/WENDELL V,M/TIO 53;
QUASAR III/WENDELL V,M/TIO 54;
QUASAR III/WENDELL V,M/TIO 55;
QUASAR III/WENDELL V,M/TIO 56;
QUASAR III/WENDELL V,M/TIO 57;
QUASAR III/WENDELL V,M/TIO 58;
QUASAR III/WENDELL V,M/TIO 67;
QUASAR III/WENDELL V,M/TIO 73;
QUASAR III/WENDELL V,M/TIO 74;
QUASAR III/WENDELL V,M/TIO 81;
QUASAR III/WENDELL V,M/TU 113;
QUASAR III/WENDELL V,M/TU 5;
QUASAR III/WENDELL V,N 1/3;
QUASAR III/WENDELL V,NW 1;
QUASAR III/WENDELL V,PPTSS 168;
QUASAR III/WENDELL V,PPTSS 169;
QUASAR III/WENDELL V,PPTSS 170;
QUASAR III/WENDELL V,Q 1;
QUASAR III/WENDELL V,Q 10;
QUASAR III/WENDELL V,Q 11;
QUASAR III/WENDELL V,Q 12;
QUASAR III/WENDELL V,Q 13;
QUASAR III/WENDELL V,Q 14;
QUASAR III/WENDELL V,Q 15;
QUASAR III/WENDELL V,Q 16;
QUASAR III/WENDELL V,Q 17;
QUASAR III/WENDELL V,Q 18;
QUASAR III/WENDELL V,Q 19;
QUASAR III/WENDELL V,Q 2;
QUASAR III/WENDELL V,Q 20;
QUASAR III/WENDELL V,Q 21;
QUASAR III/WENDELL V,Q 22;
QUASAR III/WENDELL V,Q 23;
QUASAR III/WENDELL V,Q 24;
QUASAR III/WENDELL V,Q 25;
QUASAR III/WENDELL V,Q 26;
QUASAR III/WENDELL V,Q 27;
QUASAR III/WENDELL V,Q 28;
QUASAR III/WENDELL V,Q 29;
QUASAR III/WENDELL V,Q 3;
QUASAR III/WENDELL V,Q 30;
QUASAR III/WENDELL V,Q 31;
QUASAR III/WENDELL V,Q 32;
QUASAR III/WENDELL V,Q 33;
QUASAR III/WENDELL V,Q 34;
QUASAR III/WENDELL V,Q 35;
QUASAR III/WENDELL V,Q 36;
QUASAR III/WENDELL V,Q 37;
QUASAR III/WENDELL V,Q 38;
QUASAR III/WENDELL V,Q 39;
QUASAR III/WENDELL V,Q 4;
QUASAR III/WENDELL V,Q 40;
QUASAR III/WENDELL V,Q 42;
QUASAR III/WENDELL V,Q 43;
QUASAR III/WENDELL V,Q 5;
QUASAR III/WENDELL V,Q 58;
QUASAR III/WENDELL V,Q 59;
QUASAR III/WENDELL V,Q 6;
QUASAR III/WENDELL V,Q 60;
QUASAR III/WENDELL V,Q 7;
QUASAR III/WENDELL V,Q 8;
QUASAR III/WENDELL V,Q 9;
QUASAR III/WENDELL V,SS3 111;
QUASAR III/WENDELL V,SS3 121;
QUASAR III/WENDELL V,SS3 122;
QUASAR III/WENDELL V,T 14;
QUASAR III/WENDELL V,T2 30;
QUASAR III/WENDELL V,T 420;
QUASAR III/WENDELL V,T 421;
QUASAR III/WENDELL V,T 427;
QUASAR III/WENDELL V,T 437;
QUASAR III/WENDELL V,WIW 8;
QUASAR III/WENDELL V,WM2 13;
QUASAR III/WENDELL V,WM2 14;
QUASAR III/WENDELL V,WM2 7;
QUASAR III/WENDELL V,WOSM 76;
QUASAR II,UX 107;
QUASAR II,UX 108;
QUASAR II,UX 157;
QUASAR II,XSOS 2;
QUASAR,IM 79;
QUASIMODO,A 135;
QUASIMODO,A 253;
QUASIMODO,AA2 14;
QUASIMODO,CM 7;
QUASIMODO,DEF2 1;
QUASIMODO,FF 202;
QUASIMODO,FF 4;
QUASIMODO,FF 5/2;
QUASIMODO,IM 12/2;
QUASIMODO,M/TU 22;
QUASIMODO,NO 25;
QUASIMODO,ROM 43;
QUASIMODO,ROM 44;
QUASIMODO,SMTU 2;
QUASIMODO,UX 48;
QUAYLE, DAN,AWC 79;
QUEEN DIVINE JUSTICE,BP3 13;
QUEEN DIVINE JUSTICE,BP3 15;
QUEEN DIVINE JUSTICE,BP3 16;
QUEEN DIVINE JUSTICE,BP3 17;
QUEEN DIVINE JUSTICE,BP3 18;
QUEEN DIVINE JUSTICE,BP3 19;
QUEEN DIVINE JUSTICE,BP3 20;
QUEEN DIVINE JUSTICE,BP3 21;
QUEEN DIVINE JUSTICE,BP3 22;
QUEEN DIVINE JUSTICE,BP3 24;
QUEEN DIVINE JUSTICE,BP3 25;
QUEEN DIVINE JUSTICE,BP3 26;
QUEEN DIVINE JUSTICE,BP3 27;
QUEEN DIVINE JUSTICE,BP3 28;
QUEEN DIVINE JUSTICE,BP3 29;
QUEEN DIVINE JUSTICE,BP3 31;
QUEEN DIVINE JUSTICE,BP3 32;
QUEEN DIVINE JUSTICE,BP3 33;
QUEEN DIVINE JUSTICE,BP3 34;
QUEEN DIVINE JUSTICE,UX 387;
QUEEN KNORDA/NORA QU,DF 1.1;
QUEEN KNORDA/NORA QU,DF 1.2;
QUEEN KNORDA/NORA QU,DF 2.3;
QUEEN KNORDA/NORA QU,DF 2.4;
QUEEN KNORDA/NORA QU,DF 3.5;
QUEEN KNORDA/NORA QU,DF 3.6;
QUEEN KNORDA/NORA QU,DF 4.7;
QUEEN KNORDA/NORA QU,DF 4.8;
QUEEN KNORDA/NORA QU,JIM 109/2;
QUEEN OF STAR SWORDS,XFOR 100;
QUENTINO,ASM '00/2;
QUENTINO,SSWP 2;
QUENTINO,SSWP 3;
QUENTINO,SSWP 4;
QUENTINO,SSWP 5;
QUENTINO,SSWP 6;
QUENTINO,SSWP 7;
QUENTIN, RALPH,GR2 63;
QUESADA, JOE,DD2 8;
QUESTA,GAM3 17;
QUESTA,GAM3 19;
QUESTA,GAM3 22;
QUESTA,R 3;
QUESTA,R 4;
QUICKSAND,CA 388;
QUICKSAND,CA 389;
QUICKSAND,CA 390;
QUICKSAND,CA 391;
QUICKSAND,T 392;
QUICKSAND,T 393;
QUICKSAND,T 402;
QUICKSAND,T 403;
QUICKSAND,TB 24;
QUICKSAND,TB 25;
QUICKSAND,TS 13;
QUICKSAND,TS 14;
QUICKSAND,TS 22;
QUICKSILVER DOPPELGA,IW 3;
QUICKSILVER DOPPELGA,IW 4;
QUICKSILVER | MUTANT,MX '01;
QUICKSILVER | MUTANT,MX 10;
QUICKSILVER | MUTANT,MX 11;
QUICKSILVER | MUTANT,MX 12;
QUICKSILVER/PIETRO M,A 1;
QUICKSILVER/PIETRO M,A 100;
QUICKSILVER/PIETRO M,A 101;
QUICKSILVER/PIETRO M,A 102;
QUICKSILVER/PIETRO M,A 103;
QUICKSILVER/PIETRO M,A 104;
QUICKSILVER/PIETRO M,A 110;
QUICKSILVER/PIETRO M,A 12;
QUICKSILVER/PIETRO M,A 127;
QUICKSILVER/PIETRO M,A 137;
QUICKSILVER/PIETRO M,A 15;
QUICKSILVER/PIETRO M,A 16;
QUICKSILVER/PIETRO M,A 17;
QUICKSILVER/PIETRO M,A 170;
QUICKSILVER/PIETRO M,A 172;
QUICKSILVER/PIETRO M,A 174;
QUICKSILVER/PIETRO M,A 175;
QUICKSILVER/PIETRO M,A 176;
QUICKSILVER/PIETRO M,A 177;
QUICKSILVER/PIETRO M,A 18;
QUICKSILVER/PIETRO M,A 181;
QUICKSILVER/PIETRO M,A 182;
QUICKSILVER/PIETRO M,A 183;
QUICKSILVER/PIETRO M,A 184;
QUICKSILVER/PIETRO M,A 185;
QUICKSILVER/PIETRO M,A 186;
QUICKSILVER/PIETRO M,A 187;
QUICKSILVER/PIETRO M,A 188;
QUICKSILVER/PIETRO M,A 19;
QUICKSILVER/PIETRO M,A 19/5;
QUICKSILVER/PIETRO M,A 20;
QUICKSILVER/PIETRO M,A 21;
QUICKSILVER/PIETRO M,A 22;
QUICKSILVER/PIETRO M,A 23;
QUICKSILVER/PIETRO M,A 234;
QUICKSILVER/PIETRO M,A 24;
QUICKSILVER/PIETRO M,A 243;
QUICKSILVER/PIETRO M,A 244;
QUICKSILVER/PIETRO M,A 245;
QUICKSILVER/PIETRO M,A 247;
QUICKSILVER/PIETRO M,A 25;
QUICKSILVER/PIETRO M,A 26;
QUICKSILVER/PIETRO M,A 27;
QUICKSILVER/PIETRO M,A 28;
QUICKSILVER/PIETRO M,A 280;
QUICKSILVER/PIETRO M,A 29;
QUICKSILVER/PIETRO M,A 30;
QUICKSILVER/PIETRO M,A 31;
QUICKSILVER/PIETRO M,A3 1;
QUICKSILVER/PIETRO M,A 32;
QUICKSILVER/PIETRO M,A3 2;
QUICKSILVER/PIETRO M,A3 24;
QUICKSILVER/PIETRO M,A3 25;
QUICKSILVER/PIETRO M,A 329;
QUICKSILVER/PIETRO M,A3 3;
QUICKSILVER/PIETRO M,A 332;
QUICKSILVER/PIETRO M,A 333;
QUICKSILVER/PIETRO M,A 334;
QUICKSILVER/PIETRO M,A3 38;
QUICKSILVER/PIETRO M,A3 39;
QUICKSILVER/PIETRO M,A3 4;
QUICKSILVER/PIETRO M,A3 40;
QUICKSILVER/PIETRO M,A3 41;
QUICKSILVER/PIETRO M,A3 42;
QUICKSILVER/PIETRO M,A 343;
QUICKSILVER/PIETRO M,A3 43;
QUICKSILVER/PIETRO M,A 350;
QUICKSILVER/PIETRO M,A 351;
QUICKSILVER/PIETRO M,A 36;
QUICKSILVER/PIETRO M,A 37;
QUICKSILVER/PIETRO M,A3 7;
QUICKSILVER/PIETRO M,A 374;
QUICKSILVER/PIETRO M,A 375;
QUICKSILVER/PIETRO M,A 377;
QUICKSILVER/PIETRO M,A 378;
QUICKSILVER/PIETRO M,A 38;
QUICKSILVER/PIETRO M,A 380;
QUICKSILVER/PIETRO M,A 381;
QUICKSILVER/PIETRO M,A 382;
QUICKSILVER/PIETRO M,A 383;
QUICKSILVER/PIETRO M,A 384;
QUICKSILVER/PIETRO M,A 385;
QUICKSILVER/PIETRO M,A 386;
QUICKSILVER/PIETRO M,A 387;
QUICKSILVER/PIETRO M,A 388;
QUICKSILVER/PIETRO M,A 389;
QUICKSILVER/PIETRO M,A 39;
QUICKSILVER/PIETRO M,A 390;
QUICKSILVER/PIETRO M,A 391;
QUICKSILVER/PIETRO M,A 392;
QUICKSILVER/PIETRO M,A 393;
QUICKSILVER/PIETRO M,A 394;
QUICKSILVER/PIETRO M,A 395;
QUICKSILVER/PIETRO M,A 396;
QUICKSILVER/PIETRO M,A 398;
QUICKSILVER/PIETRO M,A 399;
QUICKSILVER/PIETRO M,A 40;
QUICKSILVER/PIETRO M,A 400;
QUICKSILVER/PIETRO M,A 401;
QUICKSILVER/PIETRO M,A 402;
QUICKSILVER/PIETRO M,A 41;
QUICKSILVER/PIETRO M,A 42;
QUICKSILVER/PIETRO M,A 43;
QUICKSILVER/PIETRO M,A 44;
QUICKSILVER/PIETRO M,A 45;
QUICKSILVER/PIETRO M,A 46;
QUICKSILVER/PIETRO M,A 47;
QUICKSILVER/PIETRO M,A 48;
QUICKSILVER/PIETRO M,A 49;
QUICKSILVER/PIETRO M,A 53;
QUICKSILVER/PIETRO M,A 75;
QUICKSILVER/PIETRO M,A 76;
QUICKSILVER/PIETRO M,A 77;
QUICKSILVER/PIETRO M,A 78;
QUICKSILVER/PIETRO M,A 79;
QUICKSILVER/PIETRO M,A 8;
QUICKSILVER/PIETRO M,A 80;
QUICKSILVER/PIETRO M,A 81;
QUICKSILVER/PIETRO M,A 82;
QUICKSILVER/PIETRO M,A 83;
QUICKSILVER/PIETRO M,A 84;
QUICKSILVER/PIETRO M,A 85;
QUICKSILVER/PIETRO M,A 86;
QUICKSILVER/PIETRO M,A 87;
QUICKSILVER/PIETRO M,A 88;
QUICKSILVER/PIETRO M,A 89;
QUICKSILVER/PIETRO M,A 90;
QUICKSILVER/PIETRO M,A 91;
QUICKSILVER/PIETRO M,A 92;
QUICKSILVER/PIETRO M,A 93;
QUICKSILVER/PIETRO M,A 94;
QUICKSILVER/PIETRO M,A 95;
QUICKSILVER/PIETRO M,A 96;
QUICKSILVER/PIETRO M,A 97;
QUICKSILVER/PIETRO M,A 98;
QUICKSILVER/PIETRO M,A '99;
QUICKSILVER/PIETRO M,A 99;
QUICKSILVER/PIETRO M,AA2 8;
QUICKSILVER/PIETRO M,A:C;
QUICKSILVER/PIETRO M,AOI;
QUICKSILVER/PIETRO M,ASM 71;
QUICKSILVER/PIETRO M,AUP 6;
QUICKSILVER/PIETRO M,AWC 5;
QUICKSILVER/PIETRO M,AWC 56;
QUICKSILVER/PIETRO M,AWC 57;
QUICKSILVER/PIETRO M,AWC 60;
QUICKSILVER/PIETRO M,AWC 61;
QUICKSILVER/PIETRO M,AWC 62;
QUICKSILVER/PIETRO M,AWC 63;
QUICKSILVER/PIETRO M,AWC 65;
QUICKSILVER/PIETRO M,AWC 66;
QUICKSILVER/PIETRO M,AWC 67;
QUICKSILVER/PIETRO M,AWC 68;
QUICKSILVER/PIETRO M,AWC 69;
QUICKSILVER/PIETRO M,AWC 70;
QUICKSILVER/PIETRO M,AWC 83;
QUICKSILVER/PIETRO M,CA3 7;
QUICKSILVER/PIETRO M,CA 408/3;
QUICKSILVER/PIETRO M,CA 427;
QUICKSILVER/PIETRO M,CA 431;
QUICKSILVER/PIETRO M,CA 434;
QUICKSILVER/PIETRO M,CA 440;
QUICKSILVER/PIETRO M,CA 443;
QUICKSILVER/PIETRO M,CA 444;
QUICKSILVER/PIETRO M,CA 445;
QUICKSILVER/PIETRO M,COC 1;
QUICKSILVER/PIETRO M,DAMCON3 3;
QUICKSILVER/PIETRO M,DAZZ 32;
QUICKSILVER/PIETRO M,FF 12;
QUICKSILVER/PIETRO M,FF 131;
QUICKSILVER/PIETRO M,FF 132;
QUICKSILVER/PIETRO M,FF 150;
QUICKSILVER/PIETRO M,FF 158;
QUICKSILVER/PIETRO M,FF 159;
QUICKSILVER/PIETRO M,FF 160;
QUICKSILVER/PIETRO M,FF 18;
QUICKSILVER/PIETRO M,FF 20;
QUICKSILVER/PIETRO M,FF 21;
QUICKSILVER/PIETRO M,FF 21/2;
QUICKSILVER/PIETRO M,FF 239;
QUICKSILVER/PIETRO M,FF 240;
QUICKSILVER/PIETRO M,FF 248;
QUICKSILVER/PIETRO M,FF 3;
QUICKSILVER/PIETRO M,FF 304;
QUICKSILVER/PIETRO M,FF 305;
QUICKSILVER/PIETRO M,FF 306;
QUICKSILVER/PIETRO M,FF 367;
QUICKSILVER/PIETRO M,FF 400/2;
QUICKSILVER/PIETRO M,FFU 11;
QUICKSILVER/PIETRO M,FW 10/2;
QUICKSILVER/PIETRO M,FW 13;
QUICKSILVER/PIETRO M,FW 14;
QUICKSILVER/PIETRO M,GSA 1;
QUICKSILVER/PIETRO M,GUARD 1;
QUICKSILVER/PIETRO M,H2 128;
QUICKSILVER/PIETRO M,H2 153;
QUICKSILVER/PIETRO M,H2 175;
QUICKSILVER/PIETRO M,H2 279;
QUICKSILVER/PIETRO M,H2 390;
QUICKSILVER/PIETRO M,H2 391;
QUICKSILVER/PIETRO M,H2 392;
QUICKSILVER/PIETRO M,H2 434;
QUICKSILVER/PIETRO M,H2 440;
QUICKSILVER/PIETRO M,H2 445;
QUICKSILVER/PIETRO M,HFH 16;
QUICKSILVER/PIETRO M,HFH '98;
QUICKSILVER/PIETRO M,IM 322;
QUICKSILVER/PIETRO M,IM 323;
QUICKSILVER/PIETRO M,IM 324;
QUICKSILVER/PIETRO M,IM 325;
QUICKSILVER/PIETRO M,IM 326;
QUICKSILVER/PIETRO M,INH 12;
QUICKSILVER/PIETRO M,INH 3;
QUICKSILVER/PIETRO M,INH3 2;
QUICKSILVER/PIETRO M,INH 4;
QUICKSILVER/PIETRO M,INH 5;
QUICKSILVER/PIETRO M,INH 6;
QUICKSILVER/PIETRO M,INH 7;
QUICKSILVER/PIETRO M,INHUMANS GRAPHIC NOV;
QUICKSILVER/PIETRO M,IW 1;
QUICKSILVER/PIETRO M,IW 2;
QUICKSILVER/PIETRO M,IW 3;
QUICKSILVER/PIETRO M,IW 4;
QUICKSILVER/PIETRO M,JIM 109;
QUICKSILVER/PIETRO M,JIM 120;
QUICKSILVER/PIETRO M,KS;
QUICKSILVER/PIETRO M,KZ 1/2;
QUICKSILVER/PIETRO M,MARVELS 2;
QUICKSILVER/PIETRO M,MARVELS 3;
QUICKSILVER/PIETRO M,M:DS 1;
QUICKSILVER/PIETRO M,M:DS 2;
QUICKSILVER/PIETRO M,M:DS 3;
QUICKSILVER/PIETRO M,M:DS 4;
QUICKSILVER/PIETRO M,M/FAN 14/2;
QUICKSILVER/PIETRO M,M/GN 1;
QUICKSILVER/PIETRO M,M/H&L '96;
QUICKSILVER/PIETRO M,M/H&L '97;
QUICKSILVER/PIETRO M,MK3 41;
QUICKSILVER/PIETRO M,MR 1;
QUICKSILVER/PIETRO M,M/TIO 71;
QUICKSILVER/PIETRO M,M/TU 11;
QUICKSILVER/PIETRO M,M/TU 9;
QUICKSILVER/PIETRO M,N 58;
QUICKSILVER/PIETRO M,NW 27;
QUICKSILVER/PIETRO M,O:MU;
QUICKSILVER/PIETRO M,PXX 4;
QUICKSILVER/PIETRO M,Q 17;
QUICKSILVER/PIETRO M,QS 1;
QUICKSILVER/PIETRO M,QS 10;
QUICKSILVER/PIETRO M,QS 11;
QUICKSILVER/PIETRO M,QS 12;
QUICKSILVER/PIETRO M,QS 13;
QUICKSILVER/PIETRO M,QS 2;
QUICKSILVER/PIETRO M,QS 3;
QUICKSILVER/PIETRO M,QS 4;
QUICKSILVER/PIETRO M,QS 5;
QUICKSILVER/PIETRO M,QS 6;
QUICKSILVER/PIETRO M,QS 7;
QUICKSILVER/PIETRO M,QS 8;
QUICKSILVER/PIETRO M,QS 9;
QUICKSILVER/PIETRO M,SMTU 4;
QUICKSILVER/PIETRO M,ST 128;
QUICKSILVER/PIETRO M,SUB-M 35;
QUICKSILVER/PIETRO M,T 134;
QUICKSILVER/PIETRO M,T 233;
QUICKSILVER/PIETRO M,TB 11;
QUICKSILVER/PIETRO M,TB 12;
QUICKSILVER/PIETRO M,TB 9;
QUICKSILVER/PIETRO M,TG 3;
QUICKSILVER/PIETRO M,TOS 72/2;
QUICKSILVER/PIETRO M,TOS 91/2;
QUICKSILVER/PIETRO M,TOS 92/2;
QUICKSILVER/PIETRO M,TS 10;
QUICKSILVER/PIETRO M,TS 23;
QUICKSILVER/PIETRO M,TS 24;
QUICKSILVER/PIETRO M,TS 9;
QUICKSILVER/PIETRO M,UX 11;
QUICKSILVER/PIETRO M,UX 12/3;
QUICKSILVER/PIETRO M,UX 27;
QUICKSILVER/PIETRO M,UX 294;
QUICKSILVER/PIETRO M,UX 295;
QUICKSILVER/PIETRO M,UX 335;
QUICKSILVER/PIETRO M,UX 337;
QUICKSILVER/PIETRO M,UX 338;
QUICKSILVER/PIETRO M,UX 4;
QUICKSILVER/PIETRO M,UX 43;
QUICKSILVER/PIETRO M,UX 44;
QUICKSILVER/PIETRO M,UX 45;
QUICKSILVER/PIETRO M,UX 5;
QUICKSILVER/PIETRO M,UX 59;
QUICKSILVER/PIETRO M,UX 6;
QUICKSILVER/PIETRO M,UX 60;
QUICKSILVER/PIETRO M,UX 7;
QUICKSILVER/PIETRO M,UX '99;
QUICKSILVER/PIETRO M,V&SW 2;
QUICKSILVER/PIETRO M,V&SW2 10;
QUICKSILVER/PIETRO M,V&SW2 11;
QUICKSILVER/PIETRO M,V&SW2 5;
QUICKSILVER/PIETRO M,V&SW2 6;
QUICKSILVER/PIETRO M,V&SW2 8;
QUICKSILVER/PIETRO M,V&SW 4;
QUICKSILVER/PIETRO M,WCA 1;
QUICKSILVER/PIETRO M,WCA2 33;
QUICKSILVER/PIETRO M,WCA2 34;
QUICKSILVER/PIETRO M,WCA2 35;
QUICKSILVER/PIETRO M,WCA2 36;
QUICKSILVER/PIETRO M,WCA 4;
QUICKSILVER/PIETRO M,WOSM 4/3;
QUICKSILVER/PIETRO M,X -1;
QUICKSILVER/PIETRO M,X 111;
QUICKSILVER/PIETRO M,X 14;
QUICKSILVER/PIETRO M,X 15;
QUICKSILVER/PIETRO M,X 55;
QUICKSILVER/PIETRO M,X 57;
QUICKSILVER/PIETRO M,X 59;
QUICKSILVER/PIETRO M,XCAL 37;
QUICKSILVER/PIETRO M,XCAL 38;
QUICKSILVER/PIETRO M,XCAL 39;
QUICKSILVER/PIETRO M,XF 2;
QUICKSILVER/PIETRO M,XF 7;
QUICKSILVER/PIETRO M,XF 71;
QUICKSILVER/PIETRO M,XF 72;
QUICKSILVER/PIETRO M,XF 73;
QUICKSILVER/PIETRO M,XF 74;
QUICKSILVER/PIETRO M,XF 75;
QUICKSILVER/PIETRO M,XF 76;
QUICKSILVER/PIETRO M,XF 77;
QUICKSILVER/PIETRO M,XF 78;
QUICKSILVER/PIETRO M,XF 79;
QUICKSILVER/PIETRO M,XF 80;
QUICKSILVER/PIETRO M,XF 81;
QUICKSILVER/PIETRO M,XF 82;
QUICKSILVER/PIETRO M,XF 83;
QUICKSILVER/PIETRO M,XF 84;
QUICKSILVER/PIETRO M,XF 85;
QUICKSILVER/PIETRO M,XFOR 16;
QUICKSILVER/PIETRO M,XFOR 17;
QUICKSILVER/PIETRO M,XFOR 94;
QUICKSILVER/PIETRO M,XFOR 95;
QUICKSILVER/PIETRO M,X:MW 1;
QUICKSILVER/PIETRO M,XU 24/2;
QUICKSILVER/PIETRO M,XU 30/4;
QUIET BILL,GAM '00;
QUIET BILL,GAM3 24;
QUILL,ASPOT 29/2;
QUILL,CA 343;
QUILL,CA 346;
QUILL,FF 335;
QUINN, ASHLEY,DD2 8;
QUINN, MIRANDA/M'RYN,FF3 33;
QUINN, MIRANDA/M'RYN,FF3 34;
QUINN, MR.,FF3 33;
QUINN, MR.,FF3 34;
QUINN, PAMELA,MM 15;
QUINN, PAMELA,MM 16;
QUINN, PAMELA,MM 17;
QUINN, PAMELA,MM 18;
QUINN, PAMELA,MM 19;
QUINN, PAMELA,M/TIO 92;
QUINN, PAMELA,M/TU 3;
QUINN, PAMELA,M/TU 99;
QUINN, PAMELA,ROM 21;
QUISLING,A3 32;
QUISLING,A3 33;
QUORUM/,PPTSS 231;
Q'WAKE/QUAKE,FW 6;
Q'WAKE/QUAKE,IM 312;
RAA,A 21;
RAA,AVF 3;
RAA,FF 25;
RA'AL,XCAL 107;
RA'AL,XCAL 108;
RA'AL,XCAL 109;
RA'AL,XCAL 110;
RABBIT,AF 66;
RABBIT,AF 69;
RABBIT,XFOR 3;
RABIN, GRETTA,H2 386;
RABIN, GRETTA,H2 387;
RACAL, CONSTANTIN,XFOR 110;
RACAL, CONSTANTIN,XFOR 111;
RACAL, CONSTANTIN,XFOR 112;
RADCLIFFE, TODD,CB 17;
RADCLIFFE, TODD,CB 18;
RADCLIFFE, TODD,CB 19;
RADD, FENNAN,SS3 100;
RADD, FENNAN,SS3 101;
RADD, FENNAN,SS3 104;
RADIOACTIVE MAN/DR.,A 130;
RADIOACTIVE MAN/DR.,A 228;
RADIOACTIVE MAN/DR.,A 229;
RADIOACTIVE MAN/DR.,A 230;
RADIOACTIVE MAN/DR.,A 54;
RADIOACTIVE MAN/DR.,A 55;
RADIOACTIVE MAN/DR.,A 6;
RADIOACTIVE MAN/DR.,A 83;
RADIOACTIVE MAN/DR.,GSA 4;
RADIOACTIVE MAN/DR.,IM 179;
RADIOACTIVE MAN/DR.,IM 180;
RADIOACTIVE MAN/DR.,IM 181;
RADIOACTIVE MAN/DR.,IM 234;
RADIOACTIVE MAN/DR.,IM3 37;
RADIOACTIVE MAN/DR.,IM3 38;
RADIOACTIVE MAN/DR.,IM3 40;
RADIOACTIVE MAN/DR.,IM 73;
RADIOACTIVE MAN/DR.,IM 74;
RADIOACTIVE MAN/DR.,JIM 93;
RADIOACTIVE MAN/DR.,MARVELS 2;
RADIOACTIVE MAN/DR.,S-H2 24;
RADIOACTIVE MAN/DR.,TB 9;
RADIOACTIVE MAN/DR.,TB '97;
RADIOACTIVE MAN II/D,MASTERS OF EVIL;
RADION,IF 3;
RADION,IF 4;
RADION,M/TIO 9;
RADIUM,TB 8;
RADIUS/JARED CORBO,AF2 1;
RADIUS/JARED CORBO,AF2 10;
RADIUS/JARED CORBO,AF2 11;
RADIUS/JARED CORBO,AF2 12;
RADIUS/JARED CORBO,AF2 13;
RADIUS/JARED CORBO,AF2 14;
RADIUS/JARED CORBO,AF2 15;
RADIUS/JARED CORBO,AF2 16;
RADIUS/JARED CORBO,AF2 17;
RADIUS/JARED CORBO,AF2 18;
RADIUS/JARED CORBO,AF2 19;
RADIUS/JARED CORBO,AF2 2;
RADIUS/JARED CORBO,AF2 20;
RADIUS/JARED CORBO,AF2 3;
RADIUS/JARED CORBO,AF2 4;
RADIUS/JARED CORBO,AF2 5;
RADIUS/JARED CORBO,AF2 6;
RADIUS/JARED CORBO,AF2 7;
RADIUS/JARED CORBO,AF2 8;
RADIUS/JARED CORBO,AF2 9;
RADIUS/JARED CORBO,UX 355;
RADIUS/JARED CORBO,W2 142;
RAGA,IM 52;
RAGA,IM 53;
RAGAR,E 3;
RAGAR,E 8;
RAGAR,IM 6;
RAGA-SHAH,RH 9/2;
RAGA-SHAH,SAVAGE TALES 10;
RAGE/ELVIN DARYL HAL,A 20;
RAGE/ELVIN DARYL HAL,A3 1;
RAGE/ELVIN DARYL HAL,A3 13;
RAGE/ELVIN DARYL HAL,A3 2;
RAGE/ELVIN DARYL HAL,A 326;
RAGE/ELVIN DARYL HAL,A 327;
RAGE/ELVIN DARYL HAL,A 328;
RAGE/ELVIN DARYL HAL,A 329;
RAGE/ELVIN DARYL HAL,A3 3;
RAGE/ELVIN DARYL HAL,A 330;
RAGE/ELVIN DARYL HAL,A 331;
RAGE/ELVIN DARYL HAL,A 332;
RAGE/ELVIN DARYL HAL,A 333;
RAGE/ELVIN DARYL HAL,A 334;
RAGE/ELVIN DARYL HAL,A 335;
RAGE/ELVIN DARYL HAL,A 336;
RAGE/ELVIN DARYL HAL,A 337;
RAGE/ELVIN DARYL HAL,A 338;
RAGE/ELVIN DARYL HAL,A 339;
RAGE/ELVIN DARYL HAL,A3 4;
RAGE/ELVIN DARYL HAL,A 341;
RAGE/ELVIN DARYL HAL,A 342;
RAGE/ELVIN DARYL HAL,AWC 6;
RAGE/ELVIN DARYL HAL,CA 385;
RAGE/ELVIN DARYL HAL,HAWK2;
RAGE/ELVIN DARYL HAL,IM 303;
RAGE/ELVIN DARYL HAL,NO2 10;
RAGE/ELVIN DARYL HAL,NO2 7;
RAGE/ELVIN DARYL HAL,NT2 15;
RAGE/ELVIN DARYL HAL,NT2 16;
RAGE/ELVIN DARYL HAL,NT2 17;
RAGE/ELVIN DARYL HAL,NT2 18;
RAGE/ELVIN DARYL HAL,NT2 20;
RAGE/ELVIN DARYL HAL,NW2 1;
RAGE/ELVIN DARYL HAL,NW 22;
RAGE/ELVIN DARYL HAL,NW 23;
RAGE/ELVIN DARYL HAL,NW 24;
RAGE/ELVIN DARYL HAL,NW 25;
RAGE/ELVIN DARYL HAL,NW 26;
RAGE/ELVIN DARYL HAL,NW 27;
RAGE/ELVIN DARYL HAL,NW 29;
RAGE/ELVIN DARYL HAL,NW 30;
RAGE/ELVIN DARYL HAL,NW 50;
RAGE/ELVIN DARYL HAL,NW 51;
RAGE/ELVIN DARYL HAL,NW 52;
RAGE/ELVIN DARYL HAL,NW 53;
RAGE/ELVIN DARYL HAL,NW 57;
RAGE/ELVIN DARYL HAL,NW 60;
RAGE/ELVIN DARYL HAL,NW 63;
RAGE/ELVIN DARYL HAL,NW 64;
RAGE/ELVIN DARYL HAL,NW 72;
RAGE/ELVIN DARYL HAL,NW 73;
RAGE/ELVIN DARYL HAL,NW 74;
RAGE/ELVIN DARYL HAL,NW 75;
RAGE/ELVIN DARYL HAL,Q 28;
RAGE/ELVIN DARYL HAL,Q 60;
RAGE/ELVIN DARYL HAL,TB 8;
RAGE/ELVIN DARYL HAL,W2 134;
RAGGADORR,DRSTR3 49;
RAHL,DRSTR3 16;
RAHL,DRSTR3 24;
RAHN, TAMARA,A 155;
RAHN, TAMARA,A 156;
RAHN, TAMARA,N 33;
RAHN, TAMARA,N 54;
RAHN, TAMARA,N 55;
RAHN, TAMARA,N 56;
RAHN, TAMARA,N 58;
RAHN, TAMARA,SUB-M 58;
RAHN, TAMARA,SUB-M 59;
RAHN, TAMARA,SUB-M 60;
RAHN, TAMARA,SUB-M 61;
RAHN, TAMARA,SUB-M 62;
RAHN, TAMARA,SUB-M 64;
RAHN, TAMARA,SUB-M 67;
RAHN, TAMARA,SUB-M 68;
RAHN, TAMARA,SUB-M 70;
RAHN, TAMARA,SVTU 3;
RAHN, TAMARA,SVTU 7;
RAHN, TAMARA,SVTU 8;
RAHN, TAMARA,SVTU 9;
RAI,ABOM 1;
RAINBOW, BECKY,FF 192;
RAINBOW, BECKY,M/TIO 8;
RAINBOW,ROM 25;
RAINBOW,ROM 26;
RAINTREE, VIVIAN,V:F 1;
RAINTREE, VIVIAN,V:F 2;
RAINTREE, VIVIAN,V:F 3;
RAKESH,DS:WDS;
RAKIM, SEN. KAMAL,BP3 6;
RAKIM, SEN. KAMAL,BP3 8;
RAKKUS,A 381;
RAKKUS,A 382;
RAKSOR [SKRULL],A 14;
RAKSOR [SKRULL],FF 18;
RAKSOR [SKRULL],UX 137;
RALEIGH, RICHARD,ASM 116;
RALEIGH, RICHARD,ASM 117;
RALEIGH, RICHARD,ASM 118;
RALEIGH, RICHARD,DD 42;
RALEIGH, RICHARD,SPEC S-M 1;
RALF,DD 238;
RALF,DD 253;
RALF,DD2 8;
RALF,DD 5/3;
RALF,DD 6/2;
RALF,DD 7/4;
RALF,DD 8/4;
RALF,X 10;
RALSTON, SENATOR ROB,CA3 21/2;
RALSTON, SENATOR ROB,CA3 32;
RALSTON, SENATOR ROB,CA 383/2;
RALSTON, SENATOR ROB,CA 9/2;
RALSTON, SENATOR ROB,DF 2.4;
RALSTON, SENATOR ROB,H2 436;
RALSTON, SENATOR ROB,SGTF 1;
RALSTON, SENATOR ROB,SGTF 13;
RALSTON, SENATOR ROB,SGTF 2;
RAMA KALIPH,DRSTR2 15;
RAMA KALIPH,DRSTR2 16;
RAMA KALIPH,OE 2;
RAMA KALIPH,ST 136/2;
RAMAN,N 57;
RAMBEAU, FRANK,A 246;
RAMBEAU, FRANK,A 247;
RAMBEAU, FRANK,A 261;
RAMBEAU, FRANK,A 264;
RAMBEAU, FRANK,A 279;
RAMBEAU, FRANK,A 294;
RAMBEAU, FRANK,A3 16;
RAMBEAU, FRANK,AI 1;
RAMBEAU, FRANK,CMS 1;
RAMBEAU, MARIA,A 246;
RAMBEAU, MARIA,A 247;
RAMBEAU, MARIA,A 261;
RAMBEAU, MARIA,A 264;
RAMBEAU, MARIA,A 279;
RAMBEAU, MARIA,A 294;
RAMBEAU, MARIA,A3 27;
RAMBEAU, MARIA,AI 1;
RAMBEAU, MARIA,CMS 1;
RAMBO,SLEEP 1;
RAMBO,SLEEP 10;
RAMBO,SLEEP 11;
RAMBO,SLEEP 12;
RAMBO,SLEEP 13;
RAMBO,SLEEP 14;
RAMBO,SLEEP 15;
RAMBO,SLEEP 17;
RAMBO,SLEEP 19;
RAMBO,SLEEP 4;
RAMBO,SLEEP 6;
RAMBO,SLEEP 7;
RAMBO,SLEEP 9;
RAMBO,S-M 22;
RAMIREZ, ALMA,CA3 10;
RAMIREZ, ALMA,CA3 11;
RAMIREZ, ALMA,CA3 13;
RAMIREZ, ALMA,CA3 15;
RAMIREZ, ALMA,CA3 9;
RAMIREZ, JAVIER,CA3 10;
RAMIREZ, JAVIER,CA3 11;
RAMIREZ, JAVIER,CA3 13;
RAMIREZ, JAVIER,CA3 15;
RAMIREZ, JAVIER,CA3 20;
RAMIREZ, JAVIER,CA3 21;
RAMIREZ, JAVIER,CA3 28;
RAMIREZ, JAVIER,CA3 9;
RAMIREZ, LUIS,CA3 10;
RAMIREZ, LUIS,CA3 11;
RAMIREZ, LUIS,CA3 13;
RAMIREZ, LUIS,CA3 15;
RAMIREZ, LUIS,CA3 9;
RAMIREZ, MARTA,CA3 10;
RAMIREZ, MARTA,CA3 11;
RAMIREZ, MARTA,CA3 13;
RAMIREZ, MARTA,CA3 9;
RAMIREZ, ROSA,CA3 10;
RAMIREZ, ROSA,CA3 11;
RAMIREZ, ROSA,CA3 13;
RAMIREZ, ROSA,CA3 9;
RAMONDA,BP3 1;
RAMONDA,BP3 10;
RAMONDA,BP3 12;
RAMONDA,BP3 18;
RAMONDA,BP3 2;
RAMONDA,BP3 21;
RAMONDA,BP3 24;
RAMONDA,BP3 25;
RAMONDA,BP3 32;
RAMONDA,BP3 5;
RAMONDA,BP3 9;
RAMON,UX 25;
RAMON,UX 26;
RAMOS, MANUEL,BP3 2;
RAMOS, ROGER,CA3 5;
RAMPAGE/STUART CLARK,CHAMP 5;
RAMPAGE/STUART CLARK,CHAMP 6;
RAMPAGE/STUART CLARK,CHAMP 7;
RAMPAGE/STUART CLARK,CHAMP 8;
RAMPAGE/STUART CLARK,IM3 11;
RAMPAGE/STUART CLARK,IM3 19;
RAMPAGE/STUART CLARK,IM3 20;
RAMPAGE/STUART CLARK,PPTSS 17;
RAMPAGE/STUART CLARK,PPTSS 18;
RAMPAGE/STUART CLARK,WM2 17;
RAMPAGE/STUART CLARK,WM2 18;
RAMPAGE/STUART CLARK,WM2 5;
RAMPAGE/STUART CLARK,WM2 6;
RAMROD II,ASM 221;
RAMROD II,DD 103;
RAMROD II,DD 105;
RAMROD II,DD 106;
RAMROD II,DD 107;
RAMROD II,FF 335;
RAMROD III/,XF 75;
RAMROD,IM 36;
RAMROD,IM 37;
RAMSHOT/,TB 23;
RAMSHOT/,TB 28;
RAMSHOT/,TB 32;
RAM, SIR,HFH 15;
RAM, SIR,HFH 16;
RAM, SIR,HFH 17;
RAM, SIR,HFH '98;
RAM, SIR,QS 1;
RAM, SIR,QS 10;
RAM, SIR,QS 11;
RAM, SIR,QS 12;
RAM, SIR,QS 2;
RAM, SIR,QS 3;
RAM, SIR,QS 4;
RAM, SIR,QS 5;
RAM, SIR,QS 6;
RAM, SIR,QS 7;
RAM, SIR,QS 8;
RAM, SIR,QS 9;
RAM, SIR,XCAL 113;
RANDAK,AA2 10/2;
RANDEAU, DR.,ASM 422;
RANDEAU, DR.,S-M 83;
RAND, HEATHER DUNCAN,DHKF 19;
RAND, HEATHER DUNCAN,DHKF 20;
RAND, HEATHER DUNCAN,DHKF 22;
RAND, HEATHER DUNCAN,DHKF 23;
RAND, HEATHER DUNCAN,IFW 4;
RAND, HEATHER DUNCAN,M/PRM 15;
RANDI,ASM 20;
RANDI,ASM 271;
RANDI,ASM 276;
RANDI,ASM 300;
RANDI,ASM 326;
RANDI,M/TU 150;
RANDI,PPTSS 100;
RANDI,PPTSS 112;
RANDI,PPTSS 119;
RANDI,PPTSS 123;
RANDI,PPTSS 128;
RANDI,PPTSS 99;
RANDI,WOSM 1;
RANDI,WOSM 2;
RANDI,WOSM 38;
RANDOM,AWC 48;
RANDOM,AWC 49;
RANDOM II/MARSHALL E,QS 8;
RANDOM II/MARSHALL E,QS 9;
RANDOM II/MARSHALL E,X 112;
RANDOM II/MARSHALL E,XF 112;
RANDOM II/MARSHALL E,XF 115;
RANDOM II/MARSHALL E,XF 116;
RANDOM II/MARSHALL E,XF 117;
RANDOM II/MARSHALL E,XF 118;
RANDOM II/MARSHALL E,XF 124;
RANDOM II/MARSHALL E,XF 144;
RANGER I/,ASM2 22;
RANGER I/,ASM2 23;
RANGER I/,ASM2 24;
RANGER I/,ASM '99;
RANGER II,UX 261;
RANGER I/,PPSM2 1;
RANIER, MIKE,CA3 9;
RANN, COMMANDER ARCT,AF2 10;
RANN, COMMANDER ARCT,AF2 11;
RANN, COMMANDER ARCT,C2 38;
RANN, COMMANDER ARCT,C2 39;
RANN, COMMANDER ARCT,CM5 12;
RANN, COMMANDER ARCT,CM5 15;
RANN, COMMANDER ARCT,CM5 16;
RANN, COMMANDER ARCT,CM5 6;
RANN, COMMANDER ARCT,CM5 7;
RANSOME, DR. SUSAN,PPTSS 154;
RANSOME, DR. SUSAN,PPTSS 156;
RANSOME, DR. SUSAN,WOSM 54;
RANSOME, DR. SUSAN,WOSM 57;
RANSOME, DR. SUSAN,WOSM 58;
RANSOME, JENNIFER AM,C2 26;
RANSOME, JENNIFER AM,C2 29;
RANSOME, JENNIFER AM,FF3 10;
RANSOME, JENNIFER AM,M:DS 1;
RANSOME, JENNIFER AM,M:DS 2;
RANSOME, JENNIFER AM,M:DS 3;
RANSOME, JENNIFER AM,M:DS 4;
RANSOME, JENNIFER AM,MR 1;
RANSOME, JENNIFER AM,UX 235;
RANSOME, JENNIFER AM,UX 236;
RANSOME, JENNIFER AM,UX 237;
RANSOME, JENNIFER AM,UX 238;
RANSOME, JENNIFER AM,UX 259;
RANSOME, JENNIFER AM,UX 260;
RANSOME, JENNIFER AM,UX 262;
RANSOME, JENNIFER AM,UX 264;
RANSOME, JENNIFER AM,XCAL 87;
RANSOME, JENNIFER AM,XF 54;
RANSOME, JENNIFER AM,XF 83;
RANSOME, JENNIFER AM,XU 24/2;
RAPIDO,PUN2 65;
RAPIDO,PUN2 67;
RAPIDO,PUN2 68;
RAPIDO,PUN2 69;
RAPIDO,PUN2 70;
RAPIER,CA 319;
RAPIER,PPTSS 2;
RAPTAR,ASMU 15;
RAPTOR II/PROFESSOR,FF 394;
RAPTOR II/PROFESSOR,FF 395;
RAPTOR/PAUL HAZLETT,M/SH3 1;
RAPTURE/SISTER JOY,UX 360;
RAPTURE/SISTER JOY,X 80;
RAPUNZEL,M/:LG 10;
RAPUNZEL,M/:LG 11;
RAPUNZEL,X:HY 16;
RASCAL/,W2 124;
RASPUTINA, ALEXANDRA,CX 29/2;
RASPUTINA, ALEXANDRA,GSX 1;
RASPUTINA, ALEXANDRA,XCAL 107;
RASPUTINA, ILLYANA I,NM 73;
RASPUTINA, ILLYANA I,NM 74;
RASPUTINA, ILLYANA I,NM 75;
RASPUTINA, ILLYANA I,NM 76;
RASPUTINA, ILLYANA I,NM 77;
RASPUTINA, ILLYANA I,UX 160;
RASPUTINA, ILLYANA I,XCAL 8;
RASPUTIN,C&D3 1;
RASPUTIN, LUCIFER,DPOOL3 43;
RASPUTIN, MIKHAIL,C2 76;
RASPUTIN, MIKHAIL,NM:TD 1;
RASPUTIN, MIKHAIL,NM:TD 2;
RASPUTIN, MIKHAIL,NM:TD 3;
RASPUTIN, MIKHAIL,UX 285;
RASPUTIN, MIKHAIL,UX 286;
RASPUTIN, MIKHAIL,UX 290;
RASPUTIN, MIKHAIL,UX 291;
RASPUTIN, MIKHAIL,UX 292;
RASPUTIN, MIKHAIL,UX 293;
RASPUTIN, MIKHAIL,UX 373;
RASPUTIN, MIKHAIL,UX 374;
RASPUTIN, MIKHAIL,UX 375;
RASPUTIN, MIKHAIL,UX 376;
RASPUTIN, MIKHAIL,UX 377;
RASPUTIN, MIKHAIL,X 96;
RASPUTIN, MIKHAIL,X 97;
RASPUTIN, NIKOLAI,CX 29/2;
RASPUTIN, NIKOLAI,GSX 1;
RASPUTIN, NIKOLAI,XCAL 107;
RASPUTIN,ST 145/2;
RASSITANO, MAD DOG,DFSM 2;
RASSITANO, MAD DOG,DHAWK 23;
RASSITANO, MAD DOG,DHAWK 24;
RASSITANO, MAD DOG,FF 372;
RASSITANO, MAD DOG,JIM 505;
RASSITANO, MAD DOG,M/CP 112/2;
RASSITANO, MAD DOG,T 426;
RASSITANO, MAD DOG,T 427;
RASSITANO, MAD DOG,T 428;
RASSITANO, MAD DOG,T 429;
RASSITANO, MAD DOG,T 432;
RASSITANO, MAD DOG,T 433;
RASSITANO, MAD DOG,T 448;
RASSITANO, MAD DOG,T 449;
RASSITANO, MAD DOG,T 450;
RASSITANO, MAD DOG,T 451;
RASSITANO, MAD DOG,T 456;
RASSITANO, MAD DOG,TS 22;
RASSITANO, MAD DOG,XFOR 40;
RAT,AF 66;
RAT,AF 69;
RATLIFF, OFFICER LAR,DHAWK 7;
RATTACK,AA2 23;
RATTACK,AA2 24;
RATTLER,CA 310;
RATTLER,CA 311;
RATTLER,CA 313;
RATTLER,CA 315;
RATTLER,CA 319;
RATTLER,CA 341;
RATTLER,CA 342;
RATTLER,CA 343;
RATTLER,CA 365/2;
RATTLER,CA 367/2;
RATTLER,CA 380;
RATTLER,CA 381;
RATTLER,CA 382;
RATTLER,CA 434;
RATTLER,CA 435;
RATTLER,CA 436;
RATTLER,CA 437;
RATTLER,UX 13;
RAVAGE/PROF. GEOFFRE,M/CP 117/4;
RAVAGE/PROF. GEOFFRE,RH2 2;
RAVAGE/PROF. GEOFFRE,RH2 3;
RAVEN, HELEN,SM:LY 1;
RAVEN, HELEN,SM:LY 2;
RAVEN,IM 305;
RAVEN, LT. JACOB,ASM 400;
RAVEN, LT. JACOB,ASM 402;
RAVEN, LT. JACOB,ASM 403;
RAVEN, LT. JACOB,ASMU 9;
RAVEN, LT. JACOB,PPTSS 222;
RAVEN, LT. JACOB,PPTSS 223;
RAVEN, LT. JACOB,PPTSS 226;
RAVEN, LT. JACOB,PPTSS 231;
RAVEN, LT. JACOB,S-M 53;
RAVEN, LT. JACOB,S-M 54;
RAVEN, LT. JACOB,S-M 57;
RAVEN, LT. JACOB,S-M 59;
RAVEN, LT. JACOB,S-M 60;
RAVEN, LT. JACOB,SM:LY 1;
RAVEN, LT. JACOB,SM:LY 2;
RAVEN, LT. JACOB,SM:LY 3;
RAVEN, LT. JACOB,SSU 1;
RAVEN, LT. JACOB,WOSM 121;
RAVEN, LT. JACOB,WOSM 122;
RAVEN, LT. JACOB,WOSM 123;
RAVEN, LT. JACOB,WOSM 124;
RAVEN, LT. JACOB,WOSM 126;
RAVEN, MATTHEW,SM:LY 1;
RAVEN, MATTHEW,SM:LY 2;
RAVEN, MATTHEW,SM:LY 3;
RAVEN | MUTANT X-VER,MX '01;
RAVEN | MUTANT X-VER,MX 16;
RAVEN | MUTANT X-VER,MX 23;
RAVEN, SABBATH,HMAG 21/2;
RAVEN, SABBATH,HMAG 22/2;
RAVEN, SABBATH,HMAG 23/3;
RAVEN, SABBATH,HMAG 24/2;
RAVEN, SABBATH,HMAG 25/3;
RAVEN, SABBATH II/EL,IM 212;
RAVEN, SABBATH II/EL,IM 213;
RAVEN, SABBATH II/EL,M/PRM 56;
RAVEN, SABBATH II/EL,WOSM 10;
RAVEN, SABBATH II/EL,WOSM 71;
RAVEN, SABBATH II/EL,WOSM 72;
RAVEN, SABBATH,M/SH3 3;
RAVEN, SABBATH,WOSM 71;
RAVEN, SABBATH,WOSM 72;
RAVENWOOD,GENX 67;
RAVONNA LEXUS RENSLA,A 200;
RAVONNA LEXUS RENSLA,A 21;
RAVONNA LEXUS RENSLA,A 21/4;
RAVONNA LEXUS RENSLA,A 23;
RAVONNA LEXUS RENSLA,A 24;
RAVONNA LEXUS RENSLA,A 267;
RAVONNA LEXUS RENSLA,A 268;
RAVONNA LEXUS RENSLA,A 269;
RAVONNA LEXUS RENSLA,A 291;
RAVONNA LEXUS RENSLA,A 292;
RAVONNA LEXUS RENSLA,A 293;
RAVONNA LEXUS RENSLA,A 294;
RAVONNA LEXUS RENSLA,A 295;
RAVONNA LEXUS RENSLA,A 296;
RAVONNA LEXUS RENSLA,A 297;
RAVONNA LEXUS RENSLA,A 69;
RAVONNA LEXUS RENSLA,A 71;
RAVONNA LEXUS RENSLA,ASPOT 37;
RAVONNA LEXUS RENSLA,A:TERM OBJ 3;
RAVONNA LEXUS RENSLA,AVF 9;
RAVONNA LEXUS RENSLA,CA 11;
RAVONNA LEXUS RENSLA,FF 25;
RAVONNA LEXUS RENSLA,FF 337;
RAVONNA LEXUS RENSLA,FF 338;
RAVONNA LEXUS RENSLA,FF 339;
RAVONNA LEXUS RENSLA,FF 341;
RAVONNA LEXUS RENSLA,H2 135;
RAVONNA LEXUS RENSLA,T 17;
RAVONNA LEXUS RENSLA,T 17/4;
RAWHIDE KID,A 142;
RAWHIDE KID,A 143;
RAWHIDE KID,KID COLT OUTLAW 201;
RAWHIDE KID,M/HOL 1996/4;
RAWHIDE KID,WCA2 18;
RAX,GAM3 22;
RAX,X 100;
RAX,X 101;
RAX,X 106;
RAX,X 110;
RAX,X 99;
RAYMOND, ANN,AWC 48;
RAYMOND, ANN,AWC 50;
RAYMOND, ANN,AWC 51;
RAYMOND, ANN,AWC 52;
RAYMOND, ANN,AWC 53;
RAYMOND, ANN,AWC 56;
RAYMOND, ANN,AWC 63;
RAYMOND, ANN,AWC 65/2;
RAYMOND, ANN,N 11;
RAYMOND, ANN,N 12;
RAYMOND, ANN,N 9;
RAYMOND, ANN,PP 60;
RAYMOND, FRED,INV 22;
RAYMOND, HENRY/ADAM,GAM3 12;
RAYMOND, NORA JONES,INV 22;
RAZA LONGKNIFE,A 350;
RAZA LONGKNIFE,A 351;
RAZA LONGKNIFE,CX 14;
RAZA LONGKNIFE,CX 15;
RAZA LONGKNIFE,GAL 5;
RAZA LONGKNIFE,GAL 6;
RAZA LONGKNIFE,NM 19;
RAZA LONGKNIFE,NM 50;
RAZA LONGKNIFE,NM 51;
RAZA LONGKNIFE,SEX 1;
RAZA LONGKNIFE,UX 107;
RAZA LONGKNIFE,UX 108;
RAZA LONGKNIFE,UX 109;
RAZA LONGKNIFE,UX 154;
RAZA LONGKNIFE,UX 156;
RAZA LONGKNIFE,UX 157;
RAZA LONGKNIFE,UX 158;
RAZA LONGKNIFE,UX 167;
RAZA LONGKNIFE,UX 174;
RAZA LONGKNIFE,UX 175;
RAZA LONGKNIFE,UX 200;
RAZA LONGKNIFE,UX 201;
RAZA LONGKNIFE,UX 203;
RAZA LONGKNIFE,UX 275;
RAZA LONGKNIFE,UX 276;
RAZA LONGKNIFE,UX 277;
RAZA LONGKNIFE,UX 387;
RAZA LONGKNIFE,UX 391;
RAZA LONGKNIFE,W2 135;
RAZA LONGKNIFE,W2 136;
RAZA LONGKNIFE,W2 137;
RAZA LONGKNIFE,W2 138;
RAZA LONGKNIFE,WM2 8;
RAZA LONGKNIFE,XCAL 116;
RAZA LONGKNIFE,XCAL 17;
RAZA LONGKNIFE,XSOS 1;
RAZA LONGKNIFE,XSOS 2;
RAZORBACK/,FF3 24;
RAZORBACK/,PPTSS 13;
RAZORBACK/,PPTSS 14;
RAZORBACK/,PPTSS 15;
RAZORBACK/,S-H2 4;
RAZORBACK/,S-H2 44;
RAZORBACK/,S-H2 45;
RAZORBACK/,S-H2 46;
RAZORBACK/,S-H2 48;
RAZORBACK/,S-H2 5;
RAZORBACK/,S-H2 6;
RAZORBACK/,S-H2 7;
RAZORBLADE/,A 130;
RAZORBLADE/,CA 419;
RAZORBLADE II/,M/CP 107/3;
RAZORBLADE II/,M/CP 108/3;
RAZORBLADE II/,M/CP 109/3;
RAZORBLADE II/,M/CP 110/3;
RAZORBLADE II/,M/CP 111/3;
RAZORBLADE II/,M/CP 112/3;
RAZOR/,CAGE 5;
RAZORFIST III,ASPOT 24;
RAZORFIST III,ASPOT 25;
RAZORFIST III,M/CP 2;
RAZORFIST III,M/CP 3;
RAZORFIST III,M/CP 4;
RAZORFIST III,M/CP 7;
RAZORFIST III,M/CP 8;
RAZORFIST III,M/CP 9;
RAZORFIST III,MOKF 105;
RAZORFIST III,MOKF 106;
RAZORFIST III,S-M 81;
RAZORFIST III,WCA2 11;
RAZORFIST II,MOKF 105;
RAZORFIST II,MOKF 106;
RAZORFIST IV/MARCO S,T 497;
RAZORFIST,MOKF 30;
RAZORFIST,MOKF 31;
RAZORFIST ROBOT,MOKF 59;
RAZORFIST ROBOT,MOKF 60;
RAZORWIRE,ASMU 6/2;
RAZOR WIRE/,PPSM2 16;
REAGAN, NANCY,A 246;
REAGAN, RONALD,A 231;
REAGAN, RONALD,A 246;
REAGAN, RONALD,FF 178;
REAGAN, RONALD,FF 269;
REAGAN, RONALD,H 10;
REAGAN, RONALD,H2 264;
REAGAN, RONALD,H2 278;
REAGAN, RONALD,SWII 4;
REAGAN, RONALD,UX 142;
REAGAN, RONALD,UX 150;
REAGAN, RONALD,UX 201;
REANDEAU, DR.,ASM 426;
REANIMATOR/,W2 140;
REANIMATOR/,W2 149;
REAPER,CAPTAIN AMERICA COMI;
REAPER II,C 1;
REAPER II,C 2;
REAPER II,NM 100;
REAPER II,NM 87;
REAPER II,X 14;
REAPER II,X 15;
REAPER II,XF 77;
REAPER II,XF 78;
REAPER II,XF 85;
REAPER II,XFOR 1;
REAVER/JOSHUA STRAGG,CB 1;
REAVER/JOSHUA STRAGG,CB 2;
REAVES, VERNON,C2 94;
REBEL/,REBEL;
REBEL/,TB 51;
REBEL/,TB 52;
REBOUND/,M/:LG 5;
REBO,XU 21;
RECKLESS ERIC/,W2 154;
RECOIL/,PUN2 71;
RECOIL/,PUN2 72;
RECOIL/,PUN2 73;
RECOIL/,PUN2 74;
RECOIL/,PUN2 75;
RECORDER II,FW 11;
RECORDER II,FW 12;
RECORDER II,FW 13;
RECORDER II,FW 14;
RECORDER II,FW 2;
RECORDER II,FW 3;
RECORDER II,FW 4;
RECORDER II,FW 5;
RECORDER II,FW 5/2;
RECORDER II,FW 6;
RECORDER II,FW 8;
RECORDER II,IM 311;
RECORDER II,IM 312;
RECORDER II,T '00/2;
RECORDER II,T2 22;
RECORDER II,T2 23;
RECORDER II,T2 24;
RECORDER II,T2 25;
RECORDER II,T2 26;
RECORDER II,WARM 9;
REDEEMER/CRAIG SAUND,H2 317;
REDEEMER/CRAIG SAUND,H2 318;
REDEEMER/CRAIG SAUND,H2 319;
REDEEMER/CRAIG SAUND,H2 320;
REDEEMER/CRAIG SAUND,H2 321;
REDEEMER/CRAIG SAUND,H2 322;
REDEEMER/CRAIG SAUND,H2 325;
REDEEMER/CRAIG SAUND,H2 329;
REDEEMER/CRAIG SAUND,H2 330;
REDEEMER/CRAIG SAUND,H2 331;
REDEEMER/CRAIG SAUND,H2 334;
REDEEMER/CRAIG SAUND,H2 337;
REDEEMER/CRAIG SAUND,H2 341;
REDEEMER/CRAIG SAUND,H2 342;
REDEEMER/CRAIG SAUND,H2 343;
REDEEMER/CRAIG SAUND,H2 344;
REDEEMER/CRAIG SAUND,H2 345;
REDEEMER/CRAIG SAUND,H2 366;
RED GHOST/IVAN KRAGO,A 12;
RED GHOST/IVAN KRAGO,ASM 223;
RED GHOST/IVAN KRAGO,ASM 255;
RED GHOST/IVAN KRAGO,COC 1;
RED GHOST/IVAN KRAGO,DEF 7;
RED GHOST/IVAN KRAGO,DEF 8;
RED GHOST/IVAN KRAGO,DPOOL3 39;
RED GHOST/IVAN KRAGO,FF 13;
RED GHOST/IVAN KRAGO,FF 197;
RED GHOST/IVAN KRAGO,FF 29;
RED GHOST/IVAN KRAGO,FF 3;
RED GHOST/IVAN KRAGO,FF3 3;
RED GHOST/IVAN KRAGO,IM 15;
RED GHOST/IVAN KRAGO,IM 16;
RED GHOST/IVAN KRAGO,IM 82;
RED GHOST/IVAN KRAGO,IM 83;
RED GHOST/IVAN KRAGO,M/CP 87/3;
RED GHOST/IVAN KRAGO,M/CP 88/2;
RED GHOST/IVAN KRAGO,M/CP 91/2;
RED GHOST/IVAN KRAGO,M/CP 92/2;
RED GHOST/IVAN KRAGO,M/S&L /3;
RED GHOST/IVAN KRAGO,PP 61;
RED GHOST/IVAN KRAGO,PP 62;
RED GHOST/IVAN KRAGO,Q 6;
RED GHOST/IVAN KRAGO,W2 164;
RED GHOST/IVAN KRAGO,W2 165;
RED GUARDIAN II/ALEX,A 16;
RED GUARDIAN II/ALEX,A 353;
RED GUARDIAN II/ALEX,A 354;
RED GUARDIAN II/ALEX,A 43;
RED GUARDIAN II/ALEX,A 44;
RED GUARDIAN II/ALEX,BW:CW;
RED GUARDIAN III/DR.,A3 43;
RED GUARDIAN III/DR.,DEF 1;
RED GUARDIAN III/DR.,DEF 35;
RED GUARDIAN III/DR.,DEF 36;
RED GUARDIAN III/DR.,DEF 37;
RED GUARDIAN III/DR.,DEF 38;
RED GUARDIAN III/DR.,DEF 39;
RED GUARDIAN III/DR.,DEF 40;
RED GUARDIAN III/DR.,DEF 41;
RED GUARDIAN III/DR.,DEF 42;
RED GUARDIAN III/DR.,DEF 43;
RED GUARDIAN III/DR.,DEF 44;
RED GUARDIAN III/DR.,DEF 45;
RED GUARDIAN III/DR.,DEF 46;
RED GUARDIAN III/DR.,DEF 49;
RED GUARDIAN III/DR.,DEF 51;
RED GUARDIAN III/DR.,DEF 52;
RED GUARDIAN III/DR.,DEF 53;
RED GUARDIAN III/DR.,DEF 54;
RED GUARDIAN III/DR.,DEF 55;
RED GUARDIAN III/DR.,DEF 56;
RED GUARDIAN III/DR.,DEF 59;
RED GUARDIAN III/DR.,DEF 61;
RED GUARDIAN III/DR.,DEF 64;
RED GUARDIAN III/DR.,DEF 65;
RED GUARDIAN III/DR.,H2 206;
RED GUARDIAN III/DR.,H2 207;
RED GUARDIAN III/DR.,H2 250;
RED GUARDIAN III/DR.,H2 258;
RED GUARDIAN III/DR.,H2 259;
RED GUARDIAN III/DR.,M/CP 70/4;
RED GUARDIAN III/DR.,Q 14;
RED GUARDIAN III/DR.,Q 19;
RED GUARDIAN III/DR.,Q 20;
RED GUARDIAN III/DR.,Q 23;
RED GUARDIAN III/DR.,Q 60;
RED GUARDIAN IV,CA 352;
RED GUARDIAN IV,CA 353;
RED GUARDIAN V,A 319;
RED GUARDIAN V,A 320;
RED GUARDIAN V,A 321;
RED GUARDIAN V,A 322;
RED GUARDIAN V,A 323;
RED GUARDIAN V,A 324;
RED GUARDIAN V,A3 42;
RED GUARDIAN V,A3 43;
RED GUARDIAN V,H2 393;
RED GUARDIAN V,IM3 10;
RED GUARDIAN V,IM3 9;
RED GUARDIAN V,SSS 1;
RED GUARDIAN V,TB 25;
RED GUARDIAN V,XF 6;
REDJEK/,FF3 18;
RED QUEEN,XCAL 52;
RED QUEEN,XCAL 54;
RED RAVEN,DEF2 6;
RED RAVEN II,FF 405;
RED RAVEN II,M/SH3 8/2;
RED RAVEN II,SUB-M 26;
RED RAVEN II,UX 44;
RED RAVEN,INV 35;
RED RAVEN,INV 36;
RED RAVEN,INV 37;
RED RAVEN,INV 38;
RED RAVEN,INV 6;
RED RAVEN,M/PRM 29;
RED RAVEN,M/PRM 30;
RED RAVEN,M/SH3 8/2;
RED RAVEN,M/TIO 1;
RED RAVEN,RED RAVEN 1;
RED RAVEN,UX 44;
RED RONIN,A 197;
RED RONIN,A 198;
RED RONIN,A 199;
RED RONIN,GZIL 17;
RED RONIN,SOLOA 15/2;
RED RONIN,TM:WY 1;
RED SHIFT,GAL 1;
RED SHIFT,GAL 2;
RED SKULL II/ALBERT,ASM 5;
RED SKULL II/ALBERT,CA 155;
RED SKULL II/ALBERT,CA 347;
RED SKULL II/ALBERT,CA'S WEIRD TALES 74;
RED SKULL II/ALBERT,SOLOA 6;
RED SKULL II/ALBERT,YOUNG MEN 24;
RED SKULL/JOHANN SCH,A 19/3;
RED SKULL/JOHANN SCH,A 312;
RED SKULL/JOHANN SCH,A 313;
RED SKULL/JOHANN SCH,A 385;
RED SKULL/JOHANN SCH,A 386;
RED SKULL/JOHANN SCH,A 387;
RED SKULL/JOHANN SCH,A 388;
RED SKULL/JOHANN SCH,ASM 325;
RED SKULL/JOHANN SCH,ASM 366;
RED SKULL/JOHANN SCH,ASM 367;
RED SKULL/JOHANN SCH,AT 4/2;
RED SKULL/JOHANN SCH,AT 5/2;
RED SKULL/JOHANN SCH,AWC 55;
RED SKULL/JOHANN SCH,CA 101;
RED SKULL/JOHANN SCH,CA 102;
RED SKULL/JOHANN SCH,CA 103;
RED SKULL/JOHANN SCH,CA 104;
RED SKULL/JOHANN SCH,CA 115;
RED SKULL/JOHANN SCH,CA 116;
RED SKULL/JOHANN SCH,CA 117;
RED SKULL/JOHANN SCH,CA 118;
RED SKULL/JOHANN SCH,CA 119;
RED SKULL/JOHANN SCH,CA 129;
RED SKULL/JOHANN SCH,CA 143;
RED SKULL/JOHANN SCH,CA 145;
RED SKULL/JOHANN SCH,CA 148;
RED SKULL/JOHANN SCH,CA 182;
RED SKULL/JOHANN SCH,CA 184;
RED SKULL/JOHANN SCH,CA 185;
RED SKULL/JOHANN SCH,CA 186;
RED SKULL/JOHANN SCH,CA 210;
RED SKULL/JOHANN SCH,CA 211;
RED SKULL/JOHANN SCH,CA 212;
RED SKULL/JOHANN SCH,CA 226;
RED SKULL/JOHANN SCH,CA 227;
RED SKULL/JOHANN SCH,CA 261;
RED SKULL/JOHANN SCH,CA 262;
RED SKULL/JOHANN SCH,CA 263;
RED SKULL/JOHANN SCH,CA 290;
RED SKULL/JOHANN SCH,CA 293;
RED SKULL/JOHANN SCH,CA 294;
RED SKULL/JOHANN SCH,CA 295;
RED SKULL/JOHANN SCH,CA 296;
RED SKULL/JOHANN SCH,CA 297;
RED SKULL/JOHANN SCH,CA 298;
RED SKULL/JOHANN SCH,CA 300;
RED SKULL/JOHANN SCH,CA 301;
RED SKULL/JOHANN SCH,CA3 14;
RED SKULL/JOHANN SCH,CA3 15;
RED SKULL/JOHANN SCH,CA3 16;
RED SKULL/JOHANN SCH,CA3 17;
RED SKULL/JOHANN SCH,CA3 19;
RED SKULL/JOHANN SCH,CA3 41;
RED SKULL/JOHANN SCH,CA3 45;
RED SKULL/JOHANN SCH,CA 350;
RED SKULL/JOHANN SCH,CA 350/2;
RED SKULL/JOHANN SCH,CA 364;
RED SKULL/JOHANN SCH,CA 365;
RED SKULL/JOHANN SCH,CA 366;
RED SKULL/JOHANN SCH,CA 367;
RED SKULL/JOHANN SCH,CA 369/2;
RED SKULL/JOHANN SCH,CA 370;
RED SKULL/JOHANN SCH,CA 376;
RED SKULL/JOHANN SCH,CA 377;
RED SKULL/JOHANN SCH,CA 378;
RED SKULL/JOHANN SCH,CA 383/4;
RED SKULL/JOHANN SCH,CA 387/2;
RED SKULL/JOHANN SCH,CA 388/2;
RED SKULL/JOHANN SCH,CA 389/2;
RED SKULL/JOHANN SCH,CA 391/2;
RED SKULL/JOHANN SCH,CA 393;
RED SKULL/JOHANN SCH,CA 394;
RED SKULL/JOHANN SCH,CA 395;
RED SKULL/JOHANN SCH,CA 396;
RED SKULL/JOHANN SCH,CA 397;
RED SKULL/JOHANN SCH,CA 398/2;
RED SKULL/JOHANN SCH,CA 407/2;
RED SKULL/JOHANN SCH,CA 409;
RED SKULL/JOHANN SCH,CA 437;
RED SKULL/JOHANN SCH,CA 440;
RED SKULL/JOHANN SCH,CA 441;
RED SKULL/JOHANN SCH,CA 445;
RED SKULL/JOHANN SCH,CA 446;
RED SKULL/JOHANN SCH,CA 447;
RED SKULL/JOHANN SCH,CA 448;
RED SKULL/JOHANN SCH,CA 9/2;
RED SKULL/JOHANN SCH,CAPTAIN AMERICA COMI;
RED SKULL/JOHANN SCH,CA:SL2 1;
RED SKULL/JOHANN SCH,CB 15;
RED SKULL/JOHANN SCH,CB 16;
RED SKULL/JOHANN SCH,CB 17;
RED SKULL/JOHANN SCH,CB 18;
RED SKULL/JOHANN SCH,CB 20;
RED SKULL/JOHANN SCH,CB 21;
RED SKULL/JOHANN SCH,CB 22;
RED SKULL/JOHANN SCH,CB 23;
RED SKULL/JOHANN SCH,CB 24;
RED SKULL/JOHANN SCH,CB 25;
RED SKULL/JOHANN SCH,CB 26;
RED SKULL/JOHANN SCH,CB 27;
RED SKULL/JOHANN SCH,FF3 23;
RED SKULL/JOHANN SCH,FF3 27;
RED SKULL/JOHANN SCH,INV 5;
RED SKULL/JOHANN SCH,INV 6;
RED SKULL/JOHANN SCH,M/PRM 30;
RED SKULL/JOHANN SCH,M/U 1;
RED SKULL/JOHANN SCH,NF3 20;
RED SKULL/JOHANN SCH,NF3 22;
RED SKULL/JOHANN SCH,NF3 23;
RED SKULL/JOHANN SCH,NF3 26;
RED SKULL/JOHANN SCH,SVTU 10;
RED SKULL/JOHANN SCH,SVTU 11;
RED SKULL/JOHANN SCH,SVTU 12;
RED SKULL/JOHANN SCH,SVTU 16;
RED SKULL/JOHANN SCH,SVTU 17;
RED SKULL/JOHANN SCH,TOS 66/2;
RED SKULL/JOHANN SCH,TOS 67/2;
RED SKULL/JOHANN SCH,TOS 68/2;
RED SKULL/JOHANN SCH,TOS 72/2;
RED SKULL/JOHANN SCH,TOS 79/2;
RED SKULL/JOHANN SCH,TOS 80/2;
RED SKULL/JOHANN SCH,TOS 81/2;
RED SKULL/JOHANN SCH,TOS 89/2;
RED SKULL/JOHANN SCH,TOS 90/2;
RED SKULL/JOHANN SCH,TOS 91/2;
RED SKULL/JOHANN SCH,W2 19;
RED SKULL/JOHANN SCH,WOSM 61;
RED SKULL/JOHANN SCH,X 91;
RED SKULL/JOHANN SCH,X '99;
RED SKULL/JOHANN SCH,YOUNG ALLIES 1;
REDSTONE/,SQS 10;
REDSTONE/,SQS 11;
REDSTONE/,SQS 12;
REDSTONE/,SQS 9;
REDWING,A 183;
REDWING,A 184;
REDWING,A 185;
REDWING,A 189;
REDWING,A 191;
REDWING,A 194;
REDWING,A 19/5;
REDWING,A 88;
REDWING,ASM 287;
REDWING,BP3 16;
REDWING,BP3 17;
REDWING,CA 11/3;
REDWING,CA 117;
REDWING,CA 118;
REDWING,CA 119;
REDWING,CA 126;
REDWING,CA 132;
REDWING,CA 133;
REDWING,CA 134;
REDWING,CA 135;
REDWING,CA 136;
REDWING,CA 137;
REDWING,CA 138;
REDWING,CA 139;
REDWING,CA 140;
REDWING,CA 142;
REDWING,CA 143;
REDWING,CA 144;
REDWING,CA 145;
REDWING,CA 146;
REDWING,CA 147;
REDWING,CA 148;
REDWING,CA 149;
REDWING,CA 150;
REDWING,CA 151;
REDWING,CA 152;
REDWING,CA 153;
REDWING,CA 154;
REDWING,CA 155;
REDWING,CA 157;
REDWING,CA 158;
REDWING,CA 159;
REDWING,CA 160;
REDWING,CA 161;
REDWING,CA 162;
REDWING,CA 163;
REDWING,CA 164;
REDWING,CA 166;
REDWING,CA 168;
REDWING,CA 169;
REDWING,CA 171;
REDWING,CA 172;
REDWING,CA 173;
REDWING,CA 177;
REDWING,CA 178;
REDWING,CA 179;
REDWING,CA 180;
REDWING,CA 181;
REDWING,CA 182;
REDWING,CA 183;
REDWING,CA 184;
REDWING,CA 185;
REDWING,CA 186;
REDWING,CA 189;
REDWING,CA 190;
REDWING,CA 217;
REDWING,CA 220/2;
REDWING,CA 261;
REDWING,CA 272;
REDWING,CA 278/2;
REDWING,CA 290;
REDWING,CA 336;
REDWING,CA 337;
REDWING,CA 339;
REDWING,CA 340;
REDWING,CA 342;
REDWING,CA 343;
REDWING,CA 345;
REDWING,CA 355;
REDWING,CA:SL2 8;
REDWING,CA:SL2 9;
REDWING,COC 1;
REDWING,FALC 1;
REDWING,FALC 2;
REDWING,FALC 3;
REDWING,FALC 4;
REDWING II,FF3 16;
REDWING,IM 39;
REDWING,M/CP 23/3;
REDWING,M/PRM 49;
REDWING,M/TU 114;
REDWING,M/TU 30;
REDWING,M/TU 71;
REDWING,PM&IF 112;
REDWING,PM&IF 113;
REDWING,PM&IF 123;
REDWING,SOLOA 6/2;
RED WOLF III/WILL TA,A 80;
RED WOLF III/WILL TA,A 81;
RED WOLF III/WILL TA,COC 1;
RED WOLF III/WILL TA,DD 258;
RED WOLF III/WILL TA,DEF 139;
RED WOLF III/WILL TA,DRSTR3 25;
RED WOLF III/WILL TA,H2 265;
RED WOLF III/WILL TA,H2 278;
RED WOLF III/WILL TA,M/CHILL 3;
RED WOLF III/WILL TA,M/CHILL 5;
RED WOLF III/WILL TA,M/CHILL 6;
RED WOLF III/WILL TA,M/CHILL 7;
RED WOLF III/WILL TA,M/CP 107/4;
RED WOLF III/WILL TA,M/CP 15/4;
RED WOLF III/WILL TA,M/CP 72/4;
RED WOLF III/WILL TA,M/SH3 2/6;
RED WOLF III/WILL TA,RW 7;
RED WOLF III/WILL TA,WCA2 8;
RED WOLF III/WILL TA,WCA2 9;
RED WOLF II,M/SPT 1;
RED WOLF/WILDRUN,A 80;
RED WOLF/WILDRUN,AVF 3;
RED WOLF/WILDRUN,FF 25;
REE,Q 26;
REE,Q 27;
REESE, MURRAY,M/GN 4;
REESE, MURRAY,PUN2 33;
REESE, MURRAY,PUN2 34;
REESE, MURRAY,UX 133;
REESE, MURRAY,UX 152;
REESE, MURRAY,UX 205;
REESE, MURRAY,UX 248;
REESE, MURRAY,UX 249;
REESE, MURRAY,UX 251;
REESE, MURRAY,UX 252;
REESE, MURRAY,UX 253;
REESE, MURRAY,UX 254;
REESE, MURRAY,UX 255;
REESE, MURRAY,UX 262;
REESE, MURRAY,UX 269;
REESE, MURRAY,UX 281;
REESE, MURRAY,W2 36;
REESE, MURRAY,W2 37;
REESE, MURRAY,W2 38;
REESE, MURRAY,W2 39;
REEVES, MAJOR,RH2 4;
REEVES, MAJOR,RH2 5;
REEVES, MAJOR,RH2 6;
REFLEX/,M/:LG 7;
REFLEX/,M/:LG 9;
REIGNFIRE/,XFOR 72;
REIGNFIRE/,XFOR 73;
REIGNFIRE/,XFOR 74;
REIGNFIRE/,XFOR 75;
REIGNFIRE/,XFOR 78;
REIGNFIRE/,XFOR 79;
REIGNFIRE/,XFOR 80;
REIGNFIRE/,XFOR 97;
REIKO,W2 33;
REIKO,W2 55;
REIKO,W2 56;
REIKO,W2 57;
REILLY, MAVIS,AWC 84;
REINHOLDT,ASM:FO 1;
REINHOLDT,ASM:FO 2;
REINHOLDT,ASM:FO 3;
REINMAN, PAULA,UX 360;
REINMAN, PAULA,X 80;
REI,SS3 113;
REISS, JACOB,SS3 130;
REISS, JACOB,SS3 131;
REISZ, RAY,FF3 4;
REJECT/RAN-SAK [DEVI,A 310;
REJECT/RAN-SAK [DEVI,BP3 27;
REJECT/RAN-SAK [DEVI,E 1;
REJECT/RAN-SAK [DEVI,E 10;
REJECT/RAN-SAK [DEVI,E 12;
REJECT/RAN-SAK [DEVI,E2 10;
REJECT/RAN-SAK [DEVI,E2 11;
REJECT/RAN-SAK [DEVI,E2 12;
REJECT/RAN-SAK [DEVI,E2 3;
REJECT/RAN-SAK [DEVI,E2 4;
REJECT/RAN-SAK [DEVI,E2 5;
REJECT/RAN-SAK [DEVI,E2 6;
REJECT/RAN-SAK [DEVI,E2 7;
REJECT/RAN-SAK [DEVI,E2 8;
REJECT/RAN-SAK [DEVI,E2 9;
REJECT/RAN-SAK [DEVI,E 8;
REJECT/RAN-SAK [DEVI,E 9;
REJECT/RAN-SAK [DEVI,E:HEROD;
REJECT/RAN-SAK [DEVI,FFU 10;
REJECT/RAN-SAK [DEVI,HFH 5;
REJECT/RAN-SAK [DEVI,HFH 6;
REJECT/RAN-SAK [DEVI,NEW ETERNALS;
REJECT/RAN-SAK [DEVI,Q 12;
REJECT/RAN-SAK [DEVI,T 285;
REJECT/RAN-SAK [DEVI,T 286;
REJECT/RAN-SAK [DEVI,T 287;
REJECT/RAN-SAK [DEVI,T 289;
REJECT/RAN-SAK [DEVI,T 291;
REJECT/RAN-SAK [DEVI,T 292;
RELAY,WLOCK3 1;
REMIPED,X:HY 11;
REMORA,N 55;
REM-RAM/,M:DS 1;
REM-RAM/,X:MW 1;
RENKO, DR. IRENO,FW 11;
RENKO, DR. IRENO,FW 12;
RENO, AGENT,FF3 20;
RENO, AGENT,FF '99;
REPLICUS,T 141;
REPLICUS,T2 12;
REPLICUS,T2 9;
REPTILLA,A '00;
REPTILLA,FF 14;
REPTILLA,FF 186;
REPTILLA,FF 223;
REPTILLA,V&SW2 3;
REPTILLA,V&SW2 5;
REPTYL,FF 24/3;
REPTYL,MAXSEC 1;
REPTYL,SS 2/3;
REPTYL,SS3 11;
REPTYL,SS3 12;
REPTYL,SS3 19;
REPTYL,SS3 20;
REPTYL,SS3 27;
REPTYL,SS3 28;
REPTYL,SS3 29;
REPTYL,SS3 57;
REPTYL,SS3 64;
REPTYL,SS3 65;
REQUIEM/,UX 382;
RESTON, CLIVE,GSMOKF 3;
RESTON, CLIVE,M/CP 1/3;
RESTON, CLIVE,M/CP 2/3;
RESTON, CLIVE,M/CP 3/3;
RESTON, CLIVE,M/CP 4/3;
RESTON, CLIVE,M/CP 6/3;
RESTON, CLIVE,M/CP 7/3;
RESTON, CLIVE,M/CP 8/3;
RESTON, CLIVE,MOKF 100;
RESTON, CLIVE,MOKF 101;
RESTON, CLIVE,MOKF 105;
RESTON, CLIVE,MOKF 106;
RESTON, CLIVE,MOKF 108;
RESTON, CLIVE,MOKF 109;
RESTON, CLIVE,MOKF 110;
RESTON, CLIVE,MOKF 111;
RESTON, CLIVE,MOKF 112;
RESTON, CLIVE,MOKF 113;
RESTON, CLIVE,MOKF 115;
RESTON, CLIVE,MOKF 116;
RESTON, CLIVE,MOKF 117;
RESTON, CLIVE,MOKF 118;
RESTON, CLIVE,MOKF 119;
RESTON, CLIVE,MOKF 122;
RESTON, CLIVE,MOKF 28;
RESTON, CLIVE,MOKF 29;
RESTON, CLIVE,MOKF 30;
RESTON, CLIVE,MOKF 31;
RESTON, CLIVE,MOKF 32;
RESTON, CLIVE,MOKF 33;
RESTON, CLIVE,MOKF 34;
RESTON, CLIVE,MOKF 35;
RESTON, CLIVE,MOKF 39;
RESTON, CLIVE,MOKF 40;
RESTON, CLIVE,MOKF 42;
RESTON, CLIVE,MOKF 43;
RESTON, CLIVE,MOKF 44;
RESTON, CLIVE,MOKF 45;
RESTON, CLIVE,MOKF 46;
RESTON, CLIVE,MOKF 47;
RESTON, CLIVE,MOKF 48;
RESTON, CLIVE,MOKF 49;
RESTON, CLIVE,MOKF 50;
RESTON, CLIVE,MOKF 51;
RESTON, CLIVE,MOKF 54;
RESTON, CLIVE,MOKF 56;
RESTON, CLIVE,MOKF 57;
RESTON, CLIVE,MOKF 58;
RESTON, CLIVE,MOKF 59;
RESTON, CLIVE,MOKF 60;
RESTON, CLIVE,MOKF 61;
RESTON, CLIVE,MOKF 62;
RESTON, CLIVE,MOKF 63;
RESTON, CLIVE,MOKF 65;
RESTON, CLIVE,MOKF 66;
RESTON, CLIVE,MOKF 67;
RESTON, CLIVE,MOKF 68;
RESTON, CLIVE,MOKF 69;
RESTON, CLIVE,MOKF 71;
RESTON, CLIVE,MOKF 72;
RESTON, CLIVE,MOKF 73;
RESTON, CLIVE,MOKF 74;
RESTON, CLIVE,MOKF 75;
RESTON, CLIVE,MOKF 77;
RESTON, CLIVE,MOKF 78;
RESTON, CLIVE,MOKF 79;
RESTON, CLIVE,MOKF 80;
RESTON, CLIVE,MOKF 81;
RESTON, CLIVE,MOKF 82;
RESTON, CLIVE,MOKF 83;
RESTON, CLIVE,MOKF 84;
RESTON, CLIVE,MOKF 85;
RESTON, CLIVE,MOKF 86;
RESTON, CLIVE,MOKF 87;
RESTON, CLIVE,MOKF 88;
RESTON, CLIVE,MOKF 90;
RESTON, CLIVE,MOKF 94;
RESTON, CLIVE,MOKF 95;
RESTON, CLIVE,MOKF 96;
RESTON, CLIVE,MOKF 97;
RESTON, CLIVE,MOKF 98;
RESTON, CLIVE,MOKF:BB;
RESTON, CLIVE,ROM 38;
RESTON, CLIVE,ROM 39;
RESTON, CLIVE,X 62;
RETREAD,S-H2 43;
RETREAD,S-H2 44;
RETREAD,S-H2 45;
RETREAD,S-H2 46;
RETREAD,S-H2 7;
RETREAD,US1 10;
RETREAD,US1 11;
RETREAD,US1 12;
RETREAD,US1 3;
RETREAD,US1 4;
RETREAD,US1 5;
RETREAD,US1 6;
RETREAD,US1 7;
RETREAD,US1 8;
RETREAD,US1 9;
REVELATION,AVF 9;
REVELATION II/,W/P 2;
REVELATION II/,W/P 3;
REVELATION II/,W/P 4;
REVENANT/,UX 383;
REVER, BRAD,M/CP 80/2;
REVER, BRAD,M/CP 81/2;
REVERB,UX 325;
REVER, DAN,M/CP 80/2;
REVER, DAN,M/CP 81/2;
REXEL TOIVEN,INH2 7;
REYES, DR. CECELIA,DD 371;
REYES, DR. CECELIA,UX 351;
REYES, DR. CECELIA,UX 360;
REYES, DR. CECELIA,UX 362;
REYES, DR. CECELIA,UX 389;
REYES, DR. CECELIA,UX 390;
REYES, DR. CECELIA,UX/FF '98;
REYES, DR. CECELIA,X 100;
REYES, DR. CECELIA,X 101;
REYES, DR. CECELIA,X 102;
REYES, DR. CECELIA,X 106;
REYES, DR. CECELIA,X 107;
REYES, DR. CECELIA,X 65;
REYES, DR. CECELIA,X 66;
REYES, DR. CECELIA,X 67;
REYES, DR. CECELIA,X 68;
REYES, DR. CECELIA,X 69;
REYES, DR. CECELIA,X 70;
REYES, DR. CECELIA,X 71;
REYES, DR. CECELIA,X 72;
REYES, DR. CECELIA,X 73;
REYES, DR. CECELIA,X 74;
REYES, DR. CECELIA,X 75;
REYES, DR. CECELIA,X 76;
REYES, DR. CECELIA,X 77;
REYES, DR. CECELIA,X 78;
REYES, DR. CECELIA,X 79;
REYES, DR. CECELIA,XCAL 121;
REYES, DR. CECELIA,XU 24;
REYES, DR. DANIEL,H2 399;
REYNOLDS, DR.,IM3 42;
REYNOLDS, KATHERINE,GR2 17;
REYNOLDS, KATHERINE,M/SPT 14;
REYNOLDS, KATHERINE,M/SPT 15;
REYNOLDS, KATHERINE,M/SPT 16;
REYNOLDS, KATHERINE,M/SPT 17;
REYNOLDS, KATHERINE,M/SPT 18;
REYNOLDS, KATHERINE,M/SPT 19;
REYNOLDS, KATHERINE,M/SPT 20;
REYNOLDS, KATHERINE,M/SPT 21;
REYNOLDS, KATHERINE,M/SPT 22;
REYNOLDS, KATHERINE,M/SPT 23;
REYNOLDS, KATHERINE,M/SPT 24;
REYNOLDS, KATHERINE,M/TU 32;
REYNOLDS, LINDY,SENTRY 1;
REYNOLDS, LINDY,SENTRY 2;
RHAPSODY/RACHEL ARGO,XF 79;
RHAPSODY/RACHEL ARGO,XF 80;
RHAPSODY/RACHEL ARGO,XF 81;
RHINO,A 236;
RHINO,A 237;
RHINO,AF SPECIAL;
RHINO,ASM 280;
RHINO,ASM 281;
RHINO,ASM 319;
RHINO,ASM 344;
RHINO,ASM 409;
RHINO,ASM 41;
RHINO,ASM 42;
RHINO,ASM 43;
RHINO,ASPOT 29/2;
RHINO,CA3 10;
RHINO,CA3 9;
RHINO,CAGE 10;
RHINO,CAGE 9;
RHINO,DEF 42;
RHINO,DEF 43;
RHINO,DEF 44;
RHINO,DFSM 1;
RHINO,DFSM 2;
RHINO,DFSM 3;
RHINO,DFSM 4;
RHINO,GG 2;
RHINO,H 18;
RHINO,H2 104;
RHINO,H2 124;
RHINO,H2 157;
RHINO,H2 158;
RHINO,H2 159;
RHINO,H2 160;
RHINO,H2 171;
RHINO,H2 218;
RHINO,H2 340;
RHINO,H2 435;
RHINO,IM 238;
RHINO,KZ4 5;
RHINO,KZ4 6;
RHINO,M/SH3 10/2;
RHINO,M/SH3 12/3;
RHINO,M/TIO 96;
RHINO,M/TU 102;
RHINO,NO2 10;
RHINO,NW 2;
RHINO,PPTSS 11/3;
RHINO,PPTSS 12;
RHINO,PPTSS 160;
RHINO,PPTSS 190;
RHINO,SENSM 2;
RHINO,SENSM 31;
RHINO,S-H2 30;
RHINO,SS3 54;
RHINO,SWII 7;
RHINO,TB 26;
RHINO,TG 24;
RHINO,TW 1;
RHINO,WLOCK 3;
RHINO,WOSM 8;
RHODES, MRS.,IM 173;
RHODES, MRS.,WARM 12;
RHODES, MR.,WARM 12;
RHODES, MR.,WARM 13;
RICHARDS, FRANKLIN 2,FF 23;
RICHARDS, FRANKLIN 2,NM 6;
RICHARDS, FRANKLIN 2,UX 14;
RICHARDS, FRANKLIN 2,UX 141;
RICHARDS, FRANKLIN 2,UX 14/2;
RICHARDS, FRANKLIN 2,XF 5;
RICHARDS, FRANKLIN B,A 127;
RICHARDS, FRANKLIN B,A 128;
RICHARDS, FRANKLIN B,A 233;
RICHARDS, FRANKLIN B,A 264;
RICHARDS, FRANKLIN B,A 299;
RICHARDS, FRANKLIN B,A 300;
RICHARDS, FRANKLIN B,AA2 2;
RICHARDS, FRANKLIN B,ASM 260;
RICHARDS, FRANKLIN B,AWC 75;
RICHARDS, FRANKLIN B,BFF:RR 1;
RICHARDS, FRANKLIN B,BFF:RR 2;
RICHARDS, FRANKLIN B,BFF:RR 3;
RICHARDS, FRANKLIN B,BP3 6;
RICHARDS, FRANKLIN B,C2 35;
RICHARDS, FRANKLIN B,C&D3 2;
RICHARDS, FRANKLIN B,DAYD 1;
RICHARDS, FRANKLIN B,DAYD 2;
RICHARDS, FRANKLIN B,DAYD 3;
RICHARDS, FRANKLIN B,DF 1.1;
RICHARDS, FRANKLIN B,DH 9;
RICHARDS, FRANKLIN B,DPOOL3 35;
RICHARDS, FRANKLIN B,FF '00;
RICHARDS, FRANKLIN B,FF '01;
RICHARDS, FRANKLIN B,FF 101;
RICHARDS, FRANKLIN B,FF 102;
RICHARDS, FRANKLIN B,FF 103;
RICHARDS, FRANKLIN B,FF 107;
RICHARDS, FRANKLIN B,FF 110;
RICHARDS, FRANKLIN B,FF 111;
RICHARDS, FRANKLIN B,FF 112;
RICHARDS, FRANKLIN B,FF 113;
RICHARDS, FRANKLIN B,FF 114;
RICHARDS, FRANKLIN B,FF 116;
RICHARDS, FRANKLIN B,FF 117;
RICHARDS, FRANKLIN B,FF 123;
RICHARDS, FRANKLIN B,FF 127;
RICHARDS, FRANKLIN B,FF 13;
RICHARDS, FRANKLIN B,FF 130;
RICHARDS, FRANKLIN B,FF 134;
RICHARDS, FRANKLIN B,FF 135;
RICHARDS, FRANKLIN B,FF 139;
RICHARDS, FRANKLIN B,FF 14;
RICHARDS, FRANKLIN B,FF 140;
RICHARDS, FRANKLIN B,FF 141;
RICHARDS, FRANKLIN B,FF 142;
RICHARDS, FRANKLIN B,FF 143;
RICHARDS, FRANKLIN B,FF 15;
RICHARDS, FRANKLIN B,FF 150;
RICHARDS, FRANKLIN B,FF 152;
RICHARDS, FRANKLIN B,FF 16;
RICHARDS, FRANKLIN B,FF 163;
RICHARDS, FRANKLIN B,FF 164;
RICHARDS, FRANKLIN B,FF 165;
RICHARDS, FRANKLIN B,FF 169;
RICHARDS, FRANKLIN B,FF 170;
RICHARDS, FRANKLIN B,FF 181;
RICHARDS, FRANKLIN B,FF 182;
RICHARDS, FRANKLIN B,FF 185;
RICHARDS, FRANKLIN B,FF 186;
RICHARDS, FRANKLIN B,FF 187;
RICHARDS, FRANKLIN B,FF 191;
RICHARDS, FRANKLIN B,FF 193;
RICHARDS, FRANKLIN B,FF 194;
RICHARDS, FRANKLIN B,FF 196;
RICHARDS, FRANKLIN B,FF 20;
RICHARDS, FRANKLIN B,FF 203;
RICHARDS, FRANKLIN B,FF 204;
RICHARDS, FRANKLIN B,FF 215;
RICHARDS, FRANKLIN B,FF 216;
RICHARDS, FRANKLIN B,FF 220;
RICHARDS, FRANKLIN B,FF 222;
RICHARDS, FRANKLIN B,FF 223;
RICHARDS, FRANKLIN B,FF 224;
RICHARDS, FRANKLIN B,FF 225;
RICHARDS, FRANKLIN B,FF 226;
RICHARDS, FRANKLIN B,FF 227;
RICHARDS, FRANKLIN B,FF 228;
RICHARDS, FRANKLIN B,FF 229;
RICHARDS, FRANKLIN B,FF 23;
RICHARDS, FRANKLIN B,FF 230;
RICHARDS, FRANKLIN B,FF 231;
RICHARDS, FRANKLIN B,FF 236;
RICHARDS, FRANKLIN B,FF 237;
RICHARDS, FRANKLIN B,FF 238/2;
RICHARDS, FRANKLIN B,FF 240;
RICHARDS, FRANKLIN B,FF 242;
RICHARDS, FRANKLIN B,FF 244;
RICHARDS, FRANKLIN B,FF 245;
RICHARDS, FRANKLIN B,FF 249;
RICHARDS, FRANKLIN B,FF 250;
RICHARDS, FRANKLIN B,FF 251;
RICHARDS, FRANKLIN B,FF 25/2;
RICHARDS, FRANKLIN B,FF 252;
RICHARDS, FRANKLIN B,FF 25/3;
RICHARDS, FRANKLIN B,FF 253;
RICHARDS, FRANKLIN B,FF 255;
RICHARDS, FRANKLIN B,FF 256;
RICHARDS, FRANKLIN B,FF 257;
RICHARDS, FRANKLIN B,FF 263;
RICHARDS, FRANKLIN B,FF 264;
RICHARDS, FRANKLIN B,FF 265;
RICHARDS, FRANKLIN B,FF 269;
RICHARDS, FRANKLIN B,FF 270;
RICHARDS, FRANKLIN B,FF 271;
RICHARDS, FRANKLIN B,FF 275;
RICHARDS, FRANKLIN B,FF 275/2;
RICHARDS, FRANKLIN B,FF 276;
RICHARDS, FRANKLIN B,FF 277;
RICHARDS, FRANKLIN B,FF 278;
RICHARDS, FRANKLIN B,FF 279;
RICHARDS, FRANKLIN B,FF 280;
RICHARDS, FRANKLIN B,FF 282;
RICHARDS, FRANKLIN B,FF 296;
RICHARDS, FRANKLIN B,FF 297;
RICHARDS, FRANKLIN B,FF 298;
RICHARDS, FRANKLIN B,FF 300;
RICHARDS, FRANKLIN B,FF 301;
RICHARDS, FRANKLIN B,FF 302;
RICHARDS, FRANKLIN B,FF 303;
RICHARDS, FRANKLIN B,FF 304;
RICHARDS, FRANKLIN B,FF 305;
RICHARDS, FRANKLIN B,FF 306;
RICHARDS, FRANKLIN B,FF 307;
RICHARDS, FRANKLIN B,FF3 1;
RICHARDS, FRANKLIN B,FF3 10;
RICHARDS, FRANKLIN B,FF3 11;
RICHARDS, FRANKLIN B,FF3 12;
RICHARDS, FRANKLIN B,FF3 13;
RICHARDS, FRANKLIN B,FF3 2;
RICHARDS, FRANKLIN B,FF3 20;
RICHARDS, FRANKLIN B,FF3 21;
RICHARDS, FRANKLIN B,FF3 23;
RICHARDS, FRANKLIN B,FF3 24;
RICHARDS, FRANKLIN B,FF 326;
RICHARDS, FRANKLIN B,FF 327;
RICHARDS, FRANKLIN B,FF 333;
RICHARDS, FRANKLIN B,FF 334;
RICHARDS, FRANKLIN B,FF 335;
RICHARDS, FRANKLIN B,FF 336;
RICHARDS, FRANKLIN B,FF 337;
RICHARDS, FRANKLIN B,FF3 4;
RICHARDS, FRANKLIN B,FF 347;
RICHARDS, FRANKLIN B,FF 349;
RICHARDS, FRANKLIN B,FF3 5;
RICHARDS, FRANKLIN B,FF 350;
RICHARDS, FRANKLIN B,FF 357;
RICHARDS, FRANKLIN B,FF3 6;
RICHARDS, FRANKLIN B,FF 361;
RICHARDS, FRANKLIN B,FF 362;
RICHARDS, FRANKLIN B,FF 363;
RICHARDS, FRANKLIN B,FF 364;
RICHARDS, FRANKLIN B,FF 365;
RICHARDS, FRANKLIN B,FF 366;
RICHARDS, FRANKLIN B,FF 367;
RICHARDS, FRANKLIN B,FF 368;
RICHARDS, FRANKLIN B,FF3 7;
RICHARDS, FRANKLIN B,FF 370;
RICHARDS, FRANKLIN B,FF 371;
RICHARDS, FRANKLIN B,FF 372;
RICHARDS, FRANKLIN B,FF3 8;
RICHARDS, FRANKLIN B,FF3 9;
RICHARDS, FRANKLIN B,FF 413;
RICHARDS, FRANKLIN B,FF 414;
RICHARDS, FRANKLIN B,FF 415;
RICHARDS, FRANKLIN B,FF 416;
RICHARDS, FRANKLIN B,FF 6;
RICHARDS, FRANKLIN B,FF 83;
RICHARDS, FRANKLIN B,FF 88;
RICHARDS, FRANKLIN B,FF 90;
RICHARDS, FRANKLIN B,FF 91;
RICHARDS, FRANKLIN B,FF 94;
RICHARDS, FRANKLIN B,FF 97;
RICHARDS, FRANKLIN B,FF 98;
RICHARDS, FRANKLIN B,FF '99;
RICHARDS, FRANKLIN B,FFV.X 1;
RICHARDS, FRANKLIN B,FFV.X 2;
RICHARDS, FRANKLIN B,FFV.X 3;
RICHARDS, FRANKLIN B,FFV.X 4;
RICHARDS, FRANKLIN B,GENX 23;
RICHARDS, FRANKLIN B,GENX 25;
RICHARDS, FRANKLIN B,H 11;
RICHARDS, FRANKLIN B,H2 277;
RICHARDS, FRANKLIN B,H2 278;
RICHARDS, FRANKLIN B,H '97/2;
RICHARDS, FRANKLIN B,HR:R 1;
RICHARDS, FRANKLIN B,HR:R 2;
RICHARDS, FRANKLIN B,HR:R 3;
RICHARDS, FRANKLIN B,HR:R 4;
RICHARDS, FRANKLIN B,IM 8;
RICHARDS, FRANKLIN B,M/CP 64/3;
RICHARDS, FRANKLIN B,M/CP 75/4;
RICHARDS, FRANKLIN B,MEPHV. 1;
RICHARDS, FRANKLIN B,M/GN 1;
RICHARDS, FRANKLIN B,MICRO 40;
RICHARDS, FRANKLIN B,MK3 41;
RICHARDS, FRANKLIN B,MK3 44;
RICHARDS, FRANKLIN B,M/SH3 6/2;
RICHARDS, FRANKLIN B,M/SHSW 9;
RICHARDS, FRANKLIN B,M/TIO 47;
RICHARDS, FRANKLIN B,M/TIO 69;
RICHARDS, FRANKLIN B,M/TIO 74;
RICHARDS, FRANKLIN B,M/TIO 75;
RICHARDS, FRANKLIN B,M/TIO 78;
RICHARDS, FRANKLIN B,M/TIO 8;
RICHARDS, FRANKLIN B,M/TIO 80;
RICHARDS, FRANKLIN B,M/TIO 86/2;
RICHARDS, FRANKLIN B,M/TIO 96;
RICHARDS, FRANKLIN B,M/TIO 97;
RICHARDS, FRANKLIN B,M/TIO 98;
RICHARDS, FRANKLIN B,M/TU 88;
RICHARDS, FRANKLIN B,NM 6;
RICHARDS, FRANKLIN B,O:MU;
RICHARDS, FRANKLIN B,O:X;
RICHARDS, FRANKLIN B,PP 15;
RICHARDS, FRANKLIN B,PP 16;
RICHARDS, FRANKLIN B,PP 17;
RICHARDS, FRANKLIN B,PP 18;
RICHARDS, FRANKLIN B,PP 19;
RICHARDS, FRANKLIN B,PP 20;
RICHARDS, FRANKLIN B,PP 22;
RICHARDS, FRANKLIN B,PP 23;
RICHARDS, FRANKLIN B,PP 24;
RICHARDS, FRANKLIN B,PP 25;
RICHARDS, FRANKLIN B,PP 26;
RICHARDS, FRANKLIN B,PP 27;
RICHARDS, FRANKLIN B,PP 28;
RICHARDS, FRANKLIN B,PP 33;
RICHARDS, FRANKLIN B,PP 34;
RICHARDS, FRANKLIN B,PP 36;
RICHARDS, FRANKLIN B,PP 48;
RICHARDS, FRANKLIN B,PP 49;
RICHARDS, FRANKLIN B,PP 50;
RICHARDS, FRANKLIN B,PP 51;
RICHARDS, FRANKLIN B,PP 52;
RICHARDS, FRANKLIN B,PP 54;
RICHARDS, FRANKLIN B,PP 56;
RICHARDS, FRANKLIN B,PP 57;
RICHARDS, FRANKLIN B,PP 58;
RICHARDS, FRANKLIN B,PP 59;
RICHARDS, FRANKLIN B,PP 60;
RICHARDS, FRANKLIN B,PP 61;
RICHARDS, FRANKLIN B,PP 62;
RICHARDS, FRANKLIN B,SENSM 28;
RICHARDS, FRANKLIN B,SS 2/2;
RICHARDS, FRANKLIN B,SS3 14;
RICHARDS, FRANKLIN B,SS3 15;
RICHARDS, FRANKLIN B,SS3 17;
RICHARDS, FRANKLIN B,SS3 18;
RICHARDS, FRANKLIN B,SS3 19;
RICHARDS, FRANKLIN B,SWII 6;
RICHARDS, FRANKLIN B,T 363;
RICHARDS, FRANKLIN B,T 364;
RICHARDS, FRANKLIN B,T '99;
RICHARDS, FRANKLIN B,TB 10;
RICHARDS, FRANKLIN B,TB 2;
RICHARDS, FRANKLIN B,TG 2;
RICHARDS, FRANKLIN B,TG 23;
RICHARDS, FRANKLIN B,UX 14;
RICHARDS, FRANKLIN B,UX 336;
RICHARDS, FRANKLIN B,UX 5;
RICHARDS, FRANKLIN B,UX/FF '98;
RICHARDS, FRANKLIN B,WCA2 23;
RICHARDS, FRANKLIN B,X 55;
RICHARDS, FRANKLIN B,X 56;
RICHARDS, FRANKLIN B,XCAL 29;
RICHARDS, FRANKLIN B,XF 2;
RICHARDS, FRANKLIN B,XF 3;
RICHARDS, FRANKLIN B,XF 5;
RICHARDS, FRANKLIN B,X:HY 9;
RICHARDS, FRANKLIN B,XM 59;
RICHARDS, FRANKLINK,MK3 41;
RICHARDS, NATHANIEL,AR 1;
RICHARDS, NATHANIEL,AR 2;
RICHARDS, NATHANIEL,FF 272;
RICHARDS, NATHANIEL,FF 273;
RICHARDS, NATHANIEL,FF 393;
RICHARDS, NATHANIEL,FF 394;
RICHARDS, NATHANIEL,FF 395;
RICHARDS, NATHANIEL,FF 396;
RICHARDS, NATHANIEL,FF 397;
RICHARDS, NATHANIEL,FF 398;
RICHARDS, NATHANIEL,FF 400;
RICHARDS, NATHANIEL,FF 401;
RICHARDS, NATHANIEL,FF 402;
RICHARDS, NATHANIEL,FF 405;
RICHARDS, NATHANIEL,FF 406;
RICHARDS, NATHANIEL,FF 407;
RICHARDS, NATHANIEL,FF 409;
RICHARDS, NATHANIEL,FF 410;
RICHARDS, NATHANIEL,FF 411;
RICHARDS, NATHANIEL,FF 412;
RICHARDS, NATHANIEL,FF 413;
RICHARDS, NATHANIEL,FF 414;
RICHARDS, NATHANIEL,FF 415;
RICHARDS, NATHANIEL,FF 416;
RICHARDS, NATHANIEL,FFOR 7;
RICHARDS, NATHANIEL,FFOR 8;
RICHARDS, NATHANIEL,FFOR 9;
RICHARDS, NATHANIEL,FFU 12;
RICHARDS, NATHANIEL,FFUP 2;
RICHARDS, NATHANIEL,TM/U 1;
RICHARDS, REED | EAR,FF 118/2;
RICHARDS, REED | EAR,FF 160;
RICHARDS, REED | EAR,FF 161;
RICHARDS, REED | EAR,FF 162;
RICHARDS, REED | EAR,FF 163;
RICHARDS, REED | MUT,MX '01;
RICHARDS, REED | MUT,MX 10;
RICHARDS, REED | MUT,MX 11;
RICHARDS, REED | MUT,MX 12;
RICHARDS, REED | MUT,MX 2;
RICHARDS, REED | MUT,MX 32;
RICHARDS, REED | MUT,MX 8;
RICHARDS, REED | MUT,MX '99;
RICHMOND, DELROY,BP3 3;
RICKMAN, JONATHAN,ASM2 10;
RICKMAN, JONATHAN,ASM2 9;
RICOCHET RITA,LSHOT 2;
RICOCHET RITA,LSHOT 4;
RICOCHET RITA,LSHOT 5;
RICOCHET RITA,LSHOT 6;
RICOCHET RITA,UX 12/2;
RICOCHET RITA,XCAL:MM;
RICOCHET RITA,XF 7;
RICOCHET/SEN. STEVEN,XF 72;
RICOCHET/SEN. STEVEN,XF 73;
RICOCHET/SEN. STEVEN,XF 74;
RICOCHET/SEN. STEVEN,XF 75;
RICTOR/JULIO ESTEBAN,C2 22;
RICTOR/JULIO ESTEBAN,NM 5;
RICTOR/JULIO ESTEBAN,NM 5/2;
RICTOR/JULIO ESTEBAN,NM 6;
RICTOR/JULIO ESTEBAN,NM 72;
RICTOR/JULIO ESTEBAN,NM 73;
RICTOR/JULIO ESTEBAN,NM 74;
RICTOR/JULIO ESTEBAN,NM 76;
RICTOR/JULIO ESTEBAN,NM 77;
RICTOR/JULIO ESTEBAN,NM 78;
RICTOR/JULIO ESTEBAN,NM 79;
RICTOR/JULIO ESTEBAN,NM 80;
RICTOR/JULIO ESTEBAN,NM 82;
RICTOR/JULIO ESTEBAN,NM 83;
RICTOR/JULIO ESTEBAN,NM 84;
RICTOR/JULIO ESTEBAN,NM 85;
RICTOR/JULIO ESTEBAN,NM 86;
RICTOR/JULIO ESTEBAN,NM 87;
RICTOR/JULIO ESTEBAN,NM 88;
RICTOR/JULIO ESTEBAN,NM 89;
RICTOR/JULIO ESTEBAN,NM 90;
RICTOR/JULIO ESTEBAN,NM 91;
RICTOR/JULIO ESTEBAN,NM 92;
RICTOR/JULIO ESTEBAN,NM 93;
RICTOR/JULIO ESTEBAN,NM 94;
RICTOR/JULIO ESTEBAN,NM 95;
RICTOR/JULIO ESTEBAN,NM 96;
RICTOR/JULIO ESTEBAN,NM 97;
RICTOR/JULIO ESTEBAN,NM 98;
RICTOR/JULIO ESTEBAN,UX 270;
RICTOR/JULIO ESTEBAN,UX 271;
RICTOR/JULIO ESTEBAN,UX 272;
RICTOR/JULIO ESTEBAN,UX 273;
RICTOR/JULIO ESTEBAN,UX 294;
RICTOR/JULIO ESTEBAN,UX 295;
RICTOR/JULIO ESTEBAN,UX 296;
RICTOR/JULIO ESTEBAN,W:RT;
RICTOR/JULIO ESTEBAN,X 14;
RICTOR/JULIO ESTEBAN,XCAL 82;
RICTOR/JULIO ESTEBAN,XF 106;
RICTOR/JULIO ESTEBAN,XF 17;
RICTOR/JULIO ESTEBAN,XF 18;
RICTOR/JULIO ESTEBAN,XF 20;
RICTOR/JULIO ESTEBAN,XF 21;
RICTOR/JULIO ESTEBAN,XF 22;
RICTOR/JULIO ESTEBAN,XF 23;
RICTOR/JULIO ESTEBAN,XF 27;
RICTOR/JULIO ESTEBAN,XF 28;
RICTOR/JULIO ESTEBAN,XF 29;
RICTOR/JULIO ESTEBAN,XF 30;
RICTOR/JULIO ESTEBAN,XF 31;
RICTOR/JULIO ESTEBAN,XF 3/2;
RICTOR/JULIO ESTEBAN,XF 32;
RICTOR/JULIO ESTEBAN,XF 33;
RICTOR/JULIO ESTEBAN,XF 40;
RICTOR/JULIO ESTEBAN,XF 41;
RICTOR/JULIO ESTEBAN,XF 60;
RICTOR/JULIO ESTEBAN,XF 62;
RICTOR/JULIO ESTEBAN,XF 84;
RICTOR/JULIO ESTEBAN,XFOR 10;
RICTOR/JULIO ESTEBAN,XFOR 11;
RICTOR/JULIO ESTEBAN,XFOR 12;
RICTOR/JULIO ESTEBAN,XFOR 13;
RICTOR/JULIO ESTEBAN,XFOR 14;
RICTOR/JULIO ESTEBAN,XFOR 15;
RICTOR/JULIO ESTEBAN,XFOR 16;
RICTOR/JULIO ESTEBAN,XFOR 17;
RICTOR/JULIO ESTEBAN,XFOR 35;
RICTOR/JULIO ESTEBAN,XFOR 36;
RICTOR/JULIO ESTEBAN,XFOR 38;
RICTOR/JULIO ESTEBAN,XFOR 39;
RICTOR/JULIO ESTEBAN,XFOR 40;
RICTOR/JULIO ESTEBAN,XFOR 41;
RICTOR/JULIO ESTEBAN,XFOR 43;
RICTOR/JULIO ESTEBAN,XFOR 44;
RICTOR/JULIO ESTEBAN,XFOR 69;
RICTOR/JULIO ESTEBAN,XFOR 70;
RICTOR/JULIO ESTEBAN,XFOR 76;
RICTOR/JULIO ESTEBAN,XFOR '97;
RICTOR/JULIO ESTEBAN,XFOR '99;
RICTOR/JULIO ESTEBAN,X:PRIME;
RICTOR/JULIO ESTEBAN,XTERM 1;
RICTOR/JULIO ESTEBAN,XTERM 2;
RICTOR/JULIO ESTEBAN,XTERM 3;
RICTOR/JULIO ESTEBAN,XTERM 4;
RIDDLEY, HIRAM RAM,CA 313;
RIDDLEY, HIRAM RAM,CA 321;
RIDDLEY, HIRAM RAM,CA 332;
RIDDLEY, HIRAM RAM,CA 443;
RIDER, CHARLES,ASM 171;
RIDER, CHARLES,NO 1;
RIDER, CHARLES,NO 11;
RIDER, CHARLES,NO 12;
RIDER, CHARLES,NO 14;
RIDER, CHARLES,NO 15;
RIDER, CHARLES,NO 16;
RIDER, CHARLES,NO 17;
RIDER, CHARLES,NO 18/2;
RIDER, CHARLES,NO 20;
RIDER, CHARLES,NO 21;
RIDER, CHARLES,NO2 13;
RIDER, CHARLES,NO2 15;
RIDER, CHARLES,NO 22;
RIDER, CHARLES,NO 3;
RIDER, CHARLES,NO 8;
RIDER, CHARLES,NO 9;
RIDER, CHARLES,NW 15;
RIDER, CHARLES,NW 17;
RIDER, CHARLES,NW 3;
RIDER, GLORIA,NO 1;
RIDER, GLORIA,NO 10;
RIDER, GLORIA,NO 16;
RIDER, GLORIA,NO 17;
RIDER, GLORIA,NO 18/2;
RIDER, GLORIA,NO 2;
RIDER, GLORIA,NO 20;
RIDER, GLORIA,NO 21;
RIDER, GLORIA,NO2 13;
RIDER, GLORIA,NO2 15;
RIDER, GLORIA,NO 22;
RIDER, GLORIA,NO 3;
RIDER, GLORIA,NO 5;
RIDER, GLORIA,NO 9;
RIDER, GLORIA,NW 15;
RIDER, GLORIA,NW 17;
RIDER, ROBERT ROBBIE,NO 1;
RIDER, ROBERT ROBBIE,NO 10;
RIDER, ROBERT ROBBIE,NO 15;
RIDER, ROBERT ROBBIE,NO 16;
RIDER, ROBERT ROBBIE,NO 17;
RIDER, ROBERT ROBBIE,NO 18/2;
RIDER, ROBERT ROBBIE,NO 2;
RIDER, ROBERT ROBBIE,NO 20;
RIDER, ROBERT ROBBIE,NO 21;
RIDER, ROBERT ROBBIE,NO2 13;
RIDER, ROBERT ROBBIE,NO2 14;
RIDER, ROBERT ROBBIE,NO2 15;
RIDER, ROBERT ROBBIE,NO 22;
RIDER, ROBERT ROBBIE,NO 23;
RIDER, ROBERT ROBBIE,NO 3;
RIDER, ROBERT ROBBIE,NO 5;
RIDER, ROBERT ROBBIE,NO 9;
RIDER, ROBERT ROBBIE,NW 1/7;
RIDER, ROBERT ROBBIE,NW 7;
RIDGE, CHRISTINA DEV,S-H2 36;
RIDGEWAY, DAWN,CA3 33;
RIDGEWAY, DAWN,CA3 34;
RIESER, ROB,DRSTR3 29;
RIFKIN, BIFF,ASM 216;
RIFKIN, BIFF,ASM 217;
RIFKIN, BIFF,ASM 218;
RIFKIN, BIFF,ASM 221;
RIFKIN, BIFF,PPTSS 60;
RIFKIN, BIFF,PPTSS 61;
RIFKIN, BIFF,PPTSS 66;
RIFKIN, BIFF,PPTSS 68;
RIFKIN, BIFF,PPTSS 74;
RIFKIN, MARJORIE,PPCDGN;
RIGER,FFU 9;
RIGER,T 475;
RIGER,T 477;
RIGER,T 480;
RIGER,T 481;
RIGER,T 482;
RIGER,T 483;
RIGER,T 487;
RIGER,T 488;
RIGER,T 489;
RIGHT,NW 54;
RIGHT,NW 55;
RIGHT,NW 56;
RIGHT,NW 62;
RIGHT,NW 65;
RIGHT-WINGER/JEROME,AWC 61;
RIGHT-WINGER/JEROME,CA 323;
RIGHT-WINGER/JEROME,CA 333;
RIGHT-WINGER/JEROME,CA 334;
RIGHT-WINGER/JEROME,CA 341/2;
RIGHT-WINGER/JEROME,CA 347;
RIGHT-WINGER/JEROME,CA 381/2;
RIGHT-WINGER/JEROME,CA 383/3;
RIGOLETTO, DON DANTE,ASM -1;
RIGOLETTO, DON DANTE,ASM 428;
RIGOLETTO, DON DANTE,ASM 433;
RIGOLETTO, DON DANTE,ASM 436;
RILEY, JACK,H:PL 1;
RILEY, JACK,H:PL 4;
RILEY, JACK,H:PL 5;
RILEY, KIM,H:PL 4;
RILEY, KIM,H:PL 5;
RILEY, MARIEL,H:PL 4;
RILEY, MARIEL,H:PL 5;
RINGER/ANTHONY TONY,CA 319;
RINGER/ANTHONY TONY,DEF 51;
RINGER/ANTHONY TONY,PPTSS 58;
RINGER II,H 17/5;
RINGER II,MK3 10;
RINGLEADER,ASPOT 23;
RINGLEADER,ASPOT 24;
RINGLEADER,ASPOT 25;
RINGLEADER,CA 317;
RINGLET,FF3 17;
RINGLET,FF3 18;
RINGLET,X 105;
RINGMASTER/MAYNARD T,A 22;
RINGMASTER/MAYNARD T,A 60;
RINGMASTER/MAYNARD T,ASM 16;
RINGMASTER/MAYNARD T,ASM 22;
RINGMASTER/MAYNARD T,ASM '98;
RINGMASTER/MAYNARD T,CA 319;
RINGMASTER/MAYNARD T,CA COMICS 5;
RINGMASTER/MAYNARD T,DD 118;
RINGMASTER/MAYNARD T,GENX 32;
RINGMASTER/MAYNARD T,H2 217;
RINGMASTER/MAYNARD T,H2 292;
RINGMASTER/MAYNARD T,H2 377;
RINGMASTER/MAYNARD T,H2 379;
RINGMASTER/MAYNARD T,H2 380;
RINGMASTER/MAYNARD T,H2 469;
RINGMASTER/MAYNARD T,H2 470;
RINGMASTER/MAYNARD T,H 3;
RINGMASTER/MAYNARD T,HTD 25;
RINGMASTER/MAYNARD T,HTD 26;
RINGMASTER/MAYNARD T,HTD 27;
RINGMASTER/MAYNARD T,M/CP 97/4;
RINGMASTER/MAYNARD T,M/TIO 76;
RINGMASTER/MAYNARD T,PM 24;
RINGMASTER/MAYNARD T,PM 25;
RINGMASTER/MAYNARD T,PP 59;
RINGMASTER/MAYNARD T,S-H2 1;
RINGMASTER/MAYNARD T,SMTU 5/2;
RINGMASTER/MAYNARD T,SVTU 8;
RINGMASTER/MAYNARD T,T 145;
RINGMASTER/MAYNARD T,T 146;
RINGMASTER/MAYNARD T,T 147;
RINGMASTER/MAYNARD T,T 173;
RINGMASTER/MAYNARD T,TB 2;
RINGMASTER/MAYNARD T,XFOR -1;
RINGO KID,A 142;
RINGO KID,A 143;
RINGO KID,RINGO KID WESTERN 51;
RINGTOSS,FF3 6;
RINGTOSS,FF3 7;
RINGTOSS,FF3 8;
RINGTOSS,XCAL 125;
RINGTOSS,XCAL 42;
RINGTOSS,XCAL 43;
RINGTOSS,XCAL 44;
RINGTOSS,XCAL 45;
RINGTOSS,XCAL 46;
RINGTOSS,XCAL 47;
RINGTOSS,XCALSE;
RINTRAH DOPPELGANGER,DRSTR3 47;
RINTRAH,DRSTR 2/2;
RINTRAH,DRSTR 2/3;
RINTRAH,DRSTR2 80;
RINTRAH,DRSTR2 81;
RINTRAH,DRSTR3 10;
RINTRAH,DRSTR3 11;
RINTRAH,DRSTR3 12;
RINTRAH,DRSTR3 13;
RINTRAH,DRSTR3 14;
RINTRAH,DRSTR3 15;
RINTRAH,DRSTR3 16;
RINTRAH,DRSTR3 17;
RINTRAH,DRSTR3 18;
RINTRAH,DRSTR3 20;
RINTRAH,DRSTR3 21;
RINTRAH,DRSTR3 23;
RINTRAH,DRSTR3 24;
RINTRAH,DRSTR3 26;
RINTRAH,DRSTR3 27;
RINTRAH,DRSTR3 28;
RINTRAH,DRSTR3 29;
RINTRAH,DRSTR3 30;
RINTRAH,DRSTR3 31;
RINTRAH,DRSTR3 32;
RINTRAH,DRSTR3 34;
RINTRAH,DRSTR3 35;
RINTRAH,DRSTR3 36;
RINTRAH,DRSTR3 38;
RINTRAH,DRSTR3 39;
RINTRAH,DRSTR3 40;
RINTRAH,DRSTR3 42;
RINTRAH,DRSTR3 43;
RINTRAH,DRSTR3 5;
RINTRAH,DRSTR3 6;
RINTRAH,DRSTR3 7;
RINTRAH,DRSTR3 8;
RINTRAH,DRSTR3 9;
RINTRAH,GR3 12;
RINTRAH,H2 370;
RINTRAH,H2 371;
RINTRAH,IG 2;
RINTRAH,IG 3;
RINTRAH,IG 6;
RINTRAH,IMSVS 1/3;
RINTRAH,M/CP 103/4;
RINTRAH,M/CP 44/3;
RINTRAH,SS3 59;
RINTRAH,ST2 11/2;
RINTRAH,ST2 1/2;
RINTRAH,ST2 16/2;
RINTRAH,ST2 17/2;
RINTRAH,ST2 2/2;
RINTRAH,ST2 3/2;
RINTRAH,ST2 4/2;
RINTRAH,ST2 5/2;
RINTRAH,ST2 6/2;
RINTRAH,ST2 7;
RINTRAH,ST2 7/2;
RINTRAH,ST2 8/2;
RINTRAH,XCAL 30;
RIORDAN, JIMMY,TB 42;
RIOT-ACT/,M/:LG 12;
RIOT/HEIDI SLATKIN,SKK 1;
RIOT/HEIDI SLATKIN,SKK 2;
RIOT/HEIDI SLATKIN,SKK 3;
RIOT/HEIDI SLATKIN,SKK 4;
RIOT/HEIDI SLATKIN,SKK 5;
RIOT II/,NW2 4;
RIOT II/,NW2 7;
RIPPER/DR. JACQUELIN,M/CP 110/2;
RIPSTER,WOSM 79;
RIPTIDE,C2 '99;
RIPTIDE,UX 211;
RIPTIDE,UX 240;
RIPTIDE,UX 241;
RIPTIDE,XF 10;
RIPTIDE,XM 13;
RIP,YOUNG ALLIES;
RISQUE/GLORIA,XFOR 100;
RISQUE/GLORIA,XFOR 51;
RISQUE/GLORIA,XFOR 57;
RISQUE/GLORIA,XFOR 69;
RISQUE/GLORIA,XFOR 99;
RITTER, DEBORAH,E:HEROD;
RITTER, DEBORAH,FFU 10;
RITTER, DEBORAH,HFH 11;
RITTER, DEBORAH,HFH 5;
RITTER, DEBORAH,HFH 6;
RITTER, DEBORAH,HFH 7;
RITTER, DEBORAH,HFH 8;
RITTER, DEBORAH,HFH 9;
RITTER, DONALD,E:HEROD;
RITTER, DONALD,FFU 10;
RITTER, DONALD,HFH 11;
RITTER, DONALD,HFH 5;
RITTER, DONALD,HFH 6;
RITTER, DONALD,HFH 7;
RITTER, DONALD,HFH 8;
RITTER, DONALD,HFH 9;
RIVERA, DR. JASON,A3 6;
RIVERA, DR. JASON,IM '99;
RIVERA, MS.,DRSTR3 76;
RIVERS, JERRY,H2 439;
ROBERTS, CHESS,IM3 1;
ROBERTSON, AMANDA,PPTSS 112;
ROBERTSON, AMANDA,PPTSS 115;
ROBERTSON, AMANDA,PPTSS 117;
ROBERTSON, AMANDA,PPTSS 118;
ROBERTSON, AMANDA,PPTSS 119;
ROBERTSON, AMANDA,PPTSS 140;
ROBERTSON, AMANDA,PPTSS 142;
ROBERTSON, AMANDA,PPTSS 147;
ROBERTSON, AMANDA,PPTSS 150;
ROBERTSON, AMANDA,PPTSS 158;
ROBERTSON, AMANDA,PPTSS 161;
ROBERTSON, AMANDA,PPTSS 9/3;
ROBERTSON, AMANDA,WOSM 38;
ROBERTSON, AMANDA,WOSM 50;
ROBERTSON, AMANDA,WOSM 58;
ROBERTSON, AMANDA,WOSM 77;
ROBERTSON, AMANDA,WOSM 78;
ROBERTSON, JOE,A 329;
ROBERTSON, JOE,ASM -1;
ROBERTSON, JOE,ASM 10;
ROBERTSON, JOE,ASM 101;
ROBERTSON, JOE,ASM 102;
ROBERTSON, JOE,ASM 103;
ROBERTSON, JOE,ASM 105;
ROBERTSON, JOE,ASM 106;
ROBERTSON, JOE,ASM 111;
ROBERTSON, JOE,ASM 112;
ROBERTSON, JOE,ASM 113;
ROBERTSON, JOE,ASM 115;
ROBERTSON, JOE,ASM 116;
ROBERTSON, JOE,ASM 117;
ROBERTSON, JOE,ASM 118;
ROBERTSON, JOE,ASM 121;
ROBERTSON, JOE,ASM 122;
ROBERTSON, JOE,ASM 123;
ROBERTSON, JOE,ASM 124;
ROBERTSON, JOE,ASM 125;
ROBERTSON, JOE,ASM 129;
ROBERTSON, JOE,ASM 131;
ROBERTSON, JOE,ASM 132;
ROBERTSON, JOE,ASM 134;
ROBERTSON, JOE,ASM 135;
ROBERTSON, JOE,ASM 137;
ROBERTSON, JOE,ASM 139;
ROBERTSON, JOE,ASM 141;
ROBERTSON, JOE,ASM 142;
ROBERTSON, JOE,ASM 143;
ROBERTSON, JOE,ASM 144;
ROBERTSON, JOE,ASM 145;
ROBERTSON, JOE,ASM 149;
ROBERTSON, JOE,ASM 15;
ROBERTSON, JOE,ASM 151;
ROBERTSON, JOE,ASM 155;
ROBERTSON, JOE,ASM 156;
ROBERTSON, JOE,ASM 158;
ROBERTSON, JOE,ASM 159;
ROBERTSON, JOE,ASM 160;
ROBERTSON, JOE,ASM 161;
ROBERTSON, JOE,ASM 163;
ROBERTSON, JOE,ASM 167;
ROBERTSON, JOE,ASM 172;
ROBERTSON, JOE,ASM 174;
ROBERTSON, JOE,ASM 175;
ROBERTSON, JOE,ASM 178;
ROBERTSON, JOE,ASM 179;
ROBERTSON, JOE,ASM 18;
ROBERTSON, JOE,ASM 180;
ROBERTSON, JOE,ASM 185/2;
ROBERTSON, JOE,ASM 186;
ROBERTSON, JOE,ASM 187;
ROBERTSON, JOE,ASM 188;
ROBERTSON, JOE,ASM 189;
ROBERTSON, JOE,ASM 19;
ROBERTSON, JOE,ASM 191;
ROBERTSON, JOE,ASM 192;
ROBERTSON, JOE,ASM 193;
ROBERTSON, JOE,ASM 194;
ROBERTSON, JOE,ASM 196;
ROBERTSON, JOE,ASM 197;
ROBERTSON, JOE,ASM 20;
ROBERTSON, JOE,ASM 201;
ROBERTSON, JOE,ASM 202;
ROBERTSON, JOE,ASM 204;
ROBERTSON, JOE,ASM 206;
ROBERTSON, JOE,ASM 207;
ROBERTSON, JOE,ASM 21;
ROBERTSON, JOE,ASM2 1;
ROBERTSON, JOE,ASM2 11;
ROBERTSON, JOE,ASM 212;
ROBERTSON, JOE,ASM 218;
ROBERTSON, JOE,ASM2 18;
ROBERTSON, JOE,ASM2 20;
ROBERTSON, JOE,ASM 222;
ROBERTSON, JOE,ASM 223;
ROBERTSON, JOE,ASM 224;
ROBERTSON, JOE,ASM2 24;
ROBERTSON, JOE,ASM 225;
ROBERTSON, JOE,ASM2 25;
ROBERTSON, JOE,ASM2 26;
ROBERTSON, JOE,ASM 228;
ROBERTSON, JOE,ASM 229;
ROBERTSON, JOE,ASM 230;
ROBERTSON, JOE,ASM 233;
ROBERTSON, JOE,ASM 234;
ROBERTSON, JOE,ASM 235;
ROBERTSON, JOE,ASM 236;
ROBERTSON, JOE,ASM 238;
ROBERTSON, JOE,ASM2 5;
ROBERTSON, JOE,ASM 251;
ROBERTSON, JOE,ASM 252;
ROBERTSON, JOE,ASM 253;
ROBERTSON, JOE,ASM 254;
ROBERTSON, JOE,ASM 256;
ROBERTSON, JOE,ASM2 6;
ROBERTSON, JOE,ASM 260;
ROBERTSON, JOE,ASM 268;
ROBERTSON, JOE,ASM 270;
ROBERTSON, JOE,ASM 275;
ROBERTSON, JOE,ASM 276;
ROBERTSON, JOE,ASM 278;
ROBERTSON, JOE,ASM 279;
ROBERTSON, JOE,ASM2 8;
ROBERTSON, JOE,ASM 281;
ROBERTSON, JOE,ASM 282;
ROBERTSON, JOE,ASM 283;
ROBERTSON, JOE,ASM 284;
ROBERTSON, JOE,ASM 285;
ROBERTSON, JOE,ASM 289;
ROBERTSON, JOE,ASM 297;
ROBERTSON, JOE,ASM 298;
ROBERTSON, JOE,ASM 299;
ROBERTSON, JOE,ASM 300;
ROBERTSON, JOE,ASM 309;
ROBERTSON, JOE,ASM 314;
ROBERTSON, JOE,ASM 354;
ROBERTSON, JOE,ASM 363;
ROBERTSON, JOE,ASM 364;
ROBERTSON, JOE,ASM 368/2;
ROBERTSON, JOE,ASM 400;
ROBERTSON, JOE,ASM 407;
ROBERTSON, JOE,ASM 409;
ROBERTSON, JOE,ASM 410;
ROBERTSON, JOE,ASM 411;
ROBERTSON, JOE,ASM 414;
ROBERTSON, JOE,ASM 415;
ROBERTSON, JOE,ASM 416;
ROBERTSON, JOE,ASM 417;
ROBERTSON, JOE,ASM 418;
ROBERTSON, JOE,ASM 419;
ROBERTSON, JOE,ASM 422;
ROBERTSON, JOE,ASM 423;
ROBERTSON, JOE,ASM 424;
ROBERTSON, JOE,ASM 425;
ROBERTSON, JOE,ASM 428;
ROBERTSON, JOE,ASM 429;
ROBERTSON, JOE,ASM 430;
ROBERTSON, JOE,ASM 431;
ROBERTSON, JOE,ASM 432;
ROBERTSON, JOE,ASM 433;
ROBERTSON, JOE,ASM 434;
ROBERTSON, JOE,ASM 435;
ROBERTSON, JOE,ASM 440;
ROBERTSON, JOE,ASM 441;
ROBERTSON, JOE,ASM 51;
ROBERTSON, JOE,ASM 52;
ROBERTSON, JOE,ASM 54;
ROBERTSON, JOE,ASM 55;
ROBERTSON, JOE,ASM 56;
ROBERTSON, JOE,ASM 58;
ROBERTSON, JOE,ASM 64;
ROBERTSON, JOE,ASM 65;
ROBERTSON, JOE,ASM 66;
ROBERTSON, JOE,ASM 67;
ROBERTSON, JOE,ASM 68;
ROBERTSON, JOE,ASM 69;
ROBERTSON, JOE,ASM 70;
ROBERTSON, JOE,ASM 71;
ROBERTSON, JOE,ASM 73;
ROBERTSON, JOE,ASM 76;
ROBERTSON, JOE,ASM 78;
ROBERTSON, JOE,ASM 79;
ROBERTSON, JOE,ASM 80;
ROBERTSON, JOE,ASM 82;
ROBERTSON, JOE,ASM 83;
ROBERTSON, JOE,ASM 88;
ROBERTSON, JOE,ASM 89;
ROBERTSON, JOE,ASM 91;
ROBERTSON, JOE,ASM 92;
ROBERTSON, JOE,ASM 95;
ROBERTSON, JOE,ASM '96;
ROBERTSON, JOE,ASM 96;
ROBERTSON, JOE,ASM '96/2;
ROBERTSON, JOE,ASM 98;
ROBERTSON, JOE,ASM 99;
ROBERTSON, JOE,ASM:FO 1;
ROBERTSON, JOE,ASMU 11;
ROBERTSON, JOE,ASMU 12;
ROBERTSON, JOE,ASMU 13;
ROBERTSON, JOE,ASMU 14;
ROBERTSON, JOE,ASMU 16;
ROBERTSON, JOE,ASMU 17;
ROBERTSON, JOE,ASMU 8;
ROBERTSON, JOE,ASMU 9;
ROBERTSON, JOE,CA 127;
ROBERTSON, JOE,CA 250;
ROBERTSON, JOE,CA '99;
ROBERTSON, JOE,COTL 37;
ROBERTSON, JOE,DB 1;
ROBERTSON, JOE,DB 2;
ROBERTSON, JOE,DB 3;
ROBERTSON, JOE,DD 177;
ROBERTSON, JOE,DD 227;
ROBERTSON, JOE,DD 230;
ROBERTSON, JOE,DEF 61;
ROBERTSON, JOE,DHKF 22/2;
ROBERTSON, JOE,FF 110;
ROBERTSON, JOE,FF 111;
ROBERTSON, JOE,FF 243;
ROBERTSON, JOE,FF 300;
ROBERTSON, JOE,GG 2;
ROBERTSON, JOE,GG 4;
ROBERTSON, JOE,GSSH 1;
ROBERTSON, JOE,GZILL 23;
ROBERTSON, JOE,GZILL 24;
ROBERTSON, JOE,LSHOT 3;
ROBERTSON, JOE,MARVELS 4;
ROBERTSON, JOE,MC:O;
ROBERTSON, JOE,M/FAN 1;
ROBERTSON, JOE,M/PRM 49;
ROBERTSON, JOE,M/SH3 4;
ROBERTSON, JOE,MSM 1;
ROBERTSON, JOE,M/TIO 40;
ROBERTSON, JOE,M/TU 106;
ROBERTSON, JOE,M/TU 108;
ROBERTSON, JOE,M/TU 109;
ROBERTSON, JOE,M/TU 110;
ROBERTSON, JOE,M/TU 115;
ROBERTSON, JOE,M/TU 12;
ROBERTSON, JOE,M/TU 122;
ROBERTSON, JOE,M/TU 138;
ROBERTSON, JOE,M/TU 144;
ROBERTSON, JOE,M/TU 149;
ROBERTSON, JOE,M/TU 150;
ROBERTSON, JOE,M/TU 20;
ROBERTSON, JOE,M/TU2 1;
ROBERTSON, JOE,M/TU2 6;
ROBERTSON, JOE,M/TU 4;
ROBERTSON, JOE,M/TU 47;
ROBERTSON, JOE,M/TU 52;
ROBERTSON, JOE,M/TU 7;
ROBERTSON, JOE,M/TU 79;
ROBERTSON, JOE,O:MU;
ROBERTSON, JOE,PPSM2 1;
ROBERTSON, JOE,PPSM2 11;
ROBERTSON, JOE,PPSM2 13;
ROBERTSON, JOE,PPSM2 14;
ROBERTSON, JOE,PPSM2 17;
ROBERTSON, JOE,PPSM2 18;
ROBERTSON, JOE,PPSM2 19;
ROBERTSON, JOE,PPSM2 23;
ROBERTSON, JOE,PPSM2 24;
ROBERTSON, JOE,PPSM2 31;
ROBERTSON, JOE,PPSM2 4;
ROBERTSON, JOE,PPSM2 8;
ROBERTSON, JOE,PPTSS 101;
ROBERTSON, JOE,PPTSS 103;
ROBERTSON, JOE,PPTSS 105;
ROBERTSON, JOE,PPTSS 107;
ROBERTSON, JOE,PPTSS 108;
ROBERTSON, JOE,PPTSS 109;
ROBERTSON, JOE,PPTSS 110;
ROBERTSON, JOE,PPTSS 112;
ROBERTSON, JOE,PPTSS 115;
ROBERTSON, JOE,PPTSS 117;
ROBERTSON, JOE,PPTSS 118;
ROBERTSON, JOE,PPTSS 119;
ROBERTSON, JOE,PPTSS 120;
ROBERTSON, JOE,PPTSS 121;
ROBERTSON, JOE,PPTSS 124;
ROBERTSON, JOE,PPTSS 125;
ROBERTSON, JOE,PPTSS 131;
ROBERTSON, JOE,PPTSS 137;
ROBERTSON, JOE,PPTSS 138;
ROBERTSON, JOE,PPTSS 139;
ROBERTSON, JOE,PPTSS 140;
ROBERTSON, JOE,PPTSS 141;
ROBERTSON, JOE,PPTSS 142;
ROBERTSON, JOE,PPTSS 144;
ROBERTSON, JOE,PPTSS 145;
ROBERTSON, JOE,PPTSS 146;
ROBERTSON, JOE,PPTSS 147;
ROBERTSON, JOE,PPTSS 149;
ROBERTSON, JOE,PPTSS 150;
ROBERTSON, JOE,PPTSS 151;
ROBERTSON, JOE,PPTSS 152;
ROBERTSON, JOE,PPTSS 153;
ROBERTSON, JOE,PPTSS 155;
ROBERTSON, JOE,PPTSS 156;
ROBERTSON, JOE,PPTSS 157;
ROBERTSON, JOE,PPTSS 158;
ROBERTSON, JOE,PPTSS 161;
ROBERTSON, JOE,PPTSS 162;
ROBERTSON, JOE,PPTSS 165;
ROBERTSON, JOE,PPTSS 173;
ROBERTSON, JOE,PPTSS 174;
ROBERTSON, JOE,PPTSS 175;
ROBERTSON, JOE,PPTSS 19;
ROBERTSON, JOE,PPTSS 2;
ROBERTSON, JOE,PPTSS 21;
ROBERTSON, JOE,PPTSS 215;
ROBERTSON, JOE,PPTSS 216;
ROBERTSON, JOE,PPTSS 222;
ROBERTSON, JOE,PPTSS 223;
ROBERTSON, JOE,PPTSS 225;
ROBERTSON, JOE,PPTSS 226;
ROBERTSON, JOE,PPTSS 228;
ROBERTSON, JOE,PPTSS 235;
ROBERTSON, JOE,PPTSS 237;
ROBERTSON, JOE,PPTSS 247;
ROBERTSON, JOE,PPTSS 250;
ROBERTSON, JOE,PPTSS 251;
ROBERTSON, JOE,PPTSS 254;
ROBERTSON, JOE,PPTSS 3;
ROBERTSON, JOE,PPTSS 52;
ROBERTSON, JOE,PPTSS 66;
ROBERTSON, JOE,PPTSS 67;
ROBERTSON, JOE,PPTSS 70;
ROBERTSON, JOE,PPTSS 71;
ROBERTSON, JOE,PPTSS 73;
ROBERTSON, JOE,PPTSS 78;
ROBERTSON, JOE,PPTSS 80;
ROBERTSON, JOE,PPTSS 83;
ROBERTSON, JOE,PPTSS 89;
ROBERTSON, JOE,PPTSS 90;
ROBERTSON, JOE,PPTSS 91;
ROBERTSON, JOE,PPTSS 92;
ROBERTSON, JOE,PPTSS 95;
ROBERTSON, JOE,PPTSS 97;
ROBERTSON, JOE,PPTSS 99;
ROBERTSON, JOE,QP 2;
ROBERTSON, JOE,SENSM 11;
ROBERTSON, JOE,SENSM 2;
ROBERTSON, JOE,SENSM 21;
ROBERTSON, JOE,SENSM 25;
ROBERTSON, JOE,SENSM 32;
ROBERTSON, JOE,SENSM 4;
ROBERTSON, JOE,SENSM 7;
ROBERTSON, JOE,S-M 23;
ROBERTSON, JOE,S-M 25;
ROBERTSON, JOE,S-M 57;
ROBERTSON, JOE,S-M 66;
ROBERTSON, JOE,S-M 69;
ROBERTSON, JOE,S-M 75;
ROBERTSON, JOE,S-M 96;
ROBERTSON, JOE,SM:DMH;
ROBERTSON, JOE,SM:FA 1;
ROBERTSON, JOE,SM:FA 3;
ROBERTSON, JOE,SM:FA 4;
ROBERTSON, JOE,SM:L 1;
ROBERTSON, JOE,SM:PL;
ROBERTSON, JOE,SM:RGG 3;
ROBERTSON, JOE,SMTU 5/2;
ROBERTSON, JOE,SMTU 7;
ROBERTSON, JOE,SPEC S-M 1;
ROBERTSON, JOE,TFORM 3;
ROBERTSON, JOE,UX 337;
ROBERTSON, JOE,UX 346;
ROBERTSON, JOE,WOSM 11;
ROBERTSON, JOE,WOSM 116;
ROBERTSON, JOE,WOSM 12;
ROBERTSON, JOE,WOSM 122;
ROBERTSON, JOE,WOSM 124;
ROBERTSON, JOE,WOSM 13;
ROBERTSON, JOE,WOSM 14;
ROBERTSON, JOE,WOSM 16;
ROBERTSON, JOE,WOSM 2;
ROBERTSON, JOE,WOSM 21;
ROBERTSON, JOE,WOSM 26;
ROBERTSON, JOE,WOSM 28;
ROBERTSON, JOE,WOSM 29;
ROBERTSON, JOE,WOSM 36;
ROBERTSON, JOE,WOSM 38;
ROBERTSON, JOE,WOSM 4;
ROBERTSON, JOE,WOSM 5;
ROBERTSON, JOE,WOSM 50;
ROBERTSON, JOE,WOSM 58;
ROBERTSON, JOE,WOSM 64;
ROBERTSON, JOE,WOSM 66;
ROBERTSON, JOE,WOSM 67;
ROBERTSON, JOE,WOSM 68;
ROBERTSON, JOE,WOSM 69;
ROBERTSON, JOE,WOSM 77;
ROBERTSON, JOE,WOSM 78;
ROBERTSON, JOE,WOSM 8;
ROBERTSON, JOE,WOSM 86;
ROBERTSON, JOE,WOSM 88;
ROBERTSON, JOE,XM 35;
ROBERTSON, MARTHA,ASM 113;
ROBERTSON, MARTHA,ASM 156;
ROBERTSON, MARTHA,ASM 314;
ROBERTSON, MARTHA,ASM 400;
ROBERTSON, MARTHA,ASM 423;
ROBERTSON, MARTHA,ASM 424;
ROBERTSON, MARTHA,ASM 425;
ROBERTSON, MARTHA,ASM 429;
ROBERTSON, MARTHA,ASM 430;
ROBERTSON, MARTHA,ASM 431;
ROBERTSON, MARTHA,ASM 433;
ROBERTSON, MARTHA,ASM 434;
ROBERTSON, MARTHA,ASM 68;
ROBERTSON, MARTHA,ASM 71;
ROBERTSON, MARTHA,PPSM2 14;
ROBERTSON, MARTHA,PPSM2 19;
ROBERTSON, MARTHA,PPTSS 117;
ROBERTSON, MARTHA,PPTSS 139;
ROBERTSON, MARTHA,PPTSS 140;
ROBERTSON, MARTHA,PPTSS 142;
ROBERTSON, MARTHA,PPTSS 146;
ROBERTSON, MARTHA,PPTSS 147;
ROBERTSON, MARTHA,PPTSS 150;
ROBERTSON, MARTHA,PPTSS 158;
ROBERTSON, MARTHA,PPTSS 161;
ROBERTSON, MARTHA,PPTSS 165;
ROBERTSON, MARTHA,PPTSS 250;
ROBERTSON, MARTHA,PPTSS 9/3;
ROBERTSON, MARTHA,SENSM 25;
ROBERTSON, MARTHA,WOSM 38;
ROBERTSON, MARTHA,WOSM 50;
ROBERTSON, MARTHA,WOSM 58;
ROBERTSON, MARTHA,WOSM 77;
ROBERTSON, MARTHA,WOSM 78;
ROBERTSON, PROF. BOB,JIM 68;
ROBERTSON, PROF. BOB,S-H2 31;
ROBERTSON, PROF. BOB,S-H2 32;
ROBERTSON, PROF. BOB,S-H2 33;
ROBERTSON, RANDY,ASM '01;
ROBERTSON, RANDY,ASM 105;
ROBERTSON, RANDY,ASM 106;
ROBERTSON, RANDY,ASM 107;
ROBERTSON, RANDY,ASM 113;
ROBERTSON, RANDY,ASM 123;
ROBERTSON, RANDY,ASM 125;
ROBERTSON, RANDY,ASM 156;
ROBERTSON, RANDY,ASM 163;
ROBERTSON, RANDY,ASM 166;
ROBERTSON, RANDY,ASM 185;
ROBERTSON, RANDY,ASM 204;
ROBERTSON, RANDY,ASM2 18;
ROBERTSON, RANDY,ASM2 19;
ROBERTSON, RANDY,ASM2 20;
ROBERTSON, RANDY,ASM2 21;
ROBERTSON, RANDY,ASM2 22;
ROBERTSON, RANDY,ASM2 23;
ROBERTSON, RANDY,ASM2 24;
ROBERTSON, RANDY,ASM2 25;
ROBERTSON, RANDY,ASM2 26;
ROBERTSON, RANDY,ASM2 27;
ROBERTSON, RANDY,ASM2 28;
ROBERTSON, RANDY,ASM 400;
ROBERTSON, RANDY,ASM 67;
ROBERTSON, RANDY,ASM 68;
ROBERTSON, RANDY,ASM 69;
ROBERTSON, RANDY,ASM 70;
ROBERTSON, RANDY,ASM 71;
ROBERTSON, RANDY,ASM 73;
ROBERTSON, RANDY,ASM 74;
ROBERTSON, RANDY,ASM 87;
ROBERTSON, RANDY,ASM 89;
ROBERTSON, RANDY,ASM 96;
ROBERTSON, RANDY,PPSM2 17;
ROBERTSON, RANDY,PPSM2 18;
ROBERTSON, RANDY,PPSM2 19;
ROBERTSON, RANDY,PPSM2 21;
ROBERTSON, RANDY,PPSM2 22;
ROBERTSON, RANDY,PPSM2 23;
ROBERTSON, RANDY,PPSM2 25;
ROBERTSON, RANDY,PPSM2 27;
ROBERTSON, RANDY,PPSM2 28;
ROBERTSON, RANDY,PPSM2 30;
ROBERTSON, RANDY,PPTSS 112;
ROBERTSON, RANDY,PPTSS 115;
ROBERTSON, RANDY,PPTSS 118;
ROBERTSON, RANDY,PPTSS 119;
ROBERTSON, RANDY,PPTSS 140;
ROBERTSON, RANDY,PPTSS 141;
ROBERTSON, RANDY,PPTSS 142;
ROBERTSON, RANDY,PPTSS 145;
ROBERTSON, RANDY,PPTSS 147;
ROBERTSON, RANDY,PPTSS 150;
ROBERTSON, RANDY,PPTSS 158;
ROBERTSON, RANDY,PPTSS 161;
ROBERTSON, RANDY,PPTSS 9/3;
ROBERTSON, RANDY,SM:L 1;
ROBERTSON, RANDY,SM/M;
ROBERTSON, RANDY,SM:MM 1;
ROBERTSON, RANDY,SM:RGG 3;
ROBERTSON, RANDY,WOSM 38;
ROBERTSON, RANDY,WOSM 50;
ROBERTSON, RANDY,WOSM 58;
ROBERTSON, RANDY,WOSM 77;
ROBERTSON, RANDY,WOSM 78;
ROBERTS, TED,H2 173;
ROBERTS, TED,H2 174;
ROBERTS, TED,UX 24;
ROBERTS, TED,UX 26;
ROBERTS, TED,UX 27;
ROBERTS, TED,UX 28;
ROBERTS, TED,UX 31;
ROBERTS, TED,UX 34;
ROBESON, PROFESSOR K,FF 403;
ROBESON, PROFESSOR K,FF 404;
ROBESON, PROFESSOR K,FF 405;
ROBINSON, LUCY,X:HY 18;
ROBINSON, LUCY,X:HY 19;
ROBINSON, LUCY,X:HY 20;
ROBINSON, LUCY,X:HY 21;
ROBINSON, LUCY,X:HY 22;
ROCKETLAUNCHER/,IM3 1;
ROCKETLAUNCHER/,IM '99;
ROCKET RACCOON,H2 271;
ROCKET RACCOON,Q 15;
ROCKET RACCOON,ROCRAC 1;
ROCKET RACCOON,ROCRAC 2;
ROCKET RACCOON,ROCRAC 3;
ROCKET RACCOON,ROCRAC 4;
ROCKET RACCOON,S-H2 44;
ROCKET RACCOON,S-H2 45;
ROCKET RACCOON,S-H2 46;
ROCKET RACER II/,ASM2 13;
ROCKET RACER/ROBERT,ASM 172;
ROCKET RACER/ROBERT,ASM 182;
ROCKET RACER/ROBERT,ASM 183;
ROCKET RACER/ROBERT,ASM2 13;
ROCKET RACER/ROBERT,ASM 25/3;
ROCKET RACER/ROBERT,ASMU 14;
ROCKET RACER/ROBERT,M/CP 97/4;
ROCKET RACER/ROBERT,PPTSS 10/3;
ROCKET RACER/ROBERT,PPTSS 104;
ROCKET RACER/ROBERT,PPTSS 11/2;
ROCKET RACER/ROBERT,PPTSS 169;
ROCKET RACER/ROBERT,PPTSS 170;
ROCKET RACER/ROBERT,SENSM 17;
ROCKET RACER/ROBERT,WOSM 50;
ROCKET RACER/ROBERT,WOSM 56;
ROCKET RACER/ROBERT,WOSM 57;
ROCKET RACER/ROBERT,WOSM 7/2;
ROCKET RACER/ROBERT,WOSM 7/6;
ROCKET RACER/ROBERT,XCAL 36;
ROCK PYTHON,CA 342;
ROCK PYTHON,CA 355;
ROCK PYTHON,CA 365/2;
ROCK PYTHON,CA 367/2;
ROCK PYTHON,CA 380;
ROCK PYTHON,CA 381;
ROCK PYTHON,CA 382;
ROCK PYTHON,CA 385/2;
ROCK PYTHON,CA 386/2;
ROCK PYTHON,CA 387;
ROCK PYTHON,CA 434;
ROCK PYTHON,CA 435;
ROCK PYTHON,CA 436;
ROCK PYTHON,CA 437;
ROCK PYTHON,UX 13;
ROCK/SAMUEL JOHN ROC,C&D3 8;
ROCK/SAMUEL JOHN ROC,C&D3 9;
ROCK/SAMUEL JOHN ROC,H2 317;
ROCK/SAMUEL JOHN ROC,H2 318;
ROCK/SAMUEL JOHN ROC,H2 319;
ROCK/SAMUEL JOHN ROC,H2 320;
ROCK/SAMUEL JOHN ROC,H2 321;
ROCK/SAMUEL JOHN ROC,H2 322;
ROCK/SAMUEL JOHN ROC,H2 325;
ROCK/SAMUEL JOHN ROC,H2 327;
ROCK/SAMUEL JOHN ROC,H2 329;
ROCK/SAMUEL JOHN ROC,H2 330;
ROCK/SAMUEL JOHN ROC,H2 331;
ROCK/SAMUEL JOHN ROC,H2 332;
ROCK/SAMUEL JOHN ROC,H2 334;
ROCK/SAMUEL JOHN ROC,H2 337;
ROCK/SAMUEL JOHN ROC,H2 338;
ROCK/SAMUEL JOHN ROC,H2 341;
ROCK/SAMUEL JOHN ROC,H2 342;
ROCK/SAMUEL JOHN ROC,H2 343;
ROCK/SAMUEL JOHN ROC,H2 344;
ROCK/SAMUEL JOHN ROC,H2 345;
ROCK/SAMUEL JOHN ROC,H2 366;
ROCK/SAMUEL JOHN ROC,H2 397;
ROCK/SAMUEL JOHN ROC,H2 398;
ROCK/SAMUEL JOHN ROC,H2 399;
ROCK/SAMUEL JOHN ROC,H2 400;
ROCK/SAMUEL JOHN ROC,H2 464;
ROCKWALL,ASM 272;
ROC/,PWZ 10;
ROC/,PWZ 11;
ROC/,PWZ 8;
ROC/,PWZ 9;
RODGERS, MARIANNE,AA2 12;
RODGERS, MARIANNE,AOI;
RODGERS, MARIANNE,IM 105;
RODGERS, MARIANNE,IM 106;
RODGERS, MARIANNE,IM 107;
RODGERS, MARIANNE,IM 320;
RODGERS, MARIANNE,IM 321;
RODGERS, MARIANNE,IM 322;
RODGERS, MARIANNE,IM 323;
RODGERS, MARIANNE,IM 324;
RODGERS, MARIANNE,IM 325;
RODGERS, MARIANNE,IM 36;
RODGERS, MARIANNE,IM 37;
RODGERS, MARIANNE,IM 40;
RODGERS, MARIANNE,IM 41;
RODGERS, MARIANNE,IM 42;
RODGERS, MARIANNE,IM 43;
RODGERS, MARIANNE,IM 44;
RODGERS, MARIANNE,IM 45;
RODGERS, MARIANNE,IM 46;
RODGERS, MARIANNE,IM 47;
RODGERS, MARIANNE,IM 48;
RODGERS, MARIANNE,IM 49;
RODGERS, MARIANNE,IM 50;
RODGERS, MARIANNE,IM 51;
RODGERS, MARIANNE,IM 52;
RODGERS, MARIANNE,IM 58;
RODGERS, MARIANNE,IM 59;
RODGERS, MARIANNE,IM 74;
RODGERS, MARIANNE,IM 75;
RODOR,SS3 124;
RODRIGUEZ, DEBRA,C2 59;
RODRIGUEZ, DEBRA,C2 60;
RODRIGUEZ, DET. PHIL,S-W3 1;
RODRIGUEZ, DET. PHIL,S-W3 2;
RODRIGUEZ, DET. PHIL,S-W3 3;
ROEBERG, SEN.,PPTSS 246;
ROGERS, CAPT. STEVEN,CA:SL2 6/3;
ROGERS, CAPT. STEVEN,CA:SL2 7;
ROGERS, CAPT. STEVEN,X:HC 2;
ROGERS, GAYLE,SOLOA 13;
ROGERS, GAYLE,SOLOA 9;
ROGERS, GAYLE,TB 18;
ROGERS, GAYLE,TB 19;
ROGERS, GAYLE,TB 20;
ROGERS, GAYLE,TB 21;
ROGERS, GAYLE,TB 22;
ROGERS, GAYLE,TB 23;
ROGERS, GAYLE,TB 24;
ROGERS, GAYLE,TB 34;
ROGERS, GAYLE,TB 35;
ROGERS, GAYLE,TB 36;
ROGERS, W.T.,H2 463;
ROGUE /,A 10;
ROGUE /,A3 10;
ROGUE /,A 401;
ROGUE /,AF2 9;
ROGUE /,AF 33;
ROGUE /,AF 61;
ROGUE /,BSHP2 16;
ROGUE /,C2 20;
ROGUE /,C2 87;
ROGUE /,COH 3;
ROGUE /,DAMCON 4;
ROGUE /,DAZZ 22;
ROGUE /,DAZZ 23;
ROGUE /,DAZZ 24;
ROGUE /,DAZZ 28;
ROGUE /,DAZZ 38;
ROGUE DOPPELGANGER,IW 5;
ROGUE DOPPELGANGER,WM2 15;
ROGUE /,FF 367;
ROGUE /,FF 368;
ROGUE /,FF 369;
ROGUE /,FF 370;
ROGUE /,FFV.X 1;
ROGUE /,FFV.X 2;
ROGUE /,FFV.X 3;
ROGUE /,FFV.X 4;
ROGUE /,GAM3 1;
ROGUE /,GAM3 15;
ROGUE /,GR3 26;
ROGUE /,GR3 27;
ROGUE /,H2 340;
ROGUE /,HOPE 1;
ROGUE /,IW 1;
ROGUE /,IW 2;
ROGUE /,IW 3;
ROGUE /,IW 4;
ROGUE /,IW 5;
ROGUE /,IW 6;
ROGUE /,MAXSEC 3;
ROGUE /,M/CP 16;
ROGUE /,M/CP 89/4;
ROGUE /,MEPHV. 3;
ROGUE /,MEPHV. 4;
ROGUE /,M/FAN 33;
ROGUE /,M/FAN 38;
ROGUE /,M/FAN 60/2;
ROGUE /,MK3 41;
ROGUE /,MK 35;
ROGUE /,MR 1;
ROGUE /,M/SH3 11/3;
ROGUE /,M/SH3 2/2;
ROGUE /,M/SH3 6;
ROGUE /,M/SH3 7;
ROGUE /,M/SH3 8;
ROGUE /,M/SHSW 1;
ROGUE /,M/SHSW 10;
ROGUE /,M/SHSW 11;
ROGUE /,M/SHSW 12;
ROGUE /,M/SHSW 2;
ROGUE /,M/SHSW 3;
ROGUE /,M/SHSW 4;
ROGUE /,M/SHSW 5;
ROGUE /,M/SHSW 6;
ROGUE /,M/SHSW 7;
ROGUE /,M/SHSW 8;
ROGUE /,M/SHSW 9;
ROGUE /,M/TU 135;
ROGUE /,M/TU 150;
ROGUE | MUTANT X-VER,MX '01;
ROGUE | MUTANT X-VER,MX 10;
ROGUE | MUTANT X-VER,MX 11;
ROGUE | MUTANT X-VER,MX 12;
ROGUE | MUTANT X-VER,MX 15;
ROGUE /,NM 14;
ROGUE /,NM 24;
ROGUE /,NM 25;
ROGUE /,NM 46;
ROGUE /,NW 27;
ROGUE /,O:MU;
ROGUE /,PPSM2 4;
ROGUE /,Q 38;
ROGUE /,Q 39;
ROGUE /,R 1;
ROGUE /,R 2;
ROGUE /,R 3;
ROGUE /,R 4;
ROGUE /,ROM 31;
ROGUE /,ROM 32;
ROGUE /,ROM 65;
ROGUE /,ROM 66;
ROGUE /,SS3 123;
ROGUE /,SWII 1;
ROGUE /,SWII 5;
ROGUE /,SWII 7;
ROGUE /,SWII 8;
ROGUE /,SWII 9;
ROGUE /,UX 10;
ROGUE /,UX 11;
ROGUE /,UX 12;
ROGUE /,UX 13;
ROGUE /,UX 13/2;
ROGUE /,UX 158;
ROGUE /,UX 170;
ROGUE /,UX 171;
ROGUE /,UX 172;
ROGUE /,UX 173;
ROGUE /,UX 174;
ROGUE /,UX 175;
ROGUE /,UX 177;
ROGUE /,UX 178;
ROGUE /,UX 179;
ROGUE /,UX 181;
ROGUE /,UX 182;
ROGUE /,UX 183;
ROGUE /,UX 184;
ROGUE /,UX 185;
ROGUE /,UX 186;
ROGUE /,UX 187;
ROGUE /,UX 188;
ROGUE /,UX 189;
ROGUE /,UX 190;
ROGUE /,UX 191;
ROGUE /,UX 192;
ROGUE /,UX 193;
ROGUE /,UX 194;
ROGUE /,UX 195;
ROGUE /,UX 196;
ROGUE /,UX 199;
ROGUE /,UX 200;
ROGUE /,UX 201;
ROGUE /,UX 202;
ROGUE /,UX 203;
ROGUE /,UX 206;
ROGUE /,UX 207;
ROGUE /,UX 208;
ROGUE /,UX 209;
ROGUE /,UX 210;
ROGUE /,UX 211;
ROGUE /,UX 212;
ROGUE /,UX 213;
ROGUE /,UX 214;
ROGUE /,UX 215;
ROGUE /,UX 216;
ROGUE /,UX 217;
ROGUE /,UX 218;
ROGUE /,UX 219;
ROGUE /,UX 221;
ROGUE /,UX 222;
ROGUE /,UX 223;
ROGUE /,UX 224;
ROGUE /,UX 225;
ROGUE /,UX 226;
ROGUE /,UX 227;
ROGUE /,UX 228;
ROGUE /,UX 229;
ROGUE /,UX 230;
ROGUE /,UX 231;
ROGUE /,UX 232;
ROGUE /,UX 233;
ROGUE /,UX 234;
ROGUE /,UX 235;
ROGUE /,UX 236;
ROGUE /,UX 237;
ROGUE /,UX 238;
ROGUE /,UX 239;
ROGUE /,UX 240;
ROGUE /,UX 241;
ROGUE /,UX 242;
ROGUE /,UX 243;
ROGUE /,UX 244;
ROGUE /,UX 245;
ROGUE /,UX 246;
ROGUE /,UX 247;
ROGUE /,UX 269;
ROGUE /,UX 274;
ROGUE /,UX 275;
ROGUE /,UX 278;
ROGUE /,UX 279;
ROGUE /,UX 280;
ROGUE /,UX 294;
ROGUE /,UX 295;
ROGUE /,UX 321;
ROGUE /,UX 323;
ROGUE /,UX 324;
ROGUE /,UX 325;
ROGUE /,UX 336;
ROGUE /,UX 341;
ROGUE /,UX 342;
ROGUE /,UX 343;
ROGUE /,UX 344;
ROGUE /,UX 345;
ROGUE /,UX 347;
ROGUE /,UX 348;
ROGUE /,UX 349;
ROGUE /,UX 350;
ROGUE /,UX 352;
ROGUE /,UX 353;
ROGUE /,UX 354;
ROGUE /,UX 355;
ROGUE /,UX 356;
ROGUE /,UX 359;
ROGUE /,UX 360;
ROGUE /,UX 361;
ROGUE /,UX 362;
ROGUE /,UX 365;
ROGUE /,UX 366;
ROGUE /,UX 367;
ROGUE /,UX 368;
ROGUE /,UX 371;
ROGUE /,UX 372;
ROGUE /,UX 375;
ROGUE /,UX 376;
ROGUE /,UX 377;
ROGUE /,UX 378;
ROGUE /,UX 379;
ROGUE /,UX 380;
ROGUE /,UX 384;
ROGUE /,UX 385;
ROGUE /,UX 386;
ROGUE /,UX 387;
ROGUE /,UX 388;
ROGUE /,UX 389;
ROGUE /,UX 7;
ROGUE /,UX 8;
ROGUE /,UX 9;
ROGUE /,W2 125;
ROGUE /,W2 126;
ROGUE /,W2 145;
ROGUE /,W2 159;
ROGUE /,W2 54;
ROGUE /,WIW 8;
ROGUE /,WM2 13;
ROGUE /,WM2 14;
ROGUE /,WM2 15;
ROGUE /,W/NF;
ROGUE /,X '00;
ROGUE /,X 1;
ROGUE /,X 10;
ROGUE /,X 100;
ROGUE /,X 101;
ROGUE /,X 102;
ROGUE /,X 103;
ROGUE /,X 104;
ROGUE /,X 105;
ROGUE /,X 106;
ROGUE /,X 107;
ROGUE /,X 108;
ROGUE /,X 109;
ROGUE /,X 11;
ROGUE /,X 12;
ROGUE /,X 13;
ROGUE /,X 14;
ROGUE /,X 15;
ROGUE /,X 2;
ROGUE /,X 3;
ROGUE /,X 33;
ROGUE /,X 34;
ROGUE /,X 38;
ROGUE /,X 4;
ROGUE /,X 40;
ROGUE /,X 41;
ROGUE /,X 42;
ROGUE /,X 45;
ROGUE /,X 5;
ROGUE /,X 55;
ROGUE /,X 56;
ROGUE /,X 58;
ROGUE /,X 6;
ROGUE /,X 7;
ROGUE /,X 70;
ROGUE /,X 71;
ROGUE /,X 73;
ROGUE /,X 75;
ROGUE /,X 8;
ROGUE /,X 80;
ROGUE /,X 81;
ROGUE /,X 82;
ROGUE /,X 83;
ROGUE /,X 84;
ROGUE /,X 85;
ROGUE /,X 86;
ROGUE /,X 87;
ROGUE /,X 88;
ROGUE /,X 9;
ROGUE /,X 91;
ROGUE /,X 92;
ROGUE /,X 93;
ROGUE /,X 94;
ROGUE /,X 95;
ROGUE /,X 96;
ROGUE /,X '97;
ROGUE /,X 97;
ROGUE /,X 98;
ROGUE /,X '99;
ROGUE /,X 99;
ROGUE /,X&AF 1;
ROGUE /,X&AF 2;
ROGUE /,XCAL 57;
ROGUE /,XCAL 58;
ROGUE /,XF 108;
ROGUE /,XF 38;
ROGUE /,XF 39;
ROGUE /,XF 69;
ROGUE /,XF 70;
ROGUE /,XF 84;
ROGUE /,XF 85;
ROGUE /,XFOR 16;
ROGUE /,XFOR 17;
ROGUE /,X:L 3;
ROGUE /,XM 11;
ROGUE /,XMF 2;
ROGUE /,X:MW 1;
ROGUE /,X:PRIME;
ROGUE /,XU 11;
ROGUE /,XU 22;
ROGUE /,XU 23;
ROGUE /,XU 25;
ROGUE /,XU 29;
ROGUE /,XU 30/3;
ROGUE /,XU 31;
ROGUE /,XV.A 1;
ROGUE /,XV.A 2;
ROGUE /,XV.A 3;
ROGUE /,XV.A 4;
ROGUE /,XX 1;
ROGUE /,XX 2;
ROGUE /,XX 3;
ROK,AF 115;
ROLLINS, MRS.,NW2 4;
ROMA,CB 1;
ROMA,CB 2;
ROMA,CB2 14;
ROMA,FF3 10;
ROMA,FF3 7;
ROMA,FF3 8;
ROMAN, DR. NILES,XFOR 103;
ROMAN, DR. NILES,XFOR 104;
ROMAN, DR. NILES,XFOR 105;
ROMAN, DR. NILES,XFOR 112;
ROMAN, DR. NILES,XFOR 113;
ROMANO, TONY,AWC 6/3;
ROMANOV, MICKEY,AF 109;
ROMA,Q 24;
ROMA,Q 25;
ROMA,UX 225;
ROMA,UX 227;
ROMA,UX 229;
ROMA,XCAL 125;
ROMA,XCAL2 3;
ROMA,XCAL2 4;
ROMA,XCAL 25;
ROMA,XCAL 47;
ROMA,XCAL 49;
ROMA,XCAL 50;
ROMA,XCALSE 1;
ROMA,XF 117;
ROMA,XF 118;
ROMA,XF 119;
ROMA,XF 120;
ROMA,XF 121;
ROM CLONE,ROM 42;
ROM CLONE,ROM 43;
ROM CLONE,ROM 44;
ROM CLONE,ROM 45;
ROMITA, JOHN,SUB-M 19;
ROMMEL, EDWIN ROMULU,CA 10;
ROMMEL, EDWIN ROMULU,DD 7;
ROMMEL, EDWIN ROMULU,NF3 22;
ROMMEL, EDWIN ROMULU,NF3 25;
ROMMEL, EDWIN ROMULU,NF3 27;
ROMMEL, EDWIN ROMULU,NF3 28;
ROMMEL, EDWIN ROMULU,NF3 29;
ROMMEL, EDWIN ROMULU,NS 2;
ROM, SPACEKNIGHT,COC 1;
ROM, SPACEKNIGHT,H2 296;
ROM, SPACEKNIGHT,H2 418;
ROM, SPACEKNIGHT,M/TIO 99;
ROM, SPACEKNIGHT,PM&IF 73;
ROM, SPACEKNIGHT,ROM 1;
ROM, SPACEKNIGHT,ROM 10;
ROM, SPACEKNIGHT,ROM 11;
ROM, SPACEKNIGHT,ROM 1/2;
ROM, SPACEKNIGHT,ROM 12;
ROM, SPACEKNIGHT,ROM 13;
ROM, SPACEKNIGHT,ROM 13/2;
ROM, SPACEKNIGHT,ROM 14;
ROM, SPACEKNIGHT,ROM 14/2;
ROM, SPACEKNIGHT,ROM 15;
ROM, SPACEKNIGHT,ROM 16;
ROM, SPACEKNIGHT,ROM 16/2;
ROM, SPACEKNIGHT,ROM 17;
ROM, SPACEKNIGHT,ROM 18;
ROM, SPACEKNIGHT,ROM 19;
ROM, SPACEKNIGHT,ROM 19/2;
ROM, SPACEKNIGHT,ROM 2;
ROM, SPACEKNIGHT,ROM 20;
ROM, SPACEKNIGHT,ROM 20/2;
ROM, SPACEKNIGHT,ROM 21;
ROM, SPACEKNIGHT,ROM 22;
ROM, SPACEKNIGHT,ROM 23;
ROM, SPACEKNIGHT,ROM 24;
ROM, SPACEKNIGHT,ROM 25;
ROM, SPACEKNIGHT,ROM 25/2;
ROM, SPACEKNIGHT,ROM 26;
ROM, SPACEKNIGHT,ROM 27;
ROM, SPACEKNIGHT,ROM 28;
ROM, SPACEKNIGHT,ROM 29;
ROM, SPACEKNIGHT,ROM 3;
ROM, SPACEKNIGHT,ROM 30;
ROM, SPACEKNIGHT,ROM 31;
ROM, SPACEKNIGHT,ROM 32;
ROM, SPACEKNIGHT,ROM 33;
ROM, SPACEKNIGHT,ROM 34;
ROM, SPACEKNIGHT,ROM 35;
ROM, SPACEKNIGHT,ROM 36;
ROM, SPACEKNIGHT,ROM 37;
ROM, SPACEKNIGHT,ROM 38;
ROM, SPACEKNIGHT,ROM 39;
ROM, SPACEKNIGHT,ROM 4;
ROM, SPACEKNIGHT,ROM 40;
ROM, SPACEKNIGHT,ROM 41;
ROM, SPACEKNIGHT,ROM 42;
ROM, SPACEKNIGHT,ROM 43;
ROM, SPACEKNIGHT,ROM 44;
ROM, SPACEKNIGHT,ROM 45;
ROM, SPACEKNIGHT,ROM 46;
ROM, SPACEKNIGHT,ROM 47;
ROM, SPACEKNIGHT,ROM 48;
ROM, SPACEKNIGHT,ROM 49;
ROM, SPACEKNIGHT,ROM 5;
ROM, SPACEKNIGHT,ROM 50;
ROM, SPACEKNIGHT,ROM 51;
ROM, SPACEKNIGHT,ROM 52;
ROM, SPACEKNIGHT,ROM 53;
ROM, SPACEKNIGHT,ROM 54;
ROM, SPACEKNIGHT,ROM 55;
ROM, SPACEKNIGHT,ROM 56;
ROM, SPACEKNIGHT,ROM 57;
ROM, SPACEKNIGHT,ROM 58;
ROM, SPACEKNIGHT,ROM 59;
ROM, SPACEKNIGHT,ROM 6;
ROM, SPACEKNIGHT,ROM 60;
ROM, SPACEKNIGHT,ROM 61;
ROM, SPACEKNIGHT,ROM 62;
ROM, SPACEKNIGHT,ROM 63;
ROM, SPACEKNIGHT,ROM 64;
ROM, SPACEKNIGHT,ROM 65;
ROM, SPACEKNIGHT,ROM 66;
ROM, SPACEKNIGHT,ROM 67;
ROM, SPACEKNIGHT,ROM 68;
ROM, SPACEKNIGHT,ROM 69;
ROM, SPACEKNIGHT,ROM 7;
ROM, SPACEKNIGHT,ROM 70;
ROM, SPACEKNIGHT,ROM 71;
ROM, SPACEKNIGHT,ROM 73;
ROM, SPACEKNIGHT,ROM 74;
ROM, SPACEKNIGHT,ROM 75;
ROM, SPACEKNIGHT,ROM 8;
ROM, SPACEKNIGHT,ROM 9;
ROM, SPACEKNIGHT,SK 1;
RONAN THE ACCUSER [K,A 346;
RONAN THE ACCUSER [K,A 89;
RONAN THE ACCUSER [K,A 90;
RONAN THE ACCUSER [K,A 91;
RONAN THE ACCUSER [K,A 95;
RONAN THE ACCUSER [K,A 96;
RONAN THE ACCUSER [K,A 97;
RONAN THE ACCUSER [K,AWC 82;
RONAN THE ACCUSER [K,CA 399;
RONAN THE ACCUSER [K,CM 16;
RONAN THE ACCUSER [K,CM 41;
RONAN THE ACCUSER [K,CM 49;
RONAN THE ACCUSER [K,CM 55;
RONAN THE ACCUSER [K,FF3 13;
RONAN THE ACCUSER [K,FF3 14;
RONAN THE ACCUSER [K,FF3 15;
RONAN THE ACCUSER [K,FF 65;
RONAN THE ACCUSER [K,IM 279;
RONAN THE ACCUSER [K,IM3 14;
RONAN THE ACCUSER [K,INH3 1;
RONAN THE ACCUSER [K,INH3 2;
RONAN THE ACCUSER [K,INH3 3;
RONAN THE ACCUSER [K,INH3 4;
RONAN THE ACCUSER [K,MAXSEC 1;
RONAN THE ACCUSER [K,MAXSEC 3;
RONAN THE ACCUSER [K,MSM 19;
RONAN THE ACCUSER [K,SS3 13;
RONAN THE ACCUSER [K,SS3 14;
RONAN THE ACCUSER [K,SS3 25;
RONAN THE ACCUSER [K,T 446;
RONAN THE ACCUSER [K,WI? 28/3;
RONAN THE ACCUSER [K,XU 29;
RON, DAN,AF2 6;
RON, TALLA,A3 7;
RON, TALLA,IM3 7;
RON, TALLA,QS 10;
ROOSEVELT, FRANKLIN,GSINV 1;
ROOSEVELT, FRANKLIN,INV 3;
ROOSEVELT, FRANKLIN,INV 5;
ROOTAR,AR 1;
ROOTAR,AR 2;
ROOTAR,FF 398;
ROOTAR,FF 399;
ROOTAR,FFOR 8;
ROOTAR,FFU 11;
RORY, RICHARD,DD 113;
RORY, RICHARD,DD 114;
RORY, RICHARD,DEF 74;
RORY, RICHARD,DEF 75;
RORY, RICHARD,DEF 76;
RORY, RICHARD,DEF 78;
RORY, RICHARD,GSM-T 1;
RORY, RICHARD,IM 3;
RORY, RICHARD,M-T 11;
RORY, RICHARD,M-T 12;
RORY, RICHARD,M-T 17;
RORY, RICHARD,M-T 18;
RORY, RICHARD,M-T 19;
RORY, RICHARD,M-T 2;
RORY, RICHARD,M-T 20;
RORY, RICHARD,M-T 3;
RORY, RICHARD,M-T 4;
RORY, RICHARD,M-T 5;
RORY, RICHARD,M-T 6;
RORY, RICHARD,M-T 7;
RORY, RICHARD,OU 10;
RORY, RICHARD,OU 8;
RORY, RICHARD,OU 9;
RORY, RICHARD,S-H 13;
RORY, RICHARD,S-H 14;
RORY, RICHARD,S-H 16;
RORY, RICHARD,S-H 17;
RORY, RICHARD,S-H 20;
RORY, RICHARD,S-H 21;
RORY, RICHARD,S-H 22;
RORY, RICHARD,S-H2 36;
RORY, RICHARD,S-H 24;
RORY, RICHARD,S-H 25;
RORY, RICHARD,S-H 7;
RORY, RICHARD,S-H 8;
ROSE, HENRIETTA,SS3 -1;
ROSE, HENRIETTA,SS3 126;
ROSE, HENRIETTA,SS3 127;
ROSE, HENRIETTA,SS3 132;
ROSE, HENRIETTA,SS3 134;
ROSE III/,WOSM 88;
ROSE III/,WOSM 89;
ROSE II/SGT. BLUME,WOSM 84;
ROSE II/SGT. BLUME,WOSM 85;
ROSE II/SGT. BLUME,WOSM 86;
ROSE II/SGT. BLUME,WOSM 87;
ROSE II/SGT. BLUME,WOSM 88;
ROSE IV/JACOB JAKE C,ASM -1;
ROSE IV/JACOB JAKE C,ASM 414;
ROSE IV/JACOB JAKE C,ASM 416;
ROSE IV/JACOB JAKE C,ASM 417;
ROSE IV/JACOB JAKE C,ASM 419;
ROSE IV/JACOB JAKE C,ASM 420;
ROSE IV/JACOB JAKE C,ASM 421/2;
ROSE IV/JACOB JAKE C,ASM 422;
ROSE IV/JACOB JAKE C,ASM 423;
ROSE IV/JACOB JAKE C,ASM 424;
ROSE IV/JACOB JAKE C,ASM 425;
ROSE IV/JACOB JAKE C,ASM 426;
ROSE IV/JACOB JAKE C,ASM 427;
ROSE IV/JACOB JAKE C,ASM 428;
ROSE IV/JACOB JAKE C,ASM 432;
ROSE IV/JACOB JAKE C,ASM 434;
ROSE IV/JACOB JAKE C,ASM 435;
ROSE IV/JACOB JAKE C,PPTSS 235;
ROSE IV/JACOB JAKE C,PPTSS 255;
ROSE IV/JACOB JAKE C,S-M 73;
ROSE IV/JACOB JAKE C,S-M 74;
ROSE IV/JACOB JAKE C,SMMM;
ROSE, JUSTICE,SS3 126;
ROSE, JUSTICE,SS3 127;
ROSE, JUSTICE,SS3 128;
ROSE, JUSTICE,SS3 132;
ROSE, JUSTICE,SS3 134;
ROSELLINI, ROBERTA,WOSM 73;
ROSE, MICHKA,REBEL;
ROSENBERG, ANNIE,FF 24/2;
ROSENTHAL, BERNIE,A 233;
ROSENTHAL, BERNIE,AF 10;
ROSENTHAL, BERNIE,CA 248;
ROSENTHAL, BERNIE,CA 249;
ROSENTHAL, BERNIE,CA 250;
ROSENTHAL, BERNIE,CA 251;
ROSENTHAL, BERNIE,CA 252;
ROSENTHAL, BERNIE,CA 253;
ROSENTHAL, BERNIE,CA 254;
ROSENTHAL, BERNIE,CA 258;
ROSENTHAL, BERNIE,CA 267;
ROSENTHAL, BERNIE,CA 268;
ROSENTHAL, BERNIE,CA 269;
ROSENTHAL, BERNIE,CA 270;
ROSENTHAL, BERNIE,CA 271;
ROSENTHAL, BERNIE,CA 275;
ROSENTHAL, BERNIE,CA 276;
ROSENTHAL, BERNIE,CA 277;
ROSENTHAL, BERNIE,CA 278;
ROSENTHAL, BERNIE,CA 279;
ROSENTHAL, BERNIE,CA 281;
ROSENTHAL, BERNIE,CA 282;
ROSENTHAL, BERNIE,CA 284;
ROSENTHAL, BERNIE,CA 285;
ROSENTHAL, BERNIE,CA 286;
ROSENTHAL, BERNIE,CA 287;
ROSENTHAL, BERNIE,CA 288;
ROSENTHAL, BERNIE,CA 289/2;
ROSENTHAL, BERNIE,CA 290;
ROSENTHAL, BERNIE,CA 292;
ROSENTHAL, BERNIE,CA 294;
ROSENTHAL, BERNIE,CA 295;
ROSENTHAL, BERNIE,CA 296;
ROSENTHAL, BERNIE,CA 297;
ROSENTHAL, BERNIE,CA 298;
ROSENTHAL, BERNIE,CA 299;
ROSENTHAL, BERNIE,CA 300;
ROSENTHAL, BERNIE,CA 301;
ROSENTHAL, BERNIE,CA 302;
ROSENTHAL, BERNIE,CA 303;
ROSENTHAL, BERNIE,CA 305;
ROSENTHAL, BERNIE,CA 306;
ROSENTHAL, BERNIE,CA 307;
ROSENTHAL, BERNIE,CA 308;
ROSENTHAL, BERNIE,CA 309;
ROSENTHAL, BERNIE,CA 310;
ROSENTHAL, BERNIE,CA 311;
ROSENTHAL, BERNIE,CA 312;
ROSENTHAL, BERNIE,CA 313;
ROSENTHAL, BERNIE,CA 314;
ROSENTHAL, BERNIE,CA 315;
ROSENTHAL, BERNIE,CA 316;
ROSENTHAL, BERNIE,CA 317;
ROSENTHAL, BERNIE,CA 323;
ROSENTHAL, BERNIE,CA 327;
ROSENTHAL, BERNIE,CA 336;
ROSENTHAL, BERNIE,CA 355;
ROSENTHAL, BERNIE,CA 380;
ROSENTHAL, BERNIE,CA 382;
ROSENTHAL, BERNIE,CA 385;
ROSENTHAL, BERNIE,CA 386;
ROSENTHAL, BERNIE,CA 393;
ROSENTHAL, BERNIE,CA 394;
ROSENTHAL, BERNIE,CA 395;
ROSENTHAL, BERNIE,CA 404;
ROSENTHAL, BERNIE,CA 405;
ROSENTHAL, BERNIE,CA 406;
ROSENTHAL, BERNIE,CA 427;
ROSENTHAL, BERNIE,CA 431;
ROSENTHAL, BERNIE,CA 438;
ROSENTHAL, BERNIE,CA 439;
ROSENTHAL, BERNIE,CA 443;
ROSENTHAL, BERNIE,CA 5;
ROSENTHAL, BERNIE,FF 250;
ROSENTHAL, BERNIE,HAWK 3;
ROSENTHAL, BERNIE,M/TU 128;
ROSEN, WALTER,MC:A;
ROSEN, WALTER,NM 7;
ROSEN, WALTER,NT 3;
ROSEN, WALTER,NT 4;
ROSEN, WALTER,NW 1;
ROSEN, WALTER,NW 15;
ROSEN, WALTER,NW 16;
ROSEN, WALTER,NW 2;
ROSEN, WALTER,NW2 1;
ROSEN, WALTER,NW 23;
ROSEN, WALTER,NW 3;
ROSEN, WALTER,NW 4;
ROSEN, WALTER,NW 52;
ROSEN, WALTER,NW 53;
ROSEN, WALTER,NW 61;
ROSETTA STONE,FF3 17;
ROSETTA STONE,FF3 18;
ROSETTI, GABRIEL,FF 222;
ROSETTI, GABRIEL,FF 223;
ROSETTI, GABRIEL,HOH 2;
ROSETTI, GABRIEL,H:PL 1;
ROSETTI, GABRIEL,H:PL 10;
ROSETTI, GABRIEL,H:PL 2;
ROSETTI, GABRIEL,H:PL 7;
ROSETTI, GABRIEL,H:PL 8;
ROSETTI, GABRIEL,H:PL 9;
ROSETTI, GABRIEL,M/CP 106/4;
ROSETTI, GABRIEL,MU 11;
ROSS, COURTNEY,CB 19;
ROSS, COURTNEY,CB 3;
ROSS, COURTNEY,CB 4;
ROSS, COURTNEY,CB 5;
ROSS, COURTNEY,CB 8;
ROSS, COURTNEY,M/TU 66;
ROSS, COURTNEY,SSM&CB 238;
ROSS, COURTNEY,XCAL 1;
ROSS, COURTNEY,XCAL 2;
ROSS, COURTNEY,XCAL 3;
ROSS, COURTNEY,XCAL 4;
ROSS, COURTNEY,XCAL 5;
ROSS, EVERETT KENNET,BP3 1;
ROSS, EVERETT KENNET,BP3 10;
ROSS, EVERETT KENNET,BP3 11;
ROSS, EVERETT KENNET,BP3 12;
ROSS, EVERETT KENNET,BP3 13;
ROSS, EVERETT KENNET,BP3 14;
ROSS, EVERETT KENNET,BP3 15;
ROSS, EVERETT KENNET,BP3 16;
ROSS, EVERETT KENNET,BP3 17;
ROSS, EVERETT KENNET,BP3 18;
ROSS, EVERETT KENNET,BP3 19;
ROSS, EVERETT KENNET,BP3 19/2;
ROSS, EVERETT KENNET,BP3 2;
ROSS, EVERETT KENNET,BP3 20;
ROSS, EVERETT KENNET,BP3 21;
ROSS, EVERETT KENNET,BP3 22;
ROSS, EVERETT KENNET,BP3 23;
ROSS, EVERETT KENNET,BP3 24;
ROSS, EVERETT KENNET,BP3 25;
ROSS, EVERETT KENNET,BP3 26;
ROSS, EVERETT KENNET,BP3 27;
ROSS, EVERETT KENNET,BP3 28;
ROSS, EVERETT KENNET,BP3 29;
ROSS, EVERETT KENNET,BP3 3;
ROSS, EVERETT KENNET,BP3 30;
ROSS, EVERETT KENNET,BP3 34;
ROSS, EVERETT KENNET,BP3 4;
ROSS, EVERETT KENNET,BP3 5;
ROSS, EVERETT KENNET,BP3 6;
ROSS, EVERETT KENNET,BP3 7;
ROSS, EVERETT KENNET,BP3 8;
ROSS, EVERETT KENNET,BP3 9;
ROSS, EVERETT KENNET,DD2 8;
ROSS, EVERETT KENNET,KZ4 17;
ROSS, EVERETT KENNET,UX 387;
ROSS, GEN. THADDEUS,A 102;
ROSS, GEN. THADDEUS,A 40;
ROSS, GEN. THADDEUS,A 5;
ROSS, GEN. THADDEUS,A 88;
ROSS, GEN. THADDEUS,ASM 119;
ROSS, GEN. THADDEUS,ASM 120;
ROSS, GEN. THADDEUS,DPOOL3 25;
ROSS, GEN. THADDEUS,FF 12;
ROSS, GEN. THADDEUS,FF 120;
ROSS, GEN. THADDEUS,FF 123;
ROSS, GEN. THADDEUS,H 1;
ROSS, GEN. THADDEUS,H 2;
ROSS, GEN. THADDEUS,H2 -1;
ROSS, GEN. THADDEUS,H2 103;
ROSS, GEN. THADDEUS,H2 104;
ROSS, GEN. THADDEUS,H2 105;
ROSS, GEN. THADDEUS,H2 106;
ROSS, GEN. THADDEUS,H2 109;
ROSS, GEN. THADDEUS,H2 111;
ROSS, GEN. THADDEUS,H2 113;
ROSS, GEN. THADDEUS,H2 114;
ROSS, GEN. THADDEUS,H2 115;
ROSS, GEN. THADDEUS,H2 116;
ROSS, GEN. THADDEUS,H2 119;
ROSS, GEN. THADDEUS,H2 120;
ROSS, GEN. THADDEUS,H2 121;
ROSS, GEN. THADDEUS,H2 122;
ROSS, GEN. THADDEUS,H2 123;
ROSS, GEN. THADDEUS,H2 124;
ROSS, GEN. THADDEUS,H2 125;
ROSS, GEN. THADDEUS,H2 126;
ROSS, GEN. THADDEUS,H2 128;
ROSS, GEN. THADDEUS,H2 130;
ROSS, GEN. THADDEUS,H2 131;
ROSS, GEN. THADDEUS,H2 132;
ROSS, GEN. THADDEUS,H2 133;
ROSS, GEN. THADDEUS,H2 136;
ROSS, GEN. THADDEUS,H2 138;
ROSS, GEN. THADDEUS,H2 139;
ROSS, GEN. THADDEUS,H2 141;
ROSS, GEN. THADDEUS,H2 142;
ROSS, GEN. THADDEUS,H2 143;
ROSS, GEN. THADDEUS,H2 144;
ROSS, GEN. THADDEUS,H2 145;
ROSS, GEN. THADDEUS,H2 146;
ROSS, GEN. THADDEUS,H2 147;
ROSS, GEN. THADDEUS,H2 148;
ROSS, GEN. THADDEUS,H2 149;
ROSS, GEN. THADDEUS,H2 150;
ROSS, GEN. THADDEUS,H2 151;
ROSS, GEN. THADDEUS,H2 152;
ROSS, GEN. THADDEUS,H2 153;
ROSS, GEN. THADDEUS,H2 154;
ROSS, GEN. THADDEUS,H2 155;
ROSS, GEN. THADDEUS,H2 157;
ROSS, GEN. THADDEUS,H2 158;
ROSS, GEN. THADDEUS,H2 159;
ROSS, GEN. THADDEUS,H2 160;
ROSS, GEN. THADDEUS,H2 161;
ROSS, GEN. THADDEUS,H2 162;
ROSS, GEN. THADDEUS,H2 163;
ROSS, GEN. THADDEUS,H2 165;
ROSS, GEN. THADDEUS,H2 166;
ROSS, GEN. THADDEUS,H2 167;
ROSS, GEN. THADDEUS,H2 168;
ROSS, GEN. THADDEUS,H2 169;
ROSS, GEN. THADDEUS,H2 171;
ROSS, GEN. THADDEUS,H2 172;
ROSS, GEN. THADDEUS,H2 173;
ROSS, GEN. THADDEUS,H2 174;
ROSS, GEN. THADDEUS,H2 176;
ROSS, GEN. THADDEUS,H2 179;
ROSS, GEN. THADDEUS,H2 180;
ROSS, GEN. THADDEUS,H2 184;
ROSS, GEN. THADDEUS,H2 185;
ROSS, GEN. THADDEUS,H2 186;
ROSS, GEN. THADDEUS,H2 187;
ROSS, GEN. THADDEUS,H2 188;
ROSS, GEN. THADDEUS,H2 190;
ROSS, GEN. THADDEUS,H2 192;
ROSS, GEN. THADDEUS,H2 193;
ROSS, GEN. THADDEUS,H2 194;
ROSS, GEN. THADDEUS,H2 195;
ROSS, GEN. THADDEUS,H2 196;
ROSS, GEN. THADDEUS,H2 198;
ROSS, GEN. THADDEUS,H2 199;
ROSS, GEN. THADDEUS,H2 200;
ROSS, GEN. THADDEUS,H2 203;
ROSS, GEN. THADDEUS,H2 204;
ROSS, GEN. THADDEUS,H2 206;
ROSS, GEN. THADDEUS,H2 207;
ROSS, GEN. THADDEUS,H2 208;
ROSS, GEN. THADDEUS,H2 209;
ROSS, GEN. THADDEUS,H2 210;
ROSS, GEN. THADDEUS,H2 211;
ROSS, GEN. THADDEUS,H2 213;
ROSS, GEN. THADDEUS,H2 214;
ROSS, GEN. THADDEUS,H2 215;
ROSS, GEN. THADDEUS,H2 216;
ROSS, GEN. THADDEUS,H2 219;
ROSS, GEN. THADDEUS,H2 220;
ROSS, GEN. THADDEUS,H2 221;
ROSS, GEN. THADDEUS,H2 223;
ROSS, GEN. THADDEUS,H2 224;
ROSS, GEN. THADDEUS,H2 225;
ROSS, GEN. THADDEUS,H2 226;
ROSS, GEN. THADDEUS,H2 234;
ROSS, GEN. THADDEUS,H2 238;
ROSS, GEN. THADDEUS,H2 246;
ROSS, GEN. THADDEUS,H2 247;
ROSS, GEN. THADDEUS,H2 248;
ROSS, GEN. THADDEUS,H2 249;
ROSS, GEN. THADDEUS,H2 251;
ROSS, GEN. THADDEUS,H2 252;
ROSS, GEN. THADDEUS,H2 253;
ROSS, GEN. THADDEUS,H2 256;
ROSS, GEN. THADDEUS,H2 257;
ROSS, GEN. THADDEUS,H2 262;
ROSS, GEN. THADDEUS,H2 264;
ROSS, GEN. THADDEUS,H2 277;
ROSS, GEN. THADDEUS,H2 278;
ROSS, GEN. THADDEUS,H2 279;
ROSS, GEN. THADDEUS,H2 282;
ROSS, GEN. THADDEUS,H2 287;
ROSS, GEN. THADDEUS,H2 288;
ROSS, GEN. THADDEUS,H2 289;
ROSS, GEN. THADDEUS,H2 291;
ROSS, GEN. THADDEUS,H2 319;
ROSS, GEN. THADDEUS,H2 321;
ROSS, GEN. THADDEUS,H2 322;
ROSS, GEN. THADDEUS,H2 323;
ROSS, GEN. THADDEUS,H2 324;
ROSS, GEN. THADDEUS,H2 325;
ROSS, GEN. THADDEUS,H2 326;
ROSS, GEN. THADDEUS,H2 327;
ROSS, GEN. THADDEUS,H2 330;
ROSS, GEN. THADDEUS,H2 393/2;
ROSS, GEN. THADDEUS,H2 398;
ROSS, GEN. THADDEUS,H2 399;
ROSS, GEN. THADDEUS,H2 400;
ROSS, GEN. THADDEUS,H2 455;
ROSS, GEN. THADDEUS,H2 456;
ROSS, GEN. THADDEUS,H2 459;
ROSS, GEN. THADDEUS,H2 461;
ROSS, GEN. THADDEUS,H2 462;
ROSS, GEN. THADDEUS,H2 463;
ROSS, GEN. THADDEUS,H2 464;
ROSS, GEN. THADDEUS,H2 465;
ROSS, GEN. THADDEUS,H2 466;
ROSS, GEN. THADDEUS,H2 467;
ROSS, GEN. THADDEUS,H2 468;
ROSS, GEN. THADDEUS,H2 470;
ROSS, GEN. THADDEUS,H2 471;
ROSS, GEN. THADDEUS,H2 472;
ROSS, GEN. THADDEUS,H2 473;
ROSS, GEN. THADDEUS,H2 474;
ROSS, GEN. THADDEUS,H 3;
ROSS, GEN. THADDEUS,H3 11;
ROSS, GEN. THADDEUS,H3 15;
ROSS, GEN. THADDEUS,H3 16;
ROSS, GEN. THADDEUS,H3 18;
ROSS, GEN. THADDEUS,H3 19;
ROSS, GEN. THADDEUS,H3 20;
ROSS, GEN. THADDEUS,H3 24;
ROSS, GEN. THADDEUS,H3 25;
ROSS, GEN. THADDEUS,H 4;
ROSS, GEN. THADDEUS,H 5;
ROSS, GEN. THADDEUS,H 5/2;
ROSS, GEN. THADDEUS,H 6;
ROSS, GEN. THADDEUS,H 7;
ROSS, GEN. THADDEUS,M/FEA 3;
ROSS, GEN. THADDEUS,M/:LG 12;
ROSS, GEN. THADDEUS,M/SH3 3/3;
ROSS, GEN. THADDEUS,M/TIO 5;
ROSS, GEN. THADDEUS,RH2 1;
ROSS, GEN. THADDEUS,RH2 2;
ROSS, GEN. THADDEUS,RH2 3;
ROSS, GEN. THADDEUS,RH2 4;
ROSS, GEN. THADDEUS,RH2 5;
ROSS, GEN. THADDEUS,RH2 6;
ROSS, GEN. THADDEUS,TTA 100;
ROSS, GEN. THADDEUS,TTA 59;
ROSS, GEN. THADDEUS,TTA 60/2;
ROSS, GEN. THADDEUS,TTA 61/2;
ROSS, GEN. THADDEUS,TTA 62/2;
ROSS, GEN. THADDEUS,TTA 63/2;
ROSS, GEN. THADDEUS,TTA 64/2;
ROSS, GEN. THADDEUS,TTA 66/2;
ROSS, GEN. THADDEUS,TTA 67/2;
ROSS, GEN. THADDEUS,TTA 68/2;
ROSS, GEN. THADDEUS,TTA 69/2;
ROSS, GEN. THADDEUS,TTA 70/2;
ROSS, GEN. THADDEUS,TTA 71/2;
ROSS, GEN. THADDEUS,TTA 72/2;
ROSS, GEN. THADDEUS,TTA 75/2;
ROSS, GEN. THADDEUS,TTA 76/2;
ROSS, GEN. THADDEUS,TTA 77/2;
ROSS, GEN. THADDEUS,TTA 81/2;
ROSS, GEN. THADDEUS,TTA 82/2;
ROSS, GEN. THADDEUS,TTA 83/2;
ROSS, GEN. THADDEUS,TTA 84/2;
ROSS, GEN. THADDEUS,TTA 85/2;
ROSS, GEN. THADDEUS,TTA 86/2;
ROSS, GEN. THADDEUS,TTA 87/2;
ROSS, GEN. THADDEUS,TTA 88/2;
ROSS, GEN. THADDEUS,TTA 89/2;
ROSS, GEN. THADDEUS,TTA 90/2;
ROSS, GEN. THADDEUS,TTA 91/2;
ROSS, GEN. THADDEUS,TTA 92/2;
ROSS, GEN. THADDEUS,TTA 97/2;
ROSS, GEN. THADDEUS,TTA 98/2;
ROSS, GEN. THADDEUS,TTA 99;
ROSS, GEN. THADDEUS,XFOR -1;
ROSSI, COL. MICHAEL,CX 7/2;
ROSSI, COL. MICHAEL,MSM 13;
ROSSI, COL. MICHAEL,MSM 19;
ROSSI, COL. MICHAEL,MSM 2;
ROSSI, COL. MICHAEL,MSM 22;
ROSSI, COL. MICHAEL,MSM 4;
ROSSI, COL. MICHAEL,MSM 5;
ROSSI, COL. MICHAEL,MSM 8;
ROSSI, COL. MICHAEL,MSM 9;
ROSSI, COL. MICHAEL,NM 2;
ROSSI, COL. MICHAEL,NM 5;
ROSSI, COL. MICHAEL,UX 100;
ROSSI, COL. MICHAEL,UX 182;
ROSSI, COL. MICHAEL,UX 96;
ROSSIN, DR.,A 379/2;
ROSSIN, DR.,A 380/2;
ROTH, ARNIE,CA 270;
ROTH, ARNIE,CA 275;
ROTH, ARNIE,CA 276;
ROTH, ARNIE,CA 277;
ROTH, ARNIE,CA 278;
ROTH, ARNIE,CA 279;
ROTH, ARNIE,CA 284;
ROTH, ARNIE,CA 290;
ROTH, ARNIE,CA 292;
ROTH, ARNIE,CA 295;
ROTH, ARNIE,CA 296;
ROTH, ARNIE,CA 297;
ROTH, ARNIE,CA 298;
ROTH, ARNIE,CA 299;
ROTH, ARNIE,CA 300;
ROTH, ARNIE,CA 301;
ROTH, ARNIE,CA 306;
ROTH, ARNIE,CA 431;
ROTH, ARNIE,CA 438;
ROTH, ARNIE,CA 439;
ROTH, ARNIE,CA 440;
ROTH, ARNIE,CA 442;
ROTH, ARNIE,CA 443;
ROTH, DR. GERALD,SENSM 13;
ROTH, DR. GERALD,SENSM 14;
ROTH, DR. GERALD,SENSM 15;
ROTWRAP,NS 2;
ROUGHHOUSE,ASM 435;
ROUGHHOUSE,W2 123;
ROUGHHOUSE,W2 17;
ROUGHHOUSE,W2 18;
ROUGHHOUSE,W2 19;
ROUGHHOUSE,W2 20;
ROUGHHOUSE,W2 21;
ROUGHHOUSE,W2 22;
ROUGHHOUSE,W2 23;
ROUGHHOUSE,W2 4;
ROUGHHOUSE,W2 5;
ROUGHHOUSE,W2 6;
ROUGHHOUSE,W2 7;
ROUGHHOUSE,W2 8;
ROULETTE/DUDE JENSEN,GR2 4;
ROULETTE/DUDE JENSEN,GR2 5;
ROULETTE II/JENNY ST,FS 2;
ROULETTE II/JENNY ST,FS 3;
ROULETTE II/JENNY ST,FS 4;
ROULETTE II/JENNY ST,NM 16;
ROULETTE II/JENNY ST,NM 17;
ROULETTE II/JENNY ST,NM 38;
ROULETTE II/JENNY ST,NM 39;
ROULETTE II/JENNY ST,NM 43;
ROULETTE II/JENNY ST,NM 53;
ROULETTE II/JENNY ST,NM 54;
ROULETTE II/JENNY ST,NM 56;
ROULETTE II/JENNY ST,NM 62;
ROULETTE II/JENNY ST,NW 10;
ROULETTE II/JENNY ST,NW 9;
ROULETTE II/JENNY ST,UX 193;
ROULETTE II/JENNY ST,UX 281;
ROULETTE II/JENNY ST,UX 282;
ROUSSEAU, ETIENNE,XFOR 76;
ROUST,ABOM 3;
ROUST,XM 29;
ROUST,XM 30;
ROUST,XM 32;
ROUST,XM 33;
ROUST,XM 34;
ROUST,XM 35;
ROUST,XM 36;
ROUST,XM 51;
ROWEN, CARL,M/CP 82/2;
ROWEN, MIKE,M/CP 82/2;
ROYCE, JENNIE,M/TU 3;
ROYCE, JENNIE,PM&IF 100;
ROYCE, JENNIE,PM&IF 109;
ROYCE, JENNIE,PM&IF 111;
ROYCE, JENNIE,PM&IF 112;
ROYCE, JENNIE,PM&IF 56;
ROYCE, JENNIE,PM&IF 59;
ROYCE, JENNIE,PM&IF 60;
ROYCE, JENNIE,PM&IF 62;
ROYCE, JENNIE,PM&IF 63;
ROYCE, JENNIE,PM&IF 64;
ROYCE, JENNIE,PM&IF 65;
ROYCE, JENNIE,PM&IF 66;
ROYCE, JENNIE,PM&IF 67;
ROYCE, JENNIE,PM&IF 69;
ROYCE, JENNIE,PM&IF 72;
ROYCE, JENNIE,PM&IF 73;
ROYCE, JENNIE,PM&IF 77;
ROYCE, JENNIE,PM&IF 79;
ROYCE, JENNIE,PM&IF 81;
ROYCE, JENNIE,PM&IF 90;
ROYCE, JENNIE,PM&IF 93;
ROYCE, JENNIE,PM&IF 94;
ROYCE, JENNIE,PM&IF 98;
ROYTON, RAYMOND,ASMU 22;
R'TEE,BSHP2 15;
R'TEE,MAXSEC 2;
R'TEE,MAXSEC 3;
R'TEE,MAXSEC:DP;
R'TEE,XU 29;
RUBINO, STEVE HEADSE,DHAWK 1/3;
RUBINO, STEVE HEADSE,DHAWK 16;
RUBINO, STEVE HEADSE,DHAWK 24;
RUBINO, STEVE HEADSE,DHAWK 25;
RUBINO, STEVE HEADSE,DHAWK 3;
RUBINO, STEVE HEADSE,DHAWK 7;
RUBINO, STEVE HEADSE,DHAWK 8;
RUBINO, STEVE HEADSE,DHAWK 9;
RUBY,DEF 1;
RUBY,DEF2 5;
RUBY,DEF 32;
RUBY,DEF 33;
RUBY,DEF 35;
RUBY,DLOK2 2;
RUBY,DLOK2 3;
RUBY,DLOK2 5;
RUBY,M/CP 97/4;
RUBY,S-H2 1;
RUBY,S-H2 2;
RUBY,S-H2 3;
RUBY,WOSM 73;
RUCKUS,XF 105;
RUCKUS,XF 75;
RUCKUS,XMF 1;
RUDOLFO, PRINCE,AT 1/2;
RUDOLFO, PRINCE,AT 2/2;
RUDOLFO, PRINCE,AT 3/2;
RUDOLFO, PRINCE,SVTU 10;
RUDOLFO, PRINCE,SVTU 11;
RUDOLFO, PRINCE,SVTU 12;
RUDOLFO, PRINCE,SVTU 8;
RUDOLFO, PRINCE,SVTU 9;
RUIZ, DR. BERNARDO,M/SH3 4/2;
RUIZ, RHYTHM,FF 361;
RUIZ, RIGGER,DFSM 2;
RUIZ, RIGGER,DHAWK 23;
RUIZ, RIGGER,DHAWK 24;
RUIZ, RIGGER,FF 372;
RUIZ, RIGGER,JIM 505;
RUIZ, RIGGER,M/CP 112/2;
RUIZ, RIGGER,T 426;
RUIZ, RIGGER,T 427;
RUIZ, RIGGER,T 428;
RUIZ, RIGGER,T 429;
RUIZ, RIGGER,T 432;
RUIZ, RIGGER,T 433;
RUIZ, RIGGER,T 447;
RUIZ, RIGGER,T 448;
RUIZ, RIGGER,T 449;
RUIZ, RIGGER,T 450;
RUIZ, RIGGER,T 451;
RUIZ, RIGGER,T 456;
RUIZ, RIGGER,TS 22;
RUIZ, RIGGER,TS 23;
RUIZ, RIGGER,XFOR 40;
RUMOR/,M/:LG 5;
RUNCITER, GAIL,CA 268;
RUNCITER, GAIL,CA 275;
RUNCITER, GAIL,CA 276;
RUNCITER, GAIL,CA 278;
RUNCITER, GAIL,CA 281;
RUNCITER, GAIL,CA 282;
RUNCITER, GAIL,CA 283;
RUNCITER, GAIL,M/TU 128;
RUNCITER, GAIL,NFV.S 1;
RUNCITER, GAIL,NFV.S 3;
RUNCITER, GAIL,NFV.S 6;
RUNCITER, GAIL,Q 1;
RUNE,SS/EUNE/2;
RUNNER,DEF 143;
RUNNER,Q 17;
RUNNER,Q 58;
RUNNER,SS3 10;
RUNNER,SS3 17;
RUNNER,SS3 18;
RUNNER,SS3 19;
RUNNER,SS3 3;
RUNNER,SS3 4;
RUNNER,SS3 7;
RUNNER,SS3 9;
RUNNER,TQ 2;
RU,SS3 120;
RUSSELL, LISSA,GSWBN 2;
RUSSELL, LISSA,GSWBN 3;
RUSSELL, LISSA,IM 209;
RUSSELL, LISSA,M/PRM 59/2;
RUSSELL, LISSA,M/SPT 2;
RUSSELL, LISSA,M/SPT 3;
RUSSELL, LISSA,M/SPT 4;
RUSSELL, LISSA,M/TU 12;
RUSSELL, LISSA,S-W 19;
RUSSELL, LISSA,WBN 1;
RUSSELL, LISSA,WBN 10;
RUSSELL, LISSA,WBN 11;
RUSSELL, LISSA,WBN 17;
RUSSELL, LISSA,WBN 18;
RUSSELL, LISSA,WBN 2;
RUSSELL, LISSA,WBN 20;
RUSSELL, LISSA,WBN 22;
RUSSELL, LISSA,WBN 24;
RUSSELL, LISSA,WBN 25;
RUSSELL, LISSA,WBN 28;
RUSSELL, LISSA,WBN 29;
RUSSELL, LISSA,WBN 3;
RUSSELL, LISSA,WBN 30;
RUSSELL, LISSA,WBN 32;
RUSSELL, LISSA,WBN 33;
RUSSELL, LISSA,WBN 34;
RUSSELL, LISSA,WBN 35;
RUSSELL, LISSA,WBN 36;
RUSSELL, LISSA,WBN 37;
RUSSELL, LISSA,WBN 38;
RUSSELL, LISSA,WBN 39;
RUSSELL, LISSA,WBN 4;
RUSSELL, LISSA,WBN 42;
RUSSELL, LISSA,WBN 5;
RUSSELL, LISSA,WBN 6;
RUSSELL, LISSA,WBN 7;
RUSSELL, LISSA,WBN 8;
RUSSELL, LISSA,WBN 9;
RUSSIAN,PUN5 10;
RUSSIAN,PUN5 11;
RUSSIAN,PUN5 8;
RUSSIAN,PUN5 9;
RUSSIAN,PUN6 1;
RUSSIAN,PUN6 2;
RYANS, JIM,M/CP 81/3;
RYAN, THOMAS,T2 26;
RYAN, THOMAS,T2 31;
RYAN, THOMAS,T2 39;
RYAN, THOMAS,T2 6;
RYCHENKO, MAJ. VALEN,XFOR 113;
RYDER,SKK 1;
RYDER,SKK 2;
RYDER,SKK 3;
RYDER,SKK 4;
RYDER,SKK 5;
RYKER, GENERAL,H3 14;
RYKER, GENERAL,H3 15;
RYKER, GENERAL,H3 16;
RYKER, GENERAL,H3 17;
RYKER, GENERAL,H3 18;
RYKER, GENERAL,H3 19;
RYKER, GENERAL,H3 20;
RYKER, HARLAN,DLOK 1;
RYKER, HARLAN,DLOK 2;
RYKER, HARLAN,DLOK2 1;
RYKER, HARLAN,DLOK2 17;
RYKER, HARLAN,DLOK2 18;
RYKER, HARLAN,DLOK 3;
RYKER, HARLAN,DLOK 4;
RYKER, HARLAN,M/CP 62/4;
RYKER, LUCY,H3 18;
RYKER, LUCY,H3 19;
RYKER, LUCY,H3 20;
RYKER, MAJOR SIMON,AT 25;
RYKER, MAJOR SIMON,AT 26;
RYKER, MAJOR SIMON,AT 27;
RYKER, MAJOR SIMON,AT 28;
RYKER, MAJOR SIMON,AT 30;
RYKER, MAJOR SIMON,AT 31;
RYKER, MAJOR SIMON,AT 32;
RYKER, MAJOR SIMON,AT 33;
RYKER, MAJOR SIMON,AT 34;
RYKER, MAJOR SIMON,AT 35;
RYKER, MAJOR SIMON,SVTU 4;
RYKING, ALEXANDER,X 12;
RYKING, ALEXANDER,X 13;
RYKING, ALEXANDER,XMF 4;
RY'LOR,XFOR 93;
RYNDA,INH2 1;
SABINI, JERRY THE WH,DD 295;
SABINI, JERRY THE WH,DD 296;
SABINI, JERRY THE WH,DD 297;
SABINI, JERRY THE WH,DD 300;
SABOTEUR/,IM:IA 1;
SABRA/RUTH BAT-SERAP,COC 1;
SABRA/RUTH BAT-SERAP,COC 2;
SABRA/RUTH BAT-SERAP,COC 3;
SABRA/RUTH BAT-SERAP,H2 250;
SABRA/RUTH BAT-SERAP,H2 256;
SABRA/RUTH BAT-SERAP,H2 279;
SABRA/RUTH BAT-SERAP,H2 386;
SABRA/RUTH BAT-SERAP,H2 387;
SABRA/RUTH BAT-SERAP,M/SH3 6/4;
SABRA/RUTH BAT-SERAP,NW 58;
SABRA/RUTH BAT-SERAP,NW 59;
SABRA/RUTH BAT-SERAP,NW 66;
SABRA/RUTH BAT-SERAP,UX 366;
SABRA/RUTH BAT-SERAP,UX 368;
SABRA/RUTH BAT-SERAP,UX 379;
SABRA/RUTH BAT-SERAP,X 111;
SABRA/RUTH BAT-SERAP,X 67;
SABRA/RUTH BAT-SERAP,X 68;
SABRA/RUTH BAT-SERAP,X 69;
SABRA/RUTH BAT-SERAP,X 72;
SABRA/RUTH BAT-SERAP,X 73;
SABRA/RUTH BAT-SERAP,XCAL 120;
SABRA/RUTH BAT-SERAP,XCAL 121;
SABRE/,AA2 22;
SABRE/,AA2 23;
SABRE/,AA2 24;
SABRETOOTH | MUTANT,MX 28;
SABRETOOTH | MUTANT,MX 29;
SABRETOOTH | MUTANT,MX 3;
SABRETOOTH/VICTOR CR,ASM 322;
SABRETOOTH/VICTOR CR,ASM 324;
SABRETOOTH/VICTOR CR,BSHP2 16;
SABRETOOTH/VICTOR CR,DD 238;
SABRETOOTH/VICTOR CR,DHOLD 3;
SABRETOOTH/VICTOR CR,GAM3 11;
SABRETOOTH/VICTOR CR,IF 14;
SABRETOOTH/VICTOR CR,MAV;
SABRETOOTH/VICTOR CR,MAV2 6;
SABRETOOTH/VICTOR CR,MAV2 7;
SABRETOOTH/VICTOR CR,M/CP 98/2;
SABRETOOTH/VICTOR CR,M/FAN2 6;
SABRETOOTH/VICTOR CR,M/SH3 10/3;
SABRETOOTH/VICTOR CR,NM 75;
SABRETOOTH/VICTOR CR,NM 90;
SABRETOOTH/VICTOR CR,NM 91;
SABRETOOTH/VICTOR CR,PM&IF 66;
SABRETOOTH/VICTOR CR,PM&IF 78;
SABRETOOTH/VICTOR CR,PM&IF 84;
SABRETOOTH/VICTOR CR,PP 27;
SABRETOOTH/VICTOR CR,PPTSS 116;
SABRETOOTH/VICTOR CR,PPTSS 119;
SABRETOOTH/VICTOR CR,SABRE;
SABRETOOTH/VICTOR CR,S-H2 30;
SABRETOOTH/VICTOR CR,T 374;
SABRETOOTH/VICTOR CR,UX 18;
SABRETOOTH/VICTOR CR,UX 212;
SABRETOOTH/VICTOR CR,UX 213;
SABRETOOTH/VICTOR CR,UX 219;
SABRETOOTH/VICTOR CR,UX 221;
SABRETOOTH/VICTOR CR,UX 222;
SABRETOOTH/VICTOR CR,UX 240;
SABRETOOTH/VICTOR CR,UX 243;
SABRETOOTH/VICTOR CR,UX 311;
SABRETOOTH/VICTOR CR,UX 316;
SABRETOOTH/VICTOR CR,UX 323;
SABRETOOTH/VICTOR CR,UX 326;
SABRETOOTH/VICTOR CR,UX 328;
SABRETOOTH/VICTOR CR,UX 388;
SABRETOOTH/VICTOR CR,W2 -1;
SABRETOOTH/VICTOR CR,W2 126;
SABRETOOTH/VICTOR CR,W2 127;
SABRETOOTH/VICTOR CR,W2 128;
SABRETOOTH/VICTOR CR,W2 145;
SABRETOOTH/VICTOR CR,W2 160;
SABRETOOTH/VICTOR CR,W2 162;
SABRETOOTH/VICTOR CR,W2 164;
SABRETOOTH/VICTOR CR,W2 41;
SABRETOOTH/VICTOR CR,W2 42;
SABRETOOTH/VICTOR CR,W2 43;
SABRETOOTH/VICTOR CR,W2 45;
SABRETOOTH/VICTOR CR,W2 46;
SABRETOOTH/VICTOR CR,W2 60;
SABRETOOTH/VICTOR CR,W2 61;
SABRETOOTH/VICTOR CR,W2 62;
SABRETOOTH/VICTOR CR,W2 63;
SABRETOOTH/VICTOR CR,W2 64;
SABRETOOTH/VICTOR CR,W2 89;
SABRETOOTH/VICTOR CR,W2 90;
SABRETOOTH/VICTOR CR,W2 92;
SABRETOOTH/VICTOR CR,X 102;
SABRETOOTH/VICTOR CR,X 33;
SABRETOOTH/VICTOR CR,X 36;
SABRETOOTH/VICTOR CR,X 37;
SABRETOOTH/VICTOR CR,X 38;
SABRETOOTH/VICTOR CR,X 5;
SABRETOOTH/VICTOR CR,X 6;
SABRETOOTH/VICTOR CR,X 7;
SABRETOOTH/VICTOR CR,XF 10;
SABRETOOTH/VICTOR CR,XF 119;
SABRETOOTH/VICTOR CR,XF 120;
SABRETOOTH/VICTOR CR,XF 121;
SABRETOOTH/VICTOR CR,XF 122;
SABRETOOTH/VICTOR CR,XF 123;
SABRETOOTH/VICTOR CR,XF 124;
SABRETOOTH/VICTOR CR,XF 137;
SABRETOOTH/VICTOR CR,XF 138;
SABRETOOTH/VICTOR CR,XF 142;
SABRETOOTH/VICTOR CR,XF 39;
SABRETOOTH/VICTOR CR,XF 51;
SABRETOOTH/VICTOR CR,XF 52;
SABRETOOTH/VICTOR CR,XF 53;
SABRETOOTH/VICTOR CR,XFOR 44;
SABRETOOTH/VICTOR CR,XFOR 45;
SABRETOOTH/VICTOR CR,XFOR 46;
SABRETOOTH/VICTOR CR,XFOR 47;
SABRETOOTH/VICTOR CR,XFOR 48;
SABRETOOTH/VICTOR CR,XU 17;
SABUKI, DR. SAM,INV 26;
SABUKI, DR. SAM,INV 27;
SABUKI, DR. SAM,INV 28;
SABU,XCAL -1;
SACK,UX 323;
SACK,UX 324;
SACK,UX 325;
SACRIFICER,AA2 28;
SACRIFICER,AA2 29;
SACRIFICER,AA2 31;
SACRIFICER,AA2 32;
SAGE, HENRY,M/TU2 7;
SAGITTARIUS/HARLAN V,A 120;
SAGITTARIUS/HARLAN V,A 121;
SAGITTARIUS/HARLAN V,A 122;
SAGITTARIUS/HARLAN V,A 72;
SAGITTARIUS/HARLAN V,DD 73;
SAGITTARIUS/HARLAN V,DEF 63;
SAGITTARIUS/HARLAN V,DEF 64;
SAGITTARIUS/HARLAN V,GR2 7;
SAGITTARIUS/HARLAN V,IM 184;
SAGITTARIUS/HARLAN V,IM 35;
SAGITTARIUS/HARLAN V,IM 36;
SAGITTARIUS/HARLAN V,WCA2 26;
SAGITTARIUS II/,AF2 1;
SAGITTARIUS II/,AF2 12;
SAHREED,BK:E;
SAI/,HFH 18;
SAI/,HFH 19;
SAINT, AMANDA,VT 2;
SAINT, AMANDA,VT 3/5;
SAINT, AMANDA,VT 4;
SAINT, AMANDA,VT 5;
SAINT, AMANDA,VT 7;
SAINT, AMANDA,VT 8;
SAINT ANNA,XFOR 117;
SAINT ELMO,AF SPECIAL;
SAINT, JOHNNY,DHAWK 1;
SAINT, JOHNNY,DHAWK 10;
SAINT, JOHNNY,DHAWK 5;
SAJA,M/CP 47/4;
SAKAA,X:HY 3;
SALLA,T 16/2;
SALLA,T 438;
SALOME,DRSTR3 65;
SALOME,DRSTR3 66;
SALOME,DRSTR3 71;
SALOME,DRSTR3 72;
SALOME,DRSTR3 73;
SALOME,DRSTR3 74;
SALOME,DRSTR3 75;
SALOME,DRSTR 4;
SALTZ/,NF3 27;
SALTZ/,NF3 28;
SALTZ/,NF3 29;
SALTZ/,NS 2;
SALVO,X 101;
SALVO,X 102;
SALVO,X 110;
SAMA-D,SS3 141;
SAMA-D,SS3 142;
SAMEDAR,UX 154;
SAMEDAR,UX 155;
SAMEDAR,UX 156;
SAMEDAR,UX 157;
SAMHAIN,V&SW 1;
SAMHAIN,V&SW2 5;
SAMMAEL,H:PL 7;
SAMSON,NM 90;
SAMUELS,MK 1;
SAMUELS,MK 10;
SAMUELS,MK 11;
SAMUELS,MK 17;
SAMUELS,MK 29;
SAMUELS,MK 3;
SAMUELS,MK 4;
SAMUELS,MK4 2;
SAMUELS,MK 6;
SAMUELS,MK 9;
SAMUELS,M/PRV 21;
SAMURAI STEEL/YOSHID,IM 257;
SANADA, KONO,CA 429;
SANADA, KONO,CA 430;
SANCHEZ, DET. LOUISA,H2 296;
SANCTION/AARON,WARM 12;
SANCTION/AARON,WARM 13;
SANCTITY/TANYA TRASK,C2 50;
SANCTITY/TANYA TRASK,C2 52;
SANCTITY/TANYA TRASK,C&P2 2;
SANCTITY/TANYA TRASK,C&P2 4;
SANCTITY/TANYA TRASK,UX -1;
SANDERS, DET. NAPOLE,XFOR 73;
SANDERS, MAC,AT:WMB 2;
SANDHURST, VINCENT,IM 12;
SANDHURST, VINCENT,IM 23;
SANDHURST, VINCENT,IM 7;
SANDHURST, VINCENT,IM 8;
SANDHURST, VINCENT,IM 9;
SANDMAN DOPPELGANGER,SSWP 4;
SANDMAN DOPPELGANGER,SSWP 5;
SANDMAN/WILLIAM BAKE,A 20;
SANDMAN/WILLIAM BAKE,A3 1;
SANDMAN/WILLIAM BAKE,A3 2;
SANDMAN/WILLIAM BAKE,A 329;
SANDMAN/WILLIAM BAKE,A3 3;
SANDMAN/WILLIAM BAKE,A 330;
SANDMAN/WILLIAM BAKE,A 332;
SANDMAN/WILLIAM BAKE,A 333;
SANDMAN/WILLIAM BAKE,A3 4;
SANDMAN/WILLIAM BAKE,ASM '00/2;
SANDMAN/WILLIAM BAKE,ASM 1;
SANDMAN/WILLIAM BAKE,ASM 154;
SANDMAN/WILLIAM BAKE,ASM 18;
SANDMAN/WILLIAM BAKE,ASM 19;
SANDMAN/WILLIAM BAKE,ASM2 12;
SANDMAN/WILLIAM BAKE,ASM 214;
SANDMAN/WILLIAM BAKE,ASM 215;
SANDMAN/WILLIAM BAKE,ASM 217;
SANDMAN/WILLIAM BAKE,ASM2 17;
SANDMAN/WILLIAM BAKE,ASM 218;
SANDMAN/WILLIAM BAKE,ASM2 4;
SANDMAN/WILLIAM BAKE,ASM 24/3;
SANDMAN/WILLIAM BAKE,ASM 280;
SANDMAN/WILLIAM BAKE,ASM 281;
SANDMAN/WILLIAM BAKE,ASM 302;
SANDMAN/WILLIAM BAKE,ASM 303;
SANDMAN/WILLIAM BAKE,ASM 334;
SANDMAN/WILLIAM BAKE,ASM 337;
SANDMAN/WILLIAM BAKE,ASM 338;
SANDMAN/WILLIAM BAKE,ASM 339;
SANDMAN/WILLIAM BAKE,ASM 348;
SANDMAN/WILLIAM BAKE,ASM 4;
SANDMAN/WILLIAM BAKE,ASM 407;
SANDMAN/WILLIAM BAKE,ASM:FO 1;
SANDMAN/WILLIAM BAKE,AWC 6;
SANDMAN/WILLIAM BAKE,CA 385;
SANDMAN/WILLIAM BAKE,FF 129;
SANDMAN/WILLIAM BAKE,FF 130;
SANDMAN/WILLIAM BAKE,FF 133;
SANDMAN/WILLIAM BAKE,FF 14;
SANDMAN/WILLIAM BAKE,FF 148;
SANDMAN/WILLIAM BAKE,FF 176;
SANDMAN/WILLIAM BAKE,FF 177;
SANDMAN/WILLIAM BAKE,FF 178;
SANDMAN/WILLIAM BAKE,FF 218;
SANDMAN/WILLIAM BAKE,FF 36;
SANDMAN/WILLIAM BAKE,FF 38;
SANDMAN/WILLIAM BAKE,FF 41;
SANDMAN/WILLIAM BAKE,FF 42;
SANDMAN/WILLIAM BAKE,FF 43;
SANDMAN/WILLIAM BAKE,FF 45;
SANDMAN/WILLIAM BAKE,FF 57;
SANDMAN/WILLIAM BAKE,FF 61;
SANDMAN/WILLIAM BAKE,FF 62;
SANDMAN/WILLIAM BAKE,FF 63;
SANDMAN/WILLIAM BAKE,FF 94;
SANDMAN/WILLIAM BAKE,GENX 59;
SANDMAN/WILLIAM BAKE,H2 113;
SANDMAN/WILLIAM BAKE,H2 114;
SANDMAN/WILLIAM BAKE,H2 138;
SANDMAN/WILLIAM BAKE,HFH 10;
SANDMAN/WILLIAM BAKE,HFH 11;
SANDMAN/WILLIAM BAKE,JIM 116;
SANDMAN/WILLIAM BAKE,M/FAN 22;
SANDMAN/WILLIAM BAKE,MK3 15;
SANDMAN/WILLIAM BAKE,M/SH 15;
SANDMAN/WILLIAM BAKE,M/TIO 86;
SANDMAN/WILLIAM BAKE,M/TIO 96;
SANDMAN/WILLIAM BAKE,M/TU 1;
SANDMAN/WILLIAM BAKE,M/TU 138;
SANDMAN/WILLIAM BAKE,M/TU 2;
SANDMAN/WILLIAM BAKE,M/TU2 3;
SANDMAN/WILLIAM BAKE,M/TU2 4;
SANDMAN/WILLIAM BAKE,M/TU 39;
SANDMAN/WILLIAM BAKE,M/TU 40;
SANDMAN/WILLIAM BAKE,M/TU 58;
SANDMAN/WILLIAM BAKE,M/TU 99;
SANDMAN/WILLIAM BAKE,NO 13;
SANDMAN/WILLIAM BAKE,NO 14;
SANDMAN/WILLIAM BAKE,PPSM2 12;
SANDMAN/WILLIAM BAKE,PPSM2 12/2;
SANDMAN/WILLIAM BAKE,PPSM2 16;
SANDMAN/WILLIAM BAKE,PPSM2 22;
SANDMAN/WILLIAM BAKE,PPSM2 26;
SANDMAN/WILLIAM BAKE,PPTSS 10/3;
SANDMAN/WILLIAM BAKE,PPTSS 11/2;
SANDMAN/WILLIAM BAKE,PPTSS 169;
SANDMAN/WILLIAM BAKE,PPTSS 170;
SANDMAN/WILLIAM BAKE,PPTSS 39;
SANDMAN/WILLIAM BAKE,PPTSS 40;
SANDMAN/WILLIAM BAKE,PPTSS 42;
SANDMAN/WILLIAM BAKE,SENSM 26;
SANDMAN/WILLIAM BAKE,S-M 18;
SANDMAN/WILLIAM BAKE,S-M 19;
SANDMAN/WILLIAM BAKE,S-M 22;
SANDMAN/WILLIAM BAKE,S-M 23;
SANDMAN/WILLIAM BAKE,SOLOA 17;
SANDMAN/WILLIAM BAKE,SOLOA 6;
SANDMAN/WILLIAM BAKE,SOLOA 7;
SANDMAN/WILLIAM BAKE,SSWP 1;
SANDMAN/WILLIAM BAKE,SSWP 2;
SANDMAN/WILLIAM BAKE,SSWP 3;
SANDMAN/WILLIAM BAKE,SSWP 4;
SANDMAN/WILLIAM BAKE,SSWP 5;
SANDMAN/WILLIAM BAKE,SSWP 7;
SANDMAN/WILLIAM BAKE,ST 115;
SANDMAN/WILLIAM BAKE,TB 40;
SANDMAN/WILLIAM BAKE,TB 41;
SANDMAN/WILLIAM BAKE,UTSM 3;
SANDMAN/WILLIAM BAKE,WM 1;
SANDMAN/WILLIAM BAKE,WOSM 50;
SANDMAN/WILLIAM BAKE,WOSM 7/6;
SANDMAN/WILLIAM BAKE,XCAL 36;
SANDOR, PROFESSOR IS,FFOR 10;
SANDOR, PROFESSOR IS,FFOR 16;
SANDOR, PROFESSOR IS,FFOR 2;
SANDOR, PROFESSOR IS,FFOR 3;
SANDOR, PROFESSOR IS,FFOR 4;
SANDOVAL, DIEGO,XX 1;
SANDOVAL, DIEGO,XX 2;
SANDOVAL, DIEGO,XX 3;
SANDOVAL, JULIANA,M/GN 4;
SANDOVAL, JULIANA,XFOR 98;
SANDSTORM/,M/CP 114/4;
SANDY,H 20;
SANDY,H2 431;
SANDY,H2 432;
SANGRE/JULIA CONCEPC,TS 11;
SANGUINE,UX 385;
SANGUINE,X 103;
SANTA CLAUS/NICK ST.,HTD MAG 3;
SANTA CLAUS/NICK ST.,S-H2 7;
SANTA CLAUS/NICK ST.,S-H2 8;
SANTINI, DR. JOSE,A 146;
SANTINI, DR. JOSE,A 69;
SANTINI, DR. JOSE,FF 68;
SANTINI, DR. JOSE,FF 69;
SANTINI, DR. JOSE,FF 70;
SANTINI, DR. JOSE,IM 19;
SANTOS, JOSE,AWC 7/5;
SANTOS, MARIO,AWC 7/5;
SAPIR, HERSCHEL,ASM 345;
SAPPER,IM3 18;
SAPPER,IM3 23;
SAPPER,IM3 24;
SAPPER,IM3 25;
SAPPER,MSM 13;
SAPPHIRAS,AR 1;
SAPPHIRAS,AR 2;
SAPPHIRAS,FF 402;
SAPPHIRAS,FFOR 8;
SAPPHIRAS,FFOR 9;
SAPRISTI, JERRY,PPTSS 9/2;
SAPRISTI, JERRY,T 341;
SAPRISTI, JERRY,T 342;
SAPRISTI, JERRY,T 344;
SAPRISTI, JERRY,T 349;
SAPRISTI, JERRY,T 373;
SAPRISTI, JERRY,T 391;
SAPRISTI, JERRY,T 392;
SAPRISTI, JERRY,T 393;
SAPRISTI, JERRY,T 402;
SAPRISTI, JERRY,T 403;
SAPRISTI, JERRY,T 404;
SAPRISTI, JERRY,T 409;
SAPRISTI, JERRY,T 419;
SAPRISTI, JERRY,T 422;
SAPRISTI, JERRY,T 429;
SAPRISTI, JERRY,T 430;
SAPRISTI, JERRY,T 433;
SAPRISTI, JERRY,T 435;
SAPRISTI, JERRY,T 440;
SAPRISTI, JERRY,T 442;
SAPRISTI, JERRY,T 444;
SAPRISTI, JERRY,T 449;
SAPRISTI, JERRY,T 451;
SAPRISTI, JERRY,T 453;
SAPRISTI, JERRY,TS 22;
SARACEN,PUN2 47;
SARACEN,PUN2 48;
SARACEN,PWJ 25;
SARACEN,PWJ 26;
SARACEN,PWJ 27;
SARACEN,PWJ 33;
SARDAN,Q 26;
SARIEL,PUN4 3;
SAROYAN, NEAL,AT:WMB 1;
SAROYAN, NEAL,AT:WMB 2;
SAROYAN, NEAL,WM 1/3;
SAROYAN, NEAL,WM2 1;
SAROYAN, NEAL,WM2 10;
SAROYAN, NEAL,WM2 17;
SAROYAN, NEAL,WM2 18;
SAROYAN, NEAL,WM2 4;
SAROYAN, NEAL,WM2 7;
SASQUATCH DOPPELGANG,FF 369;
SASQUATCH DOPPELGANG,FF 370;
SASQUATCH DOPPELGANG,IW 1;
SASQUATCH DOPPELGANG,IW 5;
SASQUATCH DOPPELGANG,WM2 15;
SASQUATCH II,AF2 1;
SASQUATCH II,AF2 10;
SASQUATCH II,AF2 11;
SASQUATCH II,AF2 12;
SASQUATCH II,AF2 2;
SASQUATCH II,AF2 3;
SASQUATCH II,AF2 4;
SASQUATCH II,AF2 5;
SASQUATCH II,AF2 6;
SASQUATCH II,AF2 7;
SASQUATCH II,AF2 9;
SASQUATCH II,UX 355;
SASQUATCH | MUTANT X,MX 3;
SASQUATCH/WALTER LAN,AF 1;
SASQUATCH/WALTER LAN,AF 10;
SASQUATCH/WALTER LAN,AF 100;
SASQUATCH/WALTER LAN,AF 101;
SASQUATCH/WALTER LAN,AF 102;
SASQUATCH/WALTER LAN,AF 103;
SASQUATCH/WALTER LAN,AF 104;
SASQUATCH/WALTER LAN,AF 105;
SASQUATCH/WALTER LAN,AF 106;
SASQUATCH/WALTER LAN,AF 107;
SASQUATCH/WALTER LAN,AF 108;
SASQUATCH/WALTER LAN,AF 109;
SASQUATCH/WALTER LAN,AF 109/2;
SASQUATCH/WALTER LAN,AF 110;
SASQUATCH/WALTER LAN,AF 111;
SASQUATCH/WALTER LAN,AF 11/2;
SASQUATCH/WALTER LAN,AF 112;
SASQUATCH/WALTER LAN,AF 114;
SASQUATCH/WALTER LAN,AF 115;
SASQUATCH/WALTER LAN,AF 12;
SASQUATCH/WALTER LAN,AF 17;
SASQUATCH/WALTER LAN,AF 2;
SASQUATCH/WALTER LAN,AF 20;
SASQUATCH/WALTER LAN,AF 21;
SASQUATCH/WALTER LAN,AF2 13;
SASQUATCH/WALTER LAN,AF2 14;
SASQUATCH/WALTER LAN,AF2 15;
SASQUATCH/WALTER LAN,AF2 17;
SASQUATCH/WALTER LAN,AF2 18;
SASQUATCH/WALTER LAN,AF2 19;
SASQUATCH/WALTER LAN,AF2 20;
SASQUATCH/WALTER LAN,AF 23;
SASQUATCH/WALTER LAN,AF 24;
SASQUATCH/WALTER LAN,AF 25;
SASQUATCH/WALTER LAN,AF 26;
SASQUATCH/WALTER LAN,AF 28;
SASQUATCH/WALTER LAN,AF 3;
SASQUATCH/WALTER LAN,AF 4;
SASQUATCH/WALTER LAN,AF 44;
SASQUATCH/WALTER LAN,AF 45;
SASQUATCH/WALTER LAN,AF 46;
SASQUATCH/WALTER LAN,AF 48;
SASQUATCH/WALTER LAN,AF 49;
SASQUATCH/WALTER LAN,AF 50;
SASQUATCH/WALTER LAN,AF 51;
SASQUATCH/WALTER LAN,AF 52;
SASQUATCH/WALTER LAN,AF 53;
SASQUATCH/WALTER LAN,AF 54;
SASQUATCH/WALTER LAN,AF 55;
SASQUATCH/WALTER LAN,AF 56;
SASQUATCH/WALTER LAN,AF 57;
SASQUATCH/WALTER LAN,AF 58;
SASQUATCH/WALTER LAN,AF 59;
SASQUATCH/WALTER LAN,AF 60;
SASQUATCH/WALTER LAN,AF 61;
SASQUATCH/WALTER LAN,AF 62;
SASQUATCH/WALTER LAN,AF 64;
SASQUATCH/WALTER LAN,AF 65;
SASQUATCH/WALTER LAN,AF 66;
SASQUATCH/WALTER LAN,AF 67;
SASQUATCH/WALTER LAN,AF 68;
SASQUATCH/WALTER LAN,AF 69;
SASQUATCH/WALTER LAN,AF 70;
SASQUATCH/WALTER LAN,AF 71;
SASQUATCH/WALTER LAN,AF 72;
SASQUATCH/WALTER LAN,AF 73;
SASQUATCH/WALTER LAN,AF 74;
SASQUATCH/WALTER LAN,AF 75;
SASQUATCH/WALTER LAN,AF 76;
SASQUATCH/WALTER LAN,AF 78;
SASQUATCH/WALTER LAN,AF 79;
SASQUATCH/WALTER LAN,AF 80;
SASQUATCH/WALTER LAN,AF 81;
SASQUATCH/WALTER LAN,AF 82;
SASQUATCH/WALTER LAN,AF 83;
SASQUATCH/WALTER LAN,AF 84;
SASQUATCH/WALTER LAN,AF 85;
SASQUATCH/WALTER LAN,AF 86;
SASQUATCH/WALTER LAN,AF 87;
SASQUATCH/WALTER LAN,AF 88;
SASQUATCH/WALTER LAN,AF 89;
SASQUATCH/WALTER LAN,AF 9;
SASQUATCH/WALTER LAN,AF 90;
SASQUATCH/WALTER LAN,AF 91;
SASQUATCH/WALTER LAN,AF 92;
SASQUATCH/WALTER LAN,AF 93;
SASQUATCH/WALTER LAN,AF 94;
SASQUATCH/WALTER LAN,AF 95;
SASQUATCH/WALTER LAN,AF 98;
SASQUATCH/WALTER LAN,AF 99;
SASQUATCH/WALTER LAN,AF SPECIAL;
SASQUATCH/WALTER LAN,COC 1;
SASQUATCH/WALTER LAN,COC 3;
SASQUATCH/WALTER LAN,CX 27;
SASQUATCH/WALTER LAN,FF 266;
SASQUATCH/WALTER LAN,FF 267;
SASQUATCH/WALTER LAN,FF 268;
SASQUATCH/WALTER LAN,FF 367;
SASQUATCH/WALTER LAN,FF 368;
SASQUATCH/WALTER LAN,FF 369;
SASQUATCH/WALTER LAN,FF 370;
SASQUATCH/WALTER LAN,GENX 58;
SASQUATCH/WALTER LAN,H2 272;
SASQUATCH/WALTER LAN,H2 273;
SASQUATCH/WALTER LAN,H2 277;
SASQUATCH/WALTER LAN,H2 278;
SASQUATCH/WALTER LAN,H2 279;
SASQUATCH/WALTER LAN,H2 313;
SASQUATCH/WALTER LAN,H 8;
SASQUATCH/WALTER LAN,IW 1;
SASQUATCH/WALTER LAN,IW 2;
SASQUATCH/WALTER LAN,IW 3;
SASQUATCH/WALTER LAN,IW 4;
SASQUATCH/WALTER LAN,IW 5;
SASQUATCH/WALTER LAN,IW 6;
SASQUATCH/WALTER LAN,MK3 41;
SASQUATCH/WALTER LAN,MM 18;
SASQUATCH/WALTER LAN,M/TIO 7;
SASQUATCH/WALTER LAN,M/TIO 83;
SASQUATCH/WALTER LAN,M/TIO 84;
SASQUATCH/WALTER LAN,M/TIO 96;
SASQUATCH/WALTER LAN,M/TU 7;
SASQUATCH/WALTER LAN,NW 27;
SASQUATCH/WALTER LAN,Q 38;
SASQUATCH/WALTER LAN,ROM 56;
SASQUATCH/WALTER LAN,ROM 57;
SASQUATCH/WALTER LAN,ROM 58;
SASQUATCH/WALTER LAN,S-M 12;
SASQUATCH/WALTER LAN,UX 120;
SASQUATCH/WALTER LAN,UX 121;
SASQUATCH/WALTER LAN,W2 142;
SASQUATCH/WALTER LAN,W2 143;
SASQUATCH/WALTER LAN,W2 143/2;
SASQUATCH/WALTER LAN,WIW 8;
SASQUATCH/WALTER LAN,WM2 13;
SASQUATCH/WALTER LAN,WM2 14;
SASQUATCH/WALTER LAN,WM2 15;
SASQUATCH/WALTER LAN,X&AF 1;
SASQUATCH/WALTER LAN,X&AF 2;
SASQUATCH/WALTER LAN,X&AF2 1;
SASQUATCH/WALTER LAN,X&AF2 2;
SATANA,HOH 2/3;
SATANA,H:PL 10;
SATANA,H:PL 2;
SATANA,M/PRM 27;
SATANA,M/PRV 7;
SATANA,M/SPT 22;
SATANA,M/SPT 24;
SATANA,M/TU 80;
SATANA,M/TU 81;
SATANA,VT 2/4;
SATANA,VT 3;
SATANA,VT 9/5;
SATAN/MARDU KURIOS,DEF 100;
SATAN/MARDU KURIOS,DEF 101;
SATAN/MARDU KURIOS,DEF 104;
SATAN/MARDU KURIOS,DEF 105;
SATAN/MARDU KURIOS,DEF 111;
SATAN/MARDU KURIOS,DEF 99;
SATAN/MARDU KURIOS,DRSTR2 15;
SATAN/MARDU KURIOS,DRSTR2 16;
SATAN/MARDU KURIOS,GR2 1;
SATAN/MARDU KURIOS,GR2 19;
SATAN/MARDU KURIOS,GR2 2;
SATAN/MARDU KURIOS,GR2 32;
SATAN/MARDU KURIOS,GR2 5;
SATAN/MARDU KURIOS,GR2 8;
SATAN/MARDU KURIOS,GR2 9;
SATAN/MARDU KURIOS,H:PL 1;
SATAN/MARDU KURIOS,H:PL 2;
SATAN/MARDU KURIOS,H:PL 3;
SATAN/MARDU KURIOS,H:PL 5;
SATAN/MARDU KURIOS,M/SPT 11;
SATAN/MARDU KURIOS,M/SPT 12;
SATAN/MARDU KURIOS,M/SPT 13;
SATAN/MARDU KURIOS,M/SPT 15;
SATAN/MARDU KURIOS,M/SPT 5;
SATAN/MARDU KURIOS,M/SPT 6;
SATAN/MARDU KURIOS,M/SPT 7;
SATAN/MARDU KURIOS,M/SPT 8;
SATAN/MARDU KURIOS,TER 1;
SATAN/MARDU KURIOS,TER 4;
SATAN/MARDU KURIOS,TOD 63;
SATAN/MARDU KURIOS,TOD 64;
SATAN/MARDU KURIOS,TOD 68;
SATANNISH,AWC 76;
SATANNISH,AWC 77;
SATANNISH,AWC 79;
SATANNISH,DRSTR3 30;
SATANNISH,DRSTR3 49;
SATANNISH,DRSTR3 6;
SATANNISH,DRSTR3 7;
SATANNISH,DRSTR3 8;
SATANNISH,HCAT 2;
SATANNISH,HCAT 3;
SATELLITE,UTSM 4;
SATHAN,DD 7;
SA'TNEEN,XCAL 43;
SA'TNEEN,XCAL 44;
SA'TNEEN,XCAL 45;
SATURNYNE, OPAL LUNA,FF3 10;
SATURNYNE, OPAL LUNA,FF3 8;
SATURNYNE, OPAL LUNA,XCAL 125;
SATURNYNE, OPAL LUNA,XCAL 24;
SATURNYNE, OPAL LUNA,XCAL 42;
SATURNYNE, OPAL LUNA,XCAL 45;
SATURNYNE, OPAL LUNA,XCAL 47;
SATURNYNE, OPAL LUNA,XCAL 49;
SATURNYNE, OPAL LUNA,XCAL 50;
SAT-YR-9,XCAL 10;
SAT-YR-9,XCAL 11;
SAT-YR-9,XCAL 19;
SAT-YR-9,XCAL 20;
SAT-YR-9,XCAL 21;
SAT-YR-9,XCAL 24;
SAT-YR-9,XCAL 25;
SAT-YR-9,XCAL 32;
SAT-YR-9,XCAL 34;
SAT-YR-9,XCAL 5;
SAT-YR-9,XCAL 55;
SAT-YR-9,XCAL 56;
SAT-YR-9,XCAL 9;
SAUL,GAM3 14;
SAUL,XFOR 10;
SAUL,XFOR 36;
SAUL,XFOR 37;
SAUL,XFOR 53;
SAUNDERS, DABNEY,XFOR 87;
SAUNDERS, KRISTINE,ASM 124;
SAUNDERS, KRISTINE,ASM 125;
SAUNDERS, KRISTINE,COTL 31;
SAUNDERS, KRISTINE,COTL 32;
SAUNDERS, KRISTINE,COTL 33;
SAUNDERS, KRISTINE,COTL 34;
SAUNDERS, KRISTINE,COTL 35;
SAUNDERS, KRISTINE,COTL 36;
SAUNDERS, KRISTINE,GSSH 1;
SAUNDERS, KRISTINE,PPTSS 3;
SAURON/DR. KARL LYKO,AF2 9;
SAURON/DR. KARL LYKO,DHAWK 19;
SAURON/DR. KARL LYKO,DHAWK 20;
SAURON/DR. KARL LYKO,M/FAN 2;
SAURON/DR. KARL LYKO,M/FAN 3;
SAURON/DR. KARL LYKO,M/FAN 4;
SAURON/DR. KARL LYKO,SLEEP 17;
SAURON/DR. KARL LYKO,UX 114;
SAURON/DR. KARL LYKO,UX 115;
SAURON/DR. KARL LYKO,UX 116;
SAURON/DR. KARL LYKO,UX 351;
SAURON/DR. KARL LYKO,UX 353;
SAURON/DR. KARL LYKO,UX 354;
SAURON/DR. KARL LYKO,UX 355;
SAURON/DR. KARL LYKO,UX 356;
SAURON/DR. KARL LYKO,UX 59;
SAURON/DR. KARL LYKO,UX 60;
SAURON/DR. KARL LYKO,UX 61;
SAURON/DR. KARL LYKO,XF 82;
SAURON/DR. KARL LYKO,XFOR 10;
SAURON/DR. KARL LYKO,XFOR 11;
SAURON/DR. KARL LYKO,XFOR 5;
SAURON/DR. KARL LYKO,XFOR 6;
SAURON/DR. KARL LYKO,XFOR 7;
SAURON/DR. KARL LYKO,XFOR 8;
SAURON/DR. KARL LYKO,XFOR 9;
SAURON/DR. KARL LYKO,X:HY 10;
SAURON/DR. KARL LYKO,X:HY 11;
SAURON/DR. KARL LYKO,X:HY 12;
SAURON/DR. KARL LYKO,X:HY 6;
SAURON/DR. KARL LYKO,X:HY 7;
SAURON/DR. KARL LYKO,X:HY 9;
SAURON/DR. KARL LYKO,XU 6;
SAVAGE STEEL/HARRY L,DHAWK 10;
SAVAGE STEEL/HARRY L,DHAWK 12;
SAVAGE STEEL/HARRY L,DHAWK 13;
SAVAGE STEEL/HARRY L,DHAWK 1/5;
SAVAGE STEEL/HARRY L,DHAWK 15;
SAVAGE STEEL/HARRY L,DHAWK 4;
SAVAGE STEEL/HARRY L,DHAWK 7;
SAVAGE STEEL/HARRY L,DHAWK 8;
SAVAGE STEEL/HARRY L,DHAWK 9;
SAVAGE STEEL II/ARTH,DHAWK 1;
SAVAGE STEEL II/ARTH,DHAWK 1/5;
SAVAGE STEEL II/ARTH,DHAWK 23;
SAVAGE STEEL II/ARTH,DHAWK 24;
SAVANNAH, LOU-ANN,CM 22;
SAVANNAH, LOU-ANN,CM 23;
SAVANNAH, LOU-ANN,CM 24;
SAVANNAH, LOU-ANN,CM 25;
SAVANNAH, LOU-ANN,CM 26;
SAVANNAH, LOU-ANN,CM 27;
SAWYER, GENERAL SAMU,CA 273;
SAWYER, GENERAL SAMU,INV 40;
SAWYER, GENERAL SAMU,M/CP 77/4;
SAWYER, GENERAL SAMU,M/FAN 10;
SAWYER, GENERAL SAMU,SGTF 1;
SAWYER, GENERAL SAMU,SGTF 2;
SAWYER, RYAN,PPTSS 262;
SAWYER, RYAN,SENSM 32;
SAXON, STARR,A 324/2;
SAXON, STARR,A 325;
SAXON, STARR,CA 247;
SAXON, STARR,CA 248;
SAXON, STARR,CA 249;
SAXON, STARR,CA 354;
SAXON, STARR,CA 356;
SAXON, STARR,CA 357;
SAXON, STARR,CA 368;
SAXON, STARR,CA 368/2;
SAXON, STARR,CA 369;
SAXON, STARR,CA 370;
SAXON, STARR,CA 378;
SAXON, STARR,CA 387/2;
SAXON, STARR,CA 389/2;
SAXON, STARR,CA 390/2;
SAXON, STARR,CA 391/2;
SAXON, STARR,CA 393;
SAXON, STARR,CA 394;
SAXON, STARR,CA 396;
SAXON, STARR,CA 398/2;
SAXON, STARR,CA 409;
SAXON, STARR,CA 451;
SAXON, STARR,CA 452;
SAXON, STARR,CA 453;
SAXON, STARR,DD 49;
SAXON, STARR,DD 50;
SAXON, STARR,DD 51;
SAXON, STARR,DD 52;
SAXON, STARR,DD 54;
SAXON, STARR,DD 55;
SAXON, STARR,DD 91;
SAXON, STARR,IM 320;
SAXON, STARR,IM 322;
SAXON, STARR,IM 323;
SAXON, STARR,IM 324;
SAXON, STARR,IM 325;
SAXON, STARR,M/TIO 47;
SAXON, STARR,M/TIO 48;
SAYGE,FF 212;
SAYGE,FF 213;
SAYGE,NO 10;
SAYGE,NO 11;
SAYGE,NO 6;
SAYGE,NO 7;
SAYGE,NW 11;
SAYGE,NW 12;
SAYGE,NW 13;
SAYGE,ST 154;
SCALEFACE/,S-H2 34;
SCALEFACE/,S-H2 35;
SCALPHUNTER,C2 '99;
SCALPHUNTER,PP 27;
SCALPHUNTER,UX 210;
SCALPHUNTER,UX 211;
SCALPHUNTER,UX 213;
SCALPHUNTER,UX 215;
SCALPHUNTER,UX 219;
SCALPHUNTER,UX 221;
SCALPHUNTER,UX 222;
SCALPHUNTER,UX 223;
SCALPHUNTER,UX 240;
SCALPHUNTER,UX 241;
SCALPHUNTER,XF 10;
SCALPHUNTER,XF 38;
SCALPHUNTER,XM 13;
SCANDIUM,A 188;
SCANDIUM,TB 6;
SCANLON, COMMANDER,XM 44;
SCANLON, COMMANDER,XM 51;
SCANLON, COMMANDER,XM 52;
SCANNER II,A 357;
SCANNER II,A 381;
SCANNER II,HFH 16;
SCANNER II,HFH 8;
SCANNER II,HFH '98;
SCANNER II,M:DS 1;
SCANNER II,M:DS 2;
SCANNER II,M:DS 3;
SCANNER II,M:DS 4;
SCANNER II,QS 1;
SCANNER II,QS 11;
SCANNER II,QS 12;
SCANNER II,QS 6;
SCANNER II,QS 8;
SCANNER II,QS 9;
SCANNER II/RHANLA,SK 1;
SCANNER II/RHANLA,SK 2;
SCANNER II/RHANLA,SK 3;
SCANNER II/RHANLA,SK 4;
SCANNER II/RHANLA,SK 5;
SCANNER II,UX 315;
SCANNER II,UX 366;
SCANNER II,UX 367;
SCANNER II,UX 379;
SCANNER II,X 42;
SCANNER II,X 43;
SCANNER II,X 44;
SCANNER II,X 86;
SCANNER II,XCAL 106;
SCANNER II,X:MW 1;
SCANNER/SKERA,ROM 2;
SCANNER/SKERA,ROM 4;
SCANNER/SKERA,ROM 69;
SCANNER/SKERA,ROM 70;
SCANNER/SKERA,ROM 71;
SCANNER/SKERA,ROM 73;
SCANNER/SKERA,ROM 74;
SCANNER/SKERA,ROM 75;
SCARBO,CA 123;
SCARBO,CA 356;
SCARECROW/EBENEZER L,ASPOT 26;
SCARECROW/EBENEZER L,ASPOT 26/2;
SCARECROW/EBENEZER L,CA 158;
SCARECROW/EBENEZER L,CA 159;
SCARECROW/EBENEZER L,CA 279;
SCARECROW/EBENEZER L,CA 280;
SCARECROW/EBENEZER L,CA 6;
SCARECROW/EBENEZER L,FF 3;
SCARECROW/EBENEZER L,GR3 7;
SCARECROW/EBENEZER L,GR3 85;
SCARECROW/EBENEZER L,TOS 51;
SCARECROW/EBENEZER L,UX 22;
SCARECROW/EBENEZER L,UX 23;
SCARECROW II,DON 11;
SCARECROW II,DRSTR3 21/2;
SCARECROW II,DRSTR3 38;
SCARECROW II,DRSTR3 40;
SCARECROW II,M/SPT 26;
SCARECROW II,M/TIO 18;
SCARFE, RAFAEL,DD 218;
SCARFE, RAFAEL,IF 1;
SCARFE, RAFAEL,IF 10;
SCARFE, RAFAEL,IF 15;
SCARFE, RAFAEL,IF 2;
SCARFE, RAFAEL,IF 8;
SCARFE, RAFAEL,M/PRM 25;
SCARFE, RAFAEL,M/TU 60;
SCARFE, RAFAEL,M/TU 61;
SCARFE, RAFAEL,M/TU 62;
SCARFE, RAFAEL,N 11;
SCARFE, RAFAEL,N 13;
SCARFE, RAFAEL,N 20;
SCARFE, RAFAEL,N 22;
SCARFE, RAFAEL,N 24;
SCARFE, RAFAEL,N 25;
SCARFE, RAFAEL,PM&IF 100;
SCARFE, RAFAEL,PM&IF 101;
SCARFE, RAFAEL,PM&IF 103;
SCARFE, RAFAEL,PM&IF 105;
SCARFE, RAFAEL,PM&IF 109;
SCARFE, RAFAEL,PM&IF 50;
SCARFE, RAFAEL,PM&IF 51;
SCARFE, RAFAEL,PM&IF 59;
SCARFE, RAFAEL,PM&IF 60;
SCARFE, RAFAEL,PM&IF 64;
SCARFE, RAFAEL,PM&IF 67;
SCARFE, RAFAEL,PM&IF 68;
SCARFE, RAFAEL,PM&IF 71;
SCARFE, RAFAEL,PM&IF 73;
SCARFE, RAFAEL,PM&IF 76;
SCARFE, RAFAEL,PM&IF 83;
SCARFE, RAFAEL,PM&IF 84;
SCARFE, RAFAEL,PM&IF 94;
SCARFE, RAFAEL,PM&IF 96;
SCARFE, RAFAEL,PM&IF 99;
SCARLET BEETLE,ASM 24/4;
SCARLET BEETLE,IM 44/2;
SCARLET BEETLE,TTA 39;
SCARLET CENTURION,A 2;
SCARLET CENTURION,A3 38;
SCARLET CENTURION,A3 39;
SCARLET CENTURION,A3 40;
SCARLET CENTURION,A3 41;
SCARLET CENTURION,A3 42;
SCARLET CENTURION,A3 43;
SCARLET CENTURION,SQS 2;
SCARLET CENTURION,SQS 9;
SCARLET SCARAB/DR. F,INV 23;
SCARLET SCARAB/DR. F,INV 25;
SCARLET WITCH DOPPEL,FF 370;
SCARLET WITCH DOPPEL,WM2 15;
SCARLET WITCH/WANDA,A '00;
SCARLET WITCH/WANDA,A 1;
SCARLET WITCH/WANDA,A 10;
SCARLET WITCH/WANDA,A 100;
SCARLET WITCH/WANDA,A 101;
SCARLET WITCH/WANDA,A 102;
SCARLET WITCH/WANDA,A 103;
SCARLET WITCH/WANDA,A 104;
SCARLET WITCH/WANDA,A 105;
SCARLET WITCH/WANDA,A 106;
SCARLET WITCH/WANDA,A 107;
SCARLET WITCH/WANDA,A 108;
SCARLET WITCH/WANDA,A 109;
SCARLET WITCH/WANDA,A 110;
SCARLET WITCH/WANDA,A 111;
SCARLET WITCH/WANDA,A 112;
SCARLET WITCH/WANDA,A 113;
SCARLET WITCH/WANDA,A 114;
SCARLET WITCH/WANDA,A 115;
SCARLET WITCH/WANDA,A 116;
SCARLET WITCH/WANDA,A 117;
SCARLET WITCH/WANDA,A 118;
SCARLET WITCH/WANDA,A 119;
SCARLET WITCH/WANDA,A 12;
SCARLET WITCH/WANDA,A 120;
SCARLET WITCH/WANDA,A 121;
SCARLET WITCH/WANDA,A 122;
SCARLET WITCH/WANDA,A 123;
SCARLET WITCH/WANDA,A 124;
SCARLET WITCH/WANDA,A 125;
SCARLET WITCH/WANDA,A 126;
SCARLET WITCH/WANDA,A 127;
SCARLET WITCH/WANDA,A 128;
SCARLET WITCH/WANDA,A 129;
SCARLET WITCH/WANDA,A 130;
SCARLET WITCH/WANDA,A 133;
SCARLET WITCH/WANDA,A 134;
SCARLET WITCH/WANDA,A 137;
SCARLET WITCH/WANDA,A 138;
SCARLET WITCH/WANDA,A 139;
SCARLET WITCH/WANDA,A 140;
SCARLET WITCH/WANDA,A 141;
SCARLET WITCH/WANDA,A 142;
SCARLET WITCH/WANDA,A 143;
SCARLET WITCH/WANDA,A 144;
SCARLET WITCH/WANDA,A 145;
SCARLET WITCH/WANDA,A 146;
SCARLET WITCH/WANDA,A 147;
SCARLET WITCH/WANDA,A 148;
SCARLET WITCH/WANDA,A 149;
SCARLET WITCH/WANDA,A 150;
SCARLET WITCH/WANDA,A 151;
SCARLET WITCH/WANDA,A 152;
SCARLET WITCH/WANDA,A 153;
SCARLET WITCH/WANDA,A 154;
SCARLET WITCH/WANDA,A 155;
SCARLET WITCH/WANDA,A 156;
SCARLET WITCH/WANDA,A 157;
SCARLET WITCH/WANDA,A 158;
SCARLET WITCH/WANDA,A 159;
SCARLET WITCH/WANDA,A 16;
SCARLET WITCH/WANDA,A 160;
SCARLET WITCH/WANDA,A 161;
SCARLET WITCH/WANDA,A 162;
SCARLET WITCH/WANDA,A 164;
SCARLET WITCH/WANDA,A 165;
SCARLET WITCH/WANDA,A 166;
SCARLET WITCH/WANDA,A 167;
SCARLET WITCH/WANDA,A 168;
SCARLET WITCH/WANDA,A 17;
SCARLET WITCH/WANDA,A 170;
SCARLET WITCH/WANDA,A 171;
SCARLET WITCH/WANDA,A 172;
SCARLET WITCH/WANDA,A 173;
SCARLET WITCH/WANDA,A 174;
SCARLET WITCH/WANDA,A 175;
SCARLET WITCH/WANDA,A 176;
SCARLET WITCH/WANDA,A 177;
SCARLET WITCH/WANDA,A 179;
SCARLET WITCH/WANDA,A 18;
SCARLET WITCH/WANDA,A 180;
SCARLET WITCH/WANDA,A 181;
SCARLET WITCH/WANDA,A 182;
SCARLET WITCH/WANDA,A 183;
SCARLET WITCH/WANDA,A 185;
SCARLET WITCH/WANDA,A 186;
SCARLET WITCH/WANDA,A 187;
SCARLET WITCH/WANDA,A 188;
SCARLET WITCH/WANDA,A 189;
SCARLET WITCH/WANDA,A 19;
SCARLET WITCH/WANDA,A 190;
SCARLET WITCH/WANDA,A 191;
SCARLET WITCH/WANDA,A 192;
SCARLET WITCH/WANDA,A 197;
SCARLET WITCH/WANDA,A 198;
SCARLET WITCH/WANDA,A 199;
SCARLET WITCH/WANDA,A 20;
SCARLET WITCH/WANDA,A 200;
SCARLET WITCH/WANDA,A 201;
SCARLET WITCH/WANDA,A 202;
SCARLET WITCH/WANDA,A 203;
SCARLET WITCH/WANDA,A 204;
SCARLET WITCH/WANDA,A 205;
SCARLET WITCH/WANDA,A 206;
SCARLET WITCH/WANDA,A 207;
SCARLET WITCH/WANDA,A 208;
SCARLET WITCH/WANDA,A 209;
SCARLET WITCH/WANDA,A 21;
SCARLET WITCH/WANDA,A2 1;
SCARLET WITCH/WANDA,A 210;
SCARLET WITCH/WANDA,A2 10;
SCARLET WITCH/WANDA,A 211;
SCARLET WITCH/WANDA,A2 11;
SCARLET WITCH/WANDA,A2 12;
SCARLET WITCH/WANDA,A 22;
SCARLET WITCH/WANDA,A2 2;
SCARLET WITCH/WANDA,A 228;
SCARLET WITCH/WANDA,A 23;
SCARLET WITCH/WANDA,A2 3;
SCARLET WITCH/WANDA,A 231;
SCARLET WITCH/WANDA,A 233;
SCARLET WITCH/WANDA,A 234;
SCARLET WITCH/WANDA,A 235;
SCARLET WITCH/WANDA,A 236;
SCARLET WITCH/WANDA,A 237;
SCARLET WITCH/WANDA,A 238;
SCARLET WITCH/WANDA,A 24;
SCARLET WITCH/WANDA,A2 4;
SCARLET WITCH/WANDA,A 240;
SCARLET WITCH/WANDA,A 241;
SCARLET WITCH/WANDA,A 242;
SCARLET WITCH/WANDA,A 243;
SCARLET WITCH/WANDA,A 244;
SCARLET WITCH/WANDA,A 245;
SCARLET WITCH/WANDA,A 246;
SCARLET WITCH/WANDA,A 247;
SCARLET WITCH/WANDA,A 248;
SCARLET WITCH/WANDA,A 249;
SCARLET WITCH/WANDA,A 25;
SCARLET WITCH/WANDA,A 250;
SCARLET WITCH/WANDA,A 251;
SCARLET WITCH/WANDA,A 252;
SCARLET WITCH/WANDA,A 253;
SCARLET WITCH/WANDA,A 254;
SCARLET WITCH/WANDA,A 255;
SCARLET WITCH/WANDA,A 26;
SCARLET WITCH/WANDA,A 27;
SCARLET WITCH/WANDA,A2 7;
SCARLET WITCH/WANDA,A 28;
SCARLET WITCH/WANDA,A2 8;
SCARLET WITCH/WANDA,A 280;
SCARLET WITCH/WANDA,A 29;
SCARLET WITCH/WANDA,A2 9;
SCARLET WITCH/WANDA,A 30;
SCARLET WITCH/WANDA,A 305;
SCARLET WITCH/WANDA,A 306;
SCARLET WITCH/WANDA,A 308;
SCARLET WITCH/WANDA,A 31;
SCARLET WITCH/WANDA,A3 1;
SCARLET WITCH/WANDA,A3 10;
SCARLET WITCH/WANDA,A3 11;
SCARLET WITCH/WANDA,A 312;
SCARLET WITCH/WANDA,A3 12;
SCARLET WITCH/WANDA,A 313;
SCARLET WITCH/WANDA,A3 13;
SCARLET WITCH/WANDA,A3 14;
SCARLET WITCH/WANDA,A3 15;
SCARLET WITCH/WANDA,A3 16;
SCARLET WITCH/WANDA,A3 17;
SCARLET WITCH/WANDA,A3 18;
SCARLET WITCH/WANDA,A3 19;
SCARLET WITCH/WANDA,A 32;
SCARLET WITCH/WANDA,A3 2;
SCARLET WITCH/WANDA,A3 20;
SCARLET WITCH/WANDA,A3 21;
SCARLET WITCH/WANDA,A3 22;
SCARLET WITCH/WANDA,A3 23;
SCARLET WITCH/WANDA,A3 24;
SCARLET WITCH/WANDA,A3 25;
SCARLET WITCH/WANDA,A3 27;
SCARLET WITCH/WANDA,A3 28;
SCARLET WITCH/WANDA,A 329;
SCARLET WITCH/WANDA,A3 29;
SCARLET WITCH/WANDA,A3 3;
SCARLET WITCH/WANDA,A3 30;
SCARLET WITCH/WANDA,A3 31;
SCARLET WITCH/WANDA,A 332;
SCARLET WITCH/WANDA,A3 32;
SCARLET WITCH/WANDA,A 333;
SCARLET WITCH/WANDA,A3 33;
SCARLET WITCH/WANDA,A3 34;
SCARLET WITCH/WANDA,A3 35;
SCARLET WITCH/WANDA,A3 36;
SCARLET WITCH/WANDA,A3 37;
SCARLET WITCH/WANDA,A3 38;
SCARLET WITCH/WANDA,A3 39;
SCARLET WITCH/WANDA,A3 4;
SCARLET WITCH/WANDA,A3 40;
SCARLET WITCH/WANDA,A3 41;
SCARLET WITCH/WANDA,A3 43;
SCARLET WITCH/WANDA,A 345;
SCARLET WITCH/WANDA,A 347;
SCARLET WITCH/WANDA,A3 5;
SCARLET WITCH/WANDA,A 36;
SCARLET WITCH/WANDA,A3 6;
SCARLET WITCH/WANDA,A 37;
SCARLET WITCH/WANDA,A3 7;
SCARLET WITCH/WANDA,A 377;
SCARLET WITCH/WANDA,A 38;
SCARLET WITCH/WANDA,A3 8;
SCARLET WITCH/WANDA,A 39;
SCARLET WITCH/WANDA,A3 9;
SCARLET WITCH/WANDA,A 395;
SCARLET WITCH/WANDA,A 396;
SCARLET WITCH/WANDA,A 397;
SCARLET WITCH/WANDA,A 398;
SCARLET WITCH/WANDA,A 399;
SCARLET WITCH/WANDA,A 40;
SCARLET WITCH/WANDA,A 400;
SCARLET WITCH/WANDA,A 401;
SCARLET WITCH/WANDA,A 41;
SCARLET WITCH/WANDA,A 42;
SCARLET WITCH/WANDA,A 43;
SCARLET WITCH/WANDA,A 44;
SCARLET WITCH/WANDA,A 45;
SCARLET WITCH/WANDA,A 46;
SCARLET WITCH/WANDA,A 47;
SCARLET WITCH/WANDA,A 48;
SCARLET WITCH/WANDA,A 49;
SCARLET WITCH/WANDA,A 53;
SCARLET WITCH/WANDA,A 6;
SCARLET WITCH/WANDA,A 7;
SCARLET WITCH/WANDA,A 75;
SCARLET WITCH/WANDA,A 76;
SCARLET WITCH/WANDA,A 77;
SCARLET WITCH/WANDA,A 78;
SCARLET WITCH/WANDA,A 79;
SCARLET WITCH/WANDA,A 8;
SCARLET WITCH/WANDA,A 80;
SCARLET WITCH/WANDA,A 81;
SCARLET WITCH/WANDA,A 82;
SCARLET WITCH/WANDA,A 83;
SCARLET WITCH/WANDA,A 84;
SCARLET WITCH/WANDA,A 85;
SCARLET WITCH/WANDA,A 86;
SCARLET WITCH/WANDA,A 87;
SCARLET WITCH/WANDA,A 88;
SCARLET WITCH/WANDA,A 89;
SCARLET WITCH/WANDA,A 9;
SCARLET WITCH/WANDA,A 90;
SCARLET WITCH/WANDA,A 91;
SCARLET WITCH/WANDA,A 92;
SCARLET WITCH/WANDA,A 93;
SCARLET WITCH/WANDA,A 94;
SCARLET WITCH/WANDA,A 95;
SCARLET WITCH/WANDA,A 96;
SCARLET WITCH/WANDA,A 97;
SCARLET WITCH/WANDA,A '98;
SCARLET WITCH/WANDA,A 98;
SCARLET WITCH/WANDA,A '99;
SCARLET WITCH/WANDA,A 99;
SCARLET WITCH/WANDA,AA2 8;
SCARLET WITCH/WANDA,A:C;
SCARLET WITCH/WANDA,AF 111;
SCARLET WITCH/WANDA,AOI;
SCARLET WITCH/WANDA,ASM2 1;
SCARLET WITCH/WANDA,ASM 71;
SCARLET WITCH/WANDA,ASPOT 22/2;
SCARLET WITCH/WANDA,ASPOT 23/2;
SCARLET WITCH/WANDA,ASPOT 30;
SCARLET WITCH/WANDA,AT:WMB 1;
SCARLET WITCH/WANDA,AVF 1;
SCARLET WITCH/WANDA,AWC 4;
SCARLET WITCH/WANDA,AWC 47;
SCARLET WITCH/WANDA,AWC 48;
SCARLET WITCH/WANDA,AWC 49;
SCARLET WITCH/WANDA,AWC 50;
SCARLET WITCH/WANDA,AWC 51;
SCARLET WITCH/WANDA,AWC 52;
SCARLET WITCH/WANDA,AWC 53;
SCARLET WITCH/WANDA,AWC 54;
SCARLET WITCH/WANDA,AWC 5/5;
SCARLET WITCH/WANDA,AWC 55;
SCARLET WITCH/WANDA,AWC 56;
SCARLET WITCH/WANDA,AWC 57;
SCARLET WITCH/WANDA,AWC 6;
SCARLET WITCH/WANDA,AWC 60;
SCARLET WITCH/WANDA,AWC 61;
SCARLET WITCH/WANDA,AWC 62;
SCARLET WITCH/WANDA,AWC 63;
SCARLET WITCH/WANDA,AWC 65;
SCARLET WITCH/WANDA,AWC 66;
SCARLET WITCH/WANDA,AWC 67;
SCARLET WITCH/WANDA,AWC 68;
SCARLET WITCH/WANDA,AWC 69;
SCARLET WITCH/WANDA,AWC 7;
SCARLET WITCH/WANDA,AWC 70;
SCARLET WITCH/WANDA,AWC 71;
SCARLET WITCH/WANDA,AWC 7/2;
SCARLET WITCH/WANDA,AWC 72;
SCARLET WITCH/WANDA,AWC 73;
SCARLET WITCH/WANDA,AWC 7/4;
SCARLET WITCH/WANDA,AWC 74;
SCARLET WITCH/WANDA,AWC 75;
SCARLET WITCH/WANDA,AWC 76;
SCARLET WITCH/WANDA,AWC 77;
SCARLET WITCH/WANDA,AWC 78;
SCARLET WITCH/WANDA,AWC 79;
SCARLET WITCH/WANDA,AWC 80;
SCARLET WITCH/WANDA,AWC 82;
SCARLET WITCH/WANDA,AWC 84;
SCARLET WITCH/WANDA,AWC 85;
SCARLET WITCH/WANDA,AWC 86;
SCARLET WITCH/WANDA,AWC 87;
SCARLET WITCH/WANDA,AWC 88;
SCARLET WITCH/WANDA,AWC 89;
SCARLET WITCH/WANDA,AWC 90;
SCARLET WITCH/WANDA,AWC 91;
SCARLET WITCH/WANDA,BP 14;
SCARLET WITCH/WANDA,BP3 27;
SCARLET WITCH/WANDA,BP3 7;
SCARLET WITCH/WANDA,BP3 8;
SCARLET WITCH/WANDA,BP3 9;
SCARLET WITCH/WANDA,CA 154;
SCARLET WITCH/WANDA,CA2 12;
SCARLET WITCH/WANDA,CA 224;
SCARLET WITCH/WANDA,CA 228;
SCARLET WITCH/WANDA,CA 292;
SCARLET WITCH/WANDA,CA 299;
SCARLET WITCH/WANDA,CA 301;
SCARLET WITCH/WANDA,CA3 16;
SCARLET WITCH/WANDA,CA3 5;
SCARLET WITCH/WANDA,CA3 6;
SCARLET WITCH/WANDA,CA3 7;
SCARLET WITCH/WANDA,CA 401;
SCARLET WITCH/WANDA,CA 437;
SCARLET WITCH/WANDA,CA '99;
SCARLET WITCH/WANDA,CM 27;
SCARLET WITCH/WANDA,CM 28;
SCARLET WITCH/WANDA,CM 31;
SCARLET WITCH/WANDA,CM 32;
SCARLET WITCH/WANDA,CM 33;
SCARLET WITCH/WANDA,CM 50;
SCARLET WITCH/WANDA,CM 51;
SCARLET WITCH/WANDA,COC 1;
SCARLET WITCH/WANDA,COC 3;
SCARLET WITCH/WANDA,COH 2;
SCARLET WITCH/WANDA,DAMCON3 3;
SCARLET WITCH/WANDA,DAMCON3 4;
SCARLET WITCH/WANDA,DD 164;
SCARLET WITCH/WANDA,DEF 10;
SCARLET WITCH/WANDA,DEF 11;
SCARLET WITCH/WANDA,DEF 112;
SCARLET WITCH/WANDA,DEF 113;
SCARLET WITCH/WANDA,DEF 114;
SCARLET WITCH/WANDA,DEF 115;
SCARLET WITCH/WANDA,DEF 116;
SCARLET WITCH/WANDA,DEF 123;
SCARLET WITCH/WANDA,DEF 124;
SCARLET WITCH/WANDA,DEF 44;
SCARLET WITCH/WANDA,DEF 58;
SCARLET WITCH/WANDA,DEF 9;
SCARLET WITCH/WANDA,DF 1.2;
SCARLET WITCH/WANDA,DF 2.4;
SCARLET WITCH/WANDA,DF 3.6;
SCARLET WITCH/WANDA,DF 4.7;
SCARLET WITCH/WANDA,DF 4.8;
SCARLET WITCH/WANDA,DHAWK 1;
SCARLET WITCH/WANDA,DHOLD 3;
SCARLET WITCH/WANDA,DRSTR2 60;
SCARLET WITCH/WANDA,DRSTR3 34;
SCARLET WITCH/WANDA,DRSTR3 35;
SCARLET WITCH/WANDA,DRSTR3 36;
SCARLET WITCH/WANDA,DRSTR3 46;
SCARLET WITCH/WANDA,DRSTR3 47;
SCARLET WITCH/WANDA,FF 150;
SCARLET WITCH/WANDA,FF2 12;
SCARLET WITCH/WANDA,FF 22;
SCARLET WITCH/WANDA,FF 220;
SCARLET WITCH/WANDA,FF 230;
SCARLET WITCH/WANDA,FF 256;
SCARLET WITCH/WANDA,FF 257;
SCARLET WITCH/WANDA,FF 261;
SCARLET WITCH/WANDA,FF 265;
SCARLET WITCH/WANDA,FF3 23;
SCARLET WITCH/WANDA,FF3 24;
SCARLET WITCH/WANDA,FF3 26;
SCARLET WITCH/WANDA,FF3 27;
SCARLET WITCH/WANDA,FF3 28;
SCARLET WITCH/WANDA,FF 333;
SCARLET WITCH/WANDA,FF3 39;
SCARLET WITCH/WANDA,FF 368;
SCARLET WITCH/WANDA,FF 369;
SCARLET WITCH/WANDA,FF 370;
SCARLET WITCH/WANDA,FW 1;
SCARLET WITCH/WANDA,FW 10;
SCARLET WITCH/WANDA,FW 10/2;
SCARLET WITCH/WANDA,FW 11;
SCARLET WITCH/WANDA,FW 12;
SCARLET WITCH/WANDA,FW 13;
SCARLET WITCH/WANDA,FW 14;
SCARLET WITCH/WANDA,FW 15;
SCARLET WITCH/WANDA,FW 16;
SCARLET WITCH/WANDA,FW 17;
SCARLET WITCH/WANDA,FW 18;
SCARLET WITCH/WANDA,FW 19;
SCARLET WITCH/WANDA,FW 2;
SCARLET WITCH/WANDA,FW 21;
SCARLET WITCH/WANDA,FW 22;
SCARLET WITCH/WANDA,FW 3;
SCARLET WITCH/WANDA,FW 4;
SCARLET WITCH/WANDA,FW 5;
SCARLET WITCH/WANDA,FW 5/2;
SCARLET WITCH/WANDA,FW 6;
SCARLET WITCH/WANDA,FW 7;
SCARLET WITCH/WANDA,FW 8;
SCARLET WITCH/WANDA,FW 9;
SCARLET WITCH/WANDA,FW 9/2;
SCARLET WITCH/WANDA,GAL 1;
SCARLET WITCH/WANDA,GAL 2;
SCARLET WITCH/WANDA,GAL 3;
SCARLET WITCH/WANDA,GAL 4;
SCARLET WITCH/WANDA,GAL 5;
SCARLET WITCH/WANDA,GAL 6;
SCARLET WITCH/WANDA,GSA 1;
SCARLET WITCH/WANDA,GSA 2;
SCARLET WITCH/WANDA,GSA 4;
SCARLET WITCH/WANDA,GZIL 23;
SCARLET WITCH/WANDA,H '00;
SCARLET WITCH/WANDA,H2 128;
SCARLET WITCH/WANDA,H2 153;
SCARLET WITCH/WANDA,H2 278;
SCARLET WITCH/WANDA,H2 279;
SCARLET WITCH/WANDA,H2 300;
SCARLET WITCH/WANDA,H2 323;
SCARLET WITCH/WANDA,H2 399;
SCARLET WITCH/WANDA,H2 434;
SCARLET WITCH/WANDA,H2 445;
SCARLET WITCH/WANDA,H2 470;
SCARLET WITCH/WANDA,H3 3;
SCARLET WITCH/WANDA,H3 5;
SCARLET WITCH/WANDA,H3 7;
SCARLET WITCH/WANDA,HCAT 2;
SCARLET WITCH/WANDA,HCAT 3;
SCARLET WITCH/WANDA,HR:R 4;
SCARLET WITCH/WANDA,IFW 2;
SCARLET WITCH/WANDA,IG 2;
SCARLET WITCH/WANDA,IG 3;
SCARLET WITCH/WANDA,IG 4;
SCARLET WITCH/WANDA,IM 114;
SCARLET WITCH/WANDA,IM 115;
SCARLET WITCH/WANDA,IM 13;
SCARLET WITCH/WANDA,IM 190;
SCARLET WITCH/WANDA,IM2 12;
SCARLET WITCH/WANDA,IM 284;
SCARLET WITCH/WANDA,IM3 10;
SCARLET WITCH/WANDA,IM 311;
SCARLET WITCH/WANDA,IM 312;
SCARLET WITCH/WANDA,IM 317;
SCARLET WITCH/WANDA,IM 319;
SCARLET WITCH/WANDA,IM 324;
SCARLET WITCH/WANDA,IM3 25;
SCARLET WITCH/WANDA,IM3 9;
SCARLET WITCH/WANDA,IM 74;
SCARLET WITCH/WANDA,IM '98;
SCARLET WITCH/WANDA,IW 1;
SCARLET WITCH/WANDA,IW 2;
SCARLET WITCH/WANDA,IW 3;
SCARLET WITCH/WANDA,IW 4;
SCARLET WITCH/WANDA,IW 6;
SCARLET WITCH/WANDA,JIM 109;
SCARLET WITCH/WANDA,JIM 120;
SCARLET WITCH/WANDA,KS;
SCARLET WITCH/WANDA,KZ 1/2;
SCARLET WITCH/WANDA,MARVELS 2;
SCARLET WITCH/WANDA,MARVELS 3;
SCARLET WITCH/WANDA,MAXSEC 1;
SCARLET WITCH/WANDA,MAXSEC 2;
SCARLET WITCH/WANDA,MAXSEC 3;
SCARLET WITCH/WANDA,M/CP 38/2;
SCARLET WITCH/WANDA,M/CP 44/2;
SCARLET WITCH/WANDA,M/CP 60/3;
SCARLET WITCH/WANDA,M/CP 61/3;
SCARLET WITCH/WANDA,M/CP 62/3;
SCARLET WITCH/WANDA,M/CP 63/3;
SCARLET WITCH/WANDA,M:DS 1;
SCARLET WITCH/WANDA,M:DS 2;
SCARLET WITCH/WANDA,M:DS 3;
SCARLET WITCH/WANDA,M:DS 4;
SCARLET WITCH/WANDA,M/FAN 14;
SCARLET WITCH/WANDA,M/FAN 23;
SCARLET WITCH/WANDA,M/FAN 32/2;
SCARLET WITCH/WANDA,M/FAN 42/2;
SCARLET WITCH/WANDA,M/FAN 58/2;
SCARLET WITCH/WANDA,M/FAN 6;
SCARLET WITCH/WANDA,M/GN 1;
SCARLET WITCH/WANDA,M/GN 27;
SCARLET WITCH/WANDA,M/H&L '96;
SCARLET WITCH/WANDA,M/H&L '97;
SCARLET WITCH/WANDA,MK3 41;
SCARLET WITCH/WANDA,M/SH3 10;
SCARLET WITCH/WANDA,M/SH3 9;
SCARLET WITCH/WANDA,MSM 16;
SCARLET WITCH/WANDA,MSM 18;
SCARLET WITCH/WANDA,M/SS 1;
SCARLET WITCH/WANDA,M/TE 13;
SCARLET WITCH/WANDA,M/TIO 2;
SCARLET WITCH/WANDA,M/TIO 66;
SCARLET WITCH/WANDA,M/TIO 7;
SCARLET WITCH/WANDA,M/TIO 96;
SCARLET WITCH/WANDA,M/TU 10;
SCARLET WITCH/WANDA,M/TU 11;
SCARLET WITCH/WANDA,M/TU 125/2;
SCARLET WITCH/WANDA,M/TU 129;
SCARLET WITCH/WANDA,M/TU 130;
SCARLET WITCH/WANDA,M/TU 41;
SCARLET WITCH/WANDA,M/TU 42;
SCARLET WITCH/WANDA,M/TU 43;
SCARLET WITCH/WANDA,M/TU 44;
SCARLET WITCH/WANDA,M/TU 5;
SCARLET WITCH/WANDA,M/TU 7;
SCARLET WITCH/WANDA,M/TU 9;
SCARLET WITCH/WANDA,NFV.S 2;
SCARLET WITCH/WANDA,NW 27;
SCARLET WITCH/WANDA,O:MU;
SCARLET WITCH/WANDA,O:X;
SCARLET WITCH/WANDA,PM&IF 102;
SCARLET WITCH/WANDA,PPTSS 90;
SCARLET WITCH/WANDA,PXX 4;
SCARLET WITCH/WANDA,Q 33;
SCARLET WITCH/WANDA,Q 38;
SCARLET WITCH/WANDA,QS 10;
SCARLET WITCH/WANDA,QS 4;
SCARLET WITCH/WANDA,QS 5;
SCARLET WITCH/WANDA,QS 6;
SCARLET WITCH/WANDA,QS 7;
SCARLET WITCH/WANDA,ROM 65;
SCARLET WITCH/WANDA,ROM 66;
SCARLET WITCH/WANDA,SMTU 4;
SCARLET WITCH/WANDA,SOLOA 5/2;
SCARLET WITCH/WANDA,SS '98;
SCARLET WITCH/WANDA,ST 128;
SCARLET WITCH/WANDA,ST 156;
SCARLET WITCH/WANDA,SUB-M 35;
SCARLET WITCH/WANDA,SVTU 14;
SCARLET WITCH/WANDA,SVTU 9;
SCARLET WITCH/WANDA,SWII 9;
SCARLET WITCH/WANDA,T 134;
SCARLET WITCH/WANDA,T 14;
SCARLET WITCH/WANDA,T2 1;
SCARLET WITCH/WANDA,T2 18;
SCARLET WITCH/WANDA,T2 19;
SCARLET WITCH/WANDA,T2 2;
SCARLET WITCH/WANDA,T 271;
SCARLET WITCH/WANDA,T 350;
SCARLET WITCH/WANDA,T 353;
SCARLET WITCH/WANDA,T 445;
SCARLET WITCH/WANDA,T 446;
SCARLET WITCH/WANDA,TB '00;
SCARLET WITCH/WANDA,TB 11;
SCARLET WITCH/WANDA,TB 12;
SCARLET WITCH/WANDA,TB 25;
SCARLET WITCH/WANDA,TB 34;
SCARLET WITCH/WANDA,TB 44;
SCARLET WITCH/WANDA,TB 9;
SCARLET WITCH/WANDA,TOS 72/2;
SCARLET WITCH/WANDA,TOS 91/2;
SCARLET WITCH/WANDA,TOS 92/2;
SCARLET WITCH/WANDA,UX 11;
SCARLET WITCH/WANDA,UX 12/3;
SCARLET WITCH/WANDA,UX 190;
SCARLET WITCH/WANDA,UX 191;
SCARLET WITCH/WANDA,UX 27;
SCARLET WITCH/WANDA,UX 335;
SCARLET WITCH/WANDA,UX 4;
SCARLET WITCH/WANDA,UX 43;
SCARLET WITCH/WANDA,UX 44;
SCARLET WITCH/WANDA,UX 45;
SCARLET WITCH/WANDA,UX 5;
SCARLET WITCH/WANDA,UX 59;
SCARLET WITCH/WANDA,UX 6;
SCARLET WITCH/WANDA,UX 60;
SCARLET WITCH/WANDA,UX 7;
SCARLET WITCH/WANDA,V&SW 1;
SCARLET WITCH/WANDA,V&SW 2;
SCARLET WITCH/WANDA,V&SW2 1;
SCARLET WITCH/WANDA,V&SW2 10;
SCARLET WITCH/WANDA,V&SW2 11;
SCARLET WITCH/WANDA,V&SW2 12;
SCARLET WITCH/WANDA,V&SW2 2;
SCARLET WITCH/WANDA,V&SW2 3;
SCARLET WITCH/WANDA,V&SW2 4;
SCARLET WITCH/WANDA,V&SW2 5;
SCARLET WITCH/WANDA,V&SW2 6;
SCARLET WITCH/WANDA,V&SW2 7;
SCARLET WITCH/WANDA,V&SW2 8;
SCARLET WITCH/WANDA,V&SW2 9;
SCARLET WITCH/WANDA,V&SW 3;
SCARLET WITCH/WANDA,V&SW 4;
SCARLET WITCH/WANDA,WARM 10;
SCARLET WITCH/WANDA,WARM 14;
SCARLET WITCH/WANDA,WARM 22;
SCARLET WITCH/WANDA,WARM 4;
SCARLET WITCH/WANDA,WARM 9;
SCARLET WITCH/WANDA,WCA 1;
SCARLET WITCH/WANDA,WCA2 2;
SCARLET WITCH/WANDA,WCA2 3;
SCARLET WITCH/WANDA,WCA2 30;
SCARLET WITCH/WANDA,WCA2 33;
SCARLET WITCH/WANDA,WCA2 34;
SCARLET WITCH/WANDA,WCA2 35;
SCARLET WITCH/WANDA,WCA2 36;
SCARLET WITCH/WANDA,WCA2 37;
SCARLET WITCH/WANDA,WCA2 38;
SCARLET WITCH/WANDA,WCA2 39;
SCARLET WITCH/WANDA,WCA2 40;
SCARLET WITCH/WANDA,WCA2 42;
SCARLET WITCH/WANDA,WCA2 43;
SCARLET WITCH/WANDA,WCA2 44;
SCARLET WITCH/WANDA,WCA2 45;
SCARLET WITCH/WANDA,WCA2 46;
SCARLET WITCH/WANDA,WCA 3;
SCARLET WITCH/WANDA,WCA 4;
SCARLET WITCH/WANDA,WIW 8;
SCARLET WITCH/WANDA,WM2 12;
SCARLET WITCH/WANDA,WM2 13;
SCARLET WITCH/WANDA,WM2 14;
SCARLET WITCH/WANDA,WM2 16;
SCARLET WITCH/WANDA,WM2 17;
SCARLET WITCH/WANDA,WM2 18;
SCARLET WITCH/WANDA,WM2 2;
SCARLET WITCH/WANDA,WM2 5;
SCARLET WITCH/WANDA,WM2 7;
SCARLET WITCH/WANDA,WM2 8;
SCARLET WITCH/WANDA,WM2 9;
SCARLET WITCH/WANDA,WOSM 4/3;
SCARLET WITCH/WANDA,WOSM 46;
SCARLET WITCH/WANDA,X -1;
SCARLET WITCH/WANDA,X 55;
SCARLET WITCH/WANDA,XCAL 37;
SCARLET WITCH/WANDA,XCAL 38;
SCARLET WITCH/WANDA,XCAL 39;
SCARLET WITCH/WANDA,XM 46;
SCARLOTTI, MICHAEL J,IM3 29;
SCARLOTTI, MRS.,IM3 29;
SCARPETTI, ALPHONSE,S-M '98;
SCAR THE STALKER/BRI,BCAT 1;
SCAR THE STALKER/BRI,BCAT 2;
SCAR THE STALKER/BRI,BCAT 3;
SCAR THE STALKER/BRI,BCAT 4;
SCARUM/,TB 31;
SCARUM/,TB 32;
SCATTERBRAIN,FF3 6;
SCATTERBRAIN,FF3 7;
SCATTERBRAIN,FF3 8;
SCATTERBRAIN,XCAL 125;
SCATTERBRAIN,XCAL 42;
SCATTERBRAIN,XCAL 43;
SCATTERBRAIN,XCAL 44;
SCATTERBRAIN,XCAL 45;
SCATTERBRAIN,XCAL 46;
SCATTERBRAIN,XCAL 47;
SCATTERBRAIN,XCALSE;
SCATTERSHOT/NATALIA,DHAWK 16;
SCATTERSHOT/NATALIA,DHAWK 17;
SCATTERSHOT/NATALIA,DHAWK 18;
SCENE STEALER,WLOCK3 2;
SCENE STEALER,WLOCK3 3;
SCHEELE, STEPHANIE,GR3 10;
SCHEMER/RICHARD FISK,ASM 163;
SCHEMER/RICHARD FISK,ASM 164;
SCHEMER/RICHARD FISK,ASM 253;
SCHEMER/RICHARD FISK,ASM 256;
SCHEMER/RICHARD FISK,ASM 257;
SCHEMER/RICHARD FISK,ASM 258;
SCHEMER/RICHARD FISK,ASM 259;
SCHEMER/RICHARD FISK,ASM 260;
SCHEMER/RICHARD FISK,ASM 261;
SCHEMER/RICHARD FISK,ASM 275;
SCHEMER/RICHARD FISK,ASM 276;
SCHEMER/RICHARD FISK,ASM 278;
SCHEMER/RICHARD FISK,ASM 280;
SCHEMER/RICHARD FISK,ASM 281;
SCHEMER/RICHARD FISK,ASM 284;
SCHEMER/RICHARD FISK,ASM 285;
SCHEMER/RICHARD FISK,ASM 286;
SCHEMER/RICHARD FISK,ASM 287;
SCHEMER/RICHARD FISK,ASM 288;
SCHEMER/RICHARD FISK,ASM 289;
SCHEMER/RICHARD FISK,ASM 83;
SCHEMER/RICHARD FISK,ASM 84;
SCHEMER/RICHARD FISK,ASM 85;
SCHEMER/RICHARD FISK,CA 147;
SCHEMER/RICHARD FISK,CA 148;
SCHEMER/RICHARD FISK,DD 234;
SCHEMER/RICHARD FISK,PPTSS 173;
SCHEMER/RICHARD FISK,PPTSS 95;
"SCHEMER/RICHARD FISK,""SCHNEIDER BETSY""";
SCHEMER/RICHARD FISK,SM:MM 1;
SCHEMER/RICHARD FISK,SM:MM 2;
SCHEMER/RICHARD FISK,SM:MM 3;
SCHEMER/RICHARD FISK,SWII 3;
SCHEMER/RICHARD FISK,WOSM 24;
SCHEMER/RICHARD FISK,WOSM 29;
SCHEMER/RICHARD FISK,WOSM 30;
SCHEMER/RICHARD FISK,WOSM 84;
SCHEMER/RICHARD FISK,WOSM 85;
SCHEMER/RICHARD FISK,WOSM 86;
SCHEMER/RICHARD FISK,WOSM 87;
SCHEMER/RICHARD FISK,WOSM 88;
SCHEMER/RICHARD FISK,WOSM 89;
SCHEMER/RICHARD FISK,WTS 1;
SCHEMER/RICHARD FISK,WTS 2;
SCHOENFELD, ELAINE,H2 439;
SCHOOLCRAFT, DR. DEN,TB 20;
SCHOOLCRAFT, DR. DEN,TB 24;
SCHUYLER, DR. REBECC,XFOR 71;
SCHWINNER, DR. ERIC,AAF 15;
SCHWINNER, DR. ERIC,SM:FA 1;
SCHWINNER, DR. ERIC,SM:FA 2;
SCHWINNER, DR. ERIC,SM:FA 3;
SCHWINNER, DR. ERIC,SM:FA 4;
SCICLUNA, MICHELE,XCAL 86;
SCICLUNA, MICHELE,XCAL 99;
SCIMITAR,IF3 1;
SCIMITAR,IF3 2;
SCIMITAR,IF 5;
SCIMITAR,PM&IF 88;
SCINTILLA,AWC 81;
SCOPE,M/CP 49/3;
SCORCHER/,TB 24;
SCORCHER/,TB 25;
SCORCHER/,UTSM 1;
SCORCH II,BSHP2 1;
SCORCH II,BSHP2 10;
SCORCH II,BSHP2 11;
SCORCH II,BSHP2 12;
SCORCH II,BSHP2 13;
SCORCH II,BSHP2 14;
SCORCH II,BSHP2 2;
SCORCH II,BSHP2 3;
SCORCH II,BSHP2 4;
SCORCH II,BSHP2 5;
SCORCH II,BSHP2 6;
SCORCH II,BSHP2 7;
SCORCH II,BSHP2 8;
SCORCH II,BSHP2 9;
SCORCH/TOMMY NG,NT2 13;
SCORCH/TOMMY NG,NT2 14;
SCORPIA,ASMU 12;
SCORPIA,ASMU 9;
SCORPIO II,IM 184;
SCORPIO III/MIKEL FU,DE:O;
SCORPIO III/MIKEL FU,PUN3 1;
SCORPIO III/MIKEL FU,W/NF;
SCORPIO II,WCA2 26;
SCORPIO IV,AF2 1;
SCORPIO IV,AF2 12;
SCORPIO IV,AF2 7;
SCORPIO/JAKE FURY,A 120;
SCORPIO/JAKE FURY,A 121;
SCORPIO/JAKE FURY,A 122;
SCORPIO/JAKE FURY,A 72;
SCORPIO/JAKE FURY,DEF 46;
SCORPIO/JAKE FURY,DEF 48;
SCORPIO/JAKE FURY,DEF 49;
SCORPIO/JAKE FURY,DEF 50;
SCORPIO/JAKE FURY,GR2 7;
SCORPIO/JAKE FURY,NFAOS 1;
SCORPIO/JAKE FURY,NFAOS 5;
SCORPIO/JAKE FURY,W/NF;
SCORPION/MACDONALD G,A 222;
SCORPION/MACDONALD G,AF 79;
SCORPION/MACDONALD G,AF 80;
SCORPION/MACDONALD G,ASM 145;
SCORPION/MACDONALD G,ASM 146;
SCORPION/MACDONALD G,ASM 18;
SCORPION/MACDONALD G,ASM 20;
SCORPION/MACDONALD G,ASM2 1;
SCORPION/MACDONALD G,ASM2 1/2;
SCORPION/MACDONALD G,ASM 29;
SCORPION/MACDONALD G,ASM 318;
SCORPION/MACDONALD G,ASM 319;
SCORPION/MACDONALD G,ASM 342;
SCORPION/MACDONALD G,ASM 343;
SCORPION/MACDONALD G,ASM 370;
SCORPION/MACDONALD G,ASMU 13;
SCORPION/MACDONALD G,ASMU 22;
SCORPION/MACDONALD G,CA 122;
SCORPION/MACDONALD G,CA 151;
SCORPION/MACDONALD G,CA 152;
SCORPION/MACDONALD G,DD 82;
SCORPION/MACDONALD G,DD 83;
SCORPION/MACDONALD G,MSM 1;
SCORPION/MACDONALD G,MSM 2;
SCORPION/MACDONALD G,M/TU 106;
SCORPION/MACDONALD G,PPTSS 21;
SCORPION/MACDONALD G,PPTSS 215;
SCORPION/MACDONALD G,PPTSS 216;
SCOTT, JAKE,M/:LG 4;
SCOTT, PARIS,S-M 64;
SCOTT, PETER,DD 294;
SCOTT, PETER,DD 295;
SCOTT, PETER,DD 298;
SCOURGE,A 263;
SCOURGE,ASM 276;
SCOURGE,ASM 278;
SCOURGE,CA 311;
SCOURGE,CA 318;
SCOURGE,CA 319;
SCOURGE,CA 320;
SCOURGE,CA 347;
SCOURGE,FF 289;
SCOURGE II/,CA 351;
SCOURGE II/,CA 358/2;
SCOURGE II/,CA 359/2;
SCOURGE II/,CA 360/2;
SCOURGE II/,CA 361/2;
SCOURGE II/,CA 362/2;
SCOURGE II/,CA 394;
SCOURGE,IM 194;
SCOURGE,M/FAN 29;
SCOURGE,SWII 2;
SCOURGE,T 358;
SCOURGE,TG 24;
SCOURGE,TG 33;
SCOURGE,WCA2 3;
SCRAMBLER,C2 '99;
SCRAMBLER,PP 27;
SCRAMBLER,UX 210;
SCRAMBLER,UX 211;
SCRAMBLER,UX 213;
SCRAMBLER,UX 221;
SCRAMBLER,UX 240;
SCRAMBLER,XF 10;
SCRAMBLER,XM 13;
SCRATCH, NICHOLAS,A '00;
SCRATCH, NICHOLAS,FF 14;
SCRATCH, NICHOLAS,FF 185;
SCRATCH, NICHOLAS,FF 186;
SCRATCH, NICHOLAS,FF 222;
SCRATCH, NICHOLAS,FF 223;
SCRATCH, NICHOLAS,HCAT 1;
SCRATCH, NICHOLAS,HCAT 2;
SCRATCH, NICHOLAS,HCAT 3;
SCRATCH,XCAL 96;
SCRATCH,XCAL 97;
SCRATCH,XCAL 99;
SCREAMING MIMI/MELIS,A 271;
SCREAMING MIMI/MELIS,A3 12;
SCREAMING MIMI/MELIS,A3 33;
SCREAMING MIMI/MELIS,A3 34;
SCREAMING MIMI/MELIS,ASPOT 28;
SCREAMING MIMI/MELIS,ASPOT 29/2;
SCREAMING MIMI/MELIS,AUP 4;
SCREAMING MIMI/MELIS,CA 389;
SCREAMING MIMI/MELIS,CA 390;
SCREAMING MIMI/MELIS,CA 391;
SCREAMING MIMI/MELIS,DAZZ 13;
SCREAMING MIMI/MELIS,H2 449;
SCREAMING MIMI/MELIS,HCAT 3;
SCREAMING MIMI/MELIS,HFH 7;
SCREAMING MIMI/MELIS,HR:R 2;
SCREAMING MIMI/MELIS,MAXSEC 2;
SCREAMING MIMI/MELIS,M/TIO 54;
SCREAMING MIMI/MELIS,M/TIO 56;
SCREAMING MIMI/MELIS,M/TIO 96;
SCREAMING MIMI/MELIS,SMTU 7;
SCREAMING MIMI/MELIS,TB '00;
SCREAMING MIMI/MELIS,TB -1;
SCREAMING MIMI/MELIS,TB 1;
SCREAMING MIMI/MELIS,TB 10;
SCREAMING MIMI/MELIS,TB 11;
SCREAMING MIMI/MELIS,TB 12;
SCREAMING MIMI/MELIS,TB 13;
SCREAMING MIMI/MELIS,TB 14;
SCREAMING MIMI/MELIS,TB 15;
SCREAMING MIMI/MELIS,TB 16;
SCREAMING MIMI/MELIS,TB 17;
SCREAMING MIMI/MELIS,TB 18;
SCREAMING MIMI/MELIS,TB 19;
SCREAMING MIMI/MELIS,TB 2;
SCREAMING MIMI/MELIS,TB 20;
SCREAMING MIMI/MELIS,TB 21;
SCREAMING MIMI/MELIS,TB 22;
SCREAMING MIMI/MELIS,TB 23;
SCREAMING MIMI/MELIS,TB 24;
SCREAMING MIMI/MELIS,TB 25;
SCREAMING MIMI/MELIS,TB 26;
SCREAMING MIMI/MELIS,TB 27;
SCREAMING MIMI/MELIS,TB 28;
SCREAMING MIMI/MELIS,TB 29;
SCREAMING MIMI/MELIS,TB 30;
SCREAMING MIMI/MELIS,TB 31;
SCREAMING MIMI/MELIS,TB 32;
SCREAMING MIMI/MELIS,TB 33;
SCREAMING MIMI/MELIS,TB 34;
SCREAMING MIMI/MELIS,TB 35;
SCREAMING MIMI/MELIS,TB 36;
SCREAMING MIMI/MELIS,TB 37;
SCREAMING MIMI/MELIS,TB 38;
SCREAMING MIMI/MELIS,TB 39;
SCREAMING MIMI/MELIS,TB 4;
SCREAMING MIMI/MELIS,TB 40;
SCREAMING MIMI/MELIS,TB 41;
SCREAMING MIMI/MELIS,TB 42;
SCREAMING MIMI/MELIS,TB 43;
SCREAMING MIMI/MELIS,TB 44;
SCREAMING MIMI/MELIS,TB 45;
SCREAMING MIMI/MELIS,TB 46;
SCREAMING MIMI/MELIS,TB 47;
SCREAMING MIMI/MELIS,TB 48;
SCREAMING MIMI/MELIS,TB 49;
SCREAMING MIMI/MELIS,TB 5;
SCREAMING MIMI/MELIS,TB 50;
SCREAMING MIMI/MELIS,TB 51;
SCREAMING MIMI/MELIS,TB 52;
SCREAMING MIMI/MELIS,TB 54;
SCREAMING MIMI/MELIS,TB 6;
SCREAMING MIMI/MELIS,TB 7;
SCREAMING MIMI/MELIS,TB 8;
SCREAMING MIMI/MELIS,TB 9;
SCREAMING MIMI/MELIS,TB '97;
SCREAMING MIMI/MELIS,TB:LS;
SCREAMING MIMI/MELIS,TG 33;
SCREAMING MIMI/MELIS,TM/U 1;
SCREAM,TB 49;
SCREAM,TB 50;
SCREAM,TB 51;
SCREAM,TB 52;
SCREAM,TB 53;
SCREAM,TB 54;
SCRIBE,XCAL 100;
SCRIBE,XCAL 96;
SCRIBE,XCAL 98;
SCRIBE,XCAL 99;
SCRIER II/,ASM 394;
SCRIER II/,ASM 399;
SCRIER II/,ASM 401;
SCRIER II/,ASM 402;
SCRIER II/,ASM 404;
SCRIER II/,ASM 416;
SCRIER II/,ASM 417;
SCRIER II/,MC:A;
SCRIER II/,MC:O;
SCRIER II/,PPTSS 217;
SCRIER II/,PPTSS 222;
SCRIER II/,PPTSS 223;
SCRIER II/,PPTSS 224;
SCRIER II/S. CRIER,ASM 434;
SCRIER II/S. CRIER,ASM 440;
SCRIER II/S. CRIER,SENSM 32;
SCRIER II/,S-M 56;
SCRIER II/,S-M 59;
SCRIER JR.,ASM '00;
SCRIER,PPSM '99;
SCRIER,SS3 134;
SCRIER,SS3 135;
SCRIER,SS3 136;
SCRIER,SS3 137;
SCRIER,SS '97;
SCRIPPS, LAHOYA,WM2 4;
SCUZZ,M/CP 107/3;
SCUZZ,M/CP 108/3;
SCUZZ,M/CP 109/3;
SCUZZ,M/CP 110/3;
SCUZZ,M/CP 111/3;
SCUZZ,M/CP 112/3;
SCYLLA,IM3 36;
SCYTHE/,M/:LG 2;
SCYTHE/,M/:LG 6;
SEA LEOPARD,NAMOR 52;
SEA LEOPARD,NAMOR 53;
SEA URCHIN/JEREMY SW,DEF2 7;
SEA URCHIN/JEREMY SW,NW 14;
SEA URCHIN/JEREMY SW,NW 2/7;
SEA URCHIN/JEREMY SW,NW 28;
SEAWEED MAN,ROM 34;
SEAWEED MAN,TTA 72;
SEA WITCH/BRIGIT O'H,M/CP 101/2;
SEA WITCH/BRIGIT O'H,M/CP 102/2;
SEA WITCH/BRIGIT O'H,M/CP 103/2;
SEA WITCH/BRIGIT O'H,M/CP 105/2;
SEA WITCH/BRIGIT O'H,M/CP 107/2;
SEA WITCH/BRIGIT O'H,M/CP 108/2;
SEA WITCH/BRIGIT O'H,M/CP 109/2;
SEBASTIAN, MARISSA,XFOR 100;
SEBASTIAN, MARISSA,XFOR 98;
SEBASTIAN, MARISSA,XFOR 99;
SEBASTIAN, MRS.,XFOR 100;
SECOND/ALECTO,C2 85;
SEDNA,T2 3;
SEDNA,T2 4;
SEEKER III,FFOR 3;
SEEKER III,FFOR 5;
SEEKER/TARM,ROM 2;
SEEKER/TARM,ROM 4;
SEEKER/TARM,ROM 69;
SEEKER/TARM,ROM 70;
SEEKER/TARM,ROM 71;
SEEKER/TARM,ROM 73;
SEEKER/TARM,ROM 74;
SEER,BSHP2 10;
SEER,BSHP2 11;
SEERESS,M/CP 117/4;
SEESHA,KZ2 20;
SEESHA,SVG TALES 11;
SEESHA,UX 114;
SEESHA,UX 115;
SEETAH,SS3 139;
SEETAH,ST:DC 1/3;
SEGAR, OWEN,WARM 12;
SEGAR, OWEN,WARM 13;
SELENE,CA 368;
SELENE,CA 369;
SELENE,FF '99;
SELENE,FS 3;
SELENE,FS 4;
SELENE,M/CP 78/4;
SELENE,M/CP 89/3;
SELENE | MUTANT X-VE,MX 12;
SELENE,NM 10;
SELENE,NM 11;
SELENE,NM 22;
SELENE,NM 23;
SELENE,NM 4;
SELENE,NM 51;
SELENE,NM 53;
SELENE,NM 54;
SELENE,NM 61;
SELENE,NM 70;
SELENE,NM 71;
SELENE,NM 73;
SELENE,NM 74;
SELENE,NM 75;
SELENE,NM 9;
SELENE,UX 183;
SELENE,UX 184;
SELENE,UX 189;
SELENE,UX 190;
SELENE,UX 191;
SELENE,UX 207;
SELENE,UX 208;
SELENE,UX 209;
SELENE,UX 210;
SELENE,UX 283;
SELENE,XCAL 2/2;
SELENE,XFOR 54;
SELENE,XFOR 75;
SELENE,XFOR 94;
SELENE,XFOR 96;
SELENE,XFOR 97;
SELENE,XFOR 98;
SELENE,XFOR 99;
SELENE,XM 13;
SELENE,XM 16;
SELENE,XM 28;
SELENE,XM 7;
SEMIJAN,C2 79;
SEMIJAN,C2 80;
SEMIJAN,C2 81;
SEMIJAN,C2 82;
SEMIJAN,C2 83;
SEMIJAN,C2 84;
SENNET, PAMELA,DD 295;
SENNET, PAMELA,DD 296;
SENREICH, GUNTHER,SENSM 21;
SENREICH, GUNTHER,SENSM 23;
SENSATIONAL HYDRA/A,CA3 3;
SENSATIONAL HYDRA/A,CA3 4;
SENSATIONAL HYDRA/A,CA3 5;
SENSATIONAL HYDRA/A,CA3 6;
SENSATIONAL HYDRA/A,CA3 7;
SENSO,FF3 38;
SENSO,FF3 39;
SENTINELS,A 102;
SENTINELS,A 103;
SENTINELS,A 104;
SENTINELS,ASM 329;
SENTINELS,CHAMP 17;
SENTINELS,CX 6;
SENTINELS,CX 6/2;
SENTINELS,MARVELS 2;
SENTINELS,NM 2;
SENTINELS,PPTSS 17;
SENTINELS,UX 14;
SENTINELS,UX 15;
SENTINELS,UX 151;
SENTINELS,UX 16;
SENTINELS,UX 281;
SENTINELS,UX 282;
SENTINELS,UX 283;
SENTINELS,UX 57;
SENTINELS,UX 58;
SENTINELS,UX 59;
SENTINELS,UX 96;
SENTINELS,UX 97;
SENTINELS,UX 98;
SENTINELS,UX 99;
SENTRY 459,A 288;
SENTRY 459,A 289;
SENTRY 459,A 89;
SENTRY 459,A 90;
SENTRY 459,A 91;
SENTRY 459,CA 354;
SENTRY 459,CM 1;
SENTRY 459,CM 2;
SENTRY 459,CM 3;
SENTRY 459,CM 47;
SENTRY 459,CM 48;
SENTRY 459,CM 49;
SENTRY 459,FF 64;
SENTRY 459,M/SH 13;
SENTRY 459,T 147/2;
SENTRY 571,IM3 7;
SENTRY II/BOB REYNOL,SENTRY 1;
SENTRY II/BOB REYNOL,SENTRY 2;
SENTRY III,TB 23;
SENTRY III,TB 28;
SENTRY III,TB 32;
SENTRY IV/VAL,SK 1;
SENTRY IV/VAL,SK 2;
SENTRY IV/VAL,SK 3;
SENTRY IV/VAL,SK 4;
SENTRY IV/VAL,SK 5;
SENYAKA,HFH 16;
SENYAKA,HFH '98;
SENYAKA,M:DS 1;
SENYAKA,M:DS 2;
SENYAKA, TIA,DD 377;
SENYAKA, TIA,DD 378;
SENYAKA, TIA,DD 379;
SENYAKA,X:MW 1;
SERAPH,W2 126;
SERESTUS,A3 43;
SERGEI,A3 42;
SERGEI,A3 43;
SERGEI,DEF 53;
SERGEI,DEF 54;
SERGEI,DEF 55;
SERGEI,DEF 61;
SERGEI,DEF 62;
SERGEI,DEF 63;
SERGEI,DEF 65;
SERGEI,H2 258;
SERGEI,H2 259;
SERGEI,M/CP 70/4;
SERGEI,Q 14;
SERGEI,Q 19;
SERGEI,Q 20;
SERGEI,Q 23;
SERGEI,Q 60;
SERGEI,T 358;
SERPENTYNE,ROM 8;
SERPENTYNE,ROM 9;
SERSI | MUTANT X-VER,MX 32;
SERSI/SYLVIA,A 18;
SERSI/SYLVIA,A 19;
SERSI/SYLVIA,A 19/4;
SERSI/SYLVIA,A 19/5;
SERSI/SYLVIA,A 20;
SERSI/SYLVIA,A 21;
SERSI/SYLVIA,A 246;
SERSI/SYLVIA,A 247;
SERSI/SYLVIA,A 248;
SERSI/SYLVIA,A 308;
SERSI/SYLVIA,A 309;
SERSI/SYLVIA,A3 1;
SERSI/SYLVIA,A 310;
SERSI/SYLVIA,A 314;
SERSI/SYLVIA,A 315;
SERSI/SYLVIA,A 316;
SERSI/SYLVIA,A 317;
SERSI/SYLVIA,A 318;
SERSI/SYLVIA,A 319;
SERSI/SYLVIA,A3 2;
SERSI/SYLVIA,A 320;
SERSI/SYLVIA,A 321;
SERSI/SYLVIA,A 322;
SERSI/SYLVIA,A 323;
SERSI/SYLVIA,A 324;
SERSI/SYLVIA,A 325;
SERSI/SYLVIA,A 326;
SERSI/SYLVIA,A 327;
SERSI/SYLVIA,A 328;
SERSI/SYLVIA,A 329;
SERSI/SYLVIA,A3 3;
SERSI/SYLVIA,A 330;
SERSI/SYLVIA,A 331;
SERSI/SYLVIA,A 332;
SERSI/SYLVIA,A 333;
SERSI/SYLVIA,A 334;
SERSI/SYLVIA,A 335;
SERSI/SYLVIA,A 336;
SERSI/SYLVIA,A 337;
SERSI/SYLVIA,A 338;
SERSI/SYLVIA,A 339;
SERSI/SYLVIA,A3 4;
SERSI/SYLVIA,A 344;
SERSI/SYLVIA,A 345;
SERSI/SYLVIA,A 346;
SERSI/SYLVIA,A 347;
SERSI/SYLVIA,A 350;
SERSI/SYLVIA,A 350/2;
SERSI/SYLVIA,A 351;
SERSI/SYLVIA,A 352;
SERSI/SYLVIA,A 353;
SERSI/SYLVIA,A 354;
SERSI/SYLVIA,A 355;
SERSI/SYLVIA,A 356;
SERSI/SYLVIA,A 357;
SERSI/SYLVIA,A 374;
SERSI/SYLVIA,A 375;
SERSI/SYLVIA,AF 100;
SERSI/SYLVIA,AF 101;
SERSI/SYLVIA,AF 110;
SERSI/SYLVIA,AF 98;
SERSI/SYLVIA,AF 99;
SERSI/SYLVIA,ASM 348;
SERSI/SYLVIA,ASPOT 40;
SERSI/SYLVIA,AWC 4;
SERSI/SYLVIA,AWC 56/2;
SERSI/SYLVIA,AWC 6;
SERSI/SYLVIA,BK:E;
SERSI/SYLVIA,CA 11;
SERSI/SYLVIA,CA 355;
SERSI/SYLVIA,CA 357;
SERSI/SYLVIA,CA 383;
SERSI/SYLVIA,CA 394;
SERSI/SYLVIA,CA 396/2;
SERSI/SYLVIA,CA 397/2;
SERSI/SYLVIA,CA 399;
SERSI/SYLVIA,CA 400;
SERSI/SYLVIA,CA 401;
SERSI/SYLVIA,COC 1;
SERSI/SYLVIA,E 11;
SERSI/SYLVIA,E 12;
SERSI/SYLVIA,E 14;
SERSI/SYLVIA,E 15;
SERSI/SYLVIA,E 16;
SERSI/SYLVIA,E 17;
SERSI/SYLVIA,E 18;
SERSI/SYLVIA,E2 1;
SERSI/SYLVIA,E2 10;
SERSI/SYLVIA,E2 11;
SERSI/SYLVIA,E2 12;
SERSI/SYLVIA,E2 2;
SERSI/SYLVIA,E2 3;
SERSI/SYLVIA,E2 4;
SERSI/SYLVIA,E2 5;
SERSI/SYLVIA,E2 6;
SERSI/SYLVIA,E2 7;
SERSI/SYLVIA,E2 8;
SERSI/SYLVIA,E2 9;
SERSI/SYLVIA,E 3;
SERSI/SYLVIA,E 4;
SERSI/SYLVIA,E 5;
SERSI/SYLVIA,E 6;
SERSI/SYLVIA,E 8;
SERSI/SYLVIA,E:HEROD;
SERSI/SYLVIA,FF 22;
SERSI/SYLVIA,FF 25;
SERSI/SYLVIA,HFH 4;
SERSI/SYLVIA,HFH 5;
SERSI/SYLVIA,HFH 6;
SERSI/SYLVIA,HFH 7;
SERSI/SYLVIA,IG 1;
SERSI/SYLVIA,IG 6;
SERSI/SYLVIA,IM 179;
SERSI/SYLVIA,IM 278;
SERSI/SYLVIA,IM 279;
SERSI/SYLVIA,IM 6;
SERSI/SYLVIA,IW 1;
SERSI/SYLVIA,N 12;
SERSI/SYLVIA,N 1/3;
SERSI/SYLVIA,NEW ETERNALS;
SERSI/SYLVIA,PPTSS 168;
SERSI/SYLVIA,PPTSS 169;
SERSI/SYLVIA,PPTSS 170;
SERSI/SYLVIA,Q 25;
SERSI/SYLVIA,Q 58;
SERSI/SYLVIA,SS 1;
SERSI/SYLVIA,T 14;
SERSI/SYLVIA,T 17;
SERSI/SYLVIA,T 284;
SERSI/SYLVIA,T 285;
SERSI/SYLVIA,T 286;
SERSI/SYLVIA,T 287;
SERSI/SYLVIA,T 288;
SERSI/SYLVIA,T 289;
SERSI/SYLVIA,T 291;
SERSI/SYLVIA,T 292;
SERSI/SYLVIA,T 301;
SERSI/SYLVIA,T 420;
SERSI/SYLVIA,T 421;
SERSI/SYLVIA,T 437;
SERSI/SYLVIA,T 7;
SERSI/SYLVIA,WM2 9;
SERSI/SYLVIA,XF 66;
SERVITOR,T 438;
SERVITOR,T 439;
SERVITOR,T 440;
SERVITOR,T 441;
SET,A 18/4;
SET,ASM 23;
SET,ASM 23/4;
SET,AWC 4;
SET,DD 5;
SET,DD 5/4;
SETH,H '98;
SETH III,X 100;
SETH III,X 101;
SETH II,JIM -1;
SETH II,JIM 508;
SETH II,JIM 509;
SETH II,JIM 510;
SETH II,JIM 511;
SETH II,JIM 512;
SETH II,JIM 513;
SETH II,T 240;
SETH II,T 241;
SETH II,T 386;
SETH II,T 390;
SETH II,T 395;
SETH II,T 396;
SETH II,T 397;
SETH II,T 398;
SETH II,T 399;
SETH II,T 400;
SETH II,TS 17;
SETH II,TS 18;
SETH II,TS 19;
SETH II,TS 20;
SETH II,TS 21;
SETH II,TS 23;
SETH II,WCA2 41;
SETH,N 33;
SETH,N 55;
SETH,N 57;
SETH,N 62;
SETH,SUB-M 2;
SETH,SUB-M 21;
SETH,SUB-M 3;
SETH,SUB-M 4;
SETH,SUB-M 5;
SETH,SUB-M 6;
SETH,SUB-M 9;
SETH,TTA 101/2;
SETH,TTA 98;
SETH,TTA 99/2;
SET,IM 10;
SET,NM 5/3;
SET,SSOC 192;
SET,T 14;
SET,T 14/2;
SEVERIN, MARIE,SUB-M 19;
SEVILLE, STACY,XM 34;
SEWARD, ANNE,D:LU 1;
SEWARD, ANNE,D:LU 2;
SEWARD, ANNE,D:LU 3;
SEWARD, DR. CHARLES,D:LU 1;
SEWARD, DR. CHARLES,D:LU 2;
SEWARD, DR. CHARLES,D:LU 3;
SEWARD, ELISABETH,D:LU 1;
SEWARD, ELISABETH,D:LU 2;
SEWARD, ELISABETH,D:LU 3;
SEWARD, JANE,D:LU 1;
SEWARD, JANE,D:LU 2;
SEWARD, JANE,D:LU 3;
SHAARA, MRS.,XU 27;
SHAARA, MR.,XU 27;
SHAARA, SANJIT,XU 27;
SHAARA,SS3 61;
SHAARA,SS3 62;
SHAARA,SS3 63;
SHAARA,SS3 64;
SHADES,LCHFH 14;
SHADES,LCHFH 15;
SHADES,PM 48;
SHADES,PM&IF 100;
SHADES,PM&IF 98;
SHADES,PM&IF 99;
SHADOWCASTER/,S-W3 5;
SHADOWCASTER/,S-W3 6;
SHADOWCAT 2013,UX 141;
SHADOWCAT 2013,UX 142;
SHADOWCAT 2013,UX 188;
SHADOWCAT 2013,UX 192;
SHADOWCAT 2013,UX 202;
SHADOWCAT 2013,XCAL 52;
SHADOWCAT 2013,XCAL 66;
SHADOWCAT/KATHERINE,A 10;
SHADOWCAT/KATHERINE,A3 10;
SHADOWCAT/KATHERINE,AF 33;
SHADOWCAT/KATHERINE,COC 1;
SHADOWCAT/KATHERINE,CX 35/2;
SHADOWCAT/KATHERINE,DAMCON 4;
SHADOWCAT/KATHERINE,DAZZ 1;
SHADOWCAT/KATHERINE,DAZZ 2;
SHADOWCAT/KATHERINE,DPOOL3 27;
SHADOWCAT/KATHERINE,FFV.X 1;
SHADOWCAT/KATHERINE,FFV.X 2;
SHADOWCAT/KATHERINE,FFV.X 3;
SHADOWCAT/KATHERINE,FFV.X 4;
SHADOWCAT/KATHERINE,FS 1;
SHADOWCAT/KATHERINE,GAM '00;
SHADOWCAT/KATHERINE,GAM3 1;
SHADOWCAT/KATHERINE,H2 278;
SHADOWCAT/KATHERINE,HOPE 1;
SHADOWCAT/KATHERINE,KPAOS 1;
SHADOWCAT/KATHERINE,KPAOS 2;
SHADOWCAT/KATHERINE,KPAOS 3;
SHADOWCAT/KATHERINE,KP&W 1;
SHADOWCAT/KATHERINE,KP&W 2;
SHADOWCAT/KATHERINE,KP&W 3;
SHADOWCAT/KATHERINE,KP&W 4;
SHADOWCAT/KATHERINE,KP&W 5;
SHADOWCAT/KATHERINE,KP&W 6;
SHADOWCAT/KATHERINE,M/CP 31/4;
SHADOWCAT/KATHERINE,M/CP 32;
SHADOWCAT/KATHERINE,M/CP 33;
SHADOWCAT/KATHERINE,M/CP 34;
SHADOWCAT/KATHERINE,M/CP 35;
SHADOWCAT/KATHERINE,M/CP 36;
SHADOWCAT/KATHERINE,M/CP 37;
SHADOWCAT/KATHERINE,M/CP 38;
SHADOWCAT/KATHERINE,M/CP 75/3;
SHADOWCAT/KATHERINE,M/FAN 33;
SHADOWCAT/KATHERINE,M/FAN 4;
SHADOWCAT/KATHERINE,M/GN 1;
SHADOWCAT/KATHERINE,M/GN 5;
SHADOWCAT/KATHERINE,M/HOL 1996/2;
SHADOWCAT/KATHERINE,MICRO 37;
SHADOWCAT/KATHERINE,MK 35;
SHADOWCAT/KATHERINE,M/TIO 7;
SHADOWCAT/KATHERINE,M/TIO 96;
SHADOWCAT/KATHERINE,M/TU 118;
SHADOWCAT/KATHERINE,M/TU 135;
SHADOWCAT/KATHERINE,NC 1;
SHADOWCAT/KATHERINE,NC 2;
SHADOWCAT/KATHERINE,NC 3;
SHADOWCAT/KATHERINE,NC 4;
SHADOWCAT/KATHERINE,NM 13;
SHADOWCAT/KATHERINE,NM 14;
SHADOWCAT/KATHERINE,NM 15;
SHADOWCAT/KATHERINE,NM 16;
SHADOWCAT/KATHERINE,NM 17;
SHADOWCAT/KATHERINE,NM 30;
SHADOWCAT/KATHERINE,NM 31;
SHADOWCAT/KATHERINE,NM 36;
SHADOWCAT/KATHERINE,NM 45;
SHADOWCAT/KATHERINE,NM 46;
SHADOWCAT/KATHERINE,NM 65;
SHADOWCAT/KATHERINE,NM:TD 1;
SHADOWCAT/KATHERINE,PP 12;
SHADOWCAT/KATHERINE,PP 19;
SHADOWCAT/KATHERINE,P&W 1;
SHADOWCAT/KATHERINE,P&W 2;
SHADOWCAT/KATHERINE,P&W 3;
SHADOWCAT/KATHERINE,ROM 17;
SHADOWCAT/KATHERINE,ROM 18;
SHADOWCAT/KATHERINE,ROM 65;
SHADOWCAT/KATHERINE,SEX 1;
SHADOWCAT/KATHERINE,S-H2 26;
SHADOWCAT/KATHERINE,S-W 37;
SHADOWCAT/KATHERINE,SWII 1;
SHADOWCAT/KATHERINE,SWII 5;
SHADOWCAT/KATHERINE,SWII 7;
SHADOWCAT/KATHERINE,SWII 8;
SHADOWCAT/KATHERINE,SWII 9;
SHADOWCAT/KATHERINE,T 427;
SHADOWCAT/KATHERINE,T 428;
SHADOWCAT/KATHERINE,T 429;
SHADOWCAT/KATHERINE,UX 10;
SHADOWCAT/KATHERINE,UX 129;
SHADOWCAT/KATHERINE,UX 130;
SHADOWCAT/KATHERINE,UX 131;
SHADOWCAT/KATHERINE,UX 138;
SHADOWCAT/KATHERINE,UX 139;
SHADOWCAT/KATHERINE,UX 140;
SHADOWCAT/KATHERINE,UX 141;
SHADOWCAT/KATHERINE,UX 142;
SHADOWCAT/KATHERINE,UX 143;
SHADOWCAT/KATHERINE,UX 144;
SHADOWCAT/KATHERINE,UX 145;
SHADOWCAT/KATHERINE,UX 147;
SHADOWCAT/KATHERINE,UX 148;
SHADOWCAT/KATHERINE,UX 149;
SHADOWCAT/KATHERINE,UX 150;
SHADOWCAT/KATHERINE,UX 151;
SHADOWCAT/KATHERINE,UX 152;
SHADOWCAT/KATHERINE,UX 153;
SHADOWCAT/KATHERINE,UX 154;
SHADOWCAT/KATHERINE,UX 155;
SHADOWCAT/KATHERINE,UX 156;
SHADOWCAT/KATHERINE,UX 157;
SHADOWCAT/KATHERINE,UX 158;
SHADOWCAT/KATHERINE,UX 159;
SHADOWCAT/KATHERINE,UX 160;
SHADOWCAT/KATHERINE,UX 161;
SHADOWCAT/KATHERINE,UX 162;
SHADOWCAT/KATHERINE,UX 163;
SHADOWCAT/KATHERINE,UX 164;
SHADOWCAT/KATHERINE,UX 165;
SHADOWCAT/KATHERINE,UX 166;
SHADOWCAT/KATHERINE,UX 167;
SHADOWCAT/KATHERINE,UX 168;
SHADOWCAT/KATHERINE,UX 169;
SHADOWCAT/KATHERINE,UX 170;
SHADOWCAT/KATHERINE,UX 171;
SHADOWCAT/KATHERINE,UX 172;
SHADOWCAT/KATHERINE,UX 173;
SHADOWCAT/KATHERINE,UX 174;
SHADOWCAT/KATHERINE,UX 175;
SHADOWCAT/KATHERINE,UX 177;
SHADOWCAT/KATHERINE,UX 178;
SHADOWCAT/KATHERINE,UX 179;
SHADOWCAT/KATHERINE,UX 18;
SHADOWCAT/KATHERINE,UX 180;
SHADOWCAT/KATHERINE,UX 183;
SHADOWCAT/KATHERINE,UX 192;
SHADOWCAT/KATHERINE,UX 193;
SHADOWCAT/KATHERINE,UX 194;
SHADOWCAT/KATHERINE,UX 196;
SHADOWCAT/KATHERINE,UX 197;
SHADOWCAT/KATHERINE,UX 199;
SHADOWCAT/KATHERINE,UX 200;
SHADOWCAT/KATHERINE,UX 201;
SHADOWCAT/KATHERINE,UX 202;
SHADOWCAT/KATHERINE,UX 203;
SHADOWCAT/KATHERINE,UX 206;
SHADOWCAT/KATHERINE,UX 207;
SHADOWCAT/KATHERINE,UX 208;
SHADOWCAT/KATHERINE,UX 209;
SHADOWCAT/KATHERINE,UX 210;
SHADOWCAT/KATHERINE,UX 211;
SHADOWCAT/KATHERINE,UX 212;
SHADOWCAT/KATHERINE,UX 213;
SHADOWCAT/KATHERINE,UX 215;
SHADOWCAT/KATHERINE,UX 223;
SHADOWCAT/KATHERINE,UX 227;
SHADOWCAT/KATHERINE,UX 303;
SHADOWCAT/KATHERINE,UX 335;
SHADOWCAT/KATHERINE,UX 360;
SHADOWCAT/KATHERINE,UX 361;
SHADOWCAT/KATHERINE,UX 362;
SHADOWCAT/KATHERINE,UX 363;
SHADOWCAT/KATHERINE,UX 364;
SHADOWCAT/KATHERINE,UX 365;
SHADOWCAT/KATHERINE,UX 366;
SHADOWCAT/KATHERINE,UX 367;
SHADOWCAT/KATHERINE,UX 368;
SHADOWCAT/KATHERINE,UX 369;
SHADOWCAT/KATHERINE,UX 370;
SHADOWCAT/KATHERINE,UX 371;
SHADOWCAT/KATHERINE,UX 372;
SHADOWCAT/KATHERINE,UX 375;
SHADOWCAT/KATHERINE,UX 376;
SHADOWCAT/KATHERINE,UX 377;
SHADOWCAT/KATHERINE,UX 379;
SHADOWCAT/KATHERINE,UX 380;
SHADOWCAT/KATHERINE,UX 4;
SHADOWCAT/KATHERINE,UX 5;
SHADOWCAT/KATHERINE,UX 6;
SHADOWCAT/KATHERINE,UX 7;
SHADOWCAT/KATHERINE,UX 8;
SHADOWCAT/KATHERINE,UX 9;
SHADOWCAT/KATHERINE,UX '99;
SHADOWCAT/KATHERINE,W2 125;
SHADOWCAT/KATHERINE,W2 126;
SHADOWCAT/KATHERINE,W2 127;
SHADOWCAT/KATHERINE,W2 128;
SHADOWCAT/KATHERINE,W2 145;
SHADOWCAT/KATHERINE,W2 146;
SHADOWCAT/KATHERINE,W2 147;
SHADOWCAT/KATHERINE,W2 82;
SHADOWCAT/KATHERINE,W 4;
SHADOWCAT/KATHERINE,WLOCK3 5;
SHADOWCAT/KATHERINE,X 100;
SHADOWCAT/KATHERINE,X 110;
SHADOWCAT/KATHERINE,X 80;
SHADOWCAT/KATHERINE,X 81;
SHADOWCAT/KATHERINE,X 83;
SHADOWCAT/KATHERINE,X 84;
SHADOWCAT/KATHERINE,X 85;
SHADOWCAT/KATHERINE,X 86;
SHADOWCAT/KATHERINE,X 87;
SHADOWCAT/KATHERINE,X 88;
SHADOWCAT/KATHERINE,X 89;
SHADOWCAT/KATHERINE,X 90;
SHADOWCAT/KATHERINE,X 91;
SHADOWCAT/KATHERINE,X 92;
SHADOWCAT/KATHERINE,X 93;
SHADOWCAT/KATHERINE,X 94;
SHADOWCAT/KATHERINE,X 95;
SHADOWCAT/KATHERINE,X 96;
SHADOWCAT/KATHERINE,X 98;
SHADOWCAT/KATHERINE,X '99;
SHADOWCAT/KATHERINE,X 99;
SHADOWCAT/KATHERINE,X&AF 1;
SHADOWCAT/KATHERINE,X&AF 2;
SHADOWCAT/KATHERINE,X&AF2 1;
SHADOWCAT/KATHERINE,X&AF2 2;
SHADOWCAT/KATHERINE,XCAL -1;
SHADOWCAT/KATHERINE,XCAL 1;
SHADOWCAT/KATHERINE,XCAL 10;
SHADOWCAT/KATHERINE,XCAL 100;
SHADOWCAT/KATHERINE,XCAL 101;
SHADOWCAT/KATHERINE,XCAL 102;
SHADOWCAT/KATHERINE,XCAL 103;
SHADOWCAT/KATHERINE,XCAL 104;
SHADOWCAT/KATHERINE,XCAL 105;
SHADOWCAT/KATHERINE,XCAL 106;
SHADOWCAT/KATHERINE,XCAL 107;
SHADOWCAT/KATHERINE,XCAL 108;
SHADOWCAT/KATHERINE,XCAL 109;
SHADOWCAT/KATHERINE,XCAL 11;
SHADOWCAT/KATHERINE,XCAL 110;
SHADOWCAT/KATHERINE,XCAL 111;
SHADOWCAT/KATHERINE,XCAL 114;
SHADOWCAT/KATHERINE,XCAL 116;
SHADOWCAT/KATHERINE,XCAL 117;
SHADOWCAT/KATHERINE,XCAL 118;
SHADOWCAT/KATHERINE,XCAL 119;
SHADOWCAT/KATHERINE,XCAL 12;
SHADOWCAT/KATHERINE,XCAL 120;
SHADOWCAT/KATHERINE,XCAL 121;
SHADOWCAT/KATHERINE,XCAL 122;
SHADOWCAT/KATHERINE,XCAL 123;
SHADOWCAT/KATHERINE,XCAL 124;
SHADOWCAT/KATHERINE,XCAL 125;
SHADOWCAT/KATHERINE,XCAL 13;
SHADOWCAT/KATHERINE,XCAL 14;
SHADOWCAT/KATHERINE,XCAL 15;
SHADOWCAT/KATHERINE,XCAL 16;
SHADOWCAT/KATHERINE,XCAL 17;
SHADOWCAT/KATHERINE,XCAL 18;
SHADOWCAT/KATHERINE,XCAL 19;
SHADOWCAT/KATHERINE,XCAL 2;
SHADOWCAT/KATHERINE,XCAL 20;
SHADOWCAT/KATHERINE,XCAL 21;
SHADOWCAT/KATHERINE,XCAL 22;
SHADOWCAT/KATHERINE,XCAL 2/3;
SHADOWCAT/KATHERINE,XCAL 24;
SHADOWCAT/KATHERINE,XCAL 25;
SHADOWCAT/KATHERINE,XCAL 26;
SHADOWCAT/KATHERINE,XCAL 3;
SHADOWCAT/KATHERINE,XCAL 32;
SHADOWCAT/KATHERINE,XCAL 33;
SHADOWCAT/KATHERINE,XCAL 34;
SHADOWCAT/KATHERINE,XCAL 35;
SHADOWCAT/KATHERINE,XCAL 36;
SHADOWCAT/KATHERINE,XCAL 37;
SHADOWCAT/KATHERINE,XCAL 38;
SHADOWCAT/KATHERINE,XCAL 39;
SHADOWCAT/KATHERINE,XCAL 4;
SHADOWCAT/KATHERINE,XCAL 40;
SHADOWCAT/KATHERINE,XCAL 41;
SHADOWCAT/KATHERINE,XCAL 42;
SHADOWCAT/KATHERINE,XCAL 43;
SHADOWCAT/KATHERINE,XCAL 44;
SHADOWCAT/KATHERINE,XCAL 47;
SHADOWCAT/KATHERINE,XCAL 48;
SHADOWCAT/KATHERINE,XCAL 49;
SHADOWCAT/KATHERINE,XCAL 5;
SHADOWCAT/KATHERINE,XCAL 50;
SHADOWCAT/KATHERINE,XCAL 51;
SHADOWCAT/KATHERINE,XCAL 52;
SHADOWCAT/KATHERINE,XCAL 54;
SHADOWCAT/KATHERINE,XCAL 55;
SHADOWCAT/KATHERINE,XCAL 56;
SHADOWCAT/KATHERINE,XCAL 57;
SHADOWCAT/KATHERINE,XCAL 58;
SHADOWCAT/KATHERINE,XCAL 59;
SHADOWCAT/KATHERINE,XCAL 6;
SHADOWCAT/KATHERINE,XCAL 60;
SHADOWCAT/KATHERINE,XCAL 7;
SHADOWCAT/KATHERINE,XCAL 79;
SHADOWCAT/KATHERINE,XCAL 8;
SHADOWCAT/KATHERINE,XCAL 80;
SHADOWCAT/KATHERINE,XCAL 81;
SHADOWCAT/KATHERINE,XCAL 82;
SHADOWCAT/KATHERINE,XCAL 83;
SHADOWCAT/KATHERINE,XCAL 84;
SHADOWCAT/KATHERINE,XCAL 85;
SHADOWCAT/KATHERINE,XCAL 86;
SHADOWCAT/KATHERINE,XCAL 87;
SHADOWCAT/KATHERINE,XCAL 88;
SHADOWCAT/KATHERINE,XCAL 89;
SHADOWCAT/KATHERINE,XCAL 9;
SHADOWCAT/KATHERINE,XCAL 90;
SHADOWCAT/KATHERINE,XCAL 91;
SHADOWCAT/KATHERINE,XCAL 92;
SHADOWCAT/KATHERINE,XCAL 93;
SHADOWCAT/KATHERINE,XCAL 95;
SHADOWCAT/KATHERINE,XCAL 96;
SHADOWCAT/KATHERINE,XCAL 97;
SHADOWCAT/KATHERINE,XCAL 98;
SHADOWCAT/KATHERINE,XCAL 99;
SHADOWCAT/KATHERINE,XCAL:AA;
SHADOWCAT/KATHERINE,XCALGN;
SHADOWCAT/KATHERINE,XCAL:MM;
SHADOWCAT/KATHERINE,XCAL:P;
SHADOWCAT/KATHERINE,XCALSE;
SHADOWCAT/KATHERINE,XF 106;
SHADOWCAT/KATHERINE,XFOR 38;
SHADOWCAT/KATHERINE,X:L 1;
SHADOWCAT/KATHERINE,X:L 3;
SHADOWCAT/KATHERINE,X&M 1;
SHADOWCAT/KATHERINE,XM 12;
SHADOWCAT/KATHERINE,X&M 2;
SHADOWCAT/KATHERINE,X&M 3;
SHADOWCAT/KATHERINE,X&M 4;
SHADOWCAT/KATHERINE,X:MW 1;
SHADOWCAT/KATHERINE,X:PRIME;
SHADOWCAT/KATHERINE,XSOS 2;
SHADOWCAT/KATHERINE,XU 19;
SHADOWCAT/KATHERINE,XU 22;
SHADOWCAT/KATHERINE,XU 23;
SHADOWCAT/KATHERINE,XU 25;
SHADOWCAT | MUTANT X,MX '00;
SHADOWCAT | MUTANT X,MX 13;
SHADOWCAT | MUTANT X,MX 15;
SHADOWCAT | MUTANT X,MX 7;
SHADOW-HAND/LI CHUN,MOKF:BB;
SHADOW KING/AMAHL FA,NM 33;
SHADOW KING/AMAHL FA,NM 34;
SHADOW KING/AMAHL FA,UX 117;
SHADOW KING/AMAHL FA,UX 15;
SHADOW KING/AMAHL FA,UX 253;
SHADOW KING/AMAHL FA,UX 255;
SHADOW KING/AMAHL FA,UX 257;
SHADOW KING/AMAHL FA,UX 259;
SHADOW KING/AMAHL FA,UX 265;
SHADOW KING/AMAHL FA,UX 266;
SHADOW KING/AMAHL FA,UX 267;
SHADOW KING/AMAHL FA,UX 269;
SHADOW KING/AMAHL FA,UX 275;
SHADOW KING/AMAHL FA,UX 277;
SHADOW KING/AMAHL FA,UX 278;
SHADOW KING/AMAHL FA,UX 279;
SHADOW KING/AMAHL FA,UX 280;
SHADOW KING/AMAHL FA,W2 147;
SHADOW KING/AMAHL FA,X 77;
SHADOW KING/AMAHL FA,X 78;
SHADOW KING/AMAHL FA,XF 69;
SHADOW KING | MUTANT,MX 21;
SHADOWKNIGHT/RANDALL,MK3 33;
SHADOWKNIGHT/RANDALL,MK3 35;
SHADOWKNIGHT/RANDALL,MK3 36;
SHADOWKNIGHT/RANDALL,MK3 37;
SHADOWKNIGHT/RANDALL,MK3 38;
SHADOWOMAN/JILLIAN W,SENSM '96/2;
SHADOW QUEEN/SHIALMA,DRSTR2 43;
SHADOW QUEEN/SHIALMA,DRSTR2 44;
SHAITAN, AL,H:PL 1;
SHAITAN, AL,H:PL 2;
SHAKATI,INH3 2;
SHAKATI,INH3 3;
SHAKATI,INH3 4;
SHAKTI,DOOM;
SHAKTI,FF '00;
SHAKTI,FF3 25;
SHAKTI,FF3 26;
SHAKTI,FF3 28;
SHALAK,N 15;
SHALLA BAL II,FF 155;
SHALLA BAL II,FF 156;
SHALLA BAL II,FF 157;
SHALLA BAL II,SS 1;
SHALLA BAL II,SS 10;
SHALLA BAL II,SS 11;
SHALLA BAL II,SS 16;
SHALLA BAL II,SS 17;
SHALLA BAL II,SS 2;
SHALLA BAL II,SS2 1;
SHALLA BAL II,SS 3;
SHALLA BAL II,SS3 100;
SHALLA BAL II,SS3 101;
SHALLA BAL II,SS3 104;
SHALLA BAL II,SS3 2;
SHALLA BAL II,SS3 20;
SHALLA BAL II,SS3 21;
SHALLA BAL II,SS3 25;
SHALLA BAL II,SS3 26;
SHALLA BAL II,SS3 27;
SHALLA BAL II,SS3 28;
SHALLA BAL II,SS3 29;
SHALLA BAL II,SS3 30;
SHALLA BAL II,SS3 31;
SHALLA BAL II,SS3 6;
SHALLA BAL II,SS3 7;
SHALLA BAL II,SS3 8;
SHALLA BAL II,SS3 9;
SHALLA BAL II,SS 8;
SHALLA BAL,SS 2;
SHALLA BAL,SS3 50;
SHAMAN II,A 304;
SHAMAN III,NF3 11;
SHAMAN II,PPTSS 171;
SHAMAN II,PPTSS 172;
SHAMAN II,PPTSS 7;
SHAMAN/MICHAEL TWOYO,A 272;
SHAMAN/MICHAEL TWOYO,A 320;
SHAMAN/MICHAEL TWOYO,A 321;
SHAMAN/MICHAEL TWOYO,A 322;
SHAMAN/MICHAEL TWOYO,A 323;
SHAMAN/MICHAEL TWOYO,A 324;
SHAMAN/MICHAEL TWOYO,AF 1;
SHAMAN/MICHAEL TWOYO,AF 110;
SHAMAN/MICHAEL TWOYO,AF 111;
SHAMAN/MICHAEL TWOYO,AF 11/2;
SHAMAN/MICHAEL TWOYO,AF 12;
SHAMAN/MICHAEL TWOYO,AF 13;
SHAMAN/MICHAEL TWOYO,AF 14;
SHAMAN/MICHAEL TWOYO,AF 15;
SHAMAN/MICHAEL TWOYO,AF 18;
SHAMAN/MICHAEL TWOYO,AF 19;
SHAMAN/MICHAEL TWOYO,AF 2;
SHAMAN/MICHAEL TWOYO,AF 20;
SHAMAN/MICHAEL TWOYO,AF2 15;
SHAMAN/MICHAEL TWOYO,AF2 17;
SHAMAN/MICHAEL TWOYO,AF2 18;
SHAMAN/MICHAEL TWOYO,AF2 19;
SHAMAN/MICHAEL TWOYO,AF2 20;
SHAMAN/MICHAEL TWOYO,AF2 3;
SHAMAN/MICHAEL TWOYO,AF 24;
SHAMAN/MICHAEL TWOYO,AF 25;
SHAMAN/MICHAEL TWOYO,AF 26;
SHAMAN/MICHAEL TWOYO,AF 27;
SHAMAN/MICHAEL TWOYO,AF 28;
SHAMAN/MICHAEL TWOYO,AF 29;
SHAMAN/MICHAEL TWOYO,AF 30;
SHAMAN/MICHAEL TWOYO,AF 31;
SHAMAN/MICHAEL TWOYO,AF 34;
SHAMAN/MICHAEL TWOYO,AF 35;
SHAMAN/MICHAEL TWOYO,AF 36;
SHAMAN/MICHAEL TWOYO,AF 37;
SHAMAN/MICHAEL TWOYO,AF 38;
SHAMAN/MICHAEL TWOYO,AF 39;
SHAMAN/MICHAEL TWOYO,AF 40;
SHAMAN/MICHAEL TWOYO,AF 41;
SHAMAN/MICHAEL TWOYO,AF 44;
SHAMAN/MICHAEL TWOYO,AF 45;
SHAMAN/MICHAEL TWOYO,AF 5;
SHAMAN/MICHAEL TWOYO,AF 5/2;
SHAMAN/MICHAEL TWOYO,AF 52;
SHAMAN/MICHAEL TWOYO,AF 6/2;
SHAMAN/MICHAEL TWOYO,AF 68;
SHAMAN/MICHAEL TWOYO,AF 69;
SHAMAN/MICHAEL TWOYO,AF 70;
SHAMAN/MICHAEL TWOYO,AF 71;
SHAMAN/MICHAEL TWOYO,AF 7/2;
SHAMAN/MICHAEL TWOYO,AF 72;
SHAMAN/MICHAEL TWOYO,AF 73;
SHAMAN/MICHAEL TWOYO,AF 74;
SHAMAN/MICHAEL TWOYO,AF 75;
SHAMAN/MICHAEL TWOYO,AF 76;
SHAMAN/MICHAEL TWOYO,AF 78;
SHAMAN/MICHAEL TWOYO,AF 79;
SHAMAN/MICHAEL TWOYO,AF 8/2;
SHAMAN/MICHAEL TWOYO,AF 82;
SHAMAN/MICHAEL TWOYO,AF 83;
SHAMAN/MICHAEL TWOYO,AF 84;
SHAMAN/MICHAEL TWOYO,AF 85;
SHAMAN/MICHAEL TWOYO,AF 86;
SHAMAN/MICHAEL TWOYO,AF 87;
SHAMAN/MICHAEL TWOYO,AF 88;
SHAMAN/MICHAEL TWOYO,AF 89;
SHAMAN/MICHAEL TWOYO,AF 90;
SHAMAN/MICHAEL TWOYO,AF 91;
SHAMAN/MICHAEL TWOYO,AF 92;
SHAMAN/MICHAEL TWOYO,AF 93;
SHAMAN/MICHAEL TWOYO,AF 94;
SHAMAN/MICHAEL TWOYO,AF 95;
SHAMAN/MICHAEL TWOYO,AF 97;
SHAMAN/MICHAEL TWOYO,AF 98;
SHAMAN/MICHAEL TWOYO,AF SPECIAL;
SHAMAN/MICHAEL TWOYO,COC 1;
SHAMAN/MICHAEL TWOYO,CRYS 11;
SHAMAN/MICHAEL TWOYO,CX 27;
SHAMAN/MICHAEL TWOYO,DRSTR3 46;
SHAMAN/MICHAEL TWOYO,DRSTR3 47;
SHAMAN/MICHAEL TWOYO,FF 368;
SHAMAN/MICHAEL TWOYO,H2 277;
SHAMAN/MICHAEL TWOYO,H2 278;
SHAMAN/MICHAEL TWOYO,H2 279;
SHAMAN/MICHAEL TWOYO,IM 195;
SHAMAN/MICHAEL TWOYO,IM 196;
SHAMAN/MICHAEL TWOYO,IW 2;
SHAMAN/MICHAEL TWOYO,IW 3;
SHAMAN/MICHAEL TWOYO,IW 4;
SHAMAN/MICHAEL TWOYO,IW 6;
SHAMAN/MICHAEL TWOYO,M/TIO 83;
SHAMAN/MICHAEL TWOYO,M/TIO 84;
SHAMAN/MICHAEL TWOYO,OE 2;
SHAMAN/MICHAEL TWOYO,Q 23;
SHAMAN/MICHAEL TWOYO,Q 24;
SHAMAN/MICHAEL TWOYO,Q 25;
SHAMAN/MICHAEL TWOYO,Q 38;
SHAMAN/MICHAEL TWOYO,ROM 56;
SHAMAN/MICHAEL TWOYO,ROM 57;
SHAMAN/MICHAEL TWOYO,ROM 58;
SHAMAN/MICHAEL TWOYO,ST2 14/2;
SHAMAN/MICHAEL TWOYO,SWII 4;
SHAMAN/MICHAEL TWOYO,SWII 9;
SHAMAN/MICHAEL TWOYO,UX 120;
SHAMAN/MICHAEL TWOYO,UX 121;
SHAMAN/MICHAEL TWOYO,UX 139;
SHAMAN/MICHAEL TWOYO,UX 140;
SHAMAN/MICHAEL TWOYO,UX 359;
SHAMAN/MICHAEL TWOYO,W2 142;
SHAMAN/MICHAEL TWOYO,W2 143;
SHAMAN/MICHAEL TWOYO,WIW 8;
SHAMAN/MICHAEL TWOYO,WM2 14;
SHAMAN/MICHAEL TWOYO,X&AF 1;
SHAMAN/MICHAEL TWOYO,X&AF 2;
SHAMAN/MICHAEL TWOYO,X&AF2 1;
SHAMAN/MICHAEL TWOYO,X&AF2 2;
SHAMAN | MUTANT X-VE,MX 3;
SHAMROCK/MOLLY FITZG,AF 108;
SHAMROCK/MOLLY FITZG,COC 1;
SHAMROCK/MOLLY FITZG,COC 3;
SHAMROCK/MOLLY FITZG,H2 279;
SHAMROCK/MOLLY FITZG,M/CP 24/3;
SHAMROCK/MOLLY FITZG,ROM 65;
SHAMROCK/MOLLY FITZG,XCAL 108;
SHANE, BRIDGIT,XCAL 93;
SHANGA,Q 14;
SHANG-CHI,DHKF 1;
SHANG-CHI,DHKF 11;
SHANG-CHI,DHKF 12;
SHANG-CHI,DHKF 13;
SHANG-CHI,DHKF 14;
SHANG-CHI,DHKF 16;
SHANG-CHI,DHKF 17;
SHANG-CHI,DHKF 18;
SHANG-CHI,DHKF 2;
SHANG-CHI,DHKF 29;
SHANG-CHI,DHKF 31;
SHANG-CHI,DHKF 3/2;
SHANG-CHI,DHKF 32/2;
SHANG-CHI,DHKF 33;
SHANG-CHI,DHKF 4;
SHANG-CHI,DHKF 5;
SHANG-CHI,DHKF 6/2;
SHANG-CHI,DHKF 7;
SHANG-CHI,DHKF 8;
SHANG-CHI,DHKF 9;
SHANG-CHI,ELEK 16;
SHANG-CHI,GSMOKF 1;
SHANG-CHI,GSMOKF 2;
SHANG-CHI,GSMOKF 3;
SHANG-CHI,GSMOKF 4;
SHANG-CHI,GSS-M 2;
SHANG-CHI,H2 434;
SHANG-CHI,HFH 18;
SHANG-CHI,HFH 19;
SHANG-CHI,JIM 514;
SHANG-CHI,JIM 515;
SHANG-CHI,JIM 516;
SHANG-CHI,M/CP 1/3;
SHANG-CHI,M/CP 2/3;
SHANG-CHI,M/CP 3/3;
SHANG-CHI,M/CP 4/3;
SHANG-CHI,M/CP 5/3;
SHANG-CHI,M/CP 6/3;
SHANG-CHI,M/CP 7/3;
SHANG-CHI,M/CP 8/3;
SHANG-CHI,M/K 1;
SHANG-CHI,M/K 11;
SHANG-CHI,M/K 12;
SHANG-CHI,M/K 13;
SHANG-CHI,M/K 2;
SHANG-CHI,M/K 3;
SHANG-CHI,M/K 4;
SHANG-CHI,M/K 5;
SHANG-CHI,M/K 6;
SHANG-CHI,M/K 7;
SHANG-CHI,M/K 8;
SHANG-CHI,M/K 9;
SHANG-CHI,MOFK 21;
SHANG-CHI,MOKF 1;
SHANG-CHI,MOKF 100;
SHANG-CHI,MOKF 101;
SHANG-CHI,MOKF 102;
SHANG-CHI,MOKF 103;
SHANG-CHI,MOKF 104;
SHANG-CHI,MOKF 105;
SHANG-CHI,MOKF 106;
SHANG-CHI,MOKF 107;
SHANG-CHI,MOKF 108;
SHANG-CHI,MOKF 109;
SHANG-CHI,MOKF 110;
SHANG-CHI,MOKF 111;
SHANG-CHI,MOKF 112;
SHANG-CHI,MOKF 113;
SHANG-CHI,MOKF 114;
SHANG-CHI,MOKF 115;
SHANG-CHI,MOKF 116;
SHANG-CHI,MOKF 117;
SHANG-CHI,MOKF 118;
SHANG-CHI,MOKF 119;
SHANG-CHI,MOKF 120;
SHANG-CHI,MOKF 121;
SHANG-CHI,MOKF 122;
SHANG-CHI,MOKF 123;
SHANG-CHI,MOKF 124;
SHANG-CHI,MOKF 125;
SHANG-CHI,MOKF 17;
SHANG-CHI,MOKF 18;
SHANG-CHI,MOKF 19;
SHANG-CHI,MOKF 20;
SHANG-CHI,MOKF 22;
SHANG-CHI,MOKF 23;
SHANG-CHI,MOKF 24;
SHANG-CHI,MOKF 25;
SHANG-CHI,MOKF 26;
SHANG-CHI,MOKF 27;
SHANG-CHI,MOKF 28;
SHANG-CHI,MOKF 29;
SHANG-CHI,MOKF 30;
SHANG-CHI,MOKF 31;
SHANG-CHI,MOKF 32;
SHANG-CHI,MOKF 33;
SHANG-CHI,MOKF 34;
SHANG-CHI,MOKF 35;
SHANG-CHI,MOKF 36;
SHANG-CHI,MOKF 37;
SHANG-CHI,MOKF 38;
SHANG-CHI,MOKF 39;
SHANG-CHI,MOKF 40;
SHANG-CHI,MOKF 41;
SHANG-CHI,MOKF 42;
SHANG-CHI,MOKF 43;
SHANG-CHI,MOKF 44;
SHANG-CHI,MOKF 45;
SHANG-CHI,MOKF 46;
SHANG-CHI,MOKF 47;
SHANG-CHI,MOKF 48;
SHANG-CHI,MOKF 49;
SHANG-CHI,MOKF 50;
SHANG-CHI,MOKF 51;
SHANG-CHI,MOKF 52;
SHANG-CHI,MOKF 54;
SHANG-CHI,MOKF 55;
SHANG-CHI,MOKF 56;
SHANG-CHI,MOKF 57;
SHANG-CHI,MOKF 58;
SHANG-CHI,MOKF 59;
SHANG-CHI,MOKF 60;
SHANG-CHI,MOKF 61;
SHANG-CHI,MOKF 62;
SHANG-CHI,MOKF 63;
SHANG-CHI,MOKF 64;
SHANG-CHI,MOKF 65;
SHANG-CHI,MOKF 66;
SHANG-CHI,MOKF 67;
SHANG-CHI,MOKF 68;
SHANG-CHI,MOKF 69;
SHANG-CHI,MOKF 70;
SHANG-CHI,MOKF 71;
SHANG-CHI,MOKF 72;
SHANG-CHI,MOKF 73;
SHANG-CHI,MOKF 74;
SHANG-CHI,MOKF 75;
SHANG-CHI,MOKF 76;
SHANG-CHI,MOKF 77;
SHANG-CHI,MOKF 78;
SHANG-CHI,MOKF 79;
SHANG-CHI,MOKF 80;
SHANG-CHI,MOKF 81;
SHANG-CHI,MOKF 82;
SHANG-CHI,MOKF 83;
SHANG-CHI,MOKF 84;
SHANG-CHI,MOKF 85;
SHANG-CHI,MOKF 86;
SHANG-CHI,MOKF 87;
SHANG-CHI,MOKF 88;
SHANG-CHI,MOKF 89;
SHANG-CHI,MOKF 90;
SHANG-CHI,MOKF 91;
SHANG-CHI,MOKF 92;
SHANG-CHI,MOKF 93;
SHANG-CHI,MOKF 94;
SHANG-CHI,MOKF 95;
SHANG-CHI,MOKF 96;
SHANG-CHI,MOKF 97;
SHANG-CHI,MOKF 98;
SHANG-CHI,MOKF 99;
SHANG-CHI,MOKF:BB;
SHANG-CHI,M-T 20;
SHANG-CHI,M/TIO 29;
SHANG-CHI,M/TU 84;
SHANG-CHI,M/TU 85;
SHANG-CHI,ROM 38;
SHANG-CHI,ROM 39;
SHANG-CHI,SM/E 15;
SHANG-CHI,SM/E 16;
SHANG-CHI,T 271;
SHANG-CHI,X 62;
SHANG-CHI,X 63;
SHANG-CHI,X 64;
SHANNA/SHANNA O'HARA,A 257;
SHANNA/SHANNA O'HARA,CA3 29;
SHANNA/SHANNA O'HARA,CA3 31;
SHANNA/SHANNA O'HARA,COC 1;
SHANNA/SHANNA O'HARA,DD 109;
SHANNA/SHANNA O'HARA,DD 110;
SHANNA/SHANNA O'HARA,DD 111;
SHANNA/SHANNA O'HARA,DD 112;
SHANNA/SHANNA O'HARA,DD 113;
SHANNA/SHANNA O'HARA,DD 117;
SHANNA/SHANNA O'HARA,FF 316;
SHANNA/SHANNA O'HARA,FF 317;
SHANNA/SHANNA O'HARA,IM 202;
SHANNA/SHANNA O'HARA,KZ2 1;
SHANNA/SHANNA O'HARA,KZ2 2;
SHANNA/SHANNA O'HARA,KZ3 1;
SHANNA/SHANNA O'HARA,KZ3 10;
SHANNA/SHANNA O'HARA,KZ3 11;
SHANNA/SHANNA O'HARA,KZ3 12;
SHANNA/SHANNA O'HARA,KZ3 13;
SHANNA/SHANNA O'HARA,KZ3 14;
SHANNA/SHANNA O'HARA,KZ3 15;
SHANNA/SHANNA O'HARA,KZ3 16;
SHANNA/SHANNA O'HARA,KZ3 17;
SHANNA/SHANNA O'HARA,KZ3 18;
SHANNA/SHANNA O'HARA,KZ3 19;
SHANNA/SHANNA O'HARA,KZ3 2;
SHANNA/SHANNA O'HARA,KZ3 20;
SHANNA/SHANNA O'HARA,KZ3 21;
SHANNA/SHANNA O'HARA,KZ3 22;
SHANNA/SHANNA O'HARA,KZ3 23;
SHANNA/SHANNA O'HARA,KZ3 24;
SHANNA/SHANNA O'HARA,KZ3 25;
SHANNA/SHANNA O'HARA,KZ3 26;
SHANNA/SHANNA O'HARA,KZ3 27;
SHANNA/SHANNA O'HARA,KZ3 28;
SHANNA/SHANNA O'HARA,KZ3 29;
SHANNA/SHANNA O'HARA,KZ3 3;
SHANNA/SHANNA O'HARA,KZ3 30;
SHANNA/SHANNA O'HARA,KZ3 31;
SHANNA/SHANNA O'HARA,KZ3 32;
SHANNA/SHANNA O'HARA,KZ3 34;
SHANNA/SHANNA O'HARA,KZ3 4;
SHANNA/SHANNA O'HARA,KZ3 5;
SHANNA/SHANNA O'HARA,KZ3 6;
SHANNA/SHANNA O'HARA,KZ3 7;
SHANNA/SHANNA O'HARA,KZ3 8;
SHANNA/SHANNA O'HARA,KZ3 9;
SHANNA/SHANNA O'HARA,KZ4 1;
SHANNA/SHANNA O'HARA,KZ4 10;
SHANNA/SHANNA O'HARA,KZ4 11;
SHANNA/SHANNA O'HARA,KZ4 12;
SHANNA/SHANNA O'HARA,KZ4 13;
SHANNA/SHANNA O'HARA,KZ4 14;
SHANNA/SHANNA O'HARA,KZ4 14/2;
SHANNA/SHANNA O'HARA,KZ4 15;
SHANNA/SHANNA O'HARA,KZ4 16;
SHANNA/SHANNA O'HARA,KZ4 17;
SHANNA/SHANNA O'HARA,KZ4 18;
SHANNA/SHANNA O'HARA,KZ4 19;
SHANNA/SHANNA O'HARA,KZ4 2;
SHANNA/SHANNA O'HARA,KZ4 20;
SHANNA/SHANNA O'HARA,KZ4 3;
SHANNA/SHANNA O'HARA,KZ4 4;
SHANNA/SHANNA O'HARA,KZ4 5;
SHANNA/SHANNA O'HARA,KZ4 6;
SHANNA/SHANNA O'HARA,KZ4 7;
SHANNA/SHANNA O'HARA,KZ4 8;
SHANNA/SHANNA O'HARA,KZ4 9;
SHANNA/SHANNA O'HARA,KZ '97;
SHANNA/SHANNA O'HARA,KZGN;
SHANNA/SHANNA O'HARA,M/CP 13/4;
SHANNA/SHANNA O'HARA,M/CP 68/2;
SHANNA/SHANNA O'HARA,M/CP 69/2;
SHANNA/SHANNA O'HARA,M/CP 70/2;
SHANNA/SHANNA O'HARA,M/CP 71/2;
SHANNA/SHANNA O'HARA,M/CP 72/2;
SHANNA/SHANNA O'HARA,M/CP 73/2;
SHANNA/SHANNA O'HARA,M/CP 74/2;
SHANNA/SHANNA O'HARA,M/CP 75/2;
SHANNA/SHANNA O'HARA,M/CP 76/2;
SHANNA/SHANNA O'HARA,M/CP 77/2;
SHANNA/SHANNA O'HARA,M/FAN 56;
SHANNA/SHANNA O'HARA,M/FAN 57;
SHANNA/SHANNA O'HARA,M/FAN 58;
SHANNA/SHANNA O'HARA,M/FAN 59;
SHANNA/SHANNA O'HARA,M/TIO 3;
SHANNA/SHANNA O'HARA,N 16;
SHANNA/SHANNA O'HARA,N 17;
SHANNA/SHANNA O'HARA,N 18;
SHANNA/SHANNA O'HARA,N 19;
SHANNA/SHANNA O'HARA,N 21;
SHANNA/SHANNA O'HARA,RH 9/2;
SHANNA/SHANNA O'HARA,SENSM 13;
SHANNA/SHANNA O'HARA,SENSM 14;
SHANNA/SHANNA O'HARA,SENSM 15;
SHANNA/SHANNA O'HARA,SSD 1;
SHANNA/SHANNA O'HARA,SSD 2;
SHANNA/SHANNA O'HARA,SSD 3;
SHANNA/SHANNA O'HARA,SSD 4;
SHANNA/SHANNA O'HARA,SSD 5;
SHANNA/SHANNA O'HARA,SVGT 8;
SHANNA/SHANNA O'HARA,SVT 10/2;
SHANNA/SHANNA O'HARA,SVT 8;
SHANNA/SHANNA O'HARA,SVT 9/2;
SHANNA/SHANNA O'HARA,TM/U 1;
SHANNA/SHANNA O'HARA,UX 12;
SHANNA/SHANNA O'HARA,UX 250;
SHANNA/SHANNA O'HARA,UX 274;
SHANNA/SHANNA O'HARA,UX 275;
SHANNA/SHANNA O'HARA,UX 354;
SHANNA/SHANNA O'HARA,UX 7;
SHANNA/SHANNA O'HARA,WCA 3/2;
SHANZAR,DRSTR 2;
SHANZAR,H 18/2;
SHANZAR,H2 370;
SHANZAR,H2 371;
SHANZAR,N 2;
SHANZAR,SS 5;
SHAPANDER, KARIMA,XU 27;
SHAPE,A3 5;
SHAPE,A3 6;
SHAPE,A '98;
SHAPE,Q 13;
SHAPE,Q 14;
SHAPE,Q 17;
SHAPE,Q 19;
SHAPE,Q 27;
SHAPER OF WORLDS,CA 7;
SHAPER OF WORLDS,FF 136;
SHAPER OF WORLDS,FF 137;
SHAPER OF WORLDS,FF 319;
SHAPER OF WORLDS,H2 155;
SHAPER OF WORLDS,H2 190;
SHAPER OF WORLDS,H2 191;
SHAPER OF WORLDS,H2 267;
SHAPER OF WORLDS,H2 355;
SHAPER OF WORLDS,H2 356;
SHAPER OF WORLDS,H2 359;
SHAPE,SQS 10;
SHAPE,SQS 11;
SHAPE,SQS 12;
SHAPE,SQS 5;
SHAPE,SQS 6;
SHAPE,SQS 7;
SHAPE,SQS 8;
SHAPE,SQS 9;
SHAPE,SQS:NWO;
SHARD,BSHP 1;
SHARD,BSHP 2;
SHARD,BSHP2 1;
SHARD,BSHP2 10;
SHARD,BSHP2 11;
SHARD,BSHP2 12;
SHARD,BSHP2 13;
SHARD,BSHP2 14;
SHARD,BSHP2 2;
SHARD,BSHP2 7;
SHARD,BSHP2 9;
SHARD,BSHP 4;
SHARD,M/FAN2 6;
SHARD,XF 116;
SHARD,XF 117;
SHARD,XF 119;
SHARD,XF 120;
SHARD,XF 123;
SHARD,XF 124;
SHARD,XF 140;
SHARD,XF 141;
SHARD,XF 143;
SHARD,XF 144;
SHARD,XF 145;
SHARD,XF 146;
SHARD,XF 147;
SHARD,XF 149;
SHARK/,INV 1;
SHARKSKIN,WCA 5/3;
SHARK/,SUB-MARINER COMICS 2;
SHARPE, ROSALINDE,ASM 438;
SHARPE, ROSALINDE,DD2 1;
SHARPE, ROSALINDE,DD2 13;
SHARPE, ROSALINDE,DD2 3;
SHARPE, ROSALINDE,DD2 8;
SHARPE, ROSALINDE,DD 353;
SHARPE, ROSALINDE,DD 355;
SHARPE, ROSALINDE,DD 357;
SHARPE, ROSALINDE,DD 358;
SHARPE, ROSALINDE,DD 359;
SHARPE, ROSALINDE,DD 362;
SHARPE, ROSALINDE,DD 363;
SHARPE, ROSALINDE,DD 364;
SHARPE, ROSALINDE,DD 368;
SHARPE, ROSALINDE,DD 371;
SHARPE, ROSALINDE,DD 372;
SHARPE, ROSALINDE,DD 373;
SHARPE, ROSALINDE,DD 374;
SHARPE, ROSALINDE,DD 375;
SHARPE, ROSALINDE,DD '97;
SHARPE, ROSALINDE,IM3 1;
SHARPE, ROSALINDE,V:OT 1;
SHARP, TRINA,DS 1;
SHARP, TRINA,DS 2;
SHARP, TRINA,DS 3;
SHARP, TRINA,DS 4;
SHARYD/CONAL,IF3 1;
SHARYD/CONAL,IF3 2;
SHARYD/CONAL,IF3 3;
SHA SHAN,ASM 108;
SHA SHAN,ASM 109;
SHA SHAN,ASM 188;
SHA SHAN,ASM 192;
SHA SHAN,ASM 196;
SHA SHAN,ASM 199;
SHA SHAN,ASM 204;
SHA SHAN,ASM 275;
SHA SHAN,ASM 276;
SHA SHAN,ASM 280;
SHA SHAN,PPTSS 100;
SHA SHAN,PPTSS 12;
SHA SHAN,PPTSS 13;
SHA SHAN,PPTSS 14;
SHA SHAN,PPTSS 15;
SHA SHAN,PPTSS 18;
SHA SHAN,PPTSS 19;
SHA SHAN,PPTSS 21;
SHA SHAN,PPTSS 22;
SHA SHAN,PPTSS 24;
SHA SHAN,PPTSS 26;
SHA SHAN,PPTSS 29;
SHA SHAN,PPTSS 3;
SHA SHAN,PPTSS 32;
SHA SHAN,PPTSS 4;
SHA SHAN,PPTSS 63;
SHA SHAN,PPTSS 7;
SHA SHAN,PPTSS 78;
SHA SHAN,PPTSS 8;
SHA SHAN,PPTSS 85;
SHA SHAN,PPTSS 92;
SHA SHAN,PPTSS 93;
SHA SHAN,PPTSS 94;
SHA SHAN,PPTSS 95;
SHA SHAN,PPTSS 99;
SHATTERAX,A 346;
SHATTERAX,A 347;
SHATTERAX,AWC 82;
SHATTERAX,CA 399;
SHATTERAX,IM 278;
SHATTERAX,Q 33;
SHATTERAX,Q 35;
SHATTERAX,T 446;
SHATTERFIST/,T 440;
SHATTERFIST/,TB 24;
SHATTERFIST/,TB 25;
SHATTERSTAR II/GAVEE,C2 22;
SHATTERSTAR II/GAVEE,C2 29;
SHATTERSTAR II/GAVEE,CA 406;
SHATTERSTAR II/GAVEE,NM 100;
SHATTERSTAR II/GAVEE,NM 7;
SHATTERSTAR II/GAVEE,NM 99;
SHATTERSTAR II/GAVEE,NW 1;
SHATTERSTAR II/GAVEE,S-M 16;
SHATTERSTAR II/GAVEE,UX 15;
SHATTERSTAR II/GAVEE,UX 295;
SHATTERSTAR II/GAVEE,UX 296;
SHATTERSTAR II/GAVEE,UX 331;
SHATTERSTAR II/GAVEE,W2 54;
SHATTERSTAR II/GAVEE,X 14;
SHATTERSTAR II/GAVEE,XCAL 82;
SHATTERSTAR II/GAVEE,XF 106;
SHATTERSTAR II/GAVEE,XF 6;
SHATTERSTAR II/GAVEE,XF 84;
SHATTERSTAR II/GAVEE,XF&C '95;
SHATTERSTAR II/GAVEE,XFOR 1;
SHATTERSTAR II/GAVEE,XFOR 10;
SHATTERSTAR II/GAVEE,XFOR 11;
SHATTERSTAR II/GAVEE,XFOR 12;
SHATTERSTAR II/GAVEE,XFOR 1/3;
SHATTERSTAR II/GAVEE,XFOR 13;
SHATTERSTAR II/GAVEE,XFOR 14;
SHATTERSTAR II/GAVEE,XFOR 15;
SHATTERSTAR II/GAVEE,XFOR 16;
SHATTERSTAR II/GAVEE,XFOR 17;
SHATTERSTAR II/GAVEE,XFOR 2;
SHATTERSTAR II/GAVEE,XFOR 3;
SHATTERSTAR II/GAVEE,XFOR 35;
SHATTERSTAR II/GAVEE,XFOR 36;
SHATTERSTAR II/GAVEE,XFOR 38;
SHATTERSTAR II/GAVEE,XFOR 39;
SHATTERSTAR II/GAVEE,XFOR 4;
SHATTERSTAR II/GAVEE,XFOR 40;
SHATTERSTAR II/GAVEE,XFOR 41;
SHATTERSTAR II/GAVEE,XFOR 43;
SHATTERSTAR II/GAVEE,XFOR 44;
SHATTERSTAR II/GAVEE,XFOR 45;
SHATTERSTAR II/GAVEE,XFOR 47;
SHATTERSTAR II/GAVEE,XFOR 48;
SHATTERSTAR II/GAVEE,XFOR 49;
SHATTERSTAR II/GAVEE,XFOR 5;
SHATTERSTAR II/GAVEE,XFOR 50;
SHATTERSTAR II/GAVEE,XFOR 51;
SHATTERSTAR II/GAVEE,XFOR 52;
SHATTERSTAR II/GAVEE,XFOR 53;
SHATTERSTAR II/GAVEE,XFOR 54;
SHATTERSTAR II/GAVEE,XFOR 57;
SHATTERSTAR II/GAVEE,XFOR 6;
SHATTERSTAR II/GAVEE,XFOR 62;
SHATTERSTAR II/GAVEE,XFOR 69;
SHATTERSTAR II/GAVEE,XFOR 7;
SHATTERSTAR II/GAVEE,XFOR 70;
SHATTERSTAR II/GAVEE,XFOR 76;
SHATTERSTAR II/GAVEE,XFOR 9;
SHATTERSTAR II/GAVEE,XFOR '97;
SHATTERSTAR II/GAVEE,XFOR '99;
SHATTERSTAR II/GAVEE,X:PRIME;
SHAUNEGHANN, MICHAEL,NW 14;
SHAUNEGHANN, MICHAEL,NW 2/7;
SHAUNEGHANN, MICHAEL,NW 8;
SHAUNEGHANN, MICHAEL,NW 9;
SHAW, ESAU,X:HC 3;
SHAW, HIRAM,X:HC 1;
SHAW, JACOB,X:HC 3;
SHAW, MILDRED,HMAG 13;
SHAW, OBADIAH,X:HC 1;
SHAW, SAMARRA,BSHP2 6;
SHAW, SAMARRA,BSHP2 7;
SHAW, SARAH,X:HC 1;
SHAW, SHINOBI,GENX 61;
SHAW, SHINOBI,GENX '95;
SHAW, SHINOBI,NT2 20;
SHAW, SHINOBI,SMTU 1;
SHAW, SHINOBI,UX 281;
SHAW, SHINOBI,UX 282;
SHAW, SHINOBI,UX 283;
SHAW, SHINOBI,X 3;
SHAW, SHINOBI,XCAL 96;
SHAW, SHINOBI,XF 67;
SHAW, SHINOBI,XFOR 62;
SHAZANA,DRSTR3 47;
SHAZANA,ST 133/2;
SHE-CAT,HFH 12;
SHEFFIELD, LEAH,IM3 1;
SHE-HULK DOPPELGANGE,IW 1;
SHE-HULK DOPPELGANGE,IW 5;
SHE-HULK/JENNIFER WA,A 12;
SHE-HULK/JENNIFER WA,A 13;
SHE-HULK/JENNIFER WA,A 14;
SHE-HULK/JENNIFER WA,A 16;
SHE-HULK/JENNIFER WA,A 18;
SHE-HULK/JENNIFER WA,A 19;
SHE-HULK/JENNIFER WA,A 19/3;
SHE-HULK/JENNIFER WA,A 19/5;
SHE-HULK/JENNIFER WA,A 20;
SHE-HULK/JENNIFER WA,A 221;
SHE-HULK/JENNIFER WA,A 222;
SHE-HULK/JENNIFER WA,A 223;
SHE-HULK/JENNIFER WA,A 224;
SHE-HULK/JENNIFER WA,A 225;
SHE-HULK/JENNIFER WA,A 226;
SHE-HULK/JENNIFER WA,A 227;
SHE-HULK/JENNIFER WA,A 228;
SHE-HULK/JENNIFER WA,A 229;
SHE-HULK/JENNIFER WA,A 230;
SHE-HULK/JENNIFER WA,A 231;
SHE-HULK/JENNIFER WA,A 232;
SHE-HULK/JENNIFER WA,A 233;
SHE-HULK/JENNIFER WA,A 234;
SHE-HULK/JENNIFER WA,A 235;
SHE-HULK/JENNIFER WA,A 236;
SHE-HULK/JENNIFER WA,A 237;
SHE-HULK/JENNIFER WA,A 238;
SHE-HULK/JENNIFER WA,A 240;
SHE-HULK/JENNIFER WA,A 241;
SHE-HULK/JENNIFER WA,A 242;
SHE-HULK/JENNIFER WA,A 243;
SHE-HULK/JENNIFER WA,A 246;
SHE-HULK/JENNIFER WA,A 247;
SHE-HULK/JENNIFER WA,A 249;
SHE-HULK/JENNIFER WA,A 259;
SHE-HULK/JENNIFER WA,A 266;
SHE-HULK/JENNIFER WA,A 278;
SHE-HULK/JENNIFER WA,A 279;
SHE-HULK/JENNIFER WA,A 281;
SHE-HULK/JENNIFER WA,A 282;
SHE-HULK/JENNIFER WA,A 283;
SHE-HULK/JENNIFER WA,A 284;
SHE-HULK/JENNIFER WA,A 285;
SHE-HULK/JENNIFER WA,A 286;
SHE-HULK/JENNIFER WA,A 287;
SHE-HULK/JENNIFER WA,A 288;
SHE-HULK/JENNIFER WA,A 289;
SHE-HULK/JENNIFER WA,A 290;
SHE-HULK/JENNIFER WA,A 291;
SHE-HULK/JENNIFER WA,A 292;
SHE-HULK/JENNIFER WA,A 293;
SHE-HULK/JENNIFER WA,A 294;
SHE-HULK/JENNIFER WA,A 295;
SHE-HULK/JENNIFER WA,A 296;
SHE-HULK/JENNIFER WA,A 297;
SHE-HULK/JENNIFER WA,A 305;
SHE-HULK/JENNIFER WA,A 306;
SHE-HULK/JENNIFER WA,A 307;
SHE-HULK/JENNIFER WA,A 308;
SHE-HULK/JENNIFER WA,A 309;
SHE-HULK/JENNIFER WA,A3 1;
SHE-HULK/JENNIFER WA,A 310;
SHE-HULK/JENNIFER WA,A3 2;
SHE-HULK/JENNIFER WA,A 325;
SHE-HULK/JENNIFER WA,A 326;
SHE-HULK/JENNIFER WA,A 327;
SHE-HULK/JENNIFER WA,A3 27;
SHE-HULK/JENNIFER WA,A 328;
SHE-HULK/JENNIFER WA,A3 28;
SHE-HULK/JENNIFER WA,A 329;
SHE-HULK/JENNIFER WA,A3 29;
SHE-HULK/JENNIFER WA,A3 3;
SHE-HULK/JENNIFER WA,A 330;
SHE-HULK/JENNIFER WA,A3 30;
SHE-HULK/JENNIFER WA,A 331;
SHE-HULK/JENNIFER WA,A3 31;
SHE-HULK/JENNIFER WA,A 332;
SHE-HULK/JENNIFER WA,A3 32;
SHE-HULK/JENNIFER WA,A 333;
SHE-HULK/JENNIFER WA,A3 34;
SHE-HULK/JENNIFER WA,A3 4;
SHE-HULK/JENNIFER WA,A 340;
SHE-HULK/JENNIFER WA,A3 43;
SHE-HULK/JENNIFER WA,A 345;
SHE-HULK/JENNIFER WA,A 400;
SHE-HULK/JENNIFER WA,AF 100;
SHE-HULK/JENNIFER WA,AF 101;
SHE-HULK/JENNIFER WA,AF 111;
SHE-HULK/JENNIFER WA,AF 61;
SHE-HULK/JENNIFER WA,AF 98;
SHE-HULK/JENNIFER WA,AF 99;
SHE-HULK/JENNIFER WA,ASM 16;
SHE-HULK/JENNIFER WA,ASM 23;
SHE-HULK/JENNIFER WA,ASM 259;
SHE-HULK/JENNIFER WA,ASM 348;
SHE-HULK/JENNIFER WA,AUP 4;
SHE-HULK/JENNIFER WA,AWC 4;
SHE-HULK/JENNIFER WA,AWC 47;
SHE-HULK/JENNIFER WA,AWC 48;
SHE-HULK/JENNIFER WA,AWC 49;
SHE-HULK/JENNIFER WA,AWC 5;
SHE-HULK/JENNIFER WA,AWC 6;
SHE-HULK/JENNIFER WA,AWC 69;
SHE-HULK/JENNIFER WA,AWC 81;
SHE-HULK/JENNIFER WA,BP3 22;
SHE-HULK/JENNIFER WA,BP3 23;
SHE-HULK/JENNIFER WA,CA2 12;
SHE-HULK/JENNIFER WA,CA 289;
SHE-HULK/JENNIFER WA,CA 292;
SHE-HULK/JENNIFER WA,CA 383;
SHE-HULK/JENNIFER WA,CA 400/2;
SHE-HULK/JENNIFER WA,CA 401;
SHE-HULK/JENNIFER WA,CA 408/3;
SHE-HULK/JENNIFER WA,C&D3 9;
SHE-HULK/JENNIFER WA,COC 1;
SHE-HULK/JENNIFER WA,COC 2;
SHE-HULK/JENNIFER WA,COC 3;
SHE-HULK/JENNIFER WA,COH 3;
SHE-HULK/JENNIFER WA,COMET 4;
SHE-HULK/JENNIFER WA,DAMCON 1;
SHE-HULK/JENNIFER WA,DAMCON2 2;
SHE-HULK/JENNIFER WA,DAMCON2 3;
SHE-HULK/JENNIFER WA,DAMCON3 4;
SHE-HULK/JENNIFER WA,DAZZ 14;
SHE-HULK/JENNIFER WA,DAZZ 21;
SHE-HULK/JENNIFER WA,DPOOL3 44;
SHE-HULK/JENNIFER WA,DS 1;
SHE-HULK/JENNIFER WA,DS 2;
SHE-HULK/JENNIFER WA,DS 3;
SHE-HULK/JENNIFER WA,DS 4;
SHE-HULK/JENNIFER WA,FF 18;
SHE-HULK/JENNIFER WA,FF 19;
SHE-HULK/JENNIFER WA,FF 22;
SHE-HULK/JENNIFER WA,FF 254;
SHE-HULK/JENNIFER WA,FF 256;
SHE-HULK/JENNIFER WA,FF 265;
SHE-HULK/JENNIFER WA,FF 266;
SHE-HULK/JENNIFER WA,FF 267;
SHE-HULK/JENNIFER WA,FF 268;
SHE-HULK/JENNIFER WA,FF 269;
SHE-HULK/JENNIFER WA,FF 270;
SHE-HULK/JENNIFER WA,FF 271;
SHE-HULK/JENNIFER WA,FF 272;
SHE-HULK/JENNIFER WA,FF 273;
SHE-HULK/JENNIFER WA,FF 274;
SHE-HULK/JENNIFER WA,FF 275;
SHE-HULK/JENNIFER WA,FF 275/2;
SHE-HULK/JENNIFER WA,FF 276;
SHE-HULK/JENNIFER WA,FF 277;
SHE-HULK/JENNIFER WA,FF 278;
SHE-HULK/JENNIFER WA,FF 279;
SHE-HULK/JENNIFER WA,FF 280;
SHE-HULK/JENNIFER WA,FF 281;
SHE-HULK/JENNIFER WA,FF 282;
SHE-HULK/JENNIFER WA,FF 283;
SHE-HULK/JENNIFER WA,FF 284;
SHE-HULK/JENNIFER WA,FF 285;
SHE-HULK/JENNIFER WA,FF 286;
SHE-HULK/JENNIFER WA,FF 287;
SHE-HULK/JENNIFER WA,FF 288;
SHE-HULK/JENNIFER WA,FF 289;
SHE-HULK/JENNIFER WA,FF 290;
SHE-HULK/JENNIFER WA,FF 291;
SHE-HULK/JENNIFER WA,FF 292;
SHE-HULK/JENNIFER WA,FF 293;
SHE-HULK/JENNIFER WA,FF 295;
SHE-HULK/JENNIFER WA,FF 296;
SHE-HULK/JENNIFER WA,FF 297;
SHE-HULK/JENNIFER WA,FF 298;
SHE-HULK/JENNIFER WA,FF 299;
SHE-HULK/JENNIFER WA,FF 300;
SHE-HULK/JENNIFER WA,FF 321;
SHE-HULK/JENNIFER WA,FF3 22;
SHE-HULK/JENNIFER WA,FF3 23;
SHE-HULK/JENNIFER WA,FF3 27;
SHE-HULK/JENNIFER WA,FF 328;
SHE-HULK/JENNIFER WA,FF 333;
SHE-HULK/JENNIFER WA,FF3 42;
SHE-HULK/JENNIFER WA,FF3 43;
SHE-HULK/JENNIFER WA,FF3 44;
SHE-HULK/JENNIFER WA,FF3 6;
SHE-HULK/JENNIFER WA,FF 367;
SHE-HULK/JENNIFER WA,FF 368;
SHE-HULK/JENNIFER WA,FF 369;
SHE-HULK/JENNIFER WA,FF 370;
SHE-HULK/JENNIFER WA,FF 394;
SHE-HULK/JENNIFER WA,FF 395;
SHE-HULK/JENNIFER WA,FF 400/2;
SHE-HULK/JENNIFER WA,FF 416;
SHE-HULK/JENNIFER WA,FFOR 12;
SHE-HULK/JENNIFER WA,FFOR 13;
SHE-HULK/JENNIFER WA,FFOR 14;
SHE-HULK/JENNIFER WA,FFOR 15;
SHE-HULK/JENNIFER WA,FFOR 16;
SHE-HULK/JENNIFER WA,FFOR 17;
SHE-HULK/JENNIFER WA,FFUP 2;
SHE-HULK/JENNIFER WA,FFVX 1;
SHE-HULK/JENNIFER WA,FFVX 2;
SHE-HULK/JENNIFER WA,FFVX 3;
SHE-HULK/JENNIFER WA,FFVX 4;
SHE-HULK/JENNIFER WA,GENX 59;
SHE-HULK/JENNIFER WA,H '00;
SHE-HULK/JENNIFER WA,H' 00;
SHE-HULK/JENNIFER WA,H 16/2;
SHE-HULK/JENNIFER WA,H2 278;
SHE-HULK/JENNIFER WA,H2 279;
SHE-HULK/JENNIFER WA,H2 281;
SHE-HULK/JENNIFER WA,H2 282;
SHE-HULK/JENNIFER WA,H2 283;
SHE-HULK/JENNIFER WA,H2 284;
SHE-HULK/JENNIFER WA,H2 316;
SHE-HULK/JENNIFER WA,H2 321;
SHE-HULK/JENNIFER WA,H2 323;
SHE-HULK/JENNIFER WA,H2 441;
SHE-HULK/JENNIFER WA,H2 442;
SHE-HULK/JENNIFER WA,H3 11;
SHE-HULK/JENNIFER WA,HFH 12;
SHE-HULK/JENNIFER WA,HFH 13;
SHE-HULK/JENNIFER WA,HFH 14;
SHE-HULK/JENNIFER WA,HFH 15;
SHE-HULK/JENNIFER WA,HFH 16;
SHE-HULK/JENNIFER WA,HFH 17;
SHE-HULK/JENNIFER WA,HFH 19;
SHE-HULK/JENNIFER WA,HFH 8;
SHE-HULK/JENNIFER WA,HFH 9;
SHE-HULK/JENNIFER WA,HFH '98;
SHE-HULK/JENNIFER WA,HR:R 4;
SHE-HULK/JENNIFER WA,IG 2;
SHE-HULK/JENNIFER WA,IG 3;
SHE-HULK/JENNIFER WA,IG 4;
SHE-HULK/JENNIFER WA,IM2 1;
SHE-HULK/JENNIFER WA,IM2 10;
SHE-HULK/JENNIFER WA,IM2 11;
SHE-HULK/JENNIFER WA,IM2 12;
SHE-HULK/JENNIFER WA,IM 273;
SHE-HULK/JENNIFER WA,IM2 8;
SHE-HULK/JENNIFER WA,IMSVS 1/4;
SHE-HULK/JENNIFER WA,IMSVS 2;
SHE-HULK/JENNIFER WA,IW 2;
SHE-HULK/JENNIFER WA,IW 3;
SHE-HULK/JENNIFER WA,IW 4;
SHE-HULK/JENNIFER WA,IW 5;
SHE-HULK/JENNIFER WA,IW 6;
SHE-HULK/JENNIFER WA,LSHOT 4;
SHE-HULK/JENNIFER WA,MAXSEC 3;
SHE-HULK/JENNIFER WA,M/CP 18/3;
SHE-HULK/JENNIFER WA,M/CP 45/2;
SHE-HULK/JENNIFER WA,M:DS 2;
SHE-HULK/JENNIFER WA,M:DS 3;
SHE-HULK/JENNIFER WA,M:DS 4;
SHE-HULK/JENNIFER WA,MEPHVS 1;
SHE-HULK/JENNIFER WA,MEPHVS 4;
SHE-HULK/JENNIFER WA,M/FAN 37/2;
SHE-HULK/JENNIFER WA,M/FAN 48;
SHE-HULK/JENNIFER WA,M/FAN 48/2;
SHE-HULK/JENNIFER WA,M/GN 16;
SHE-HULK/JENNIFER WA,M/GN 17;
SHE-HULK/JENNIFER WA,M/GN 18;
SHE-HULK/JENNIFER WA,MK3 41;
SHE-HULK/JENNIFER WA,M/SH3 5/5;
SHE-HULK/JENNIFER WA,M/SHSW 1;
SHE-HULK/JENNIFER WA,M/SHSW 10;
SHE-HULK/JENNIFER WA,M/SHSW 11;
SHE-HULK/JENNIFER WA,M/SHSW 12;
SHE-HULK/JENNIFER WA,M/SHSW 2;
SHE-HULK/JENNIFER WA,M/SHSW 3;
SHE-HULK/JENNIFER WA,M/SHSW 4;
SHE-HULK/JENNIFER WA,M/SHSW 5;
SHE-HULK/JENNIFER WA,M/SHSW 6;
SHE-HULK/JENNIFER WA,M/SHSW 7;
SHE-HULK/JENNIFER WA,M/SHSW 8;
SHE-HULK/JENNIFER WA,M/TIO 7;
SHE-HULK/JENNIFER WA,M/TIO 88;
SHE-HULK/JENNIFER WA,M/TIO 96;
SHE-HULK/JENNIFER WA,M/TU 107;
SHE-HULK/JENNIFER WA,N 1/3;
SHE-HULK/JENNIFER WA,NF3 26;
SHE-HULK/JENNIFER WA,NFV.S 2;
SHE-HULK/JENNIFER WA,NM 37;
SHE-HULK/JENNIFER WA,NO2 10;
SHE-HULK/JENNIFER WA,NO2 11;
SHE-HULK/JENNIFER WA,NW 1;
SHE-HULK/JENNIFER WA,NW 1/7;
SHE-HULK/JENNIFER WA,NW 1/8;
SHE-HULK/JENNIFER WA,NW2 10;
SHE-HULK/JENNIFER WA,NW 27;
SHE-HULK/JENNIFER WA,PP 23;
SHE-HULK/JENNIFER WA,PP 25;
SHE-HULK/JENNIFER WA,PP 26;
SHE-HULK/JENNIFER WA,PP 28;
SHE-HULK/JENNIFER WA,PPTSS 168;
SHE-HULK/JENNIFER WA,PPTSS 169;
SHE-HULK/JENNIFER WA,PPTSS 170;
SHE-HULK/JENNIFER WA,Q 38;
SHE-HULK/JENNIFER WA,Q 39;
SHE-HULK/JENNIFER WA,Q 40;
SHE-HULK/JENNIFER WA,QP 3;
SHE-HULK/JENNIFER WA,QS 12;
SHE-HULK/JENNIFER WA,S-H 1;
SHE-HULK/JENNIFER WA,S-H 10;
SHE-HULK/JENNIFER WA,S-H 11;
SHE-HULK/JENNIFER WA,S-H 12;
SHE-HULK/JENNIFER WA,S-H 13;
SHE-HULK/JENNIFER WA,S-H 14;
SHE-HULK/JENNIFER WA,S-H 15;
SHE-HULK/JENNIFER WA,S-H 16;
SHE-HULK/JENNIFER WA,S-H 17;
SHE-HULK/JENNIFER WA,S-H 18;
SHE-HULK/JENNIFER WA,S-H 19;
SHE-HULK/JENNIFER WA,S-H 2;
SHE-HULK/JENNIFER WA,S-H 20;
SHE-HULK/JENNIFER WA,S-H 21;
SHE-HULK/JENNIFER WA,S-H2 1;
SHE-HULK/JENNIFER WA,S-H2 10;
SHE-HULK/JENNIFER WA,S-H2 11;
SHE-HULK/JENNIFER WA,S-H2 12;
SHE-HULK/JENNIFER WA,S-H2 13;
SHE-HULK/JENNIFER WA,S-H2 14;
SHE-HULK/JENNIFER WA,S-H2 15;
SHE-HULK/JENNIFER WA,S-H2 16;
SHE-HULK/JENNIFER WA,S-H2 17;
SHE-HULK/JENNIFER WA,S-H2 18;
SHE-HULK/JENNIFER WA,S-H2 19;
SHE-HULK/JENNIFER WA,S-H 22;
SHE-HULK/JENNIFER WA,S-H2 2;
SHE-HULK/JENNIFER WA,S-H2 20;
SHE-HULK/JENNIFER WA,S-H2 21;
SHE-HULK/JENNIFER WA,S-H2 22;
SHE-HULK/JENNIFER WA,S-H2 23;
SHE-HULK/JENNIFER WA,S-H2 24;
SHE-HULK/JENNIFER WA,S-H2 25;
SHE-HULK/JENNIFER WA,S-H2 26;
SHE-HULK/JENNIFER WA,S-H2 27;
SHE-HULK/JENNIFER WA,S-H2 28;
SHE-HULK/JENNIFER WA,S-H2 29;
SHE-HULK/JENNIFER WA,S-H 23;
SHE-HULK/JENNIFER WA,S-H2 3;
SHE-HULK/JENNIFER WA,S-H2 30;
SHE-HULK/JENNIFER WA,S-H2 31;
SHE-HULK/JENNIFER WA,S-H2 32;
SHE-HULK/JENNIFER WA,S-H2 33;
SHE-HULK/JENNIFER WA,S-H2 34;
SHE-HULK/JENNIFER WA,S-H2 35;
SHE-HULK/JENNIFER WA,S-H2 36;
SHE-HULK/JENNIFER WA,S-H2 37;
SHE-HULK/JENNIFER WA,S-H2 38;
SHE-HULK/JENNIFER WA,S-H2 39;
SHE-HULK/JENNIFER WA,S-H 24;
SHE-HULK/JENNIFER WA,S-H2 4;
SHE-HULK/JENNIFER WA,S-H2 40;
SHE-HULK/JENNIFER WA,S-H2 41;
SHE-HULK/JENNIFER WA,S-H2 42;
SHE-HULK/JENNIFER WA,S-H2 43;
SHE-HULK/JENNIFER WA,S-H2 44;
SHE-HULK/JENNIFER WA,S-H2 45;
SHE-HULK/JENNIFER WA,S-H2 46;
SHE-HULK/JENNIFER WA,S-H2 47;
SHE-HULK/JENNIFER WA,S-H2 48;
SHE-HULK/JENNIFER WA,S-H2 49;
SHE-HULK/JENNIFER WA,S-H 25;
SHE-HULK/JENNIFER WA,S-H2 5;
SHE-HULK/JENNIFER WA,S-H2 53;
SHE-HULK/JENNIFER WA,S-H2 6;
SHE-HULK/JENNIFER WA,S-H2 7;
SHE-HULK/JENNIFER WA,S-H2 8;
SHE-HULK/JENNIFER WA,S-H2 9;
SHE-HULK/JENNIFER WA,S-H 3;
SHE-HULK/JENNIFER WA,S-H 4;
SHE-HULK/JENNIFER WA,S-H 5;
SHE-HULK/JENNIFER WA,S-H 6;
SHE-HULK/JENNIFER WA,S-H 7;
SHE-HULK/JENNIFER WA,S-H 8;
SHE-HULK/JENNIFER WA,S-H 9;
SHE-HULK/JENNIFER WA,SOLOA 14/2;
SHE-HULK/JENNIFER WA,SS3 1;
SHE-HULK/JENNIFER WA,SS3 36;
SHE-HULK/JENNIFER WA,SS3 52;
SHE-HULK/JENNIFER WA,SS3 54;
SHE-HULK/JENNIFER WA,SUB-M2 3;
SHE-HULK/JENNIFER WA,SWII 2;
SHE-HULK/JENNIFER WA,SWII 5;
SHE-HULK/JENNIFER WA,SWII 9;
SHE-HULK/JENNIFER WA,T 14;
SHE-HULK/JENNIFER WA,T 334;
SHE-HULK/JENNIFER WA,T 353;
SHE-HULK/JENNIFER WA,T 381;
SHE-HULK/JENNIFER WA,T 390;
SHE-HULK/JENNIFER WA,T 410;
SHE-HULK/JENNIFER WA,T 420;
SHE-HULK/JENNIFER WA,T 421;
SHE-HULK/JENNIFER WA,TB 44;
SHE-HULK/JENNIFER WA,TG 25;
SHE-HULK/JENNIFER WA,TG 36;
SHE-HULK/JENNIFER WA,TG 5;
SHE-HULK/JENNIFER WA,TG 8;
SHE-HULK/JENNIFER WA,TS 16;
SHE-HULK/JENNIFER WA,TS 21;
SHE-HULK/JENNIFER WA,UX 272;
SHE-HULK/JENNIFER WA,UX 7;
SHE-HULK/JENNIFER WA,V&SW 3;
SHE-HULK/JENNIFER WA,W '99/2;
SHE-HULK/JENNIFER WA,WCA 1;
SHE-HULK/JENNIFER WA,WCA 2;
SHE-HULK/JENNIFER WA,WCA2 10;
SHE-HULK/JENNIFER WA,WCA2 31;
SHE-HULK/JENNIFER WA,WIW 8;
SHE-HULK/JENNIFER WA,WM2 13;
SHE-HULK/JENNIFER WA,WM2 14;
SHE-HULK/JENNIFER WA,WOSM 75;
SHE-HULK/JENNIFER WA,XF 32;
SHE-HULK/JENNIFER WA,XF 66;
SHE-HULK/JENNIFER WA,XVSA 1;
SHE-HULK/JENNIFER WA,XVSA 2;
SHE-HULK/JENNIFER WA,XVSA 3;
SHE-HULK/JENNIFER WA,XVSA 4;
SHELDON, PHIL,ASM -1;
SHELDON, PHIL,MARVELS 1;
SHELDON, PHIL,MARVELS 2;
SHELDON, PHIL,MARVELS 3;
SHELDON, PHIL,MARVELS 4;
SHELL/,ASMSS 1/3;
SHELLSHOCK/,CA 319;
SHELLSHOCK/,FF 5;
SHELLSHOCK/,M/TIO 70;
SHELLSHOCK/,M/TIO 96;
SHEPPARD, JOAN ACE,IM 315;
SHERIDAN, FLORENCE,SLEEP 16;
SHERIDAN, FLORENCE,SLEEP 3;
SHERIDAN, FLORENCE,SLEEP 7;
SHERIDAN, LEAH,SLEEP 16;
SHERIDAN, LEAH,SLEEP 3;
SHERIDAN, RICHARD RI,SLEEP 1;
SHERIDAN, RICHARD RI,SLEEP 10;
SHERIDAN, RICHARD RI,SLEEP 11;
SHERIDAN, RICHARD RI,SLEEP 12;
SHERIDAN, RICHARD RI,SLEEP 13;
SHERIDAN, RICHARD RI,SLEEP 14;
SHERIDAN, RICHARD RI,SLEEP 15;
SHERIDAN, RICHARD RI,SLEEP 16;
SHERIDAN, RICHARD RI,SLEEP 17;
SHERIDAN, RICHARD RI,SLEEP 18;
SHERIDAN, RICHARD RI,SLEEP 19;
SHERIDAN, RICHARD RI,SLEEP 2;
SHERIDAN, RICHARD RI,SLEEP 3;
SHERIDAN, RICHARD RI,SLEEP 4;
SHERIDAN, RICHARD RI,SLEEP 5;
SHERIDAN, RICHARD RI,SLEEP 6;
SHERIDAN, RICHARD RI,SLEEP 7;
SHERIDAN, RICHARD RI,SLEEP 8;
SHERIDAN, RICHARD RI,SLEEP 9;
SHERIDAN, RICHARD RI,S-M 22;
SHERIDAN, WILLIAM,SLEEP 16;
SHERIDAN, WILLIAM,SLEEP 3;
SHERIDAN, WILLIAM,SLEEP 7;
SHERMAN, GEN.,C2 91;
SHERMAN, GEN.,C2 92;
SHE-WOLF/PAULETTE BR,CA '98;
SHIFFMAN, MAXIE,AAF 15;
SHIFFMAN, MAXIE,AAF 16;
SHIFFMAN, MAXIE,AAF 17;
SHIFFMAN, MAXIE,AAF 18;
SHIFFMAN, MAXIE,ASM 1;
SHIFFMAN, MAXIE,WOSM 90;
SHIGARU,AWC 75;
SHINAR,XCAL 82;
SHINAR,XF 106;
SHIN,C2 85;
SHIN,C2 89;
SHINCHUKO, LOTUS,DHKF 10/3;
SHINCHUKO, LOTUS,DHKF 13/2;
SHINCHUKO, LOTUS,DHKF 14/2;
SHINCHUKO, LOTUS,DHKF 16/3;
SHINCHUKO, LOTUS,DHKF 17/2;
SHINCHUKO, LOTUS,DHKF 19/2;
SHINCHUKO, LOTUS,DHKF 20/2;
SHINCHUKO, LOTUS,DHKF 22/2;
SHINCHUKO, LOTUS,DHKF 23/2;
SHINCHUKO, LOTUS,DHKF 24/2;
SHINCHUKO, LOTUS,DHKF 26;
SHINCHUKO, LOTUS,DHKF 29/2;
SHINCHUKO, LOTUS,DHKF 30;
SHINCHUKO, LOTUS,DHKF 32/2;
SHINCHUKO, LOTUS,DHKF 8/2;
SHINCHUKO, LOTUS,DHKF 9/2;
SHINCHUKO, LOTUS,M/TU 40;
SHINCHUKO, LOTUS,PM&IF 65;
SHINCHUKO, LOTUS,PM&IF 74;
SHINSKI, PROFESSOR W,A 262;
SHINSKI, PROFESSOR W,A 263;
SHINSKI, PROFESSOR W,CPU 2;
SHINSKI, PROFESSOR W,CPU 2/2;
SHINSKI, PROFESSOR W,FF3 11;
SHINSKI, PROFESSOR W,FF3 12;
SHINSKI, PROFESSOR W,FF3 3;
SHINSKI, PROFESSOR W,FF3 4;
SHINSKI, PROFESSOR W,FF3 5;
SHINSKI, PROFESSOR W,FF 66;
SHINSKI, PROFESSOR W,FF 67;
SHINSKI, PROFESSOR W,H 6;
SHINSKI, PROFESSOR W,Q 57;
SHINSKI, PROFESSOR W,SMTU 7;
SHINSKI, PROFESSOR W,XF 3/3;
SHIP,GR3 9;
SHIP,M/CP 85/3;
SHIP,NM 74;
SHIP,NM 89;
SHIPPINSKY, MALIK,IF3 1;
SHIPPINSKY, MALIK,IF3 2;
SHIPPINSKY, MALIK,IF3 3;
SHIP,S-H2 29;
SHIP,S-H2 30;
SHIP,UX 14;
SHIP,UX 243;
SHIP,UX 264;
SHIP,XF 34;
SHIP,XF 5;
SHIP,XF 54;
SHIP,XF 55;
SHIP,XF 56;
SHIP,XF 57;
SHIP,XF 59;
SHIP,XF 60;
SHIP,XF 63;
SHIP,XF 65;
SHIP,XF 66;
SHIP,XF 67;
SHIP,XF 68;
SHIP,XF:PL;
SHIP,XSOS 2;
SHIRE, DR. RANDALL,C2 79;
SHIRE, DR. RANDALL,C2 80;
SHIRE, DR. RANDALL,C2 81;
SHIRE, DR. RANDALL,C2 82;
SHIRE, DR. RANDALL,C2 83;
SHIRE, DR. RANDALL,C2 84;
SHIVA,W2 50;
SHIVER MAN,W2 163;
SHIVER MAN,W2 165;
SHOCKER/HERMAN SCHUL,A 228;
SHOCKER/HERMAN SCHUL,A 229;
SHOCKER/HERMAN SCHUL,ASM 151;
SHOCKER/HERMAN SCHUL,ASM 152;
SHOCKER/HERMAN SCHUL,ASM 335;
SHOCKER/HERMAN SCHUL,ASM 364;
SHOCKER/HERMAN SCHUL,ASM 46;
SHOCKER/HERMAN SCHUL,ASM 72;
SHOCKER/HERMAN SCHUL,ASMU 12;
SHOCKER/HERMAN SCHUL,ASMU 9;
SHOCKER/HERMAN SCHUL,DEF 64;
SHOCKER/HERMAN SCHUL,DFSM 1;
SHOCKER/HERMAN SCHUL,DFSM 2;
SHOCKER/HERMAN SCHUL,DFSM 3;
SHOCKER/HERMAN SCHUL,FF 334;
SHOCKER/HERMAN SCHUL,IM3 42;
SHOCKER/HERMAN SCHUL,M/CP 97/4;
SHOCKER/HERMAN SCHUL,PPTSS 157;
SHOCKER/HERMAN SCHUL,PPTSS 160;
SHOCKER/HERMAN SCHUL,S-M 82;
SHOCKER/HERMAN SCHUL,S-M 83;
SHOCKER/HERMAN SCHUL,S-M 85;
SHOCKER/HERMAN SCHUL,S-M 86;
SHOCKER/HERMAN SCHUL,S-M 87;
SHOCKER/HERMAN SCHUL,S-M 91;
SHOCKER/HERMAN SCHUL,WOSM 10;
SHOCKWAVE/LANCASTER,HFH 4;
SHOCKWAVE/LANCASTER,MOKF 42;
SHOCKWAVE/LANCASTER,MOKF 43;
SHOCKWAVE/LANCASTER,MOKF 44;
SHOCKWAVE/LANCASTER,MOKF 45;
SHOCKWAVE/LANCASTER,MOKF 72;
SHOCKWAVE/LANCASTER,MOKF 73;
SHOCKWAVE/LANCASTER,MOKF 74;
SHOCKWAVE/LANCASTER,MOKF 75;
SHOCKWAVE/LANCASTER,S-M 81;
SHOCKWAVE/LANCASTER,TB 24;
SHOCKWAVE/LANCASTER,TB 25;
SHOCKWAVE/LANCASTER,TB 33;
SHOCKWAVE/LANCASTER,WCA2 11;
SHOCKWAVE ROBOT,MOKF 60;
SHOC/NEIL AIKEN,ASM 423;
SHOC/NEIL AIKEN,S-M 76;
SHOC/NEIL AIKEN,S-M 79;
SHOC/NEIL AIKEN,S-M 80;
SHOC/NEIL AIKEN,S-M 90;
SHOOTER, JIM,M-T2 11;
SHOOTER, JIM,M/TU 137;
SHOOTER, JIM,UX 7;
SHOOTING STAR,H2 265;
SHOOTING STAR,H2 279;
SHOOTING STAR,M/CP 45/4;
SHOOTING STAR,SOLOA 18;
SHOOTING STAR,WCA2 8;
SHOOTING STAR,WCA2 9;
SHORR, JACQUELINE,H2 388;
SHORR, JACQUELINE,H2 391;
SHORR, JACQUELINE,H2 395;
SHORR, JACQUELINE,H2 396;
SHORR, JACQUELINE,H2 397;
SHORR, JACQUELINE,H2 398;
SHORR, JACQUELINE,H2 399;
SHORT CIRCUIT/HENRY,XFOR 79;
SHORT CIRCUIT/HENRY,XFOR 80;
SHOT/,ASMSS 1/3;
SHOTGUN III/,ASM 432;
SHOTGUN III/,PPTSS 255;
SHOTGUN III/,S-M 89;
SHOTGUN II/WALKER,PWZ 1;
SHOTGUN II/WALKER,PWZ 2;
SHOTGUN II/WALKER,PWZ 3;
SHOTGUN II/WALKER,PWZ 4;
SHOTGUN II/WALKER,PWZ 5;
SHOTGUN II/WALKER,PWZ 6;
SHOTGUN/ZEKE SALLING,UX 261;
SHOTGUN/ZEKE SALLING,W2 5;
SHREEVE,PM&IF 51;
SHREW/MARILYN MAYCRO,XF 80;
SHREW/MARILYN MAYCRO,XF 81;
SHREW/MARILYN MAYCRO,XF 82;
SHRIEK/SANDRA DEEL/F,ASM 378;
SHRIEK/SANDRA DEEL/F,ASM 379;
SHRIEK/SANDRA DEEL/F,ASM 380;
SHRIEK/SANDRA DEEL/F,ASM 391;
SHRIEK/SANDRA DEEL/F,ASM 392;
SHRIEK/SANDRA DEEL/F,ASM 393;
SHRIEK/SANDRA DEEL/F,ASM 403;
SHRIEK/SANDRA DEEL/F,ASMU 1;
SHRIEK/SANDRA DEEL/F,PPTSS 201;
SHRIEK/SANDRA DEEL/F,PPTSS 202;
SHRIEK/SANDRA DEEL/F,PPTSS 203;
SHRIEK/SANDRA DEEL/F,PPTSS 223;
SHRIEK/SANDRA DEEL/F,SM 35;
SHRIEK/SANDRA DEEL/F,SM 36;
SHRIEK/SANDRA DEEL/F,SM 37;
SHRIEK/SANDRA DEEL/F,WOSM 101;
SHRIEK/SANDRA DEEL/F,WOSM 102;
SHRIEK/SANDRA DEEL/F,WOSM 103;
SHRIEK/SANDRA DEEL/F,WOSM 117;
SHRILL/,XCAL 83;
SHRILL/,XCAL 84;
SHRILL/,XCAL 85;
SHRINE,XCAL 90;
SHROUD/MAXIMILLIAN Q,A 240;
SHROUD/MAXIMILLIAN Q,A 241;
SHROUD/MAXIMILLIAN Q,A 276;
SHROUD/MAXIMILLIAN Q,CA 330;
SHROUD/MAXIMILLIAN Q,CA 331;
SHROUD/MAXIMILLIAN Q,COC 1;
SHROUD/MAXIMILLIAN Q,DRSTR2 67;
SHROUD/MAXIMILLIAN Q,M/CP 54/4;
SHROUD/MAXIMILLIAN Q,M/CP 87/4;
SHROUD/MAXIMILLIAN Q,M/PRV 21/2;
SHROUD/MAXIMILLIAN Q,M/SH3 7/3;
SHROUD/MAXIMILLIAN Q,M/TU 93;
SHROUD/MAXIMILLIAN Q,M/TU 94;
SHROUD/MAXIMILLIAN Q,PPTSS 14/3;
SHROUD/MAXIMILLIAN Q,SOLOA 3/2;
SHROUD/MAXIMILLIAN Q,SOLOA 9;
SHROUD/MAXIMILLIAN Q,SVTU 10;
SHROUD/MAXIMILLIAN Q,SVTU 11;
SHROUD/MAXIMILLIAN Q,SVTU 12;
SHROUD/MAXIMILLIAN Q,SVTU 5;
SHROUD/MAXIMILLIAN Q,SVTU 6;
SHROUD/MAXIMILLIAN Q,SVTU 7;
SHROUD/MAXIMILLIAN Q,SVTU 8;
SHROUD/MAXIMILLIAN Q,SVTU 9;
SHROUD/MAXIMILLIAN Q,S-W 13;
SHROUD/MAXIMILLIAN Q,S-W 14;
SHROUD/MAXIMILLIAN Q,S-W 15;
SHROUD/MAXIMILLIAN Q,S-W 50;
SHROUD/MAXIMILLIAN Q,WCA 1;
SHROUD/MAXIMILLIAN Q,WCA2 29;
SHROUD/MAXIMILLIAN Q,WCA2 40;
SHROUD/MAXIMILLIAN Q,WCA 3;
SHROUD/MAXIMILLIAN Q,WCA 4;
SHULK,ABOM 2;
SHULK,ABOM 3;
SHUMA-GORATH,M/PRM 10;
SHUMA-GORATH,M/PRM 6;
SHUMA-GORATH,M/PRM 9;
SHYM'R,CM4 4;
SIBERCAT/,IM3 10;
SIBERCAT/,IM3 9;
SIBERION,DHAWK 16;
SIBERION,DHAWK 17;
SIBERION,DHAWK 18;
SICKLE,FW 7;
SICKLE II/,MAV2 1;
SICKLE II/,MAV2 10;
SICKLE II/,MAV2 11;
SICKLE II/,MAV2 12;
SICKLE II/,MAV2 2;
SICKLE II/,MAV2 3;
SICKLE II/,MAV2 8;
SICKLE,IM 312;
SIDEWINDER/SETH VOEL,CA 10/2;
SIDEWINDER/SETH VOEL,CA 10/3;
SIDEWINDER/SETH VOEL,CA 308;
SIDEWINDER/SETH VOEL,CA 309;
SIDEWINDER/SETH VOEL,CA 310;
SIDEWINDER/SETH VOEL,CA 311;
SIDEWINDER/SETH VOEL,CA 313;
SIDEWINDER/SETH VOEL,CA 315;
SIDEWINDER/SETH VOEL,CA 319;
SIDEWINDER/SETH VOEL,CA 338;
SIDEWINDER/SETH VOEL,CA 341;
SIDEWINDER/SETH VOEL,CA 342;
SIDEWINDER/SETH VOEL,CA 345;
SIDEWINDER/SETH VOEL,CA 380;
SIDEWINDER/SETH VOEL,CA 381;
SIDEWINDER/SETH VOEL,IF3 1;
SIDEWINDER/SETH VOEL,M/TIO 64;
SIDEWINDER/SETH VOEL,M/TIO 65;
SIDEWINDER/SETH VOEL,M/TIO 66;
SIDEWINDER/SETH VOEL,UX 13;
SIEGE/JOHN KELLY,DD 330;
SIEGEL, DR. AVRAM,H:PL 1;
SIEGEL, DR. AVRAM,H:PL 4;
SIEGEL, DR. AVRAM,H:PL 7;
SIEGEL, DR. AVRAM,H:PL 8;
SIEGEL, DR. AVRAM,H:PL 9;
SIF,A 105;
SIFFROR,MGK2 3;
SIF,H2 279;
SIF,IG 2;
SIF,JIM -1;
SIF,JIM 102/2;
SIF,JIM 503;
SIF,JIM 504;
SIF,JIM 505;
SIF,JIM 508;
SIF,JIM 509;
SIF,JIM 510;
SIF,JIM 511;
SIF,JIM 512;
SIF,JIM 513;
SIF,M/GN 30;
SIF,M/GN 33;
SIF,M/SH3 5;
SIF,PP 15;
SIF,SS 4;
SIF,T '00;
SIF,T 10;
SIF,T 136;
SIF,T 137;
SIF,T 138;
SIF,T 139;
SIF,T 140;
SIF,T 142;
SIF,T 143;
SIF,T 144;
SIF,T 145;
SIF,T 146;
SIF,T 147;
SIF,T 148;
SIF,T 149;
SIF,T 150;
SIF,T 151;
SIF,T 152;
SIF,T 153;
SIF,T 154;
SIF,T 155;
SIF,T 156;
SIF,T 157;
SIF,T 158;
SIF,T 160;
SIF,T 163;
SIF,T 164;
SIF,T 165;
SIF,T 166;
SIF,T 167;
SIF,T 175;
SIF,T 176;
SIF,T 177;
SIF,T 178;
SIF,T 179;
SIF,T 180;
SIF,T 181;
SIF,T 182;
SIF,T 183;
SIF,T 184;
SIF,T 185;
SIF,T 186;
SIF,T 187;
SIF,T 188;
SIF,T 189;
SIF,T 190;
SIF,T 191;
SIF,T 192;
SIF,T 193;
SIF,T 194;
SIF,T 195;
SIF,T 196;
SIF,T 197;
SIF,T 198;
SIF,T 199;
SIF,T 201;
SIF,T 202;
SIF,T 203;
SIF,T 204;
SIF,T 205;
SIF,T 206;
SIF,T 207;
SIF,T 208;
SIF,T 209;
SIF,T2 1;
SIF,T 210;
SIF,T2 10;
SIF,T2 11;
SIF,T2 12;
SIF,T2 13;
SIF,T 214;
SIF,T 215;
SIF,T 216;
SIF,T2 16;
SIF,T 217;
SIF,T 218;
SIF,T 219;
SIF,T 220;
SIF,T2 20;
SIF,T 221;
SIF,T2 21;
SIF,T 222;
SIF,T 223;
SIF,T 225;
SIF,T2 26;
SIF,T 227;
SIF,T 228;
SIF,T2 28;
SIF,T 229;
SIF,T2 29;
SIF,T 230;
SIF,T2 30;
SIF,T 231;
SIF,T2 31;
SIF,T 232;
SIF,T2 32;
SIF,T2 33;
SIF,T 234;
SIF,T2 34;
SIF,T 235;
SIF,T2 35;
SIF,T 236;
SIF,T2 36;
SIF,T2 37;
SIF,T2 38;
SIF,T 249;
SIF,T 250;
SIF,T 251;
SIF,T 252;
SIF,T 255;
SIF,T 256;
SIF,T 257;
SIF,T 258;
SIF,T 259;
SIF,T 260;
SIF,T 261;
SIF,T 262;
SIF,T 263;
SIF,T 264;
SIF,T 265;
SIF,T 266;
SIF,T 267;
SIF,T 274;
SIF,T 275;
SIF,T 276;
SIF,T 277;
SIF,T 278;
SIF,T 286;
SIF,T 287;
SIF,T 288;
SIF,T 289;
SIF,T 291;
SIF,T 300;
SIF,T 301;
SIF,T 302;
SIF,T 312;
SIF,T 313;
SIF,T 326/2;
SIF,T 327;
SIF,T 328;
SIF,T 329;
SIF,T 330;
SIF,T 331;
SIF,T 332;
SIF,T 333;
SIF,T 334;
SIF,T 335;
SIF,T 336;
SIF,T 336/2;
SIF,T 337;
SIF,T 338;
SIF,T 339;
SIF,T 340;
SIF,T 350;
SIF,T 351;
SIF,T 352;
SIF,T 354;
SIF,T 355;
SIF,T 357;
SIF,T 358;
SIF,T 359;
SIF,T 360;
SIF,T 361;
SIF,T 364;
SIF,T 366;
SIF,T 367;
SIF,T 371;
SIF,T 372;
SIF,T 376;
SIF,T 377;
SIF,T 378;
SIF,T 379;
SIF,T 396;
SIF,T 397;
SIF,T 398;
SIF,T 399;
SIF,T 400;
SIF,T 405;
SIF,T 417;
SIF,T 417/2;
SIF,T 418/2;
SIF,T 423;
SIF,T 425;
SIF,T 426;
SIF,T 434;
SIF,T 435;
SIF,T 437/2;
SIF,T 438/2;
SIF,T 439/2;
SIF,T 440/2;
SIF,T 441/2;
SIF,T 442/2;
SIF,T 447/2;
SIF,T 448/2;
SIF,T 449/2;
SIF,T 450/2;
SIF,T 451;
SIF,T 452;
SIF,T 453;
SIF,T 454;
SIF,T 455;
SIF,T 456;
SIF,T 477;
SIF,T 478;
SIF,T 479;
SIF,T 480;
SIF,T 482;
SIF,T 483;
SIF,T 484;
SIF,T 485;
SIF,T 486;
SIF,T 487;
SIF,T 488;
SIF,T 489;
SIF,T 490;
SIF,T 492;
SIF,T 7;
SIF,T 9;
SIF,TS 15;
SIF,TS 18/2;
SIF,WCA2 41;
SIGMAR,E 17;
SIGMAR,E 18;
SIGMAR,E 19;
SIGN/,GENX 53;
SIGN/,GENX 54;
SIGYN,T 19;
SIGYN,T 275;
SIGYN,T 276;
SIGYN,T 277;
SIGYN,T 278;
SIGYN,T 301;
SIGYN,T 302;
SIGYN,T 307/2;
SIGYN,T 313;
SIGYN,T 321;
SIGYN,T 479;
SIGYN,T 483;
SIGYN,T 484;
SIGYN,T 9;
SIINGARD,H2 422;
SIINGARD,H2 423;
SIKORSKY,A 350;
SIKORSKY,A 351;
SIKORSKY,CX 14;
SIKORSKY,GAL 5;
SIKORSKY,NM 19;
SIKORSKY,NM 50;
SIKORSKY,NM 51;
SIKORSKY, RAYMOND,A 13;
SIKORSKY, RAYMOND,A 15;
SIKORSKY, RAYMOND,A 235;
SIKORSKY, RAYMOND,A 237;
SIKORSKY, RAYMOND,A 243;
SIKORSKY, RAYMOND,A 255;
SIKORSKY, RAYMOND,A 258;
SIKORSKY, RAYMOND,A 263;
SIKORSKY, RAYMOND,A 326;
SIKORSKY, RAYMOND,A 327;
SIKORSKY, RAYMOND,A 332;
SIKORSKY, RAYMOND,ASM 270;
SIKORSKY, RAYMOND,CA 344;
SIKORSKY, RAYMOND,CA 347;
SIKORSKY, RAYMOND,CA 348;
SIKORSKY, RAYMOND,CA 350;
SIKORSKY, RAYMOND,CA 351;
SIKORSKY, RAYMOND,CA 352;
SIKORSKY, RAYMOND,CA 354;
SIKORSKY, RAYMOND,CA 355;
SIKORSKY, RAYMOND,P:NE;
SIKORSKY, RAYMOND,SSS 1;
SIKORSKY, RAYMOND,TB 21;
SIKORSKY, RAYMOND,V&SW2 1;
SIKORSKY, RAYMOND,V&SW2 7;
SIKORSKY, RAYMOND,WCA2 44;
SIKORSKY,SEX 1;
SIKORSKY,UX 156;
SIKORSKY,UX 157;
SIKORSKY,UX 158;
SIKORSKY,UX 161;
SIKORSKY,UX 167;
SIKORSKY,UX 175;
SIKORSKY,UX 200;
SIKORSKY,W2 138;
SIKORSKY,XCAL 116;
SIKORSKY,XF 50;
SILENCE/,PWZ 10;
SILENCE/,PWZ 8;
SILENCE/,PWZ 9;
SILENCER,S-M '98;
SILENT ONE,T '01;
SILENT ONE,T 184;
SILENT ONE,T 185;
SILENT ONE,T 186;
SILHOUETTE,A 341;
SILHOUETTE,A 342;
SILHOUETTE,ASM 357;
SILHOUETTE,FF 367;
SILHOUETTE,FF 368;
SILHOUETTE,IW 1;
SILHOUETTE,IW 2;
SILHOUETTE,NT 1;
SILHOUETTE,NT2 11;
SILHOUETTE,NT2 12;
SILHOUETTE,NT2 14;
SILHOUETTE,NT2 15;
SILHOUETTE,NT 3;
SILHOUETTE,NT 4;
SILHOUETTE,NW 1;
SILHOUETTE,NW 10;
SILHOUETTE,NW 14;
SILHOUETTE,NW 15;
SILHOUETTE,NW 16;
SILHOUETTE,NW 17;
SILHOUETTE,NW 18;
SILHOUETTE,NW 19;
SILHOUETTE,NW 2;
SILHOUETTE,NW 20;
SILHOUETTE,NW 21;
SILHOUETTE,NW 22;
SILHOUETTE,NW 23;
SILHOUETTE,NW 24;
SILHOUETTE,NW 2/5;
SILHOUETTE,NW 25;
SILHOUETTE,NW 26;
SILHOUETTE,NW 27;
SILHOUETTE,NW 28;
SILHOUETTE,NW 29;
SILHOUETTE,NW 3;
SILHOUETTE,NW 30;
SILHOUETTE,NW 47;
SILHOUETTE,NW 50;
SILHOUETTE,NW 51;
SILHOUETTE,NW 7;
SILHOUETTE,NW 8;
SILHOUETTE,NW 9;
SILHOUETTE,PPTSS 12;
SILHOUETTE,UX 15;
SILHOUETTE,WOSM 8;
SILHOUETTE,XF 6;
SILICON/GERALD SIMMS,CA '00/2;
SILVANI, VITTORIO,IM3 1;
SILVANI, VITTORIO,IM '99;
SILVER,AF 84;
SILVER,AF 85;
SILVER,AF 86;
SILVER,AF 87;
SILVER,AF 88;
SILVER,AF 89;
SILVER,AF 90;
SILVER,ASM 26;
SILVERCLAW/LA GARRA,A3 26;
SILVERCLAW/LA GARRA,A3 27;
SILVERCLAW/LA GARRA,A3 28;
SILVERCLAW/LA GARRA,A3 29;
SILVERCLAW/LA GARRA,A3 30;
SILVERCLAW/LA GARRA,A3 39;
SILVERCLAW/LA GARRA,A3 40;
SILVERCLAW/LA GARRA,A3 43;
SILVERCLAW/LA GARRA,A3 8;
SILVERCLAW/LA GARRA,A3 9;
SILVERCLAW/LA GARRA,MAXSEC 3;
SILVERCLOUD, SAM,GR2 1;
SILVERCLOUD, SAM,GR2 2;
SILVER DAGGER/ISAIAH,DRSTR2 1;
SILVER DAGGER/ISAIAH,DRSTR2 2;
SILVER DAGGER/ISAIAH,DRSTR2 4;
SILVER DAGGER/ISAIAH,DRSTR2 5;
SILVER DAGGER/ISAIAH,DRSTR3 32;
SILVER DAGGER/ISAIAH,DRSTR3 7;
SILVER DAGGER/ISAIAH,M/CP 54/2;
SILVER DAGGER/ISAIAH,M/CP 55/2;
SILVER DAGGER/ISAIAH,M/CP 56/2;
SILVER DAGGER/ISAIAH,M/CP 57/2;
SILVER DAGGER/ISAIAH,M/CP 58/2;
SILVER DAGGER/ISAIAH,M/CP 59/2;
SILVER DAGGER/ISAIAH,M/TU 76;
SILVER DAGGER/ISAIAH,M/TU 77;
SILVER DAGGER/ISAIAH,OE 2;
SILVER FOX/BAYAN,DRSTR2 43;
SILVER FOX/BAYAN,DRSTR2 44;
SILVER FOX II/ZORA D,W2 50;
SILVER FOX II/ZORA D,W2 56;
SILVER FOX II/ZORA D,W2 57;
SILVER FOX II/ZORA D,W2 62;
SILVER FOX II/ZORA D,W2 63;
SILVER FOX II/ZORA D,W2 65;
SILVER II,TB 8;
SILVERMANE/SILVIO MA,A3 31;
SILVERMANE/SILVIO MA,ASM 177;
SILVERMANE/SILVIO MA,ASM 178;
SILVERMANE/SILVIO MA,ASM 179;
SILVERMANE/SILVIO MA,ASM 180;
SILVERMANE/SILVIO MA,ASM 284;
SILVERMANE/SILVIO MA,ASM 73;
SILVERMANE/SILVIO MA,ASM 74;
SILVERMANE/SILVIO MA,ASM 75;
SILVERMANE/SILVIO MA,DD 120;
SILVERMANE/SILVIO MA,DD 121;
SILVERMANE/SILVIO MA,DD 122;
SILVERMANE/SILVIO MA,DD 123;
SILVERMANE/SILVIO MA,DD 307;
SILVERMANE/SILVIO MA,DD 308;
SILVERMANE/SILVIO MA,DLOK2 6;
SILVERMANE/SILVIO MA,DLOK2 7;
SILVERMANE/SILVIO MA,NW2 4;
SILVERMANE/SILVIO MA,PPTSS 2;
SILVERMANE/SILVIO MA,PPTSS 69;
SILVERMANE/SILVIO MA,PPTSS 70;
SILVERMANE/SILVIO MA,PPTSS 93;
SILVERMANE/SILVIO MA,PPTSS 94;
SILVERMANE/SILVIO MA,PPTSS 95;
SILVERMANE/SILVIO MA,PPTSS 96;
SILVERMANE/SILVIO MA,PWJ 45;
SILVERMANE/SILVIO MA,PWJ 46;
SILVERMANE/SILVIO MA,S-M 73;
SILVERMANE/SILVIO MA,S-M 74;
SILVERMANE/SILVIO MA,S-M 94;
SILVERMANE/SILVIO MA,SMMM;
SILVERMANE/SILVIO MA,W2 164;
SILVERMANE/SILVIO MA,WOSM 80;
SILVER SABLE,ASM '00/2;
SILVER SABLE,ASM 25/3;
SILVER SABLE,ASM 265;
SILVER SABLE,ASM 279;
SILVER SABLE,ASM 280;
SILVER SABLE,ASM 281;
SILVER SABLE,ASM 301;
SILVER SABLE,ASM 302;
SILVER SABLE,ASM 303;
SILVER SABLE,ASM 320;
SILVER SABLE,ASM 321;
SILVER SABLE,ASM 322;
SILVER SABLE,ASM 323;
SILVER SABLE,ASM 324;
SILVER SABLE,ASM 325;
SILVER SABLE,ASM 345;
SILVER SABLE,ASM 375;
SILVER SABLE,ASM 407;
SILVER SABLE,ASMU 16;
SILVER SABLE,CAGE 15;
SILVER SABLE,CAGE 16;
SILVER SABLE,DLOK2 18;
SILVER SABLE,DLOK2 19;
SILVER SABLE,FF 372;
SILVER SABLE,FF 373;
SILVER SABLE,FF 377;
SILVER SABLE,FF 378;
SILVER SABLE,FF 400/2;
SILVER SABLE,FFU 11/2;
SILVER SABLE,HFH 10;
SILVER SABLE,HFH 11;
SILVER SABLE,M/CP 53/4;
SILVER SABLE,MK3 15;
SILVER SABLE,MK3 16;
SILVER SABLE,M/TU2 3;
SILVER SABLE,PPTSS 10/2;
SILVER SABLE,PPTSS 11/2;
SILVER SABLE,PPTSS 128;
SILVER SABLE,PPTSS 129;
SILVER SABLE,SENSM 26;
SILVER SABLE,SOLOA 3;
SILVER SABLE,SOLOA 4;
SILVER SABLE,SOLOA 5;
SILVER SABLE,SOLOA 6;
SILVER SABLE,SOLOA 7;
SILVER SABLE,SSWP 1;
SILVER SABLE,SSWP 10;
SILVER SABLE,SSWP 11;
SILVER SABLE,SSWP 12;
SILVER SABLE,SSWP 13;
SILVER SABLE,SSWP 14;
SILVER SABLE,SSWP 15;
SILVER SABLE,SSWP 16;
SILVER SABLE,SSWP 17;
SILVER SABLE,SSWP 18;
SILVER SABLE,SSWP 19;
SILVER SABLE,SSWP 2;
SILVER SABLE,SSWP 20;
SILVER SABLE,SSWP 21;
SILVER SABLE,SSWP 22;
SILVER SABLE,SSWP 23;
SILVER SABLE,SSWP 24;
SILVER SABLE,SSWP 25;
SILVER SABLE,SSWP 26;
SILVER SABLE,SSWP 27;
SILVER SABLE,SSWP 28;
SILVER SABLE,SSWP 3;
SILVER SABLE,SSWP 4;
SILVER SABLE,SSWP 5;
SILVER SABLE,SSWP 6;
SILVER SABLE,SSWP 7;
SILVER SABLE,SSWP 8;
SILVER SABLE,SSWP 9;
SILVER SABLE,T 16/4;
SILVER SABLE,TER 11;
SILVER SABLE,TER 12;
SILVER SABLE,WOSM 50;
SILVER SABLE,WOSM 5/3;
SILVER SABLE,WOSM 71;
SILVER SABLE,WOSM 72;
SILVER SABLE,WOSM 7/6;
SILVER SABLE,XCAL 36;
SILVER SAMURAI/KENYU,AF2 17;
SILVER SAMURAI/KENYU,C 2;
SILVER SAMURAI/KENYU,DD 111;
SILVER SAMURAI/KENYU,ELEK 15;
SILVER SAMURAI/KENYU,M/TU 57;
SILVER SAMURAI/KENYU,M/TU 74;
SILVER SAMURAI/KENYU,M/TU 83;
SILVER SAMURAI/KENYU,M/TU 84;
SILVER SAMURAI/KENYU,M/TU 85;
SILVER SAMURAI/KENYU,NM 5;
SILVER SAMURAI/KENYU,NM 54;
SILVER SAMURAI/KENYU,NM 6;
SILVER SAMURAI/KENYU,S&BH6 1;
SILVER SAMURAI/KENYU,S&BH6 2;
SILVER SAMURAI/KENYU,S&BH6 3;
SILVER SAMURAI/KENYU,SW2 7;
SILVER SAMURAI/KENYU,S-W 42;
SILVER SAMURAI/KENYU,S-W 43;
SILVER SAMURAI/KENYU,TB 25;
SILVER SAMURAI/KENYU,UX 172;
SILVER SAMURAI/KENYU,UX 173;
SILVER SAMURAI/KENYU,UX 174;
SILVER SAMURAI/KENYU,W2 150;
SILVER SAMURAI/KENYU,W2 151;
SILVER SAMURAI/KENYU,W2 152;
SILVER SAMURAI/KENYU,W2 153;
SILVER SAMURAI/KENYU,W2 2;
SILVER SAMURAI/KENYU,W2 3;
SILVER SAMURAI/KENYU,W2 56;
SILVER SAMURAI/KENYU,W2 57;
SILVER SAMURAI/KENYU,W2 82;
SILVER SAMURAI/KENYU,XU 24;
SILVER SCORPION/ELIS,COMEDY COMICS 9;
SILVER SCORPION/ELIS,CV 1;
SILVER SCORPION/ELIS,CV 2;
SILVER SCORPION/ELIS,CV 3;
SILVER SCORPION/ELIS,DARING MYSTERY COMIC;
SILVER SCORPION/ELIS,TB 39;
SILVER SCORPION/ELIS,TB 40;
SILVER SCORPION/ELIS,TB 46;
SILVER SCORPION/ELIS,TB 47;
SILVER SCORPION/ELIS,TB 49;
SILVER SURFER DOPPEL,IW 6;
SILVER SURFER IMPOST,M/GN 1;
SILVER SURFER IMPOST,SS3 11;
SILVER SURFER IMPOST,SS3 13;
SILVER SURFER IMPOST,SS3 14;
SILVER SURFER | MUTA,MX 14;
SILVER SURFER | MUTA,MX 17;
SILVER SURFER/NORRIN,A 11;
SILVER SURFER/NORRIN,A 116;
SILVER SURFER/NORRIN,A 117;
SILVER SURFER/NORRIN,A 118;
SILVER SURFER/NORRIN,A 135;
SILVER SURFER/NORRIN,A 157;
SILVER SURFER/NORRIN,A 16;
SILVER SURFER/NORRIN,A 168;
SILVER SURFER/NORRIN,A 215;
SILVER SURFER/NORRIN,A 216;
SILVER SURFER/NORRIN,A 266;
SILVER SURFER/NORRIN,ASM 430;
SILVER SURFER/NORRIN,ASM 431;
SILVER SURFER/NORRIN,CM5 10;
SILVER SURFER/NORRIN,CM5 11;
SILVER SURFER/NORRIN,CM5 8;
SILVER SURFER/NORRIN,CM5 9;
SILVER SURFER/NORRIN,COH 2;
SILVER SURFER/NORRIN,CPU 1;
SILVER SURFER/NORRIN,CPU 2/2;
SILVER SURFER/NORRIN,CPU 3/2;
SILVER SURFER/NORRIN,DAMCON3 3;
SILVER SURFER/NORRIN,DAMCON3 4;
SILVER SURFER/NORRIN,DD 381;
SILVER SURFER/NORRIN,DD 382;
SILVER SURFER/NORRIN,DEF 10;
SILVER SURFER/NORRIN,DEF 100;
SILVER SURFER/NORRIN,DEF 101;
SILVER SURFER/NORRIN,DEF 107;
SILVER SURFER/NORRIN,DEF 11;
SILVER SURFER/NORRIN,DEF 112;
SILVER SURFER/NORRIN,DEF 113;
SILVER SURFER/NORRIN,DEF 114;
SILVER SURFER/NORRIN,DEF 115;
SILVER SURFER/NORRIN,DEF 122;
SILVER SURFER/NORRIN,DEF 123;
SILVER SURFER/NORRIN,DEF 124;
SILVER SURFER/NORRIN,DEF 125;
SILVER SURFER/NORRIN,DEF 2;
SILVER SURFER/NORRIN,DEF2 1;
SILVER SURFER/NORRIN,DEF2 2;
SILVER SURFER/NORRIN,DEF2 3;
SILVER SURFER/NORRIN,DEF2 4;
SILVER SURFER/NORRIN,DEF2 5;
SILVER SURFER/NORRIN,DEF 3;
SILVER SURFER/NORRIN,DEF 6;
SILVER SURFER/NORRIN,DEF 8;
SILVER SURFER/NORRIN,DEF 8/2;
SILVER SURFER/NORRIN,DEF 9;
SILVER SURFER/NORRIN,DEF 92;
SILVER SURFER/NORRIN,DEF 98;
SILVER SURFER/NORRIN,DEF 99;
SILVER SURFER/NORRIN,DRSTR3 31;
SILVER SURFER/NORRIN,DRSTR3 32;
SILVER SURFER/NORRIN,DRSTR3 42;
SILVER SURFER/NORRIN,DRSTR3 43;
SILVER SURFER/NORRIN,DRSTR3 44;
SILVER SURFER/NORRIN,DRSTR3 45;
SILVER SURFER/NORRIN,DRSTR3 50;
SILVER SURFER/NORRIN,EPICI 1;
SILVER SURFER/NORRIN,FF 121;
SILVER SURFER/NORRIN,FF 122;
SILVER SURFER/NORRIN,FF 123;
SILVER SURFER/NORRIN,FF 155;
SILVER SURFER/NORRIN,FF 156;
SILVER SURFER/NORRIN,FF 157;
SILVER SURFER/NORRIN,FF 259;
SILVER SURFER/NORRIN,FF 260;
SILVER SURFER/NORRIN,FF 261;
SILVER SURFER/NORRIN,FF 319;
SILVER SURFER/NORRIN,FF 324;
SILVER SURFER/NORRIN,FF 325;
SILVER SURFER/NORRIN,FF3 3;
SILVER SURFER/NORRIN,FF3 4;
SILVER SURFER/NORRIN,FF 369;
SILVER SURFER/NORRIN,FF 370;
SILVER SURFER/NORRIN,FF 400/2;
SILVER SURFER/NORRIN,FF 413;
SILVER SURFER/NORRIN,FF 48;
SILVER SURFER/NORRIN,FF 49;
SILVER SURFER/NORRIN,FF 50;
SILVER SURFER/NORRIN,FF 5/2;
SILVER SURFER/NORRIN,FF 55;
SILVER SURFER/NORRIN,FF 56;
SILVER SURFER/NORRIN,FF 57;
SILVER SURFER/NORRIN,FF 58;
SILVER SURFER/NORRIN,FF 59;
SILVER SURFER/NORRIN,FF 60;
SILVER SURFER/NORRIN,FF 61;
SILVER SURFER/NORRIN,FF 72;
SILVER SURFER/NORRIN,FF 74;
SILVER SURFER/NORRIN,FF 75;
SILVER SURFER/NORRIN,FF 76;
SILVER SURFER/NORRIN,FF 77;
SILVER SURFER/NORRIN,GAL 1;
SILVER SURFER/NORRIN,GAL 2;
SILVER SURFER/NORRIN,GAL 3;
SILVER SURFER/NORRIN,GAL 4;
SILVER SURFER/NORRIN,GAL 5;
SILVER SURFER/NORRIN,GAL 6;
SILVER SURFER/NORRIN,H 18/2;
SILVER SURFER/NORRIN,H2 250;
SILVER SURFER/NORRIN,H2 279;
SILVER SURFER/NORRIN,H2 318;
SILVER SURFER/NORRIN,H2 383;
SILVER SURFER/NORRIN,H2 463;
SILVER SURFER/NORRIN,H2 464;
SILVER SURFER/NORRIN,H2 467;
SILVER SURFER/NORRIN,IG 1;
SILVER SURFER/NORRIN,IG 2;
SILVER SURFER/NORRIN,IG 3;
SILVER SURFER/NORRIN,IG 4;
SILVER SURFER/NORRIN,IG 5;
SILVER SURFER/NORRIN,IG 6;
SILVER SURFER/NORRIN,IM3 35;
SILVER SURFER/NORRIN,IW 2;
SILVER SURFER/NORRIN,IW 3;
SILVER SURFER/NORRIN,IW 4;
SILVER SURFER/NORRIN,IW 5;
SILVER SURFER/NORRIN,IW 6;
SILVER SURFER/NORRIN,JIM 513;
SILVER SURFER/NORRIN,MARVELS 3;
SILVER SURFER/NORRIN,MAXSEC 2;
SILVER SURFER/NORRIN,MAXSEC 3;
SILVER SURFER/NORRIN,MAXSEC:DP;
SILVER SURFER/NORRIN,M/CP 1/4;
SILVER SURFER/NORRIN,M/CP 50/4;
SILVER SURFER/NORRIN,M/CP 69/4;
SILVER SURFER/NORRIN,M/CP 97/2;
SILVER SURFER/NORRIN,M/FEA 1;
SILVER SURFER/NORRIN,M/HOL 1994/4;
SILVER SURFER/NORRIN,M/HOL 1996/3;
SILVER SURFER/NORRIN,N 2;
SILVER SURFER/NORRIN,NW 17;
SILVER SURFER/NORRIN,Q 26;
SILVER SURFER/NORRIN,S-H2 30;
SILVER SURFER/NORRIN,S&L 3/4;
SILVER SURFER/NORRIN,SMTU 2;
SILVER SURFER/NORRIN,SS 1;
SILVER SURFER/NORRIN,SS 10;
SILVER SURFER/NORRIN,SS 11;
SILVER SURFER/NORRIN,SS 1/2;
SILVER SURFER/NORRIN,SS 12;
SILVER SURFER/NORRIN,SS 13;
SILVER SURFER/NORRIN,SS 14;
SILVER SURFER/NORRIN,SS 15;
SILVER SURFER/NORRIN,SS 16;
SILVER SURFER/NORRIN,SS 17;
SILVER SURFER/NORRIN,SS 18;
SILVER SURFER/NORRIN,SS 2;
SILVER SURFER/NORRIN,SS2 1;
SILVER SURFER/NORRIN,SS 2/4;
SILVER SURFER/NORRIN,SS 3;
SILVER SURFER/NORRIN,SS3 -1;
SILVER SURFER/NORRIN,SS3 1;
SILVER SURFER/NORRIN,SS3 10;
SILVER SURFER/NORRIN,SS3 100;
SILVER SURFER/NORRIN,SS3 101;
SILVER SURFER/NORRIN,SS3 102;
SILVER SURFER/NORRIN,SS3 103;
SILVER SURFER/NORRIN,SS3 104;
SILVER SURFER/NORRIN,SS3 105;
SILVER SURFER/NORRIN,SS3 106;
SILVER SURFER/NORRIN,SS3 107;
SILVER SURFER/NORRIN,SS3 108;
SILVER SURFER/NORRIN,SS3 109;
SILVER SURFER/NORRIN,SS3 11;
SILVER SURFER/NORRIN,SS3 110;
SILVER SURFER/NORRIN,SS3 111;
SILVER SURFER/NORRIN,SS3 112;
SILVER SURFER/NORRIN,SS3 113;
SILVER SURFER/NORRIN,SS3 114;
SILVER SURFER/NORRIN,SS3 115;
SILVER SURFER/NORRIN,SS3 116;
SILVER SURFER/NORRIN,SS3 117;
SILVER SURFER/NORRIN,SS3 118;
SILVER SURFER/NORRIN,SS3 119;
SILVER SURFER/NORRIN,SS3 12;
SILVER SURFER/NORRIN,SS3 120;
SILVER SURFER/NORRIN,SS3 121;
SILVER SURFER/NORRIN,SS3 122;
SILVER SURFER/NORRIN,SS3 123;
SILVER SURFER/NORRIN,SS3 124;
SILVER SURFER/NORRIN,SS3 125;
SILVER SURFER/NORRIN,SS3 125/2;
SILVER SURFER/NORRIN,SS3 126;
SILVER SURFER/NORRIN,SS3 127;
SILVER SURFER/NORRIN,SS3 128;
SILVER SURFER/NORRIN,SS3 129;
SILVER SURFER/NORRIN,SS3 13;
SILVER SURFER/NORRIN,SS3 130;
SILVER SURFER/NORRIN,SS3 131;
SILVER SURFER/NORRIN,SS3 132;
SILVER SURFER/NORRIN,SS3 133;
SILVER SURFER/NORRIN,SS3 134;
SILVER SURFER/NORRIN,SS3 135;
SILVER SURFER/NORRIN,SS3 136;
SILVER SURFER/NORRIN,SS3 137;
SILVER SURFER/NORRIN,SS3 138;
SILVER SURFER/NORRIN,SS3 139;
SILVER SURFER/NORRIN,SS3 14;
SILVER SURFER/NORRIN,SS3 140;
SILVER SURFER/NORRIN,SS3 141;
SILVER SURFER/NORRIN,SS3 142;
SILVER SURFER/NORRIN,SS3 143;
SILVER SURFER/NORRIN,SS3 144;
SILVER SURFER/NORRIN,SS3 145;
SILVER SURFER/NORRIN,SS3 145/2;
SILVER SURFER/NORRIN,SS3 146;
SILVER SURFER/NORRIN,SS3 15;
SILVER SURFER/NORRIN,SS3 16;
SILVER SURFER/NORRIN,SS3 17;
SILVER SURFER/NORRIN,SS3 18;
SILVER SURFER/NORRIN,SS3 19;
SILVER SURFER/NORRIN,SS3 2;
SILVER SURFER/NORRIN,SS3 20;
SILVER SURFER/NORRIN,SS3 21;
SILVER SURFER/NORRIN,SS3 22;
SILVER SURFER/NORRIN,SS3 23;
SILVER SURFER/NORRIN,SS3 24;
SILVER SURFER/NORRIN,SS3 25;
SILVER SURFER/NORRIN,SS3 26;
SILVER SURFER/NORRIN,SS3 27;
SILVER SURFER/NORRIN,SS3 28;
SILVER SURFER/NORRIN,SS3 29;
SILVER SURFER/NORRIN,SS 3/3;
SILVER SURFER/NORRIN,SS3 3;
SILVER SURFER/NORRIN,SS3 30;
SILVER SURFER/NORRIN,SS3 31;
SILVER SURFER/NORRIN,SS3 32;
SILVER SURFER/NORRIN,SS3 33;
SILVER SURFER/NORRIN,SS3 34;
SILVER SURFER/NORRIN,SS3 35;
SILVER SURFER/NORRIN,SS3 36;
SILVER SURFER/NORRIN,SS3 37;
SILVER SURFER/NORRIN,SS3 38;
SILVER SURFER/NORRIN,SS3 39;
SILVER SURFER/NORRIN,SS3 4;
SILVER SURFER/NORRIN,SS3 40;
SILVER SURFER/NORRIN,SS3 41;
SILVER SURFER/NORRIN,SS3 42;
SILVER SURFER/NORRIN,SS3 43;
SILVER SURFER/NORRIN,SS3 44;
SILVER SURFER/NORRIN,SS3 45;
SILVER SURFER/NORRIN,SS3 46;
SILVER SURFER/NORRIN,SS3 47;
SILVER SURFER/NORRIN,SS3 48;
SILVER SURFER/NORRIN,SS3 49;
SILVER SURFER/NORRIN,SS3 5;
SILVER SURFER/NORRIN,SS3 50;
SILVER SURFER/NORRIN,SS3 51;
SILVER SURFER/NORRIN,SS3 52;
SILVER SURFER/NORRIN,SS3 54;
SILVER SURFER/NORRIN,SS3 55;
SILVER SURFER/NORRIN,SS3 56;
SILVER SURFER/NORRIN,SS3 57;
SILVER SURFER/NORRIN,SS3 58;
SILVER SURFER/NORRIN,SS3 59;
SILVER SURFER/NORRIN,SS3 6;
SILVER SURFER/NORRIN,SS3 60;
SILVER SURFER/NORRIN,SS3 61;
SILVER SURFER/NORRIN,SS3 62;
SILVER SURFER/NORRIN,SS3 63;
SILVER SURFER/NORRIN,SS3 64;
SILVER SURFER/NORRIN,SS3 65;
SILVER SURFER/NORRIN,SS3 66;
SILVER SURFER/NORRIN,SS3 67;
SILVER SURFER/NORRIN,SS3 68;
SILVER SURFER/NORRIN,SS3 69;
SILVER SURFER/NORRIN,SS3 7;
SILVER SURFER/NORRIN,SS3 70;
SILVER SURFER/NORRIN,SS3 71;
SILVER SURFER/NORRIN,SS3 72;
SILVER SURFER/NORRIN,SS3 73;
SILVER SURFER/NORRIN,SS3 74;
SILVER SURFER/NORRIN,SS3 75;
SILVER SURFER/NORRIN,SS3 8;
SILVER SURFER/NORRIN,SS3 9;
SILVER SURFER/NORRIN,SS3 92;
SILVER SURFER/NORRIN,SS3 93;
SILVER SURFER/NORRIN,SS3 94;
SILVER SURFER/NORRIN,SS3 95;
SILVER SURFER/NORRIN,SS3 96;
SILVER SURFER/NORRIN,SS3 '97;
SILVER SURFER/NORRIN,SS3 97;
SILVER SURFER/NORRIN,SS3 98;
SILVER SURFER/NORRIN,SS3 99;
SILVER SURFER/NORRIN,SS 4;
SILVER SURFER/NORRIN,SS 5;
SILVER SURFER/NORRIN,SS 6;
SILVER SURFER/NORRIN,SS 7;
SILVER SURFER/NORRIN,SS 8;
SILVER SURFER/NORRIN,SS 9;
SILVER SURFER/NORRIN,SS '98;
SILVER SURFER/NORRIN,SS: JUDGMENT DAY;
SILVER SURFER/NORRIN,SS/RUNE;
SILVER SURFER/NORRIN,ST5 1;
SILVER SURFER/NORRIN,SUB-M 34;
SILVER SURFER/NORRIN,SUB-M 35;
SILVER SURFER/NORRIN,SWII 9;
SILVER SURFER/NORRIN,T 192;
SILVER SURFER/NORRIN,T 193;
SILVER SURFER/NORRIN,T 233;
SILVER SURFER/NORRIN,T 443;
SILVER SURFER/NORRIN,TOD 50;
SILVER SURFER/NORRIN,TTA 93/2;
SILVER SURFER/NORRIN,ULCM 1;
SILVER SURFER/NORRIN,UX 135;
SILVER SURFER/NORRIN,WCA 2;
SILVER SURFER/NORRIN,WM2 15;
SILVER,WOSM 8;
SIMBUS,T 480;
SIMBUS,T 482;
SIMMONS, ARCHIE,MK3 12;
SIMMONS, ARCHIE,MK3 13;
SIMMONS, RANDALL,TB 15;
SIMON, ALEX FLORES,AT:WMB 2;
SIMON, ALEX FLORES,WM 1/2;
SIMON, ALEX FLORES,WM 1/3;
SIMON, ALEX FLORES,WM2 10;
SIMON, ALEX FLORES,WM2 11;
SIMON, ALEX FLORES,WM2 12;
SIMON, ALEX FLORES,WM2 13;
SIMON, ALEX FLORES,WM2 14;
SIMON, ALEX FLORES,WM2 16;
SIMON, ALEX FLORES,WM2 17;
SIMON, ALEX FLORES,WM2 18;
SIMON, ALEX FLORES,WM2 2;
SIMON, ALEX FLORES,WM2 4;
SIMON, ALEX FLORES,WM2 6;
SIMON, ALEX FLORES,WM2 7;
SIMON, FELIX,AT 23;
SIMON, FELIX,AT 24;
SIMON, FELIX,AT:WMB 2;
SIMONSON, LOUISE,DAZZ 30;
SIMONSON, LOUISE,UX 10;
SIMPSON, CRASH,GR3 -1;
SIMPSON, CRASH,M/SPT 5;
SIMS, EZEKIEL,ASM2 30;
SIMS, EZEKIEL,ASM2 31;
SIMS, EZEKIEL,ASM2 32;
SIMS, EZEKIEL,ASM2 33;
SINCLAIR, MORGAN,PUN2 64;
SINCLAIR, MORGAN,PUN2 65;
SINCLAIR, MORGAN,PUN2 66;
SINCLAIR, MORGAN,PUN2 67;
SINCLAIR, MORGAN,PUN2 68;
SINCLAIR, MORGAN,PUN2 69;
SINCLAIR, MORGAN,PUN2 70;
SIN-EATER/STAN CARTE,PPTSS 107;
SIN-EATER/STAN CARTE,PPTSS 108;
SIN-EATER/STAN CARTE,PPTSS 109;
SIN-EATER/STAN CARTE,PPTSS 110;
SIN-EATER/STAN CARTE,PPTSS 128;
SIN-EATER/STAN CARTE,PPTSS 134;
SIN-EATER/STAN CARTE,PPTSS 135;
SIN-EATER/STAN CARTE,PPTSS 136;
SINEW/,AF 110;
SINEW/,AF 111;
SINEW/,AF 112;
SINGER,GAM3 17;
SINGER,GAM3 19;
SINGER,GAM3 22;
SINGER, MERLE,FOOL 4;
SINGER,R 1;
SINGH, DR.,GENX 40;
SINTARIIS,MAXSEC:DP;
SIR BENEDICT,XCAL2 2;
SIR BENEDICT,XCAL2 3;
SIR BENEDICT,XCAL2 4;
SIR,DD 345;
SIR,DD 346;
SIR,DD 347;
SIR,DD 348;
SIROCCO,NM 7/2;
SIROCCO,UX 15/2;
SIROCCO,XF 6/2;
SIR,PPTSS 253;
SIR,PPTSS 254;
SIRYN/THERESA ROURKE,C2 14;
SIRYN/THERESA ROURKE,C2 15;
SIRYN/THERESA ROURKE,C2 29;
SIRYN/THERESA ROURKE,DPOOL2 1;
SIRYN/THERESA ROURKE,DPOOL2 2;
SIRYN/THERESA ROURKE,DPOOL2 3;
SIRYN/THERESA ROURKE,DPOOL2 4;
SIRYN/THERESA ROURKE,DPOOL3 12;
SIRYN/THERESA ROURKE,DPOOL3 22;
SIRYN/THERESA ROURKE,DPOOL3 38;
SIRYN/THERESA ROURKE,DPOOL3 5;
SIRYN/THERESA ROURKE,FA 1;
SIRYN/THERESA ROURKE,FA 2;
SIRYN/THERESA ROURKE,FA 3;
SIRYN/THERESA ROURKE,FA 4;
SIRYN/THERESA ROURKE,FA 5;
SIRYN/THERESA ROURKE,FA 6;
SIRYN/THERESA ROURKE,FA 7;
SIRYN/THERESA ROURKE,FA 8;
SIRYN/THERESA ROURKE,GENX 44;
SIRYN/THERESA ROURKE,M/CP 43/4;
SIRYN/THERESA ROURKE,S-M 16;
SIRYN/THERESA ROURKE,S-W 37;
SIRYN/THERESA ROURKE,S-W 38;
SIRYN/THERESA ROURKE,TB 25;
SIRYN/THERESA ROURKE,UX 148;
SIRYN/THERESA ROURKE,UX 15;
SIRYN/THERESA ROURKE,UX 278;
SIRYN/THERESA ROURKE,UX 280;
SIRYN/THERESA ROURKE,UX 294;
SIRYN/THERESA ROURKE,UX 295;
SIRYN/THERESA ROURKE,UX 296;
SIRYN/THERESA ROURKE,UX 322;
SIRYN/THERESA ROURKE,UX 335;
SIRYN/THERESA ROURKE,W2 154;
SIRYN/THERESA ROURKE,W2 155;
SIRYN/THERESA ROURKE,X 14;
SIRYN/THERESA ROURKE,XCAL 82;
SIRYN/THERESA ROURKE,XF 106;
SIRYN/THERESA ROURKE,XF 6;
SIRYN/THERESA ROURKE,XF 69;
SIRYN/THERESA ROURKE,XF 84;
SIRYN/THERESA ROURKE,XF&C '95;
SIRYN/THERESA ROURKE,XFOR 100;
SIRYN/THERESA ROURKE,XFOR 11;
SIRYN/THERESA ROURKE,XFOR 12;
SIRYN/THERESA ROURKE,XFOR 13;
SIRYN/THERESA ROURKE,XFOR 14;
SIRYN/THERESA ROURKE,XFOR 15;
SIRYN/THERESA ROURKE,XFOR 16;
SIRYN/THERESA ROURKE,XFOR 17;
SIRYN/THERESA ROURKE,XFOR 3;
SIRYN/THERESA ROURKE,XFOR 3/2;
SIRYN/THERESA ROURKE,XFOR 35;
SIRYN/THERESA ROURKE,XFOR 36;
SIRYN/THERESA ROURKE,XFOR 38;
SIRYN/THERESA ROURKE,XFOR 39;
SIRYN/THERESA ROURKE,XFOR 4;
SIRYN/THERESA ROURKE,XFOR 40;
SIRYN/THERESA ROURKE,XFOR 41;
SIRYN/THERESA ROURKE,XFOR 42;
SIRYN/THERESA ROURKE,XFOR 43;
SIRYN/THERESA ROURKE,XFOR 44;
SIRYN/THERESA ROURKE,XFOR 46;
SIRYN/THERESA ROURKE,XFOR 47;
SIRYN/THERESA ROURKE,XFOR 48;
SIRYN/THERESA ROURKE,XFOR 49;
SIRYN/THERESA ROURKE,XFOR 5;
SIRYN/THERESA ROURKE,XFOR 50;
SIRYN/THERESA ROURKE,XFOR 51;
SIRYN/THERESA ROURKE,XFOR 52;
SIRYN/THERESA ROURKE,XFOR 53;
SIRYN/THERESA ROURKE,XFOR 54;
SIRYN/THERESA ROURKE,XFOR 57;
SIRYN/THERESA ROURKE,XFOR 6;
SIRYN/THERESA ROURKE,XFOR 69;
SIRYN/THERESA ROURKE,XFOR 7;
SIRYN/THERESA ROURKE,XFOR 70;
SIRYN/THERESA ROURKE,XFOR 71;
SIRYN/THERESA ROURKE,XFOR 72;
SIRYN/THERESA ROURKE,XFOR 73;
SIRYN/THERESA ROURKE,XFOR 74;
SIRYN/THERESA ROURKE,XFOR 75;
SIRYN/THERESA ROURKE,XFOR 76;
SIRYN/THERESA ROURKE,XFOR 77;
SIRYN/THERESA ROURKE,XFOR 78;
SIRYN/THERESA ROURKE,XFOR 79;
SIRYN/THERESA ROURKE,XFOR 80;
SIRYN/THERESA ROURKE,XFOR 81;
SIRYN/THERESA ROURKE,XFOR 82;
SIRYN/THERESA ROURKE,XFOR 83;
SIRYN/THERESA ROURKE,XFOR 84;
SIRYN/THERESA ROURKE,XFOR 85;
SIRYN/THERESA ROURKE,XFOR 86;
SIRYN/THERESA ROURKE,XFOR 87;
SIRYN/THERESA ROURKE,XFOR 89;
SIRYN/THERESA ROURKE,XFOR 9;
SIRYN/THERESA ROURKE,XFOR 90;
SIRYN/THERESA ROURKE,XFOR 91;
SIRYN/THERESA ROURKE,XFOR '97;
SIRYN/THERESA ROURKE,XFOR '98;
SIRYN/THERESA ROURKE,XFOR 99;
SIRYN/THERESA ROURKE,XMF 3;
SIRYN/THERESA ROURKE,X:PRIME;
SIRYN/THERESA ROURKE,XU 23;
SISTER AGONY,CA 294;
SISTER AGONY,CA 295;
SISTER AGONY,CA 296;
SISTER AGONY,CA 298;
SISTER AGONY,CA 299;
SISTER AGONY,CA 301;
SISTER AGONY,CA 355;
SISTER AGONY,CA 356;
SISTER AGONY,CA 357;
SISTER CHLOE,AF2 12;
SISTER CHLOE,AF2 13;
SISTER DEATH,CA 294;
SISTER DEATH,CA 295;
SISTER DEATH,CA 296;
SISTER DEATH,CA 298;
SISTER DEATH,CA 299;
SISTER DEATH,CA 301;
SISTER DEATH,CA 356;
SISTER DEATH,CA 357;
SISTER DREAM,CA 294;
SISTER DREAM,CA 295;
SISTER DREAM,CA 296;
SISTER DREAM,CA 298;
SISTER DREAM,CA 299;
SISTER DREAM,CA 301;
SISTER DREAM,CA 356;
SISTER DREAM,CA 357;
SISTER KATRINA,GAM2 2;
SISTER MARIA,X 46;
SISTER NIL,DRSTR3 67;
SISTER NIL,DRSTR3 71;
SISTER NIL,DRSTR3 72;
SISTER NIL,DRSTR3 73;
SISTER NIL,DRSTR3 74;
SISTER NIL,DRSTR3 75;
SISTER NIL,DRSTR3 79;
SISTER NIL,DRSTR 4;
SISTER PERPETUA,XM 71;
SISTER PERPETUA,XM 73;
SISTER PLEASURE/SCAR,CA 287;
SISTER PLEASURE/SCAR,CA 288;
SISTER PLEASURE/SCAR,CA 294;
SISTER PLEASURE/SCAR,CA 295;
SISTER PLEASURE/SCAR,CA 296;
SISTER PLEASURE/SCAR,CA 298;
SISTER PLEASURE/SCAR,CA 299;
SISTER PLEASURE/SCAR,CA 301;
SISTER PLEASURE/SCAR,CA 355;
SISTER PLEASURE/SCAR,CA 356;
SISTER PLEASURE/SCAR,CA 357;
SISTER SALVATION,W2 18;
SISTER SALVATION,W2 19;
SISTER SALVATION,W2 20;
SISTER SALVATION,W2 21;
SISTER SALVATION,W2 22;
SISTER SALVATION,W2 23;
SISTER SOPHIA,C2 58;
SITTING BULLSEYE/,S-H2 15;
SITTING BULLSEYE/,S-H2 16;
SITTING BULLSEYE/,S-H2 17;
SITWELL, JASPER,A 231;
SITWELL, JASPER,A3 32;
SITWELL, JASPER,A3 33;
SITWELL, JASPER,A3 34;
SITWELL, JASPER,A 38;
SITWELL, JASPER,A 39;
SITWELL, JASPER,A 52;
SITWELL, JASPER,C2 58;
SITWELL, JASPER,CA 123;
SITWELL, JASPER,CA 127;
SITWELL, JASPER,CA 132;
SITWELL, JASPER,CA 228;
SITWELL, JASPER,CA 229;
SITWELL, JASPER,CA 323;
SITWELL, JASPER,CA3 35;
SITWELL, JASPER,DF 2.4;
SITWELL, JASPER,H2 233;
SITWELL, JASPER,IM 1;
SITWELL, JASPER,IM 10;
SITWELL, JASPER,IM 100;
SITWELL, JASPER,IM 101;
SITWELL, JASPER,IM 102;
SITWELL, JASPER,IM 103;
SITWELL, JASPER,IM 104;
SITWELL, JASPER,IM 105;
SITWELL, JASPER,IM 106;
SITWELL, JASPER,IM 107;
SITWELL, JASPER,IM 108;
SITWELL, JASPER,IM 109;
SITWELL, JASPER,IM 110;
SITWELL, JASPER,IM 111;
SITWELL, JASPER,IM 112;
SITWELL, JASPER,IM 113;
SITWELL, JASPER,IM 12;
SITWELL, JASPER,IM 13;
SITWELL, JASPER,IM 15;
SITWELL, JASPER,IM 16;
SITWELL, JASPER,IM 174;
SITWELL, JASPER,IM 2;
SITWELL, JASPER,IM 23;
SITWELL, JASPER,IM 24;
SITWELL, JASPER,IM 28;
SITWELL, JASPER,IM 3;
SITWELL, JASPER,IM 33;
SITWELL, JASPER,IM3 36;
SITWELL, JASPER,IM 34;
SITWELL, JASPER,IM 35;
SITWELL, JASPER,IM 36;
SITWELL, JASPER,IM 39;
SITWELL, JASPER,IM 42;
SITWELL, JASPER,IM 6;
SITWELL, JASPER,IM 7;
SITWELL, JASPER,IM 8;
SITWELL, JASPER,IM 96;
SITWELL, JASPER,IM 97;
SITWELL, JASPER,IM 98;
SITWELL, JASPER,IM 99;
SITWELL, JASPER,IM&SM 1;
SITWELL, JASPER,M/SH3 10/3;
SITWELL, JASPER,M/TU 83;
SITWELL, JASPER,NFAOS 10;
SITWELL, JASPER,NFAOS 13;
SITWELL, JASPER,NFV.S 1;
SITWELL, JASPER,NFV.S 2;
SITWELL, JASPER,NFV.S 3;
SITWELL, JASPER,NFV.S 4;
SITWELL, JASPER,NFV.S 5;
SITWELL, JASPER,NFV.S 6;
SITWELL, JASPER,ST 144;
SITWELL, JASPER,ST 145;
SITWELL, JASPER,ST 146;
SITWELL, JASPER,ST 147;
SITWELL, JASPER,ST 148;
SITWELL, JASPER,ST 149;
SITWELL, JASPER,ST 150;
SITWELL, JASPER,ST 151;
SITWELL, JASPER,ST 152;
SITWELL, JASPER,ST 153;
SITWELL, JASPER,ST 154;
SITWELL, JASPER,ST 155;
SITWELL, JASPER,ST 156;
SITWELL, JASPER,ST 157;
SITWELL, JASPER,ST 159;
SITWELL, JASPER,T 337;
SITWELL, JASPER,TOS 93;
SITWELL, JASPER,TOS 94;
SITWELL, JASPER,TOS 95;
SITWELL, JASPER,TOS 96;
SITWELL, JASPER,TOS 97;
SITWELL, JASPER,TOS 98/2;
SITWELL, JASPER,TOS 99;
SKADI,XFOR '97;
SKAR,AA2 25;
SKAR,AA2 27;
SKAR,AA2 28;
SKAR,AA2 31;
SKAR,AA2 32;
SKAR,AA2 34;
SKARABROUS,MGK2 3;
SKARLET,AA2 19;
SKETCH/,UX 383;
SKEWER,FW 15;
SKEWER,FW 16;
SKIDS/SALLY BLEVINS,C 1;
SKIDS/SALLY BLEVINS,C 2;
SKIDS/SALLY BLEVINS,H2 336;
SKIDS/SALLY BLEVINS,M/FAN 50;
SKIDS/SALLY BLEVINS,NM 100;
SKIDS/SALLY BLEVINS,NM 72;
SKIDS/SALLY BLEVINS,NM 73;
SKIDS/SALLY BLEVINS,NM 74;
SKIDS/SALLY BLEVINS,NM 76;
SKIDS/SALLY BLEVINS,NM 77;
SKIDS/SALLY BLEVINS,NM 78;
SKIDS/SALLY BLEVINS,NM 80;
SKIDS/SALLY BLEVINS,NM 82;
SKIDS/SALLY BLEVINS,NM 85;
SKIDS/SALLY BLEVINS,NM 86;
SKIDS/SALLY BLEVINS,NM 87;
SKIDS/SALLY BLEVINS,PP 27;
SKIDS/SALLY BLEVINS,UX 315;
SKIDS/SALLY BLEVINS,X 13;
SKIDS/SALLY BLEVINS,X 15;
SKIDS/SALLY BLEVINS,X 42;
SKIDS/SALLY BLEVINS,X 43;
SKIDS/SALLY BLEVINS,X 44;
SKIDS/SALLY BLEVINS,XF 10;
SKIDS/SALLY BLEVINS,XF 11;
SKIDS/SALLY BLEVINS,XF 12;
SKIDS/SALLY BLEVINS,XF 13;
SKIDS/SALLY BLEVINS,XF 14;
SKIDS/SALLY BLEVINS,XF 15;
SKIDS/SALLY BLEVINS,XF 16;
SKIDS/SALLY BLEVINS,XF 17;
SKIDS/SALLY BLEVINS,XF 18;
SKIDS/SALLY BLEVINS,XF 19;
SKIDS/SALLY BLEVINS,XF 20;
SKIDS/SALLY BLEVINS,XF 21;
SKIDS/SALLY BLEVINS,XF 22;
SKIDS/SALLY BLEVINS,XF 23;
SKIDS/SALLY BLEVINS,XF 27;
SKIDS/SALLY BLEVINS,XF 28;
SKIDS/SALLY BLEVINS,XF 29;
SKIDS/SALLY BLEVINS,XF 30;
SKIDS/SALLY BLEVINS,XF 31;
SKIDS/SALLY BLEVINS,XF 3/2;
SKIDS/SALLY BLEVINS,XF 32;
SKIDS/SALLY BLEVINS,XF 33;
SKIDS/SALLY BLEVINS,XF 40;
SKIDS/SALLY BLEVINS,XF 41;
SKIDS/SALLY BLEVINS,XF 7;
SKIDS/SALLY BLEVINS,XF 8;
SKIDS/SALLY BLEVINS,XF 9;
SKIDS/SALLY BLEVINS,XFOR 78;
SKIDS/SALLY BLEVINS,XFOR 79;
SKIDS/SALLY BLEVINS,XFOR 80;
SKIDS/SALLY BLEVINS,XFOR 85;
SKIDS/SALLY BLEVINS,XTERM 1;
SKIDS/SALLY BLEVINS,XTERM 2;
SKIDS/SALLY BLEVINS,XTERM 3;
SKIDS/SALLY BLEVINS,XTERM 4;
SKIN/ANGELO ESPINOSA,GENX 1;
SKIN/ANGELO ESPINOSA,GENX 10;
SKIN/ANGELO ESPINOSA,GENX 11;
SKIN/ANGELO ESPINOSA,GENX 12;
SKIN/ANGELO ESPINOSA,GENX 13;
SKIN/ANGELO ESPINOSA,GENX 14;
SKIN/ANGELO ESPINOSA,GENX 15;
SKIN/ANGELO ESPINOSA,GENX 17;
SKIN/ANGELO ESPINOSA,GENX 2;
SKIN/ANGELO ESPINOSA,GENX 25;
SKIN/ANGELO ESPINOSA,GENX 29;
SKIN/ANGELO ESPINOSA,GENX 3;
SKIN/ANGELO ESPINOSA,GENX 31;
SKIN/ANGELO ESPINOSA,GENX 32;
SKIN/ANGELO ESPINOSA,GENX 33;
SKIN/ANGELO ESPINOSA,GENX 34;
SKIN/ANGELO ESPINOSA,GENX 35;
SKIN/ANGELO ESPINOSA,GENX 36;
SKIN/ANGELO ESPINOSA,GENX 37;
SKIN/ANGELO ESPINOSA,GENX 38;
SKIN/ANGELO ESPINOSA,GENX 39;
SKIN/ANGELO ESPINOSA,GENX 4;
SKIN/ANGELO ESPINOSA,GENX 40;
SKIN/ANGELO ESPINOSA,GENX 41;
SKIN/ANGELO ESPINOSA,GENX 42;
SKIN/ANGELO ESPINOSA,GENX 43;
SKIN/ANGELO ESPINOSA,GENX 44;
SKIN/ANGELO ESPINOSA,GENX 45;
SKIN/ANGELO ESPINOSA,GENX 46;
SKIN/ANGELO ESPINOSA,GENX 47;
SKIN/ANGELO ESPINOSA,GENX 48;
SKIN/ANGELO ESPINOSA,GENX 49;
SKIN/ANGELO ESPINOSA,GENX 5;
SKIN/ANGELO ESPINOSA,GENX 50;
SKIN/ANGELO ESPINOSA,GENX 51;
SKIN/ANGELO ESPINOSA,GENX 52;
SKIN/ANGELO ESPINOSA,GENX 53;
SKIN/ANGELO ESPINOSA,GENX 54;
SKIN/ANGELO ESPINOSA,GENX 55;
SKIN/ANGELO ESPINOSA,GENX 56;
SKIN/ANGELO ESPINOSA,GENX 57;
SKIN/ANGELO ESPINOSA,GENX 58;
SKIN/ANGELO ESPINOSA,GENX 59;
SKIN/ANGELO ESPINOSA,GENX 6;
SKIN/ANGELO ESPINOSA,GENX 60;
SKIN/ANGELO ESPINOSA,GENX 61;
SKIN/ANGELO ESPINOSA,GENX 63;
SKIN/ANGELO ESPINOSA,GENX 64;
SKIN/ANGELO ESPINOSA,GENX 65;
SKIN/ANGELO ESPINOSA,GENX 66;
SKIN/ANGELO ESPINOSA,GENX 67;
SKIN/ANGELO ESPINOSA,GENX 68;
SKIN/ANGELO ESPINOSA,GENX 69;
SKIN/ANGELO ESPINOSA,GENX 7;
SKIN/ANGELO ESPINOSA,GENX 70;
SKIN/ANGELO ESPINOSA,GENX 71;
SKIN/ANGELO ESPINOSA,GENX 73;
SKIN/ANGELO ESPINOSA,GENX 75;
SKIN/ANGELO ESPINOSA,GENX 8;
SKIN/ANGELO ESPINOSA,GENX 9;
SKIN/ANGELO ESPINOSA,GENX '95;
SKIN/ANGELO ESPINOSA,GENX '95/2;
SKIN/ANGELO ESPINOSA,GENX '96;
SKIN/ANGELO ESPINOSA,GENX '97;
SKIN/ANGELO ESPINOSA,GENX '98;
SKIN/ANGELO ESPINOSA,GENX '99;
SKIN/ANGELO ESPINOSA,M/TU2 1;
SKIN/ANGELO ESPINOSA,NW2 5;
SKIN/ANGELO ESPINOSA,UX 317;
SKIN/ANGELO ESPINOSA,UX 318;
SKIN/ANGELO ESPINOSA,UX 325;
SKIN/ANGELO ESPINOSA,UX 379;
SKIN/ANGELO ESPINOSA,UX 388;
SKIN/ANGELO ESPINOSA,UX '95;
SKIN/ANGELO ESPINOSA,W2 141;
SKIN/ANGELO ESPINOSA,W2 94;
SKIN/ANGELO ESPINOSA,X 37;
SKIN/ANGELO ESPINOSA,XM 50;
SKIN/ANGELO ESPINOSA,XU 20;
SKIN/ANGELO ESPINOSA,XU 23;
SKIN II/DONNA BLISS,S-W3 13;
SKIN II/DONNA BLISS,S-W3 15;
SKIN II/DONNA BLISS,S-W3 16;
SKIN II/DONNA BLISS,S-W3 17;
SKIN II/DONNA BLISS,S-W3 18;
SKIN II/DONNA BLISS,S-W3 3;
SKIN II/DONNA BLISS,S-W3 4;
SKIN II/DONNA BLISS,S-W3 7;
SKIN II/DONNA BLISS,S-W3 9;
SKINNER,SOV 3;
SKIN, NYLA,DD 285;
SKIN, NYLA,DD 286;
SKIN, NYLA,DD 287;
SKIN, NYLA,DD 288;
SKIN, NYLA,DD 289;
SKOLL,T 448;
SKOLL,T 449;
SKOLL,T 450;
SKOOKA,SS3 115;
SKOOKA,SS3 116;
SKOOKA,SS3 117;
SKOOKA,SS3 118;
SKOOKA,SS3 120;
SKOOKA,SS3 121;
SKUL/JOHN SKULINOWSK,CA '00/2;
SKULLBUSTER,UX 229;
SKULLBUSTER,UX 248;
SKULLBUSTER,UX 251;
SKULLBUSTER,UX 253;
SKULLBUSTER,UX 254;
SKULLBUSTER,UX 255;
SKULLCRASHER/,M/SH3 9/3;
SKULL-JACKET,ASMU 11;
SKUNGE,A 255;
SKUNGE,A 256;
SKUNGE,A 257;
SKUNGE,A 260;
SKYE,WARM 18;
SKYE,WARM 19;
SKYE,WARM 20;
SKYHAWK/WINSTON BILL,T 16/3;
SKYHAWK/WINSTON BILL,T 456;
SKYMAX/SK'YM'X/JAMES,SQS:NWO;
SKY-WALKER,DD 128;
SLAB/KRIS ANDERSON,X 15;
SLAB/KRIS ANDERSON,XF 105;
SLAB/KRIS ANDERSON,XF 74;
SLAB/KRIS ANDERSON,XF 75;
SLADE,DD 1;
SLADE,DD:Y 1;
SLADE,DD:Y 2;
SLAG/SLAGHT, DR. THE,IM 314;
SLAG/SLAGHT, DR. THE,IM 315;
SLAG/SLAGHT, DR. THE,IM 316;
SLAG/SLAGHT, DR. THE,IM 317;
SLAG/SLAGHT, DR. THE,IM 318;
SLAMBEAUX,WOSM 79;
S'LAR,CX 14/2;
S'LAR,UX 105;
SLASHER,AA2 19;
SLASHER II,A 130;
SLASHER,IM 41;
SLAUGHTER II/CONSTAN,GENX 49;
SLAUGHTER,WARM 15/2;
SLAVINSKI, SALLY,OE 7;
SLAYER/,M/CP 95/4;
SLEDGE,XFOR 69;
SLEDGE,XFOR 71;
SLEDGE,XFOR 81;
SLEDGE,XFOR 96;
SLEDGE,XFOR 97;
SLEDGE,XFOR 99;
SLEEK,ABOM 1;
SLEEK,ABOM 2;
SLEEK,ABOM 3;
SLEEPER,CA 369;
SLEEPER,CA 370;
SLEEPER,CA 387/2;
SLEEPER,CA 389/2;
SLEEPER,CA 390/2;
SLEEPER,CA 391/2;
SLEEPER,CA 409;
SLEEPER,CA 410;
SLEEPWALKER,DHAWK 19;
SLEEPWALKER,DHAWK 20;
SLEEPWALKER,DRSTR3 46;
SLEEPWALKER,IW 5;
SLEEPWALKER,Q 27;
SLEEPWALKER,SLEEP 1;
SLEEPWALKER,SLEEP 10;
SLEEPWALKER,SLEEP 11;
SLEEPWALKER,SLEEP 12;
SLEEPWALKER,SLEEP 13;
SLEEPWALKER,SLEEP 14;
SLEEPWALKER,SLEEP 15;
SLEEPWALKER,SLEEP 16;
SLEEPWALKER,SLEEP 17;
SLEEPWALKER,SLEEP 18;
SLEEPWALKER,SLEEP 19;
SLEEPWALKER,SLEEP 2;
SLEEPWALKER,SLEEP 3;
SLEEPWALKER,SLEEP 4;
SLEEPWALKER,SLEEP 5;
SLEEPWALKER,SLEEP 6;
SLEEPWALKER,SLEEP 7;
SLEEPWALKER,SLEEP 8;
SLEEPWALKER,SLEEP 9;
SLEEPWALKER,S-M 22;
SLICE/,WM2 17;
SLICE/,WM2 18;
SLICE/,WM2 4;
SLICK,M/CP 102/3;
SLICK,M/CP 103/3;
SLICK,M/CP 104/3;
SLIDE,ASMU 6/2;
SLITHER,CA 342;
SLITHER,CA 343;
SLITHER,CA 344;
SLITHER,CA 4;
SLITHER,DEF 125;
SLITHER,DEF 126;
SLITHER,DEF 128;
SLITHER,DEF 129;
SLITHER,DEF 130;
SLITHER,DEF 78;
SLITHER,DEF 79;
SLITHER,DEF 80;
SLITHER,DEF 83;
SLITHER,DEF 87;
SLITHER,NW2 6;
SLOAN, ANNA,PPTSS 248;
SLOAN, DR.,ASM 227;
SLOAN, DR.,ASM 242;
SLOAN, DR.,ASM 243;
SLOAN, DR.,ASM 244;
SLOAN, DR.,ASM 301;
SLOAN, DR.,PPTSS 32;
SLOAN, DR.,PPTSS 34;
SLOAN, DR.,PPTSS 36;
SLOAN, DR.,PPTSS 37;
SLOAN, DR.,PPTSS 42;
SLOAN, DR.,PPTSS 54;
SLOAN, DR.,PPTSS 58;
SLOAN, DR.,PPTSS 62;
SLOAN, DR.,PPTSS 65;
SLOAN, DR.,PPTSS 67;
SLOAN, DR.,PPTSS 68;
SLOAN, DR.,PPTSS 70;
SLOAN, DR.,PPTSS 74;
SLOAN, DR.,PPTSS 76;
SLOAN, DR.,PPTSS 78;
SLOAN, FRED,A 230;
SLOAN, FRED,CA 230;
SLOAN, FRED,H2 231;
SLOAN, FRED,H2 233;
SLOAN, FRED,H2 234;
SLOAN, FRED,H2 235;
SLOAN, FRED,H2 236;
SLOAN, FRED,H2 237;
SLOAN, FRED,H2 240;
SLOAN, FRED,H2 243;
SLOAN, FRED,H2 245;
SLOAN, FRED,H2 247;
SLOAN, FRED,H2 248;
SLOAN, FRED,H2 249;
SLOAN, FRED,H2 251;
SLOAN, FRED,H2 252;
SLOAN, FRED,H2 253;
SLOAN, FRED,H2 256;
SLOAN, FRED,H3 8;
SLOAN, JASON,DD 101;
SLOAN, JASON,DD 104;
SLOAN, JASON,DD 106;
SLOAN, JASON,DD 107;
SLOAN, JASON,DD 90;
SLOAN, JASON,DD 91;
SLOAN, JASON,DD 93;
SLOAN, JASON,DD 95;
SLOAN, JASON,DD 96;
SLOAN, JASON,DD 97;
SLOTH,A 355;
SLOTH,A 356;
SLOTOTH,T2 11;
SLUGANSKI, ERNIE,WOSM 7/2;
SLUG/ULYSSES X. LUGM,CA 324;
SLUG/ULYSSES X. LUGM,CA 325;
SLUG/ULYSSES X. LUGM,DD 307;
SLUG/ULYSSES X. LUGM,DD 308;
SLUG/ULYSSES X. LUGM,DD 309;
SLUG/ULYSSES X. LUGM,M/CP 61/2;
SLUG/ULYSSES X. LUGM,M/CP 62/2;
SLUG/ULYSSES X. LUGM,M/CP 63/2;
SLUG/ULYSSES X. LUGM,M/CP 65/2;
SLUG/ULYSSES X. LUGM,M/CP 67/2;
SLUG/ULYSSES X. LUGM,NOM2 4;
SLUG/ULYSSES X. LUGM,NOM2 5;
SLUG/ULYSSES X. LUGM,NOM2 6;
SLUG/ULYSSES X. LUGM,S-M 73;
SLUG/ULYSSES X. LUGM,S-M 74;
SLUG/ULYSSES X. LUGM,WOSM 4;
SLUJ,N 6;
SLUJ,N 7;
SLUJ,N 8;
SLUK,XFOR 116;
SLYDE,ASM 272;
SLYDE,TB 24;
SLYDE,TB 25;
SLYDE,WOSM 23;
SMALLWOOD, DAN,A 287;
SMALLWOOD, DAN,AF 1;
SMALLWOOD, DAN,AF 4;
SMART ALEC/ALEC THOR,AF SPECIAL;
SMASHER,DD 74;
SMASHER II,ASM 116;
SMASHER II,ASM 117;
SMASHER II,ASM 118;
SMASHER III,DD 138;
SMASHER IV,AWC 82;
SMASHER IV,INH3 4;
SMASHER IV,T 446;
SMASHER IV,UX 107;
SMASHER IV,UX 108;
SMASHER IV,UX 137;
SMASHER IV,UX 275;
SMASHER IV,XSOS 2;
SMASHER V,DD 149;
SMEDLEY,ST5 1/2;
SMERDILOVISC, VICTOR,M/K 11;
SMERDILOVISC, VICTOR,M/K 12;
SMILING TIGER/,NW 19;
SMILING TIGER/,NW 21;
SMILING TIGER/,NW 22;
SMILING TIGER/,NW 23;
SMILING TIGER/,NW 24;
SMILING TIGER/,NW 25;
SMITH, ANDY,XU 21;
SMITH, COL. TOLLIVER,SLEEP 10;
SMITH, COL. TOLLIVER,SLEEP 11;
SMITH, COL. TOLLIVER,SLEEP 14;
SMITH, COL. TOLLIVER,SLEEP 15;
SMITH, COL. TOLLIVER,SLEEP 16;
SMITH, COL. TOLLIVER,SLEEP 9;
SMITH, DAPHNE,PPSM2 27;
SMITH, DR. ARMSTRONG,ASM 155;
SMITH, DR. ARMSTRONG,DD 124;
SMITH, DR. ARMSTRONG,DD 125;
SMITH, DR. ARMSTRONG,DD 127;
SMITH, HELEN BACK,XU 21;
SMITH, JOE,ASM 38;
SMITH, JOE,SM:MM 1;
SMITH, JOE,SM:MM 2;
SMITH, JOE,SM:MM 3;
SMITH, JOE,WTS 2;
SMITH, KEVIN,DD2 8;
SMITH, MANDY,XFOR -1;
SMITH, MARTY LOUIS L,XF 60;
SMITH, MARTY LOUIS L,XFOR -1;
SMITH, MARTY LOUIS L,XFOR 47;
SMITH, MARTY LOUIS L,XFOR 48;
SMITH, MARTY LOUIS L,XFOR 87;
SMITH, SIR DENIS NAY,DHKF 1;
SMITH, SIR DENIS NAY,DHKF 11;
SMITH, SIR DENIS NAY,DHKF 29;
SMITH, SIR DENIS NAY,GSMOKF 2;
SMITH, SIR DENIS NAY,GSMOKF 3;
SMITH, SIR DENIS NAY,GSMOKF 4;
SMITH, SIR DENIS NAY,GSS-M 2;
SMITH, SIR DENIS NAY,MOKF 100;
SMITH, SIR DENIS NAY,MOKF 105;
SMITH, SIR DENIS NAY,MOKF 106;
SMITH, SIR DENIS NAY,MOKF 108;
SMITH, SIR DENIS NAY,MOKF 109;
SMITH, SIR DENIS NAY,MOKF 110;
SMITH, SIR DENIS NAY,MOKF 111;
SMITH, SIR DENIS NAY,MOKF 112;
SMITH, SIR DENIS NAY,MOKF 113;
SMITH, SIR DENIS NAY,MOKF 114;
SMITH, SIR DENIS NAY,MOKF 115;
SMITH, SIR DENIS NAY,MOKF 116;
SMITH, SIR DENIS NAY,MOKF 117;
SMITH, SIR DENIS NAY,MOKF 118;
SMITH, SIR DENIS NAY,MOKF 119;
SMITH, SIR DENIS NAY,MOKF 121;
SMITH, SIR DENIS NAY,MOKF 122;
SMITH, SIR DENIS NAY,MOKF 125;
SMITH, SIR DENIS NAY,MOKF 17;
SMITH, SIR DENIS NAY,MOKF 18;
SMITH, SIR DENIS NAY,MOKF 19;
SMITH, SIR DENIS NAY,MOKF 22;
SMITH, SIR DENIS NAY,MOKF 23;
SMITH, SIR DENIS NAY,MOKF 24;
SMITH, SIR DENIS NAY,MOKF 25;
SMITH, SIR DENIS NAY,MOKF 26;
SMITH, SIR DENIS NAY,MOKF 28;
SMITH, SIR DENIS NAY,MOKF 29;
SMITH, SIR DENIS NAY,MOKF 30;
SMITH, SIR DENIS NAY,MOKF 31;
SMITH, SIR DENIS NAY,MOKF 32;
SMITH, SIR DENIS NAY,MOKF 33;
SMITH, SIR DENIS NAY,MOKF 34;
SMITH, SIR DENIS NAY,MOKF 38;
SMITH, SIR DENIS NAY,MOKF 40;
SMITH, SIR DENIS NAY,MOKF 42;
SMITH, SIR DENIS NAY,MOKF 43;
SMITH, SIR DENIS NAY,MOKF 44;
SMITH, SIR DENIS NAY,MOKF 47;
SMITH, SIR DENIS NAY,MOKF 48;
SMITH, SIR DENIS NAY,MOKF 49;
SMITH, SIR DENIS NAY,MOKF 50;
SMITH, SIR DENIS NAY,MOKF 51;
SMITH, SIR DENIS NAY,MOKF 56;
SMITH, SIR DENIS NAY,MOKF 57;
SMITH, SIR DENIS NAY,MOKF 58;
SMITH, SIR DENIS NAY,MOKF 59;
SMITH, SIR DENIS NAY,MOKF 61;
SMITH, SIR DENIS NAY,MOKF 63;
SMITH, SIR DENIS NAY,MOKF 67;
SMITH, SIR DENIS NAY,MOKF 71;
SMITH, SIR DENIS NAY,MOKF 72;
SMITH, SIR DENIS NAY,MOKF 73;
SMITH, SIR DENIS NAY,MOKF 74;
SMITH, SIR DENIS NAY,MOKF 75;
SMITH, SIR DENIS NAY,MOKF 77;
SMITH, SIR DENIS NAY,MOKF 78;
SMITH, SIR DENIS NAY,MOKF 79;
SMITH, SIR DENIS NAY,MOKF 80;
SMITH, SIR DENIS NAY,MOKF 81;
SMITH, SIR DENIS NAY,MOKF 82;
SMITH, SIR DENIS NAY,MOKF 83;
SMITH, SIR DENIS NAY,MOKF 84;
SMITH, SIR DENIS NAY,MOKF 85;
SMITH, SIR DENIS NAY,MOKF 86;
SMITH, SIR DENIS NAY,MOKF 87;
SMITH, SIR DENIS NAY,MOKF 88;
SMITH, SIR DENIS NAY,MOKF 89;
SMITH, SIR DENIS NAY,MOKF 90;
SMITH, SIR DENIS NAY,MOKF 94;
SMITH, SIR DENIS NAY,MOKF 95;
SMITH, SIR DENIS NAY,MOKF 96;
SMITH, SIR DENIS NAY,MOKF 97;
SMITH, SIR DENIS NAY,MOKF 99;
SMITH, SIR DENIS NAY,ROM 38;
SMITH, SIR DENIS NAY,ROM 39;
SMITH, SIR DENIS NAY,SM/E 15;
SMITHSON, T.B.,A3 31;
SMITH, WANDA JO BIAL,XFOR 87;
SMOKESCREAM/,NF3 33;
SMOKESCREAM/,NF3 34;
SMOKESCREAM/,NF3 35;
SMOKESCREEN/,IM3 1;
SMOKESCREEN/,IM '99;
SMUGGLER II/CONRAD J,TB 48;
SMUGGLER II/CONRAD J,TB 49;
SMUGGLER II/CONRAD J,TB 50;
SMUGGLER II/CONRAD J,TB 51;
SMUGGLER II/CONRAD J,TB 52;
SMUGGLER II/CONRAD J,TB 53;
SMUGGLER II/CONRAD J,TB 54;
SMYTHE, ALISTAIR ALP,ASM 19;
SMYTHE, ALISTAIR ALP,ASM2 20;
SMYTHE, ALISTAIR ALP,ASM2 21;
SMYTHE, ALISTAIR ALP,ASM 291;
SMYTHE, ALISTAIR ALP,ASM 292;
SMYTHE, ALISTAIR ALP,ASM 368;
SMYTHE, ALISTAIR ALP,ASM 369;
SMYTHE, ALISTAIR ALP,ASM 370;
SMYTHE, ALISTAIR ALP,ASM 372;
SMYTHE, ALISTAIR ALP,ASM 373;
SMYTHE, ALISTAIR ALP,ASS 1;
SMYTHE, ALISTAIR ALP,SCARSPI 1;
SMYTHE, ALISTAIR ALP,SCARSPI 2;
SMYTHE, ALISTAIR ALP,SSCARSPI 1;
SMYTHE, ALISTAIR ALP,SSCARSPI 2;
SMYTHE, ALISTAIR ALP,WOSS 2;
SMYTHE, SPENCER,ASM 105;
SMYTHE, SPENCER,ASM 106;
SMYTHE, SPENCER,ASM 107;
SMYTHE, SPENCER,ASM 150;
SMYTHE, SPENCER,ASM 190;
SMYTHE, SPENCER,ASM 191;
SMYTHE, SPENCER,ASM 192;
SMYTHE, SPENCER,ASM 25;
SMYTHE, SPENCER,ASM 28;
SMYTHE, SPENCER,ASM 58;
SNAGG,JIM -1;
SNAGG,JIM 503;
SNAGG,JIM 508;
SNAGG,T 500;
SNAKE,AF 66;
SNAKE,AF 69;
SNAKEBITE/,PUN2 64;
SNAKEBITE/,PUN2 65;
SNAKEBITE/,PUN2 66;
SNAKEBITE/,PUN2 67;
SNAKEBITE/,PUN2 68;
SNAKEBITE/,PUN2 69;
SNAKEBITE/,PUN2 70;
SNAKE-EYES,M/TU 7;
SNAKE-EYES,PP 9;
SNAKESKIN II/,XFOR 76;
SNAKE,XFOR 3;
SNAPDRAGON/SHEOKE SA,CA 388;
SNAPDRAGON/SHEOKE SA,CA 389;
SNAPDRAGON/SHEOKE SA,CA 390;
SNAPDRAGON/SHEOKE SA,CA 391;
SNARE,GR3 29;
SNARE,SSWP 7;
SNIDER, DET. LOU,ASM 418;
SNIDER, DET. LOU,PPTSS 260;
SNIDER, DET. LOU,S-M 75;
SNIPER/VON BURIAN,PWJ 21;
SNIPES, DET.,S-M 88;
SNIPES, DET.,S-M 91;
SNOWBIRD | MUTANT X-,MX 3;
SNOWBIRD/NARYA/ANNE,A 272;
SNOWBIRD/NARYA/ANNE,AF 1;
SNOWBIRD/NARYA/ANNE,AF 11/2;
SNOWBIRD/NARYA/ANNE,AF 12;
SNOWBIRD/NARYA/ANNE,AF 14;
SNOWBIRD/NARYA/ANNE,AF 15;
SNOWBIRD/NARYA/ANNE,AF 18;
SNOWBIRD/NARYA/ANNE,AF 19;
SNOWBIRD/NARYA/ANNE,AF 2;
SNOWBIRD/NARYA/ANNE,AF 20;
SNOWBIRD/NARYA/ANNE,AF 21;
SNOWBIRD/NARYA/ANNE,AF 23;
SNOWBIRD/NARYA/ANNE,AF 24;
SNOWBIRD/NARYA/ANNE,AF 27;
SNOWBIRD/NARYA/ANNE,AF 28;
SNOWBIRD/NARYA/ANNE,AF 29;
SNOWBIRD/NARYA/ANNE,AF 3;
SNOWBIRD/NARYA/ANNE,AF 30;
SNOWBIRD/NARYA/ANNE,AF 31;
SNOWBIRD/NARYA/ANNE,AF 33;
SNOWBIRD/NARYA/ANNE,AF 34;
SNOWBIRD/NARYA/ANNE,AF 35;
SNOWBIRD/NARYA/ANNE,AF 36;
SNOWBIRD/NARYA/ANNE,AF 37;
SNOWBIRD/NARYA/ANNE,AF 38;
SNOWBIRD/NARYA/ANNE,AF 39;
SNOWBIRD/NARYA/ANNE,AF 4;
SNOWBIRD/NARYA/ANNE,AF 40;
SNOWBIRD/NARYA/ANNE,AF 41;
SNOWBIRD/NARYA/ANNE,AF 42;
SNOWBIRD/NARYA/ANNE,AF 44;
SNOWBIRD/NARYA/ANNE,AF 52;
SNOWBIRD/NARYA/ANNE,AF 6;
SNOWBIRD/NARYA/ANNE,AF 7/2;
SNOWBIRD/NARYA/ANNE,AF 8/2;
SNOWBIRD/NARYA/ANNE,AF 92;
SNOWBIRD/NARYA/ANNE,AF SPECIAL;
SNOWBIRD/NARYA/ANNE,COC 1;
SNOWBIRD/NARYA/ANNE,CX 27;
SNOWBIRD/NARYA/ANNE,FF 405;
SNOWBIRD/NARYA/ANNE,GENX 58;
SNOWBIRD/NARYA/ANNE,H2 277;
SNOWBIRD/NARYA/ANNE,H2 278;
SNOWBIRD/NARYA/ANNE,H2 279;
SNOWBIRD/NARYA/ANNE,M/FAN 28;
SNOWBIRD/NARYA/ANNE,ROM 56;
SNOWBIRD/NARYA/ANNE,ROM 57;
SNOWBIRD/NARYA/ANNE,ROM 58;
SNOWBIRD/NARYA/ANNE,SWII 4;
SNOWBIRD/NARYA/ANNE,SWII 9;
SNOWBIRD/NARYA/ANNE,UX 120;
SNOWBIRD/NARYA/ANNE,UX 121;
SNOWBIRD/NARYA/ANNE,UX 139;
SNOWBIRD/NARYA/ANNE,UX 140;
SNOWBIRD/NARYA/ANNE,W2 143;
SNOWBIRD/NARYA/ANNE,W2 143/2;
SNOWBIRD/NARYA/ANNE,X&AF 1;
SNOWBIRD/NARYA/ANNE,X&AF 2;
SNOWBIRD/NARYA/ANNE,X&AF2 1;
SNOWBIRD/NARYA/ANNE,X&AF2 2;
SNOWBLIND/,GR3 13;
SNOWBLIND/,GR3 21;
SNOWBLIND/,GR3 23;
SNOWBLIND/,GR3 24;
SNOW, CHARLIE,ASM '97;
SNOW, CHARLIE,DB 1;
SNOW, CHARLIE,DB 2;
SNOW, CHARLIE,DB 3;
SNOW, CHARLIE,S-M 69;
SNOW QUEEN/GITTE,W2 24;
SNOW, TANDY,KZ2 20;
SNOW, TANDY,M/FAN 1;
SNOW, TANDY,UX 115;
SNOW, VICTORIA,IM3 7;
SOAP, DET.,PUN5 10;
SOAP, DET.,PUN5 11;
SOAP, DET.,PUN5 12;
SOAP, DET.,PUN5 3;
SOAP, DET.,PUN5 4;
SOAP, DET.,PUN5 5;
SOAP, DET.,PUN5 8;
SOAP, DET.,PUN5 9;
SOAP, DET.,PUN6 1;
SOAP, DET.,PUN6 2;
SOCRATES SOCK,IM3 2;
SOCRATES SOCK,IM3 23;
SOCRATES SOCK,IM3 5;
SOCRATES SOCK,IM3 8;
SODIUM,A 188;
SODIUM,TB 6;
SOFEN, KARL AUGUST,TB 25;
SOFEN, MARION,TB 25;
SOLARR,A 126;
SOLARR,AF SPECIAL;
SOLARR,CA 160;
SOLARR,DAZZ 9;
SOLARR,DEF 42;
SOLARR,M/TIO 57;
SOLARR,M/TU 123;
SOLARR,PM&IF 113;
SOLAR WIND,Q 33;
SOLE, MAJOR REMINGTO,UX 371;
SOLE, MAJOR REMINGTO,X 91;
SOLE, MAJOR REMINGTO,X '99;
SOLE, RANSOME,UX 383;
SOLE, RANSOME,X 106;
SOLO/,ASM 24/2;
SOLO/,ASM 26/3;
SOLO/,ASM 323;
SOLO/,ASM 324;
SOLO/,ASM 366;
SOLO/,ASM 367;
SOLO/,S-M 20;
SOLO/,S-M 21;
SOLO/,S-M 22;
SOLO/,S-M 23;
SOLO/,W2 134;
SOLO/,W2 140;
SOLO/,WOSM 19;
SOMBRE,JA 12;
SOMBRE,JA 13;
SOMBRE,JA 14;
SOMERS, JOHNATHAN,GENX 64;
SOMERS, KATHY,SM/P:FP 1;
SOMERS, KATHY,SM/P:FP 2;
SOMMERS, APRIL,H2 208;
SOMMERS, APRIL,H2 209;
SOMMERS, APRIL,H2 210;
SOMMERS, APRIL,H2 212;
SOMMERS, APRIL,H2 213;
SOMMERS, APRIL,H2 214;
SOMMERS, APRIL,H2 215;
SOMMERS, APRIL,H2 221;
SOMMERS, APRIL,H2 223;
SOMON,XM 39;
SONDHEIM, ERICA,FW 8;
SONDHEIM, ERICA,IM 131;
SONDHEIM, ERICA,IM 132;
SONDHEIM, ERICA,IM 133;
SONDHEIM, ERICA,IM 137;
SONDHEIM, ERICA,IM 15;
SONDHEIM, ERICA,IM 248;
SONDHEIM, ERICA,IM 249;
SONDHEIM, ERICA,IM 281;
SONDHEIM, ERICA,IM 283;
SONDHEIM, ERICA,IM 284;
SONDHEIM, ERICA,IM 285;
SONDHEIM, ERICA,IM 286;
SONDHEIM, ERICA,IM 287;
SONDHEIM, ERICA,IM 288/2;
SONDHEIM, ERICA,IM 305;
SONDHEIM, ERICA,IM 314;
SONDHEIM, ERICA,IM 318;
SONDHEIM, ERICA,IM 319;
SONDHEIM, ERICA,M/PRM 47;
SONDHEIM, ERICA,M/PRM 48;
SONDHEIM, ERICA,WARM 20;
SONIC,ASM 355;
SONIC,ASM 358;
SONIC,FF 342;
SONIC,IM 214;
SOPHIE,ASM 237;
SOPHIE,ASM 254;
SOPHIE,ASM 269;
SOPHIE,ASM 275;
SOPHIE,M/TU 124;
SOPHIE,M/TU 127;
SOPHIE,PPTSS 113;
SOPHIE,WOSM 19;
SOPHIE,WOSM 47;
SORRENTINO/SORRENTIN,SS3 123;
SORRENTINO/SORRENTIN,SS3 127;
SORRENTINO/SORRENTIN,SS3 129;
SORRENTINO/SORRENTIN,SS3 131;
SORRENTINO/SORRENTIN,SS3 132;
SORRENTINO/SORRENTIN,SS3 133;
SORRENTINO/SORRENTIN,SS3 134;
SORRENTINO/SORRENTIN,SS3 136;
SORRENTINO/SORRENTIN,SS3 138;
SORROW/,M-T3 3;
SORROW/,M-T3 4;
SORROW/,M-T3 5;
SOTEIRA,W/P 2;
SOTEIRA,W/P 3;
SOTO, BERNARD,UX 351;
SOUL-EATER,Q 35;
SOUL-EATER,Q 36;
SOULFIRE/JASON MALDO,H:PL 4;
SOULFIRE/JASON MALDO,H:PL 5;
SOUL MAN/FATHER JASO,H2 345;
SOUL MAN/FATHER JASO,H2 400;
SOUNDBYTE/,MK3 39;
SOUNDBYTE/,MK3 40;
SOUSA, PAUL,PPTSS 240;
SOUTHERN, CANDY,A 214;
SOUTHERN, CANDY,DEF 127;
SOUTHERN, CANDY,DEF 129;
SOUTHERN, CANDY,DEF 130;
SOUTHERN, CANDY,DEF 131;
SOUTHERN, CANDY,DEF 133;
SOUTHERN, CANDY,DEF 135;
SOUTHERN, CANDY,DEF 138;
SOUTHERN, CANDY,DEF 139;
SOUTHERN, CANDY,DEF 140;
SOUTHERN, CANDY,DEF 142;
SOUTHERN, CANDY,DEF 143;
SOUTHERN, CANDY,DEF 144;
SOUTHERN, CANDY,DEF 145;
SOUTHERN, CANDY,DEF 146;
SOUTHERN, CANDY,DEF 147;
SOUTHERN, CANDY,DEF 149;
SOUTHERN, CANDY,DEF 151;
SOUTHERN, CANDY,DEF 152;
SOUTHERN, CANDY,H 7;
SOUTHERN, CANDY,KZ 2/2;
SOUTHERN, CANDY,KZ 3/3;
SOUTHERN, CANDY,M/FAN 1;
SOUTHERN, CANDY,M/TALES 30/2;
SOUTHERN, CANDY,M/TIO 68;
SOUTHERN, CANDY,UX 132;
SOUTHERN, CANDY,UX 146;
SOUTHERN, CANDY,UX 169;
SOUTHERN, CANDY,UX 31;
SOUTHERN, CANDY,UX 32;
SOUTHERN, CANDY,XF 1;
SOUTHERN, CANDY,XF 10;
SOUTHERN, CANDY,XF 34;
SOUTHERN, CANDY,XF 36;
SOUTHERN, CANDY,XF 4;
SOUTHERN, CANDY,X:HY 10;
SOUTHERN, CANDY,X:HY 11;
SOUTHERN, CANDY,X:HY 12;
SOUTHERN, CANDY,X:HY 13;
SOUTHERN, CANDY,X:HY 14;
SOUTHERN, CANDY,X:HY 15;
SOUTHERN, CANDY,X:HY 16;
SOUTHERN, CANDY,X:HY 2;
SOUTHERN, CANDY,X:HY 22;
SOUTHERN, CANDY,X:HY 5;
SOUTHERN, CANDY,X:HY 6;
SOUTHERN, CANDY,X:HY 8;
SOUTHERN, CANDY,X:HY 9;
SPACE PHANTOM,A 106;
SPACE PHANTOM,A 107;
SPACE PHANTOM,A 108;
SPACE PHANTOM,A 2;
SPACE PHANTOM,A 268;
SPACE PHANTOM,AVF 8;
SPACE PHANTOM,GSA 4;
SPACE PHANTOM,PPTSS 168;
SPACE PHANTOM,PPTSS 169;
SPACE PHANTOM,PPTSS 170;
SPACE PHANTOM,ROM 19;
SPACE PHANTOM,T 281;
SPACE PHANTOM,T 282;
SPANKER/FRED HOVEL,S-H2 15;
SPANKER/FRED HOVEL,S-H2 16;
SPANKER/FRED HOVEL,S-H2 17;
SPAR, DR. KATHERINE,H2 468;
SPAR, DR. KATHERINE,H2 470;
SPAR, DR. KATHERINE,H2 471;
SPAR, DR. KATHERINE,H2 472;
SPAR, DR. KATHERINE,H2 473;
SPAR, DR. KATHERINE,H2 474;
SPARK,WOSM 74;
SPARK,WOSM 75;
SPARK,WOSM 76;
SPARROW BEAR, MELLIS,M/CP 107/4;
SPARROW,NW 54;
SPARROW,NW 56;
SPARROW,NW 62;
SPARROW,NW 74;
SPARX/AURELLE,NEW ETERNALS;
SPAT,UX 347;
SPAT,UX 348;
SPAT,UX 349;
SPAT,UX 350;
SPAULDING, JILL,X51 6;
SPAULDING, PETER,H2 235;
SPAULDING, PETER,H2 236;
SPAULDING, PETER,H2 237;
SPAULDING, PETER,IM 11;
SPAULDING, PETER,M/CP 10/3;
SPAULDING, PETER,MM 1;
SPAULDING, PETER,MM 10;
SPAULDING, PETER,MM 11;
SPAULDING, PETER,MM 13;
SPAULDING, PETER,MM 14;
SPAULDING, PETER,MM 15;
SPAULDING, PETER,MM 17;
SPAULDING, PETER,MM 18;
SPAULDING, PETER,MM 19;
SPAULDING, PETER,MM 2;
SPAULDING, PETER,MM 3;
SPAULDING, PETER,MM 4;
SPAULDING, PETER,MM 5;
SPAULDING, PETER,MM 6;
SPAULDING, PETER,MM 7;
SPAULDING, PETER,MM 8;
SPAULDING, PETER,MM 9;
SPAULDING, PETER,M/TIO 93;
SPAULDING, PETER,M/TU 99;
SPAULDING, PETER,X51 6;
SPEAR,DD 296;
SPECTRA/SELENA SLATE,SLEEP 13;
SPECTRA/SELENA SLATE,SLEEP 14;
SPECTRUM, SINCLAIR,DD 331;
SPECTRUM, SINCLAIR,DD 332;
SPECTRUM, SINCLAIR,DD 334;
SPECTRUM, SINCLAIR,DD 336;
SPEEDBALL DOPPELGANG,IW 1;
SPEEDBALL DOPPELGANG,IW 3;
SPEEDBALL DOPPELGANG,IW 4;
SPEEDBALL DOPPELGANG,MK3 43;
SPEEDBALL II/DARRION,ASM:F&E 1;
SPEEDBALL II/DARRION,GG 2;
SPEEDBALL II/DARRION,MC:A;
SPEEDBALL II/DARRION,NO2 14;
SPEEDBALL II/DARRION,NT2 16;
SPEEDBALL II/DARRION,NT2 20;
SPEEDBALL II/DARRION,NW 50;
SPEEDBALL II/DARRION,NW 51;
SPEEDBALL II/DARRION,NW 52;
SPEEDBALL II/DARRION,NW 54;
SPEEDBALL II/DARRION,NW 55;
SPEEDBALL II/DARRION,NW 56;
SPEEDBALL II/DARRION,NW 57;
SPEEDBALL II/DARRION,NW 58;
SPEEDBALL II/DARRION,NW 59;
SPEEDBALL II/DARRION,NW 60;
SPEEDBALL II/DARRION,NW 61;
SPEEDBALL II/DARRION,NW 62;
SPEEDBALL II/DARRION,NW 63;
SPEEDBALL II/DARRION,NW 64;
SPEEDBALL II/DARRION,NW 65;
SPEEDBALL II/DARRION,NW 66;
SPEEDBALL II/DARRION,NW 67;
SPEEDBALL II/DARRION,NW 68;
SPEEDBALL II/DARRION,NW 69;
SPEEDBALL II/DARRION,NW 70;
SPEEDBALL II/DARRION,NW 71;
SPEEDBALL II/DARRION,PPTSS 227;
SPEEDBALL II/DARRION,PPTSS 228;
SPEEDBALL II/DARRION,WOSM 129;
SPEEDBALL II/DARRION,WOSS 4;
SPEEDBALL/ROBBIE BAL,A3 13;
SPEEDBALL/ROBBIE BAL,A 332;
SPEEDBALL/ROBBIE BAL,AF 110;
SPEEDBALL/ROBBIE BAL,ASM 22;
SPEEDBALL/ROBBIE BAL,ASM 22/2;
SPEEDBALL/ROBBIE BAL,ASM 26;
SPEEDBALL/ROBBIE BAL,CA 352;
SPEEDBALL/ROBBIE BAL,DAMCON2 2;
SPEEDBALL/ROBBIE BAL,DAMCON2 3;
SPEEDBALL/ROBBIE BAL,DAMCON2 4;
SPEEDBALL/ROBBIE BAL,DAMCON3 1;
SPEEDBALL/ROBBIE BAL,DAMCON3 2;
SPEEDBALL/ROBBIE BAL,DAMCON3 4;
SPEEDBALL/ROBBIE BAL,FF 356;
SPEEDBALL/ROBBIE BAL,FF 367;
SPEEDBALL/ROBBIE BAL,FF 368;
SPEEDBALL/ROBBIE BAL,GENX 59;
SPEEDBALL/ROBBIE BAL,HAWK2;
SPEEDBALL/ROBBIE BAL,IM 303;
SPEEDBALL/ROBBIE BAL,IM3 33;
SPEEDBALL/ROBBIE BAL,IMSVS 2/5;
SPEEDBALL/ROBBIE BAL,IW 1;
SPEEDBALL/ROBBIE BAL,IW 2;
SPEEDBALL/ROBBIE BAL,IW 3;
SPEEDBALL/ROBBIE BAL,IW 4;
SPEEDBALL/ROBBIE BAL,MAXSEC 1;
SPEEDBALL/ROBBIE BAL,MAXSEC 3;
SPEEDBALL/ROBBIE BAL,M/CP 14/3;
SPEEDBALL/ROBBIE BAL,M/CP 56/4;
SPEEDBALL/ROBBIE BAL,M/CP 85/4;
SPEEDBALL/ROBBIE BAL,M/CP 96/4;
SPEEDBALL/ROBBIE BAL,MK3 41;
SPEEDBALL/ROBBIE BAL,MK3 43;
SPEEDBALL/ROBBIE BAL,MK3 44;
SPEEDBALL/ROBBIE BAL,M/SH3 1/5;
SPEEDBALL/ROBBIE BAL,M/SH3 2/4;
SPEEDBALL/ROBBIE BAL,M/SH3 4/5;
SPEEDBALL/ROBBIE BAL,M/SH3 5/3;
SPEEDBALL/ROBBIE BAL,M/SH3 6/4;
SPEEDBALL/ROBBIE BAL,N 5;
SPEEDBALL/ROBBIE BAL,NM 7;
SPEEDBALL/ROBBIE BAL,NO2 6;
SPEEDBALL/ROBBIE BAL,NT 2;
SPEEDBALL/ROBBIE BAL,NW 1;
SPEEDBALL/ROBBIE BAL,NW 10;
SPEEDBALL/ROBBIE BAL,NW 1/4;
SPEEDBALL/ROBBIE BAL,NW 14;
SPEEDBALL/ROBBIE BAL,NW 15;
SPEEDBALL/ROBBIE BAL,NW 16;
SPEEDBALL/ROBBIE BAL,NW 17;
SPEEDBALL/ROBBIE BAL,NW 1/8;
SPEEDBALL/ROBBIE BAL,NW 18;
SPEEDBALL/ROBBIE BAL,NW 19;
SPEEDBALL/ROBBIE BAL,NW 2;
SPEEDBALL/ROBBIE BAL,NW 20;
SPEEDBALL/ROBBIE BAL,NW 21;
SPEEDBALL/ROBBIE BAL,NW2 1;
SPEEDBALL/ROBBIE BAL,NW2 10;
SPEEDBALL/ROBBIE BAL,NW 22;
SPEEDBALL/ROBBIE BAL,NW2 2;
SPEEDBALL/ROBBIE BAL,NW 23;
SPEEDBALL/ROBBIE BAL,NW2 3;
SPEEDBALL/ROBBIE BAL,NW 24;
SPEEDBALL/ROBBIE BAL,NW2 4;
SPEEDBALL/ROBBIE BAL,NW 25;
SPEEDBALL/ROBBIE BAL,NW2 5;
SPEEDBALL/ROBBIE BAL,NW 2/6;
SPEEDBALL/ROBBIE BAL,NW 26;
SPEEDBALL/ROBBIE BAL,NW2 6;
SPEEDBALL/ROBBIE BAL,NW 27;
SPEEDBALL/ROBBIE BAL,NW2 7;
SPEEDBALL/ROBBIE BAL,NW2 8;
SPEEDBALL/ROBBIE BAL,NW 29;
SPEEDBALL/ROBBIE BAL,NW2 9;
SPEEDBALL/ROBBIE BAL,NW 3;
SPEEDBALL/ROBBIE BAL,NW 30;
SPEEDBALL/ROBBIE BAL,NW 4;
SPEEDBALL/ROBBIE BAL,NW 47;
SPEEDBALL/ROBBIE BAL,NW 49;
SPEEDBALL/ROBBIE BAL,NW 5;
SPEEDBALL/ROBBIE BAL,NW 50;
SPEEDBALL/ROBBIE BAL,NW 6;
SPEEDBALL/ROBBIE BAL,NW 7;
SPEEDBALL/ROBBIE BAL,NW 70;
SPEEDBALL/ROBBIE BAL,NW 71;
SPEEDBALL/ROBBIE BAL,NW 72;
SPEEDBALL/ROBBIE BAL,NW 73;
SPEEDBALL/ROBBIE BAL,NW 74;
SPEEDBALL/ROBBIE BAL,NW 75;
SPEEDBALL/ROBBIE BAL,NW 8;
SPEEDBALL/ROBBIE BAL,NW 9;
SPEEDBALL/ROBBIE BAL,SB 1;
SPEEDBALL/ROBBIE BAL,SB 10;
SPEEDBALL/ROBBIE BAL,SB 1/2;
SPEEDBALL/ROBBIE BAL,SB 2;
SPEEDBALL/ROBBIE BAL,SB 2/2;
SPEEDBALL/ROBBIE BAL,SB 3;
SPEEDBALL/ROBBIE BAL,SB 3/2;
SPEEDBALL/ROBBIE BAL,SB 4;
SPEEDBALL/ROBBIE BAL,SB 5;
SPEEDBALL/ROBBIE BAL,SB 5/2;
SPEEDBALL/ROBBIE BAL,SB 5/3;
SPEEDBALL/ROBBIE BAL,SB 6;
SPEEDBALL/ROBBIE BAL,SB 6/2;
SPEEDBALL/ROBBIE BAL,SB 7;
SPEEDBALL/ROBBIE BAL,SB 7/2;
SPEEDBALL/ROBBIE BAL,SB 8;
SPEEDBALL/ROBBIE BAL,SB 8/2;
SPEEDBALL/ROBBIE BAL,SB 9;
SPEEDBALL/ROBBIE BAL,T 411;
SPEEDBALL/ROBBIE BAL,T 412;
SPEEDBALL/ROBBIE BAL,TB 1;
SPEEDBALL/ROBBIE BAL,TB 8;
SPEEDBALL/ROBBIE BAL,UX 15;
SPEEDBALL/ROBBIE BAL,W2 134;
SPEEDBALL/ROBBIE BAL,W2 149;
SPEEDBALL/ROBBIE BAL,WM2 13;
SPEEDBALL/ROBBIE BAL,WOSM 75;
SPEEDBALL/ROBBIE BAL,WOSM 8;
SPEEDBALL/ROBBIE BAL,XF 6;
SPEEDFREEK/SHAPPE,H2 388;
SPEEDFREEK/SHAPPE,H2 429;
SPEEDFREEK/SHAPPE,H2 430;
SPELLBINDER/ERICA FO,SPELL 1;
SPELLBINDER/ERICA FO,SPELL 2;
SPELLBINDER/ERICA FO,SPELL 3;
SPELLBINDER/ERICA FO,SPELL 4;
SPELLBINDER/ERICA FO,SPELL 5;
SPELLBINDER/ERICA FO,SPELL 6;
SPENCER, TRACY,A3 14;
SPERZEL, ANTON,ASMSS 1;
SPETSBURO, GEN. YURI,NF3 22;
SPETSBURO, GEN. YURI,NF3 23;
SPHINX,ASM 26;
SPHINX,FF 12;
SPHINX,FF 206;
SPHINX,FF 208;
SPHINX,FF 209;
SPHINX,FF 212;
SPHINX,FF 213;
SPHINX III,M/TU2 2;
SPHINX II,NW 10;
SPHINX II,NW 12;
SPHINX II,NW 13;
SPHINX II,NW 4;
SPHINX II,NW 5;
SPHINX II,NW 6;
SPHINX II,NW 7;
SPHINX II,NW 8;
SPHINX II,NW 9;
SPHINX,M/TIO 91;
SPHINX,N2 6;
SPHINX,N2 7;
SPHINX,NO 10;
SPHINX,NO 11;
SPHINX,NO 23;
SPHINX,NO 24;
SPHINX,NO 25;
SPHINX,NO 6;
SPHINX,NO 7;
SPHINX,NT2 11;
SPHINX,NT2 12;
SPHINX,NW 12;
SPHINX,NW 2;
SPHINX,NW 47;
SPHINX,NW 48;
SPHINX,NW 49;
SPHINX,NW 50;
SPHINX,NW 68;
SPHINX,NW 69;
SPHINX,NW 71;
SPHINX,PPTSS 12;
SPHINX,TG 34;
SPHINX,WOSM 8;
SPIDERCIDE,ASM 400;
SPIDERCIDE,ASM 401;
SPIDERCIDE,ASM 404;
SPIDERCIDE,FF 400/2;
SPIDERCIDE,JF 1;
SPIDERCIDE,MC:A;
SPIDERCIDE,MC:O;
SPIDERCIDE,NW 61;
SPIDERCIDE,PPTSS 222;
SPIDERCIDE,PPTSS 223;
SPIDERCIDE,PPTSS 224;
SPIDERCIDE,PPTSS 225;
SPIDERCIDE,PPTSS 226;
SPIDERCIDE,PPTSS 227;
SPIDERCIDE,S-M 57;
SPIDERCIDE,S-M 58;
SPIDERCIDE,S-M 61;
SPIDERCIDE,WOSM 123;
SPIDERCIDE,WOSM 124;
SPIDER-MAN CLONE/BEN,A 400;
SPIDER-MAN CLONE/BEN,ASM 149;
SPIDER-MAN CLONE/BEN,ASM 151;
SPIDER-MAN CLONE/BEN,ASM 393;
SPIDER-MAN CLONE/BEN,ASM 394;
SPIDER-MAN CLONE/BEN,ASM 394/2;
SPIDER-MAN CLONE/BEN,ASM 399;
SPIDER-MAN CLONE/BEN,ASM 400;
SPIDER-MAN CLONE/BEN,ASM 400/3;
SPIDER-MAN CLONE/BEN,ASM 401;
SPIDER-MAN CLONE/BEN,ASM 403;
SPIDER-MAN CLONE/BEN,ASM 404;
SPIDER-MAN CLONE/BEN,ASM 405;
SPIDER-MAN CLONE/BEN,ASM 406;
SPIDER-MAN CLONE/BEN,ASM 407;
SPIDER-MAN CLONE/BEN,ASM 408;
SPIDER-MAN CLONE/BEN,ASM 409;
SPIDER-MAN CLONE/BEN,ASM 410;
SPIDER-MAN CLONE/BEN,ASM 411;
SPIDER-MAN CLONE/BEN,ASM 412;
SPIDER-MAN CLONE/BEN,ASM 413;
SPIDER-MAN CLONE/BEN,ASM 414;
SPIDER-MAN CLONE/BEN,ASM 415;
SPIDER-MAN CLONE/BEN,ASM 416;
SPIDER-MAN CLONE/BEN,ASM 417;
SPIDER-MAN CLONE/BEN,ASM 418;
SPIDER-MAN CLONE/BEN,ASM:FO 1;
SPIDER-MAN CLONE/BEN,ASM:FO 2;
SPIDER-MAN CLONE/BEN,ASM:FO 3;
SPIDER-MAN CLONE/BEN,ASMSS 1/3;
SPIDER-MAN CLONE/BEN,ASMU 10;
SPIDER-MAN CLONE/BEN,ASMU 11;
SPIDER-MAN CLONE/BEN,ASMU 12;
SPIDER-MAN CLONE/BEN,ASMU 13;
SPIDER-MAN CLONE/BEN,ASMU 14;
SPIDER-MAN CLONE/BEN,ASMU 7;
SPIDER-MAN CLONE/BEN,ASMU 8;
SPIDER-MAN CLONE/BEN,ASMU 9;
SPIDER-MAN CLONE/BEN,ASS 1;
SPIDER-MAN CLONE/BEN,ASS 2;
SPIDER-MAN CLONE/BEN,FF 416;
SPIDER-MAN CLONE/BEN,GG 3;
SPIDER-MAN CLONE/BEN,MC:A;
SPIDER-MAN CLONE/BEN,MC:O;
SPIDER-MAN CLONE/BEN,NW 59;
SPIDER-MAN CLONE/BEN,NW 62;
SPIDER-MAN CLONE/BEN,NW 63;
SPIDER-MAN CLONE/BEN,NW 64;
SPIDER-MAN CLONE/BEN,NW 65;
SPIDER-MAN CLONE/BEN,NW 66;
SPIDER-MAN CLONE/BEN,NW 67;
SPIDER-MAN CLONE/BEN,NW 70;
SPIDER-MAN CLONE/BEN,NW 71;
SPIDER-MAN CLONE/BEN,OJ 1;
SPIDER-MAN CLONE/BEN,PPTSS 216;
SPIDER-MAN CLONE/BEN,PPTSS 217;
SPIDER-MAN CLONE/BEN,PPTSS 217/2;
SPIDER-MAN CLONE/BEN,PPTSS 218;
SPIDER-MAN CLONE/BEN,PPTSS 222;
SPIDER-MAN CLONE/BEN,PPTSS 223;
SPIDER-MAN CLONE/BEN,PPTSS 223/2;
SPIDER-MAN CLONE/BEN,PPTSS 224;
SPIDER-MAN CLONE/BEN,PPTSS 225;
SPIDER-MAN CLONE/BEN,PPTSS 226;
SPIDER-MAN CLONE/BEN,PPTSS 227;
SPIDER-MAN CLONE/BEN,PPTSS 229;
SPIDER-MAN CLONE/BEN,PPTSS 230;
SPIDER-MAN CLONE/BEN,PPTSS 231;
SPIDER-MAN CLONE/BEN,PPTSS 232;
SPIDER-MAN CLONE/BEN,PPTSS 233;
SPIDER-MAN CLONE/BEN,PPTSS 234;
SPIDER-MAN CLONE/BEN,PPTSS 235;
SPIDER-MAN CLONE/BEN,PPTSS 236;
SPIDER-MAN CLONE/BEN,PPTSS 237;
SPIDER-MAN CLONE/BEN,PPTSS 238;
SPIDER-MAN CLONE/BEN,PPTSS 239;
SPIDER-MAN CLONE/BEN,PPTSS 240;
SPIDER-MAN CLONE/BEN,PPTSSSS 1;
SPIDER-MAN CLONE/BEN,PPTSSSS 1/3;
SPIDER-MAN CLONE/BEN,SCARSPI 1;
SPIDER-MAN CLONE/BEN,SCARSPI 2;
SPIDER-MAN CLONE/BEN,SENSM 0;
SPIDER-MAN CLONE/BEN,SENSM 1;
SPIDER-MAN CLONE/BEN,SENSM 10;
SPIDER-MAN CLONE/BEN,SENSM 11;
SPIDER-MAN CLONE/BEN,SENSM 2;
SPIDER-MAN CLONE/BEN,SENSM 3;
SPIDER-MAN CLONE/BEN,SENSM 4;
SPIDER-MAN CLONE/BEN,SENSM 5;
SPIDER-MAN CLONE/BEN,SENSM 6;
SPIDER-MAN CLONE/BEN,SENSM 7;
SPIDER-MAN CLONE/BEN,SENSM 8;
SPIDER-MAN CLONE/BEN,SENSM 9;
SPIDER-MAN CLONE/BEN,S-M 48;
SPIDER-MAN CLONE/BEN,S-M 49;
SPIDER-MAN CLONE/BEN,S-M 50;
SPIDER-MAN CLONE/BEN,S-M 51;
SPIDER-MAN CLONE/BEN,S-M 51/2;
SPIDER-MAN CLONE/BEN,S-M 52;
SPIDER-MAN CLONE/BEN,S-M 53;
SPIDER-MAN CLONE/BEN,S-M 54;
SPIDER-MAN CLONE/BEN,S-M 55;
SPIDER-MAN CLONE/BEN,S-M 56;
SPIDER-MAN CLONE/BEN,S-M 57;
SPIDER-MAN CLONE/BEN,S-M 57/2;
SPIDER-MAN CLONE/BEN,S-M 58;
SPIDER-MAN CLONE/BEN,S-M 60;
SPIDER-MAN CLONE/BEN,S-M 61;
SPIDER-MAN CLONE/BEN,S-M 62;
SPIDER-MAN CLONE/BEN,S-M 63;
SPIDER-MAN CLONE/BEN,S-M 64;
SPIDER-MAN CLONE/BEN,S-M 65;
SPIDER-MAN CLONE/BEN,S-M 66;
SPIDER-MAN CLONE/BEN,S-M 67;
SPIDER-MAN CLONE/BEN,S-M 68;
SPIDER-MAN CLONE/BEN,S-M 69;
SPIDER-MAN CLONE/BEN,S-M 70;
SPIDER-MAN CLONE/BEN,S-M 71;
SPIDER-MAN CLONE/BEN,S-M 72;
SPIDER-MAN CLONE/BEN,S-M 73;
SPIDER-MAN CLONE/BEN,S-M 74;
SPIDER-MAN CLONE/BEN,S-M 75;
SPIDER-MAN CLONE/BEN,SM:FA 3;
SPIDER-MAN CLONE/BEN,SM:FA 4;
SPIDER-MAN CLONE/BEN,SM:LY 1;
SPIDER-MAN CLONE/BEN,SM:LY 2;
SPIDER-MAN CLONE/BEN,SM:LY 3;
SPIDER-MAN CLONE/BEN,SM/P:FP 1;
SPIDER-MAN CLONE/BEN,SM/P:FP 2;
SPIDER-MAN CLONE/BEN,SM:R 1;
SPIDER-MAN CLONE/BEN,SM:R 2;
SPIDER-MAN CLONE/BEN,SM:R 3;
SPIDER-MAN CLONE/BEN,SM:R 4;
SPIDER-MAN CLONE/BEN,SMTU 2;
SPIDER-MAN CLONE/BEN,SMTU 4;
SPIDER-MAN CLONE/BEN,SMTU 5;
SPIDER-MAN CLONE/BEN,SMTU 5/2;
SPIDER-MAN CLONE/BEN,SSCARSPI 1;
SPIDER-MAN CLONE/BEN,SSCARSPI 2;
SPIDER-MAN CLONE/BEN,SSU 1;
SPIDER-MAN CLONE/BEN,UX 339;
SPIDER-MAN CLONE/BEN,V:ACS 1;
SPIDER-MAN CLONE/BEN,V:ACS 2;
SPIDER-MAN CLONE/BEN,V:ACS 3;
SPIDER-MAN CLONE/BEN,V:ACS 4;
SPIDER-MAN CLONE/BEN,VSS 1;
SPIDER-MAN CLONE/BEN,WOSM 114;
SPIDER-MAN CLONE/BEN,WOSM 115;
SPIDER-MAN CLONE/BEN,WOSM 116;
SPIDER-MAN CLONE/BEN,WOSM 117;
SPIDER-MAN CLONE/BEN,WOSM 117/2;
SPIDER-MAN CLONE/BEN,WOSM 118;
SPIDER-MAN CLONE/BEN,WOSM 119;
SPIDER-MAN CLONE/BEN,WOSM 120;
SPIDER-MAN CLONE/BEN,WOSM 121;
SPIDER-MAN CLONE/BEN,WOSM 122;
SPIDER-MAN CLONE/BEN,WOSM 123;
SPIDER-MAN CLONE/BEN,WOSM 124;
SPIDER-MAN CLONE/BEN,WOSM 125;
SPIDER-MAN CLONE/BEN,WOSM 126;
SPIDER-MAN CLONE/BEN,WOSM 128;
SPIDER-MAN CLONE/BEN,WOSM 129;
SPIDER-MAN CLONE/BEN,WOSMSS 1;
SPIDER-MAN CLONE/BEN,WOSMSS 1/3;
SPIDER-MAN CLONE/BEN,WOSS 1;
SPIDER-MAN CLONE/BEN,WOSS 2;
SPIDER-MAN CLONE/BEN,WOSS 4;
SPIDER-MAN III/MARTH,ASM2 1;
SPIDER-MAN III/MARTH,ASM2 14;
SPIDER-MAN III/MARTH,ASM2 2;
SPIDER-MAN III/MARTH,ASM2 5;
SPIDER-MAN III/MARTH,ASM2 6;
SPIDER-MAN III/MARTH,ASM 441;
SPIDER-MAN III/MARTH,PPSM2 1;
SPIDER-MAN III/MARTH,PPSM2 5;
SPIDER-MAN III/MARTH,PPTSS 262;
SPIDER-MAN III/MARTH,S-W3 1;
SPIDER-MAN III/MARTH,S-W3 10;
SPIDER-MAN III/MARTH,S-W3 11;
SPIDER-MAN III/MARTH,S-W3 12;
SPIDER-MAN III/MARTH,S-W3 13;
SPIDER-MAN III/MARTH,S-W3 14;
SPIDER-MAN III/MARTH,S-W3 15;
SPIDER-MAN III/MARTH,S-W3 16;
SPIDER-MAN III/MARTH,S-W3 17;
SPIDER-MAN III/MARTH,S-W3 18;
SPIDER-MAN III/MARTH,S-W3 2;
SPIDER-MAN III/MARTH,S-W3 3;
SPIDER-MAN III/MARTH,S-W3 4;
SPIDER-MAN III/MARTH,S-W3 5;
SPIDER-MAN III/MARTH,S-W3 6;
SPIDER-MAN III/MARTH,S-W3 7;
SPIDER-MAN III/MARTH,S-W3 8;
SPIDER-MAN III/MARTH,S-W3 9;
SPIDER-MAN/PETER PARKER,A 11;
SPIDER-MAN/PETER PARKER,A 118;
SPIDER-MAN/PETER PARKER,A 1.5;
SPIDER-MAN/PETER PARKER,A 168;
SPIDER-MAN/PETER PARKER,A 221;
SPIDER-MAN/PETER PARKER,A 235;
SPIDER-MAN/PETER PARKER,A 236;
SPIDER-MAN/PETER PARKER,A 237;
SPIDER-MAN/PETER PARKER,A 258;
SPIDER-MAN/PETER PARKER,A 298;
SPIDER-MAN/PETER PARKER,A 3;
SPIDER-MAN/PETER PARKER,A3 1;
SPIDER-MAN/PETER PARKER,A3 10;
SPIDER-MAN/PETER PARKER,A3 11;
SPIDER-MAN/PETER PARKER,A 314;
SPIDER-MAN/PETER PARKER,A 315;
SPIDER-MAN/PETER PARKER,A 316;
SPIDER-MAN/PETER PARKER,A 317;
SPIDER-MAN/PETER PARKER,A 318;
SPIDER-MAN/PETER PARKER,A3 25;
SPIDER-MAN/PETER PARKER,A 329;
SPIDER-MAN/PETER PARKER,A 330;
SPIDER-MAN/PETER PARKER,A 332;
SPIDER-MAN/PETER PARKER,A 333;
SPIDER-MAN/PETER PARKER,A 59;
SPIDER-MAN/PETER PARKER,A 60;
SPIDER-MAN/PETER PARKER,A 82;
SPIDER-MAN/PETER PARKER,A 85;
SPIDER-MAN/PETER PARKER,AA2 3/2;
SPIDER-MAN/PETER PARKER,AAF 15;
SPIDER-MAN/PETER PARKER,AAF 16;
SPIDER-MAN/PETER PARKER,AAF 17;
SPIDER-MAN/PETER PARKER,AAF 18;
SPIDER-MAN/PETER PARKER,ASM '00;
SPIDER-MAN/PETER PARKER,ASM '01;
SPIDER-MAN/PETER PARKER,ASM -1;
SPIDER-MAN/PETER PARKER,ASM 1;
SPIDER-MAN/PETER PARKER,ASM 10;
SPIDER-MAN/PETER PARKER,ASM 100;
SPIDER-MAN/PETER PARKER,ASM 101;
SPIDER-MAN/PETER PARKER,ASM 102;
SPIDER-MAN/PETER PARKER,ASM 103;
SPIDER-MAN/PETER PARKER,ASM 104;
SPIDER-MAN/PETER PARKER,ASM 105;
SPIDER-MAN/PETER PARKER,ASM 106;
SPIDER-MAN/PETER PARKER,ASM 107;
SPIDER-MAN/PETER PARKER,ASM 108;
SPIDER-MAN/PETER PARKER,ASM 109;
SPIDER-MAN/PETER PARKER,ASM 11;
SPIDER-MAN/PETER PARKER,ASM 110;
SPIDER-MAN/PETER PARKER,ASM 111;
SPIDER-MAN/PETER PARKER,ASM 11/2;
SPIDER-MAN/PETER PARKER,ASM 112;
SPIDER-MAN/PETER PARKER,ASM 113;
SPIDER-MAN/PETER PARKER,ASM 114;
SPIDER-MAN/PETER PARKER,ASM 115;
SPIDER-MAN/PETER PARKER,ASM 116;
SPIDER-MAN/PETER PARKER,ASM 117;
SPIDER-MAN/PETER PARKER,ASM 118;
SPIDER-MAN/PETER PARKER,ASM 119;
SPIDER-MAN/PETER PARKER,ASM 1/2;
SPIDER-MAN/PETER PARKER,ASM 12;
SPIDER-MAN/PETER PARKER,ASM 120;
SPIDER-MAN/PETER PARKER,ASM 121;
SPIDER-MAN/PETER PARKER,ASM 122;
SPIDER-MAN/PETER PARKER,ASM 123;
SPIDER-MAN/PETER PARKER,ASM 124;
SPIDER-MAN/PETER PARKER,ASM 125;
SPIDER-MAN/PETER PARKER,ASM 126;
SPIDER-MAN/PETER PARKER,ASM 127;
SPIDER-MAN/PETER PARKER,ASM 128;
SPIDER-MAN/PETER PARKER,ASM 129;
SPIDER-MAN/PETER PARKER,ASM 13;
SPIDER-MAN/PETER PARKER,ASM 130;
SPIDER-MAN/PETER PARKER,ASM 131;
SPIDER-MAN/PETER PARKER,ASM 132;
SPIDER-MAN/PETER PARKER,ASM 133;
SPIDER-MAN/PETER PARKER,ASM 134;
SPIDER-MAN/PETER PARKER,ASM 135;
SPIDER-MAN/PETER PARKER,ASM 136;
SPIDER-MAN/PETER PARKER,ASM 137;
SPIDER-MAN/PETER PARKER,ASM 138;
SPIDER-MAN/PETER PARKER,ASM 139;
SPIDER-MAN/PETER PARKER,ASM 14;
SPIDER-MAN/PETER PARKER,ASM 140;
SPIDER-MAN/PETER PARKER,ASM 141;
SPIDER-MAN/PETER PARKER,ASM 142;
SPIDER-MAN/PETER PARKER,ASM 143;
SPIDER-MAN/PETER PARKER,ASM 144;
SPIDER-MAN/PETER PARKER,ASM 145;
SPIDER-MAN/PETER PARKER,ASM 146;
SPIDER-MAN/PETER PARKER,ASM 147;
SPIDER-MAN/PETER PARKER,ASM 148;
SPIDER-MAN/PETER PARKER,ASM 149;
SPIDER-MAN/PETER PARKER,ASM 15;
SPIDER-MAN/PETER PARKER,ASM 150;
SPIDER-MAN/PETER PARKER,ASM 151;
SPIDER-MAN/PETER PARKER,ASM 152;
SPIDER-MAN/PETER PARKER,ASM 153;
SPIDER-MAN/PETER PARKER,ASM 154;
SPIDER-MAN/PETER PARKER,ASM 155;
SPIDER-MAN/PETER PARKER,ASM 156;
SPIDER-MAN/PETER PARKER,ASM 157;
SPIDER-MAN/PETER PARKER,ASM 158;
SPIDER-MAN/PETER PARKER,ASM 159;
SPIDER-MAN/PETER PARKER,ASM 16;
SPIDER-MAN/PETER PARKER,ASM 160;
SPIDER-MAN/PETER PARKER,ASM 161;
SPIDER-MAN/PETER PARKER,ASM 162;
SPIDER-MAN/PETER PARKER,ASM 163;
SPIDER-MAN/PETER PARKER,ASM 164;
SPIDER-MAN/PETER PARKER,ASM 165;
SPIDER-MAN/PETER PARKER,ASM 166;
SPIDER-MAN/PETER PARKER,ASM 167;
SPIDER-MAN/PETER PARKER,ASM 168;
SPIDER-MAN/PETER PARKER,ASM 169;
SPIDER-MAN/PETER PARKER,ASM 17;
SPIDER-MAN/PETER PARKER,ASM 170;
SPIDER-MAN/PETER PARKER,ASM 171;
SPIDER-MAN/PETER PARKER,ASM 172;
SPIDER-MAN/PETER PARKER,ASM 173;
SPIDER-MAN/PETER PARKER,ASM 174;
SPIDER-MAN/PETER PARKER,ASM 175;
SPIDER-MAN/PETER PARKER,ASM 176;
SPIDER-MAN/PETER PARKER,ASM 177;
SPIDER-MAN/PETER PARKER,ASM 178;
SPIDER-MAN/PETER PARKER,ASM 179;
SPIDER-MAN/PETER PARKER,ASM 18;
SPIDER-MAN/PETER PARKER,ASM 180;
SPIDER-MAN/PETER PARKER,ASM 181;
SPIDER-MAN/PETER PARKER,ASM 182;
SPIDER-MAN/PETER PARKER,ASM 183;
SPIDER-MAN/PETER PARKER,ASM 184;
SPIDER-MAN/PETER PARKER,ASM 185;
SPIDER-MAN/PETER PARKER,ASM 185/2;
SPIDER-MAN/PETER PARKER,ASM 186;
SPIDER-MAN/PETER PARKER,ASM 187;
SPIDER-MAN/PETER PARKER,ASM 188;
SPIDER-MAN/PETER PARKER,ASM 189;
SPIDER-MAN/PETER PARKER,ASM 19;
SPIDER-MAN/PETER PARKER,ASM 190;
SPIDER-MAN/PETER PARKER,ASM 191;
SPIDER-MAN/PETER PARKER,ASM 192;
SPIDER-MAN/PETER PARKER,ASM 193;
SPIDER-MAN/PETER PARKER,ASM 194;
SPIDER-MAN/PETER PARKER,ASM 195;
SPIDER-MAN/PETER PARKER,ASM 196;
SPIDER-MAN/PETER PARKER,ASM 197;
SPIDER-MAN/PETER PARKER,ASM 198;
SPIDER-MAN/PETER PARKER,ASM 199;
SPIDER-MAN/PETER PARKER,ASM 2;
SPIDER-MAN/PETER PARKER,ASM 20;
SPIDER-MAN/PETER PARKER,ASM 200;
SPIDER-MAN/PETER PARKER,ASM 201;
SPIDER-MAN/PETER PARKER,ASM 202;
SPIDER-MAN/PETER PARKER,ASM 203;
SPIDER-MAN/PETER PARKER,ASM 204;
SPIDER-MAN/PETER PARKER,ASM 205;
SPIDER-MAN/PETER PARKER,ASM 206;
SPIDER-MAN/PETER PARKER,ASM 207;
SPIDER-MAN/PETER PARKER,ASM 208;
SPIDER-MAN/PETER PARKER,ASM 209;
SPIDER-MAN/PETER PARKER,ASM 21;
SPIDER-MAN/PETER PARKER,ASM2 1;
SPIDER-MAN/PETER PARKER,ASM 210;
SPIDER-MAN/PETER PARKER,ASM2 10;
SPIDER-MAN/PETER PARKER,ASM 211;
SPIDER-MAN/PETER PARKER,ASM2 11;
SPIDER-MAN/PETER PARKER,ASM 212;
SPIDER-MAN/PETER PARKER,ASM2 12;
SPIDER-MAN/PETER PARKER,ASM 213;
SPIDER-MAN/PETER PARKER,ASM2 1/3;
SPIDER-MAN/PETER PARKER,ASM2 13;
SPIDER-MAN/PETER PARKER,ASM 214;
SPIDER-MAN/PETER PARKER,ASM2 14;
SPIDER-MAN/PETER PARKER,ASM 215;
SPIDER-MAN/PETER PARKER,ASM2 15;
SPIDER-MAN/PETER PARKER,ASM 216;
SPIDER-MAN/PETER PARKER,ASM2 16;
SPIDER-MAN/PETER PARKER,ASM 217;
SPIDER-MAN/PETER PARKER,ASM2 17;
SPIDER-MAN/PETER PARKER,ASM 218;
SPIDER-MAN/PETER PARKER,ASM2 18;
SPIDER-MAN/PETER PARKER,ASM 219;
SPIDER-MAN/PETER PARKER,ASM2 19;
SPIDER-MAN/PETER PARKER,ASM 2/2;
SPIDER-MAN/PETER PARKER,ASM 22;
SPIDER-MAN/PETER PARKER,ASM2 2;
SPIDER-MAN/PETER PARKER,ASM 220;
SPIDER-MAN/PETER PARKER,ASM2 20;
SPIDER-MAN/PETER PARKER,ASM 220/2;
SPIDER-MAN/PETER PARKER,ASM 221;
SPIDER-MAN/PETER PARKER,ASM2 21;
SPIDER-MAN/PETER PARKER,ASM 222;
SPIDER-MAN/PETER PARKER,ASM2 22;
SPIDER-MAN/PETER PARKER,ASM 223;
SPIDER-MAN/PETER PARKER,ASM2 23;
SPIDER-MAN/PETER PARKER,ASM 224;
SPIDER-MAN/PETER PARKER,ASM2 24;
SPIDER-MAN/PETER PARKER,ASM 225;
SPIDER-MAN/PETER PARKER,ASM2 25;
SPIDER-MAN/PETER PARKER,ASM 226;
SPIDER-MAN/PETER PARKER,ASM2 26;
SPIDER-MAN/PETER PARKER,ASM 227;
SPIDER-MAN/PETER PARKER,ASM2 27;
SPIDER-MAN/PETER PARKER,ASM 228;
SPIDER-MAN/PETER PARKER,ASM2 28;
SPIDER-MAN/PETER PARKER,ASM 229;
SPIDER-MAN/PETER PARKER,ASM2 29;
SPIDER-MAN/PETER PARKER,ASM 23;
SPIDER-MAN/PETER PARKER,ASM2 3;
SPIDER-MAN/PETER PARKER,ASM 230;
SPIDER-MAN/PETER PARKER,ASM2 30;
SPIDER-MAN/PETER PARKER,ASM 231;
SPIDER-MAN/PETER PARKER,ASM2 31;
SPIDER-MAN/PETER PARKER,ASM 232;
SPIDER-MAN/PETER PARKER,ASM2 32;
SPIDER-MAN/PETER PARKER,ASM 23/3;
SPIDER-MAN/PETER PARKER,ASM 233;
SPIDER-MAN/PETER PARKER,ASM2 33;
SPIDER-MAN/PETER PARKER,ASM 234;
SPIDER-MAN/PETER PARKER,ASM 235;
SPIDER-MAN/PETER PARKER,ASM 236;
SPIDER-MAN/PETER PARKER,ASM 237;
SPIDER-MAN/PETER PARKER,ASM 238;
SPIDER-MAN/PETER PARKER,ASM 239;
SPIDER-MAN/PETER PARKER,ASM 24;
SPIDER-MAN/PETER PARKER,ASM2 4;
SPIDER-MAN/PETER PARKER,ASM 240;
SPIDER-MAN/PETER PARKER,ASM 241;
SPIDER-MAN/PETER PARKER,ASM 242;
SPIDER-MAN/PETER PARKER,ASM 243;
SPIDER-MAN/PETER PARKER,ASM 244;
SPIDER-MAN/PETER PARKER,ASM 245;
SPIDER-MAN/PETER PARKER,ASM 246;
SPIDER-MAN/PETER PARKER,ASM 247;
SPIDER-MAN/PETER PARKER,ASM 248;
SPIDER-MAN/PETER PARKER,ASM 248/2;
SPIDER-MAN/PETER PARKER,ASM 249;
SPIDER-MAN/PETER PARKER,ASM 25;
SPIDER-MAN/PETER PARKER,ASM2 5;
SPIDER-MAN/PETER PARKER,ASM 250;
SPIDER-MAN/PETER PARKER,ASM 251;
SPIDER-MAN/PETER PARKER,ASM 252;
SPIDER-MAN/PETER PARKER,ASM 253;
SPIDER-MAN/PETER PARKER,ASM 254;
SPIDER-MAN/PETER PARKER,ASM 255;
SPIDER-MAN/PETER PARKER,ASM 256;
SPIDER-MAN/PETER PARKER,ASM 257;
SPIDER-MAN/PETER PARKER,ASM 258;
SPIDER-MAN/PETER PARKER,ASM 259;
SPIDER-MAN/PETER PARKER,ASM 26;
SPIDER-MAN/PETER PARKER,ASM2 6;
SPIDER-MAN/PETER PARKER,ASM 260;
SPIDER-MAN/PETER PARKER,ASM 261;
SPIDER-MAN/PETER PARKER,ASM 262;
SPIDER-MAN/PETER PARKER,ASM 263;
SPIDER-MAN/PETER PARKER,ASM 26/4;
SPIDER-MAN/PETER PARKER,ASM 264;
SPIDER-MAN/PETER PARKER,ASM 265;
SPIDER-MAN/PETER PARKER,ASM 266;
SPIDER-MAN/PETER PARKER,ASM 267;
SPIDER-MAN/PETER PARKER,ASM 268;
SPIDER-MAN/PETER PARKER,ASM 269;
SPIDER-MAN/PETER PARKER,ASM 27;
SPIDER-MAN/PETER PARKER,ASM 270;
SPIDER-MAN/PETER PARKER,ASM 271;
SPIDER-MAN/PETER PARKER,ASM 272;
SPIDER-MAN/PETER PARKER,ASM 273;
SPIDER-MAN/PETER PARKER,ASM 274;
SPIDER-MAN/PETER PARKER,ASM 275;
SPIDER-MAN/PETER PARKER,ASM 276;
SPIDER-MAN/PETER PARKER,ASM 277;
SPIDER-MAN/PETER PARKER,ASM 277/2;
SPIDER-MAN/PETER PARKER,ASM 278;
SPIDER-MAN/PETER PARKER,ASM 28;
SPIDER-MAN/PETER PARKER,ASM2 8;
SPIDER-MAN/PETER PARKER,ASM 280;
SPIDER-MAN/PETER PARKER,ASM 281;
SPIDER-MAN/PETER PARKER,ASM 282;
SPIDER-MAN/PETER PARKER,ASM 283;
SPIDER-MAN/PETER PARKER,ASM 284;
SPIDER-MAN/PETER PARKER,ASM 285;
SPIDER-MAN/PETER PARKER,ASM 286;
SPIDER-MAN/PETER PARKER,ASM 287;
SPIDER-MAN/PETER PARKER,ASM 288;
SPIDER-MAN/PETER PARKER,ASM 289;
SPIDER-MAN/PETER PARKER,ASM 29;
SPIDER-MAN/PETER PARKER,ASM2 9;
SPIDER-MAN/PETER PARKER,ASM 290;
SPIDER-MAN/PETER PARKER,ASM 291;
SPIDER-MAN/PETER PARKER,ASM 292;
SPIDER-MAN/PETER PARKER,ASM 294;
SPIDER-MAN/PETER PARKER,ASM 295;
SPIDER-MAN/PETER PARKER,ASM 296;
SPIDER-MAN/PETER PARKER,ASM 297;
SPIDER-MAN/PETER PARKER,ASM 298;
SPIDER-MAN/PETER PARKER,ASM 299;
SPIDER-MAN/PETER PARKER,ASM 3;
SPIDER-MAN/PETER PARKER,ASM 30;
SPIDER-MAN/PETER PARKER,ASM 300;
SPIDER-MAN/PETER PARKER,ASM 301;
SPIDER-MAN/PETER PARKER,ASM 302;
SPIDER-MAN/PETER PARKER,ASM 303;
SPIDER-MAN/PETER PARKER,ASM 304;
SPIDER-MAN/PETER PARKER,ASM 305;
SPIDER-MAN/PETER PARKER,ASM 306;
SPIDER-MAN/PETER PARKER,ASM 307;
SPIDER-MAN/PETER PARKER,ASM 308;
SPIDER-MAN/PETER PARKER,ASM 309;
SPIDER-MAN/PETER PARKER,ASM 31;
SPIDER-MAN/PETER PARKER,ASM 310;
SPIDER-MAN/PETER PARKER,ASM 311;
SPIDER-MAN/PETER PARKER,ASM 312;
SPIDER-MAN/PETER PARKER,ASM 313;
SPIDER-MAN/PETER PARKER,ASM 314;
SPIDER-MAN/PETER PARKER,ASM 315;
SPIDER-MAN/PETER PARKER,ASM 316;
SPIDER-MAN/PETER PARKER,ASM 317;
SPIDER-MAN/PETER PARKER,ASM 318;
SPIDER-MAN/PETER PARKER,ASM 319;
SPIDER-MAN/PETER PARKER,ASM 32;
SPIDER-MAN/PETER PARKER,ASM 320;
SPIDER-MAN/PETER PARKER,ASM 321;
SPIDER-MAN/PETER PARKER,ASM 322;
SPIDER-MAN/PETER PARKER,ASM 323;
SPIDER-MAN/PETER PARKER,ASM 324;
SPIDER-MAN/PETER PARKER,ASM 325;
SPIDER-MAN/PETER PARKER,ASM 326;
SPIDER-MAN/PETER PARKER,ASM 327;
SPIDER-MAN/PETER PARKER,ASM 328;
SPIDER-MAN/PETER PARKER,ASM 329;
SPIDER-MAN/PETER PARKER,ASM 33;
SPIDER-MAN/PETER PARKER,ASM 330;
SPIDER-MAN/PETER PARKER,ASM 331;
SPIDER-MAN/PETER PARKER,ASM 332;
SPIDER-MAN/PETER PARKER,ASM 333;
SPIDER-MAN/PETER PARKER,ASM 334;
SPIDER-MAN/PETER PARKER,ASM 335;
SPIDER-MAN/PETER PARKER,ASM 336;
SPIDER-MAN/PETER PARKER,ASM 337;
SPIDER-MAN/PETER PARKER,ASM 338;
SPIDER-MAN/PETER PARKER,ASM 339;
SPIDER-MAN/PETER PARKER,ASM 34;
SPIDER-MAN/PETER PARKER,ASM 340;
SPIDER-MAN/PETER PARKER,ASM 341;
SPIDER-MAN/PETER PARKER,ASM 342;
SPIDER-MAN/PETER PARKER,ASM 343;
SPIDER-MAN/PETER PARKER,ASM 344;
SPIDER-MAN/PETER PARKER,ASM 345;
SPIDER-MAN/PETER PARKER,ASM 346;
SPIDER-MAN/PETER PARKER,ASM 347;
SPIDER-MAN/PETER PARKER,ASM 348;
SPIDER-MAN/PETER PARKER,ASM 349;
SPIDER-MAN/PETER PARKER,ASM 35;
SPIDER-MAN/PETER PARKER,ASM 350;
SPIDER-MAN/PETER PARKER,ASM 351;
SPIDER-MAN/PETER PARKER,ASM 352;
SPIDER-MAN/PETER PARKER,ASM 353;
SPIDER-MAN/PETER PARKER,ASM 354;
SPIDER-MAN/PETER PARKER,ASM 355;
SPIDER-MAN/PETER PARKER,ASM 356;
SPIDER-MAN/PETER PARKER,ASM 357;
SPIDER-MAN/PETER PARKER,ASM 358;
SPIDER-MAN/PETER PARKER,ASM 359;
SPIDER-MAN/PETER PARKER,ASM 36;
SPIDER-MAN/PETER PARKER,ASM 360;
SPIDER-MAN/PETER PARKER,ASM 361;
SPIDER-MAN/PETER PARKER,ASM 362;
SPIDER-MAN/PETER PARKER,ASM 363;
SPIDER-MAN/PETER PARKER,ASM 364;
SPIDER-MAN/PETER PARKER,ASM 365;
SPIDER-MAN/PETER PARKER,ASM 365/3;
SPIDER-MAN/PETER PARKER,ASM 366;
SPIDER-MAN/PETER PARKER,ASM 367;
SPIDER-MAN/PETER PARKER,ASM 368;
SPIDER-MAN/PETER PARKER,ASM 368/2;
SPIDER-MAN/PETER PARKER,ASM 369;
SPIDER-MAN/PETER PARKER,ASM 37;
SPIDER-MAN/PETER PARKER,ASM 370;
SPIDER-MAN/PETER PARKER,ASM 370/2;
SPIDER-MAN/PETER PARKER,ASM 371;
SPIDER-MAN/PETER PARKER,ASM 372;
SPIDER-MAN/PETER PARKER,ASM 372/2;
SPIDER-MAN/PETER PARKER,ASM 373;
SPIDER-MAN/PETER PARKER,ASM 38;
SPIDER-MAN/PETER PARKER,ASM 39;
SPIDER-MAN/PETER PARKER,ASM 391;
SPIDER-MAN/PETER PARKER,ASM 392;
SPIDER-MAN/PETER PARKER,ASM 393;
SPIDER-MAN/PETER PARKER,ASM 394;
SPIDER-MAN/PETER PARKER,ASM 395;
SPIDER-MAN/PETER PARKER,ASM 396;
SPIDER-MAN/PETER PARKER,ASM 397;
SPIDER-MAN/PETER PARKER,ASM 398;
SPIDER-MAN/PETER PARKER,ASM 399;
SPIDER-MAN/PETER PARKER,ASM 4;
SPIDER-MAN/PETER PARKER,ASM 40;
SPIDER-MAN/PETER PARKER,ASM 400;
SPIDER-MAN/PETER PARKER,ASM 400/3;
SPIDER-MAN/PETER PARKER,ASM 401;
SPIDER-MAN/PETER PARKER,ASM 402;
SPIDER-MAN/PETER PARKER,ASM 403;
SPIDER-MAN/PETER PARKER,ASM 404;
SPIDER-MAN/PETER PARKER,ASM 405;
SPIDER-MAN/PETER PARKER,ASM 406;
SPIDER-MAN/PETER PARKER,ASM 41;
SPIDER-MAN/PETER PARKER,ASM 410;
SPIDER-MAN/PETER PARKER,ASM 411;
SPIDER-MAN/PETER PARKER,ASM 412;
SPIDER-MAN/PETER PARKER,ASM 413;
SPIDER-MAN/PETER PARKER,ASM 414;
SPIDER-MAN/PETER PARKER,ASM 415;
SPIDER-MAN/PETER PARKER,ASM 416;
SPIDER-MAN/PETER PARKER,ASM 417;
SPIDER-MAN/PETER PARKER,ASM 418;
SPIDER-MAN/PETER PARKER,ASM 419;
SPIDER-MAN/PETER PARKER,ASM 42;
SPIDER-MAN/PETER PARKER,ASM 420;
SPIDER-MAN/PETER PARKER,ASM 421;
SPIDER-MAN/PETER PARKER,ASM 421/2;
SPIDER-MAN/PETER PARKER,ASM 422;
SPIDER-MAN/PETER PARKER,ASM 423;
SPIDER-MAN/PETER PARKER,ASM 424;
SPIDER-MAN/PETER PARKER,ASM 425;
SPIDER-MAN/PETER PARKER,ASM 426;
SPIDER-MAN/PETER PARKER,ASM 427;
SPIDER-MAN/PETER PARKER,ASM 428;
SPIDER-MAN/PETER PARKER,ASM 429;
SPIDER-MAN/PETER PARKER,ASM 43;
SPIDER-MAN/PETER PARKER,ASM 430;
SPIDER-MAN/PETER PARKER,ASM 431;
SPIDER-MAN/PETER PARKER,ASM 432;
SPIDER-MAN/PETER PARKER,ASM 433;
SPIDER-MAN/PETER PARKER,ASM 434;
SPIDER-MAN/PETER PARKER,ASM 435;
SPIDER-MAN/PETER PARKER,ASM 436;
SPIDER-MAN/PETER PARKER,ASM 437;
SPIDER-MAN/PETER PARKER,ASM 438;
SPIDER-MAN/PETER PARKER,ASM 439;
SPIDER-MAN/PETER PARKER,ASM 44;
SPIDER-MAN/PETER PARKER,ASM 440;
SPIDER-MAN/PETER PARKER,ASM 441;
SPIDER-MAN/PETER PARKER,ASM 45;
SPIDER-MAN/PETER PARKER,ASM 46;
SPIDER-MAN/PETER PARKER,ASM 47;
SPIDER-MAN/PETER PARKER,ASM 48;
SPIDER-MAN/PETER PARKER,ASM 49;
SPIDER-MAN/PETER PARKER,ASM 5;
SPIDER-MAN/PETER PARKER,ASM 50;
SPIDER-MAN/PETER PARKER,ASM 51;
SPIDER-MAN/PETER PARKER,ASM 52;
SPIDER-MAN/PETER PARKER,ASM 53;
SPIDER-MAN/PETER PARKER,ASM 54;
SPIDER-MAN/PETER PARKER,ASM 55;
SPIDER-MAN/PETER PARKER,ASM 56;
SPIDER-MAN/PETER PARKER,ASM 57;
SPIDER-MAN/PETER PARKER,ASM 58;
SPIDER-MAN/PETER PARKER,ASM 59;
SPIDER-MAN/PETER PARKER,ASM 6;
SPIDER-MAN/PETER PARKER,ASM 60;
SPIDER-MAN/PETER PARKER,ASM 61;
SPIDER-MAN/PETER PARKER,ASM 62;
SPIDER-MAN/PETER PARKER,ASM 63;
SPIDER-MAN/PETER PARKER,ASM 64;
SPIDER-MAN/PETER PARKER,ASM 65;
SPIDER-MAN/PETER PARKER,ASM 66;
SPIDER-MAN/PETER PARKER,ASM 67;
SPIDER-MAN/PETER PARKER,ASM 68;
SPIDER-MAN/PETER PARKER,ASM 69;
SPIDER-MAN/PETER PARKER,ASM 7;
SPIDER-MAN/PETER PARKER,ASM 70;
SPIDER-MAN/PETER PARKER,ASM 71;
SPIDER-MAN/PETER PARKER,ASM 72;
SPIDER-MAN/PETER PARKER,ASM 73;
SPIDER-MAN/PETER PARKER,ASM 74;
SPIDER-MAN/PETER PARKER,ASM 75;
SPIDER-MAN/PETER PARKER,ASM 76;
SPIDER-MAN/PETER PARKER,ASM 77;
SPIDER-MAN/PETER PARKER,ASM 78;
SPIDER-MAN/PETER PARKER,ASM 79;
SPIDER-MAN/PETER PARKER,ASM 8;
SPIDER-MAN/PETER PARKER,ASM 80;
SPIDER-MAN/PETER PARKER,ASM 81;
SPIDER-MAN/PETER PARKER,ASM 8/2;
SPIDER-MAN/PETER PARKER,ASM 82;
SPIDER-MAN/PETER PARKER,ASM 83;
SPIDER-MAN/PETER PARKER,ASM 84;
SPIDER-MAN/PETER PARKER,ASM 85;
SPIDER-MAN/PETER PARKER,ASM 86;
SPIDER-MAN/PETER PARKER,ASM 87;
SPIDER-MAN/PETER PARKER,ASM 88;
SPIDER-MAN/PETER PARKER,ASM 89;
SPIDER-MAN/PETER PARKER,ASM 9;
SPIDER-MAN/PETER PARKER,ASM 90;
SPIDER-MAN/PETER PARKER,ASM 91;
SPIDER-MAN/PETER PARKER,ASM 92;
SPIDER-MAN/PETER PARKER,ASM 93;
SPIDER-MAN/PETER PARKER,ASM 94;
SPIDER-MAN/PETER PARKER,ASM 95;
SPIDER-MAN/PETER PARKER,ASM '96;
SPIDER-MAN/PETER PARKER,ASM 96;
SPIDER-MAN/PETER PARKER,ASM '96/2;
SPIDER-MAN/PETER PARKER,ASM '97;
SPIDER-MAN/PETER PARKER,ASM 97;
SPIDER-MAN/PETER PARKER,ASM '98;
SPIDER-MAN/PETER PARKER,ASM 98;
SPIDER-MAN/PETER PARKER,ASM '99;
SPIDER-MAN/PETER PARKER,ASM 99;
SPIDER-MAN/PETER PARKER,ASM:F&E 1;
SPIDER-MAN/PETER PARKER,ASM:F&E 2;
SPIDER-MAN/PETER PARKER,ASM:F&E 3;
SPIDER-MAN/PETER PARKER,ASM:F&E 4;
SPIDER-MAN/PETER PARKER,ASM:FO 1;
SPIDER-MAN/PETER PARKER,ASM:FO 2;
SPIDER-MAN/PETER PARKER,ASM:FO 3;
SPIDER-MAN/PETER PARKER,ASM:PL;
SPIDER-MAN/PETER PARKER,ASMSS 1;
SPIDER-MAN/PETER PARKER,ASMU 10;
SPIDER-MAN/PETER PARKER,ASMU 11/2;
SPIDER-MAN/PETER PARKER,ASMU 12;
SPIDER-MAN/PETER PARKER,ASMU 14;
SPIDER-MAN/PETER PARKER,ASMU 15;
SPIDER-MAN/PETER PARKER,ASMU 16;
SPIDER-MAN/PETER PARKER,ASMU 17;
SPIDER-MAN/PETER PARKER,ASMU 18;
SPIDER-MAN/PETER PARKER,ASMU 20;
SPIDER-MAN/PETER PARKER,ASMU 22;
SPIDER-MAN/PETER PARKER,ASMU 6;
SPIDER-MAN/PETER PARKER,ASMU 6/2;
SPIDER-MAN/PETER PARKER,ASMU 6/3;
SPIDER-MAN/PETER PARKER,ASMU 7;
SPIDER-MAN/PETER PARKER,ASMU 7/2;
SPIDER-MAN/PETER PARKER,ASMU 7/3;
SPIDER-MAN/PETER PARKER,ASMU 8;
SPIDER-MAN/PETER PARKER,ASMU 9;
SPIDER-MAN/PETER PARKER,ASMV.W 1;
SPIDER-MAN/PETER PARKER,AWC 84;
SPIDER-MAN/PETER PARKER,AWC 85;
SPIDER-MAN/PETER PARKER,AWC 86;
SPIDER-MAN/PETER PARKER,BCAT 1;
SPIDER-MAN/PETER PARKER,BCAT 4;
SPIDER-MAN/PETER PARKER,CA 130;
SPIDER-MAN/PETER PARKER,CA 137;
SPIDER-MAN/PETER PARKER,CA 138;
SPIDER-MAN/PETER PARKER,CA 237;
SPIDER-MAN/PETER PARKER,CA 250;
SPIDER-MAN/PETER PARKER,CA 265;
SPIDER-MAN/PETER PARKER,CA 266;
SPIDER-MAN/PETER PARKER,CA 275;
SPIDER-MAN/PETER PARKER,C&D2 3;
SPIDER-MAN/PETER PARKER,C&D3 16;
SPIDER-MAN/PETER PARKER,C&D3 17;
SPIDER-MAN/PETER PARKER,C&D3 18;
SPIDER-MAN/PETER PARKER,COC 1;
SPIDER-MAN/PETER PARKER,COH 2;
SPIDER-MAN/PETER PARKER,COTL 32;
SPIDER-MAN/PETER PARKER,CPU 1;
SPIDER-MAN/PETER PARKER,DAMCON 1;
SPIDER-MAN/PETER PARKER,DAMCON3 1;
SPIDER-MAN/PETER PARKER,DAZZ 1;
SPIDER-MAN/PETER PARKER,DAZZ 2;
SPIDER-MAN/PETER PARKER,DAZZ 21;
SPIDER-MAN/PETER PARKER,DB 1;
SPIDER-MAN/PETER PARKER,DB 2;
SPIDER-MAN/PETER PARKER,DB 3;
SPIDER-MAN/PETER PARKER,DD 103;
SPIDER-MAN/PETER PARKER,DD 135;
SPIDER-MAN/PETER PARKER,DD 16;
SPIDER-MAN/PETER PARKER,DD 160;
SPIDER-MAN/PETER PARKER,DD 17;
SPIDER-MAN/PETER PARKER,DD2 16;
SPIDER-MAN/PETER PARKER,DD 27;
SPIDER-MAN/PETER PARKER,DD 270;
SPIDER-MAN/PETER PARKER,DD2 8;
SPIDER-MAN/PETER PARKER,DD 300;
SPIDER-MAN/PETER PARKER,DD 305;
SPIDER-MAN/PETER PARKER,DD 306;
SPIDER-MAN/PETER PARKER,DD 5;
SPIDER-MAN/PETER PARKER,DD 54;
SPIDER-MAN/PETER PARKER,DD 77;
SPIDER-MAN/PETER PARKER,DD/SM 1;
SPIDER-MAN/PETER PARKER,DD/SM 2;
SPIDER-MAN/PETER PARKER,DEF 107;
SPIDER-MAN/PETER PARKER,DEF 108;
SPIDER-MAN/PETER PARKER,DEF 109;
SPIDER-MAN/PETER PARKER,DEF 52;
SPIDER-MAN/PETER PARKER,DEF 61;
SPIDER-MAN/PETER PARKER,DFSM 1;
SPIDER-MAN/PETER PARKER,DFSM 2;
SPIDER-MAN/PETER PARKER,DFSM 3;
SPIDER-MAN/PETER PARKER,DFSM 4;
SPIDER-MAN/PETER PARKER,DHAWK 19;
SPIDER-MAN/PETER PARKER,DHAWK 2;
SPIDER-MAN/PETER PARKER,DHAWK 20;
SPIDER-MAN/PETER PARKER,DHAWK 3;
SPIDER-MAN/PETER PARKER,FF 111;
SPIDER-MAN/PETER PARKER,FF 1/2;
SPIDER-MAN/PETER PARKER,FF 133;
SPIDER-MAN/PETER PARKER,FF 14;
SPIDER-MAN/PETER PARKER,FF 204;
SPIDER-MAN/PETER PARKER,FF 207;
SPIDER-MAN/PETER PARKER,FF 218;
SPIDER-MAN/PETER PARKER,FF2 22;
SPIDER-MAN/PETER PARKER,FF 242;
SPIDER-MAN/PETER PARKER,FF 243;
SPIDER-MAN/PETER PARKER,FF 250;
SPIDER-MAN/PETER PARKER,FF 299;
SPIDER-MAN/PETER PARKER,FF 3;
SPIDER-MAN/PETER PARKER,FF3 2;
SPIDER-MAN/PETER PARKER,FF3 27;
SPIDER-MAN/PETER PARKER,FF3 36;
SPIDER-MAN/PETER PARKER,FF3 40;
SPIDER-MAN/PETER PARKER,FF3 41;
SPIDER-MAN/PETER PARKER,FF 342;
SPIDER-MAN/PETER PARKER,FF 347;
SPIDER-MAN/PETER PARKER,FF 348;
SPIDER-MAN/PETER PARKER,FF 349;
SPIDER-MAN/PETER PARKER,FF 35;
SPIDER-MAN/PETER PARKER,FF 36;
SPIDER-MAN/PETER PARKER,FF 362;
SPIDER-MAN/PETER PARKER,FF3 7;
SPIDER-MAN/PETER PARKER,FF3 9;
SPIDER-MAN/PETER PARKER,FF 61;
SPIDER-MAN/PETER PARKER,FF 73;
SPIDER-MAN/PETER PARKER,FOOL 8;
SPIDER-MAN/PETER PARKER,GAL 2;
SPIDER-MAN/PETER PARKER,GAL 3;
SPIDER-MAN/PETER PARKER,GAL 4;
SPIDER-MAN/PETER PARKER,GENX 59;
SPIDER-MAN/PETER PARKER,GR3 16;
SPIDER-MAN/PETER PARKER,GR3 17;
SPIDER-MAN/PETER PARKER,GSSH 1;
SPIDER-MAN/PETER PARKER,GSS-M 1;
SPIDER-MAN/PETER PARKER,GSS-M 2;
SPIDER-MAN/PETER PARKER,GSS-M 3;
SPIDER-MAN/PETER PARKER,GSS-M 4;
SPIDER-MAN/PETER PARKER,GSS-M 5;
SPIDER-MAN/PETER PARKER,GZILL 24;
SPIDER-MAN/PETER PARKER,H 11;
SPIDER-MAN/PETER PARKER,H2 152;
SPIDER-MAN/PETER PARKER,H2 153;
SPIDER-MAN/PETER PARKER,H2 277;
SPIDER-MAN/PETER PARKER,H2 278;
SPIDER-MAN/PETER PARKER,H2 279;
SPIDER-MAN/PETER PARKER,H2 300;
SPIDER-MAN/PETER PARKER,H2 346;
SPIDER-MAN/PETER PARKER,H2 349;
SPIDER-MAN/PETER PARKER,H2 383;
SPIDER-MAN/PETER PARKER,HFH 1;
SPIDER-MAN/PETER PARKER,HFLY 1;
SPIDER-MAN/PETER PARKER,HR:R 1;
SPIDER-MAN/PETER PARKER,HR:R 2;
SPIDER-MAN/PETER PARKER,HR:R 3;
SPIDER-MAN/PETER PARKER,HR:R 4;
SPIDER-MAN/PETER PARKER,HTD 1;
SPIDER-MAN/PETER PARKER,HTD 10;
SPIDER-MAN/PETER PARKER,IG 1;
SPIDER-MAN/PETER PARKER,IG 2;
SPIDER-MAN/PETER PARKER,IG 3;
SPIDER-MAN/PETER PARKER,IG 4;
SPIDER-MAN/PETER PARKER,IG 6;
SPIDER-MAN/PETER PARKER,IM 234;
SPIDER-MAN/PETER PARKER,IM 275;
SPIDER-MAN/PETER PARKER,IM:IA 2;
SPIDER-MAN/PETER PARKER,IMSVS 1;
SPIDER-MAN/PETER PARKER,IW 1;
SPIDER-MAN/PETER PARKER,IW 2;
SPIDER-MAN/PETER PARKER,IW 3;
SPIDER-MAN/PETER PARKER,J:ED;
SPIDER-MAN/PETER PARKER,JIM 505;
SPIDER-MAN/PETER PARKER,JIM 513;
SPIDER-MAN/PETER PARKER,KZ3 21;
SPIDER-MAN/PETER PARKER,KZ3 22;
SPIDER-MAN/PETER PARKER,KZ3 23;
SPIDER-MAN/PETER PARKER,KZ3 24;
SPIDER-MAN/PETER PARKER,KZ3 25;
SPIDER-MAN/PETER PARKER,KZ3 26;
SPIDER-MAN/PETER PARKER,LCHFH 12;
SPIDER-MAN/PETER PARKER,LSHOT 3;
SPIDER-MAN/PETER PARKER,LSHOT 4;
SPIDER-MAN/PETER PARKER,MARVELS 3;
SPIDER-MAN/PETER PARKER,MARVELS 4;
SPIDER-MAN/PETER PARKER,MAXSEC 1;
SPIDER-MAN/PETER PARKER,MAXSEC 3;
SPIDER-MAN/PETER PARKER,MC:A;
SPIDER-MAN/PETER PARKER,MC:O;
SPIDER-MAN/PETER PARKER,M/CP 120/4;
SPIDER-MAN/PETER PARKER,M/CP 39/4;
SPIDER-MAN/PETER PARKER,M/CP 48;
SPIDER-MAN/PETER PARKER,M/CP 49;
SPIDER-MAN/PETER PARKER,M/CP 50;
SPIDER-MAN/PETER PARKER,M/CP 67/4;
SPIDER-MAN/PETER PARKER,M/FAN 1;
SPIDER-MAN/PETER PARKER,M/FAN 2;
SPIDER-MAN/PETER PARKER,M/FAN 27/2;
SPIDER-MAN/PETER PARKER,M/FAN 32;
SPIDER-MAN/PETER PARKER,M/FAN 42;
SPIDER-MAN/PETER PARKER,M/FAN 47;
SPIDER-MAN/PETER PARKER,M/FAN 6;
SPIDER-MAN/PETER PARKER,M/FEA 4;
SPIDER-MAN/PETER PARKER,M/GN 1;
SPIDER-MAN/PETER PARKER,M/GN 17;
SPIDER-MAN/PETER PARKER,M/GN 22;
SPIDER-MAN/PETER PARKER,M/H&L 1;
SPIDER-MAN/PETER PARKER,M/HOL 1996;
SPIDER-MAN/PETER PARKER,M/HOLI 1994/5;
SPIDER-MAN/PETER PARKER,MK3 19;
SPIDER-MAN/PETER PARKER,MK3 2;
SPIDER-MAN/PETER PARKER,MK3 20;
SPIDER-MAN/PETER PARKER,MK3 21;
SPIDER-MAN/PETER PARKER,MK3 32;
SPIDER-MAN/PETER PARKER,MK3 33;
SPIDER-MAN/PETER PARKER,MORBIUS 1;
SPIDER-MAN/PETER PARKER,MORBIUS 2;
SPIDER-MAN/PETER PARKER,MORBIUS 3;
SPIDER-MAN/PETER PARKER,MORBIUS 4;
SPIDER-MAN/PETER PARKER,M/SH 14;
SPIDER-MAN/PETER PARKER,M/SH3 4;
SPIDER-MAN/PETER PARKER,M/SHSW 1;
SPIDER-MAN/PETER PARKER,M/SHSW 10;
SPIDER-MAN/PETER PARKER,M/SHSW 11;
SPIDER-MAN/PETER PARKER,M/SHSW 12;
SPIDER-MAN/PETER PARKER,M/SHSW 2;
SPIDER-MAN/PETER PARKER,M/SHSW 3;
SPIDER-MAN/PETER PARKER,M/SHSW 4;
SPIDER-MAN/PETER PARKER,M/SHSW 5;
SPIDER-MAN/PETER PARKER,M/SHSW 6;
SPIDER-MAN/PETER PARKER,M/SHSW 7;
SPIDER-MAN/PETER PARKER,M/SHSW 8;
SPIDER-MAN/PETER PARKER,M/SHSW 9;
SPIDER-MAN/PETER PARKER,MSM 1;
SPIDER-MAN/PETER PARKER,M/SS 1;
SPIDER-MAN/PETER PARKER,M/TE 13;
SPIDER-MAN/PETER PARKER,M/TE 25;
SPIDER-MAN/PETER PARKER,M/TIO 17;
SPIDER-MAN/PETER PARKER,M/TIO 2;
SPIDER-MAN/PETER PARKER,M/TIO 27;
SPIDER-MAN/PETER PARKER,M/TIO 69;
SPIDER-MAN/PETER PARKER,M/TIO 7;
SPIDER-MAN/PETER PARKER,M/TIO 90;
SPIDER-MAN/PETER PARKER,M/TIO 96;
SPIDER-MAN/PETER PARKER,M/TU 1;
SPIDER-MAN/PETER PARKER,M/TU 10;
SPIDER-MAN/PETER PARKER,M/TU 100;
SPIDER-MAN/PETER PARKER,M/TU 101;
SPIDER-MAN/PETER PARKER,M/TU 102;
SPIDER-MAN/PETER PARKER,M/TU 103;
SPIDER-MAN/PETER PARKER,M/TU 106;
SPIDER-MAN/PETER PARKER,M/TU 107;
SPIDER-MAN/PETER PARKER,M/TU 108;
SPIDER-MAN/PETER PARKER,M/TU 109;
SPIDER-MAN/PETER PARKER,M/TU 11;
SPIDER-MAN/PETER PARKER,M/TU 110;
SPIDER-MAN/PETER PARKER,M/TU 111;
SPIDER-MAN/PETER PARKER,M/TU 112;
SPIDER-MAN/PETER PARKER,M/TU 113;
SPIDER-MAN/PETER PARKER,M/TU 114;
SPIDER-MAN/PETER PARKER,M/TU 115;
SPIDER-MAN/PETER PARKER,M/TU 116;
SPIDER-MAN/PETER PARKER,M/TU 117;
SPIDER-MAN/PETER PARKER,M/TU 118;
SPIDER-MAN/PETER PARKER,M/TU 119;
SPIDER-MAN/PETER PARKER,M/TU 12;
SPIDER-MAN/PETER PARKER,M/TU 120;
SPIDER-MAN/PETER PARKER,M/TU 121;
SPIDER-MAN/PETER PARKER,M/TU 122;
SPIDER-MAN/PETER PARKER,M/TU 123;
SPIDER-MAN/PETER PARKER,M/TU 124;
SPIDER-MAN/PETER PARKER,M/TU 125;
SPIDER-MAN/PETER PARKER,M/TU 126/2;
SPIDER-MAN/PETER PARKER,M/TU 127;
SPIDER-MAN/PETER PARKER,M/TU 128;
SPIDER-MAN/PETER PARKER,M/TU 129;
SPIDER-MAN/PETER PARKER,M/TU 13;
SPIDER-MAN/PETER PARKER,M/TU 130;
SPIDER-MAN/PETER PARKER,M/TU 131;
SPIDER-MAN/PETER PARKER,M/TU 132;
SPIDER-MAN/PETER PARKER,M/TU 133;
SPIDER-MAN/PETER PARKER,M/TU 134;
SPIDER-MAN/PETER PARKER,M/TU 135;
SPIDER-MAN/PETER PARKER,M/TU 136;
SPIDER-MAN/PETER PARKER,M/TU 137;
SPIDER-MAN/PETER PARKER,M/TU 138;
SPIDER-MAN/PETER PARKER,M/TU 139;
SPIDER-MAN/PETER PARKER,M/TU 14;
SPIDER-MAN/PETER PARKER,M/TU 140;
SPIDER-MAN/PETER PARKER,M/TU 141;
SPIDER-MAN/PETER PARKER,M/TU 142;
SPIDER-MAN/PETER PARKER,M/TU 143;
SPIDER-MAN/PETER PARKER,M/TU 144;
SPIDER-MAN/PETER PARKER,M/TU 145;
SPIDER-MAN/PETER PARKER,M/TU 146;
SPIDER-MAN/PETER PARKER,M/TU 147;
SPIDER-MAN/PETER PARKER,M/TU 148;
SPIDER-MAN/PETER PARKER,M/TU 149;
SPIDER-MAN/PETER PARKER,M/TU 15;
SPIDER-MAN/PETER PARKER,M/TU 150;
SPIDER-MAN/PETER PARKER,M/TU 16;
SPIDER-MAN/PETER PARKER,M/TU 17;
SPIDER-MAN/PETER PARKER,M/TU 19;
SPIDER-MAN/PETER PARKER,M/TU 2;
SPIDER-MAN/PETER PARKER,M/TU 20;
SPIDER-MAN/PETER PARKER,M/TU 21;
SPIDER-MAN/PETER PARKER,M/TU2 1;
SPIDER-MAN/PETER PARKER,M/TU 22;
SPIDER-MAN/PETER PARKER,M/TU2 2;
SPIDER-MAN/PETER PARKER,M/TU 23;
SPIDER-MAN/PETER PARKER,M/TU2 3;
SPIDER-MAN/PETER PARKER,M/TU 24;
SPIDER-MAN/PETER PARKER,M/TU2 4;
SPIDER-MAN/PETER PARKER,M/TU 25;
SPIDER-MAN/PETER PARKER,M/TU2 5;
SPIDER-MAN/PETER PARKER,M/TU2 6;
SPIDER-MAN/PETER PARKER,M/TU 27;
SPIDER-MAN/PETER PARKER,M/TU2 7;
SPIDER-MAN/PETER PARKER,M/TU 28;
SPIDER-MAN/PETER PARKER,M/TU 3;
SPIDER-MAN/PETER PARKER,M/TU 30;
SPIDER-MAN/PETER PARKER,M/TU 31;
SPIDER-MAN/PETER PARKER,M/TU 33;
SPIDER-MAN/PETER PARKER,M/TU 34;
SPIDER-MAN/PETER PARKER,M/TU 36;
SPIDER-MAN/PETER PARKER,M/TU 37;
SPIDER-MAN/PETER PARKER,M/TU 38;
SPIDER-MAN/PETER PARKER,M/TU 39;
SPIDER-MAN/PETER PARKER,M/TU 4;
SPIDER-MAN/PETER PARKER,M/TU 40;
SPIDER-MAN/PETER PARKER,M/TU 41;
SPIDER-MAN/PETER PARKER,M/TU 42;
SPIDER-MAN/PETER PARKER,M/TU 43;
SPIDER-MAN/PETER PARKER,M/TU 44;
SPIDER-MAN/PETER PARKER,M/TU 45;
SPIDER-MAN/PETER PARKER,M/TU 46;
SPIDER-MAN/PETER PARKER,M/TU 47;
SPIDER-MAN/PETER PARKER,M/TU 48;
SPIDER-MAN/PETER PARKER,M/TU 49;
SPIDER-MAN/PETER PARKER,M/TU 5;
SPIDER-MAN/PETER PARKER,M/TU 50;
SPIDER-MAN/PETER PARKER,M/TU 51;
SPIDER-MAN/PETER PARKER,M/TU 52;
SPIDER-MAN/PETER PARKER,M/TU 53;
SPIDER-MAN/PETER PARKER,M/TU 54;
SPIDER-MAN/PETER PARKER,M/TU 55;
SPIDER-MAN/PETER PARKER,M/TU 56;
SPIDER-MAN/PETER PARKER,M/TU 57;
SPIDER-MAN/PETER PARKER,M/TU 58;
SPIDER-MAN/PETER PARKER,M/TU 59;
SPIDER-MAN/PETER PARKER,M/TU 6;
SPIDER-MAN/PETER PARKER,M/TU 60;
SPIDER-MAN/PETER PARKER,M/TU 61;
SPIDER-MAN/PETER PARKER,M/TU 62;
SPIDER-MAN/PETER PARKER,M/TU 63;
SPIDER-MAN/PETER PARKER,M/TU 64;
SPIDER-MAN/PETER PARKER,M/TU 65;
SPIDER-MAN/PETER PARKER,M/TU 66;
SPIDER-MAN/PETER PARKER,M/TU 67;
SPIDER-MAN/PETER PARKER,M/TU 68;
SPIDER-MAN/PETER PARKER,M/TU 69;
SPIDER-MAN/PETER PARKER,M/TU 7;
SPIDER-MAN/PETER PARKER,M/TU 70;
SPIDER-MAN/PETER PARKER,M/TU 71;
SPIDER-MAN/PETER PARKER,M/TU 72;
SPIDER-MAN/PETER PARKER,M/TU 73;
SPIDER-MAN/PETER PARKER,M/TU 74;
SPIDER-MAN/PETER PARKER,M/TU 75;
SPIDER-MAN/PETER PARKER,M/TU 76;
SPIDER-MAN/PETER PARKER,M/TU 77;
SPIDER-MAN/PETER PARKER,M/TU 78;
SPIDER-MAN/PETER PARKER,M/TU 79;
SPIDER-MAN/PETER PARKER,M/TU 8;
SPIDER-MAN/PETER PARKER,M/TU 80;
SPIDER-MAN/PETER PARKER,M/TU 81;
SPIDER-MAN/PETER PARKER,M/TU 82;
SPIDER-MAN/PETER PARKER,M/TU 83;
SPIDER-MAN/PETER PARKER,M/TU 84;
SPIDER-MAN/PETER PARKER,M/TU 85;
SPIDER-MAN/PETER PARKER,M/TU 86;
SPIDER-MAN/PETER PARKER,M/TU 87;
SPIDER-MAN/PETER PARKER,M/TU 88;
SPIDER-MAN/PETER PARKER,M/TU 89;
SPIDER-MAN/PETER PARKER,M/TU 9;
SPIDER-MAN/PETER PARKER,M/TU 90;
SPIDER-MAN/PETER PARKER,M/TU 91;
SPIDER-MAN/PETER PARKER,M/TU 92;
SPIDER-MAN/PETER PARKER,M/TU 93;
SPIDER-MAN/PETER PARKER,M/TU 94;
SPIDER-MAN/PETER PARKER,M/TU 95;
SPIDER-MAN/PETER PARKER,M/TU 96;
SPIDER-MAN/PETER PARKER,M/TU 98;
SPIDER-MAN/PETER PARKER,M/TU 99;
SPIDER-MAN/PETER PARKER,M/VS 1;
SPIDER-MAN/PETER PARKER,NO 12;
SPIDER-MAN/PETER PARKER,NW 1/8;
SPIDER-MAN/PETER PARKER,NW 2;
SPIDER-MAN/PETER PARKER,OJ 1;
SPIDER-MAN/PETER PARKER,OU 5;
SPIDER-MAN/PETER PARKER,PM&IF 125;
SPIDER-MAN/PETER PARKER,PP 21;
SPIDER-MAN/PETER PARKER,PP 29;
SPIDER-MAN/PETER PARKER,PP 33;
SPIDER-MAN/PETER PARKER,PP 6;
SPIDER-MAN/PETER PARKER,PPSM '00;
SPIDER-MAN/PETER PARKER,PPSM '00/2;
SPIDER-MAN/PETER PARKER,PPSM2 1;
SPIDER-MAN/PETER PARKER,PPSM2 10;
SPIDER-MAN/PETER PARKER,PPSM2 11;
SPIDER-MAN/PETER PARKER,PPSM2 1/2;
SPIDER-MAN/PETER PARKER,PPSM2 12;
SPIDER-MAN/PETER PARKER,PPSM2 13;
SPIDER-MAN/PETER PARKER,PPSM2 14;
SPIDER-MAN/PETER PARKER,PPSM2 15;
SPIDER-MAN/PETER PARKER,PPSM2 16;
SPIDER-MAN/PETER PARKER,PPSM2 17;
SPIDER-MAN/PETER PARKER,PPSM2 18;
SPIDER-MAN/PETER PARKER,PPSM2 19;
SPIDER-MAN/PETER PARKER,PPSM2 2;
SPIDER-MAN/PETER PARKER,PPSM2 20;
SPIDER-MAN/PETER PARKER,PPSM2 21;
SPIDER-MAN/PETER PARKER,PPSM2 22;
SPIDER-MAN/PETER PARKER,PPSM2 23;
SPIDER-MAN/PETER PARKER,PPSM2 24;
SPIDER-MAN/PETER PARKER,PPSM2 25;
SPIDER-MAN/PETER PARKER,PPSM2 26;
SPIDER-MAN/PETER PARKER,PPSM2 27;
SPIDER-MAN/PETER PARKER,PPSM2 28;
SPIDER-MAN/PETER PARKER,PPSM2 29;
SPIDER-MAN/PETER PARKER,PPSM2 3;
SPIDER-MAN/PETER PARKER,PPSM2 30;
SPIDER-MAN/PETER PARKER,PPSM2 31;
SPIDER-MAN/PETER PARKER,PPSM2 32;
SPIDER-MAN/PETER PARKER,PPSM2 33;
SPIDER-MAN/PETER PARKER,PPSM2 4;
SPIDER-MAN/PETER PARKER,PPSM2 5;
SPIDER-MAN/PETER PARKER,PPSM2 6;
SPIDER-MAN/PETER PARKER,PPSM2 7;
SPIDER-MAN/PETER PARKER,PPSM2 8;
SPIDER-MAN/PETER PARKER,PPSM2 9;
SPIDER-MAN/PETER PARKER,PPSM '99;
SPIDER-MAN/PETER PARKER,PPTSS -1;
SPIDER-MAN/PETER PARKER,PPTSS 1;
SPIDER-MAN/PETER PARKER,PPTSS 10;
SPIDER-MAN/PETER PARKER,PPTSS 100;
SPIDER-MAN/PETER PARKER,PPTSS 101;
SPIDER-MAN/PETER PARKER,PPTSS 102;
SPIDER-MAN/PETER PARKER,PPTSS 103;
SPIDER-MAN/PETER PARKER,PPTSS 104;
SPIDER-MAN/PETER PARKER,PPTSS 105;
SPIDER-MAN/PETER PARKER,PPTSS 106;
SPIDER-MAN/PETER PARKER,PPTSS 107;
SPIDER-MAN/PETER PARKER,PPTSS 108;
SPIDER-MAN/PETER PARKER,PPTSS 109;
SPIDER-MAN/PETER PARKER,PPTSS 11;
SPIDER-MAN/PETER PARKER,PPTSS 110;
SPIDER-MAN/PETER PARKER,PPTSS 111;
SPIDER-MAN/PETER PARKER,PPTSS 112;
SPIDER-MAN/PETER PARKER,PPTSS 11/3;
SPIDER-MAN/PETER PARKER,PPTSS 113;
SPIDER-MAN/PETER PARKER,PPTSS 114;
SPIDER-MAN/PETER PARKER,PPTSS 115;
SPIDER-MAN/PETER PARKER,PPTSS 116;
SPIDER-MAN/PETER PARKER,PPTSS 118;
SPIDER-MAN/PETER PARKER,PPTSS 119;
SPIDER-MAN/PETER PARKER,PPTSS 12;
SPIDER-MAN/PETER PARKER,PPTSS 120;
SPIDER-MAN/PETER PARKER,PPTSS 121;
SPIDER-MAN/PETER PARKER,PPTSS 122;
SPIDER-MAN/PETER PARKER,PPTSS 123;
SPIDER-MAN/PETER PARKER,PPTSS 124;
SPIDER-MAN/PETER PARKER,PPTSS 125;
SPIDER-MAN/PETER PARKER,PPTSS 126;
SPIDER-MAN/PETER PARKER,PPTSS 127;
SPIDER-MAN/PETER PARKER,PPTSS 128;
SPIDER-MAN/PETER PARKER,PPTSS 129;
SPIDER-MAN/PETER PARKER,PPTSS 13;
SPIDER-MAN/PETER PARKER,PPTSS 130;
SPIDER-MAN/PETER PARKER,PPTSS 131;
SPIDER-MAN/PETER PARKER,PPTSS 132;
SPIDER-MAN/PETER PARKER,PPTSS 133;
SPIDER-MAN/PETER PARKER,PPTSS 134;
SPIDER-MAN/PETER PARKER,PPTSS 135;
SPIDER-MAN/PETER PARKER,PPTSS 136;
SPIDER-MAN/PETER PARKER,PPTSS 137;
SPIDER-MAN/PETER PARKER,PPTSS 138;
SPIDER-MAN/PETER PARKER,PPTSS 139;
SPIDER-MAN/PETER PARKER,PPTSS 14;
SPIDER-MAN/PETER PARKER,PPTSS 140;
SPIDER-MAN/PETER PARKER,PPTSS 141;
SPIDER-MAN/PETER PARKER,PPTSS 142;
SPIDER-MAN/PETER PARKER,PPTSS 143;
SPIDER-MAN/PETER PARKER,PPTSS 144;
SPIDER-MAN/PETER PARKER,PPTSS 145;
SPIDER-MAN/PETER PARKER,PPTSS 146;
SPIDER-MAN/PETER PARKER,PPTSS 147;
SPIDER-MAN/PETER PARKER,PPTSS 148;
SPIDER-MAN/PETER PARKER,PPTSS 149;
SPIDER-MAN/PETER PARKER,PPTSS 15;
SPIDER-MAN/PETER PARKER,PPTSS 150;
SPIDER-MAN/PETER PARKER,PPTSS 151;
SPIDER-MAN/PETER PARKER,PPTSS 152;
SPIDER-MAN/PETER PARKER,PPTSS 153;
SPIDER-MAN/PETER PARKER,PPTSS 154;
SPIDER-MAN/PETER PARKER,PPTSS 155;
SPIDER-MAN/PETER PARKER,PPTSS 156;
SPIDER-MAN/PETER PARKER,PPTSS 157;
SPIDER-MAN/PETER PARKER,PPTSS 158;
SPIDER-MAN/PETER PARKER,PPTSS 159;
SPIDER-MAN/PETER PARKER,PPTSS 16;
SPIDER-MAN/PETER PARKER,PPTSS 160;
SPIDER-MAN/PETER PARKER,PPTSS 161;
SPIDER-MAN/PETER PARKER,PPTSS 162;
SPIDER-MAN/PETER PARKER,PPTSS 163;
SPIDER-MAN/PETER PARKER,PPTSS 164;
SPIDER-MAN/PETER PARKER,PPTSS 165;
SPIDER-MAN/PETER PARKER,PPTSS 166;
SPIDER-MAN/PETER PARKER,PPTSS 167;
SPIDER-MAN/PETER PARKER,PPTSS 168;
SPIDER-MAN/PETER PARKER,PPTSS 169;
SPIDER-MAN/PETER PARKER,PPTSS 17;
SPIDER-MAN/PETER PARKER,PPTSS 170;
SPIDER-MAN/PETER PARKER,PPTSS 171;
SPIDER-MAN/PETER PARKER,PPTSS 172;
SPIDER-MAN/PETER PARKER,PPTSS 173;
SPIDER-MAN/PETER PARKER,PPTSS 174;
SPIDER-MAN/PETER PARKER,PPTSS 175;
SPIDER-MAN/PETER PARKER,PPTSS 176;
SPIDER-MAN/PETER PARKER,PPTSS 177;
SPIDER-MAN/PETER PARKER,PPTSS 178;
SPIDER-MAN/PETER PARKER,PPTSS 179;
SPIDER-MAN/PETER PARKER,PPTSS 18;
SPIDER-MAN/PETER PARKER,PPTSS 180;
SPIDER-MAN/PETER PARKER,PPTSS 181;
SPIDER-MAN/PETER PARKER,PPTSS 182;
SPIDER-MAN/PETER PARKER,PPTSS 183;
SPIDER-MAN/PETER PARKER,PPTSS 184;
SPIDER-MAN/PETER PARKER,PPTSS 185;
SPIDER-MAN/PETER PARKER,PPTSS 186;
SPIDER-MAN/PETER PARKER,PPTSS 187;
SPIDER-MAN/PETER PARKER,PPTSS 188;
SPIDER-MAN/PETER PARKER,PPTSS 189;
SPIDER-MAN/PETER PARKER,PPTSS 189/2;
SPIDER-MAN/PETER PARKER,PPTSS 19;
SPIDER-MAN/PETER PARKER,PPTSS 190;
SPIDER-MAN/PETER PARKER,PPTSS 191;
SPIDER-MAN/PETER PARKER,PPTSS 192;
SPIDER-MAN/PETER PARKER,PPTSS 193;
SPIDER-MAN/PETER PARKER,PPTSS 194;
SPIDER-MAN/PETER PARKER,PPTSS 195;
SPIDER-MAN/PETER PARKER,PPTSS 196;
SPIDER-MAN/PETER PARKER,PPTSS 2;
SPIDER-MAN/PETER PARKER,PPTSS 20;
SPIDER-MAN/PETER PARKER,PPTSS 21;
SPIDER-MAN/PETER PARKER,PPTSS 211;
SPIDER-MAN/PETER PARKER,PPTSS 213;
SPIDER-MAN/PETER PARKER,PPTSS 214;
SPIDER-MAN/PETER PARKER,PPTSS 215;
SPIDER-MAN/PETER PARKER,PPTSS 216;
SPIDER-MAN/PETER PARKER,PPTSS 217;
SPIDER-MAN/PETER PARKER,PPTSS 217/2;
SPIDER-MAN/PETER PARKER,PPTSS 218;
SPIDER-MAN/PETER PARKER,PPTSS 219;
SPIDER-MAN/PETER PARKER,PPTSS 22;
SPIDER-MAN/PETER PARKER,PPTSS 220;
SPIDER-MAN/PETER PARKER,PPTSS 221;
SPIDER-MAN/PETER PARKER,PPTSS 223;
SPIDER-MAN/PETER PARKER,PPTSS 224;
SPIDER-MAN/PETER PARKER,PPTSS 225;
SPIDER-MAN/PETER PARKER,PPTSS 225/2;
SPIDER-MAN/PETER PARKER,PPTSS 226;
SPIDER-MAN/PETER PARKER,PPTSS 227;
SPIDER-MAN/PETER PARKER,PPTSS 228;
SPIDER-MAN/PETER PARKER,PPTSS 229;
SPIDER-MAN/PETER PARKER,PPTSS 23;
SPIDER-MAN/PETER PARKER,PPTSS 232;
SPIDER-MAN/PETER PARKER,PPTSS 233;
SPIDER-MAN/PETER PARKER,PPTSS 234;
SPIDER-MAN/PETER PARKER,PPTSS 235;
SPIDER-MAN/PETER PARKER,PPTSS 236;
SPIDER-MAN/PETER PARKER,PPTSS 237;
SPIDER-MAN/PETER PARKER,PPTSS 239;
SPIDER-MAN/PETER PARKER,PPTSS 24;
SPIDER-MAN/PETER PARKER,PPTSS 240;
SPIDER-MAN/PETER PARKER,PPTSS 241;
SPIDER-MAN/PETER PARKER,PPTSS 242;
SPIDER-MAN/PETER PARKER,PPTSS 243;
SPIDER-MAN/PETER PARKER,PPTSS 244;
SPIDER-MAN/PETER PARKER,PPTSS 245;
SPIDER-MAN/PETER PARKER,PPTSS 246;
SPIDER-MAN/PETER PARKER,PPTSS 247;
SPIDER-MAN/PETER PARKER,PPTSS 248;
SPIDER-MAN/PETER PARKER,PPTSS 249;
SPIDER-MAN/PETER PARKER,PPTSS 25;
SPIDER-MAN/PETER PARKER,PPTSS 250;
SPIDER-MAN/PETER PARKER,PPTSS 251;
SPIDER-MAN/PETER PARKER,PPTSS 252;
SPIDER-MAN/PETER PARKER,PPTSS 253;
SPIDER-MAN/PETER PARKER,PPTSS 254;
SPIDER-MAN/PETER PARKER,PPTSS 255;
SPIDER-MAN/PETER PARKER,PPTSS 256;
SPIDER-MAN/PETER PARKER,PPTSS 257;
SPIDER-MAN/PETER PARKER,PPTSS 258;
SPIDER-MAN/PETER PARKER,PPTSS 259;
SPIDER-MAN/PETER PARKER,PPTSS 26;
SPIDER-MAN/PETER PARKER,PPTSS 260;
SPIDER-MAN/PETER PARKER,PPTSS 261;
SPIDER-MAN/PETER PARKER,PPTSS 262;
SPIDER-MAN/PETER PARKER,PPTSS 263;
SPIDER-MAN/PETER PARKER,PPTSS 27;
SPIDER-MAN/PETER PARKER,PPTSS 28;
SPIDER-MAN/PETER PARKER,PPTSS 29;
SPIDER-MAN/PETER PARKER,PPTSS 3;
SPIDER-MAN/PETER PARKER,PPTSS 30;
SPIDER-MAN/PETER PARKER,PPTSS 31;
SPIDER-MAN/PETER PARKER,PPTSS 3/2;
SPIDER-MAN/PETER PARKER,PPTSS 32;
SPIDER-MAN/PETER PARKER,PPTSS 33;
SPIDER-MAN/PETER PARKER,PPTSS 34;
SPIDER-MAN/PETER PARKER,PPTSS 35;
SPIDER-MAN/PETER PARKER,PPTSS 36;
SPIDER-MAN/PETER PARKER,PPTSS 37;
SPIDER-MAN/PETER PARKER,PPTSS 38;
SPIDER-MAN/PETER PARKER,PPTSS 39;
SPIDER-MAN/PETER PARKER,PPTSS 4;
SPIDER-MAN/PETER PARKER,PPTSS 40;
SPIDER-MAN/PETER PARKER,PPTSS 41;
SPIDER-MAN/PETER PARKER,PPTSS 4/2;
SPIDER-MAN/PETER PARKER,PPTSS 42;
SPIDER-MAN/PETER PARKER,PPTSS 43;
SPIDER-MAN/PETER PARKER,PPTSS 44;
SPIDER-MAN/PETER PARKER,PPTSS 45;
SPIDER-MAN/PETER PARKER,PPTSS 46;
SPIDER-MAN/PETER PARKER,PPTSS 47;
SPIDER-MAN/PETER PARKER,PPTSS 48;
SPIDER-MAN/PETER PARKER,PPTSS 49;
SPIDER-MAN/PETER PARKER,PPTSS 5;
SPIDER-MAN/PETER PARKER,PPTSS 50;
SPIDER-MAN/PETER PARKER,PPTSS 51;
SPIDER-MAN/PETER PARKER,PPTSS 52;
SPIDER-MAN/PETER PARKER,PPTSS 53;
SPIDER-MAN/PETER PARKER,PPTSS 54;
SPIDER-MAN/PETER PARKER,PPTSS 55;
SPIDER-MAN/PETER PARKER,PPTSS 56;
SPIDER-MAN/PETER PARKER,PPTSS 57;
SPIDER-MAN/PETER PARKER,PPTSS 58;
SPIDER-MAN/PETER PARKER,PPTSS 59;
SPIDER-MAN/PETER PARKER,PPTSS 6;
SPIDER-MAN/PETER PARKER,PPTSS 60;
SPIDER-MAN/PETER PARKER,PPTSS 60/2;
SPIDER-MAN/PETER PARKER,PPTSS 61;
SPIDER-MAN/PETER PARKER,PPTSS 62;
SPIDER-MAN/PETER PARKER,PPTSS 63;
SPIDER-MAN/PETER PARKER,PPTSS 64;
SPIDER-MAN/PETER PARKER,PPTSS 65;
SPIDER-MAN/PETER PARKER,PPTSS 66;
SPIDER-MAN/PETER PARKER,PPTSS 67;
SPIDER-MAN/PETER PARKER,PPTSS 68;
SPIDER-MAN/PETER PARKER,PPTSS 69;
SPIDER-MAN/PETER PARKER,PPTSS 7;
SPIDER-MAN/PETER PARKER,PPTSS 70;
SPIDER-MAN/PETER PARKER,PPTSS 71;
SPIDER-MAN/PETER PARKER,PPTSS 72;
SPIDER-MAN/PETER PARKER,PPTSS 73;
SPIDER-MAN/PETER PARKER,PPTSS 74;
SPIDER-MAN/PETER PARKER,PPTSS 75;
SPIDER-MAN/PETER PARKER,PPTSS 76;
SPIDER-MAN/PETER PARKER,PPTSS 77;
SPIDER-MAN/PETER PARKER,PPTSS 78;
SPIDER-MAN/PETER PARKER,PPTSS 79;
SPIDER-MAN/PETER PARKER,PPTSS 8;
SPIDER-MAN/PETER PARKER,PPTSS 80;
SPIDER-MAN/PETER PARKER,PPTSS 81;
SPIDER-MAN/PETER PARKER,PPTSS 82;
SPIDER-MAN/PETER PARKER,PPTSS 83;
SPIDER-MAN/PETER PARKER,PPTSS 84;
SPIDER-MAN/PETER PARKER,PPTSS 85;
SPIDER-MAN/PETER PARKER,PPTSS 86;
SPIDER-MAN/PETER PARKER,PPTSS 87;
SPIDER-MAN/PETER PARKER,PPTSS 88;
SPIDER-MAN/PETER PARKER,PPTSS 89;
SPIDER-MAN/PETER PARKER,PPTSS 9;
SPIDER-MAN/PETER PARKER,PPTSS 90;
SPIDER-MAN/PETER PARKER,PPTSS 91;
SPIDER-MAN/PETER PARKER,PPTSS 92;
SPIDER-MAN/PETER PARKER,PPTSS 9/3;
SPIDER-MAN/PETER PARKER,PPTSS 93;
SPIDER-MAN/PETER PARKER,PPTSS 94;
SPIDER-MAN/PETER PARKER,PPTSS 95;
SPIDER-MAN/PETER PARKER,PPTSS 96;
SPIDER-MAN/PETER PARKER,PPTSS 97;
SPIDER-MAN/PETER PARKER,PPTSS 98;
SPIDER-MAN/PETER PARKER,PPTSS 99;
SPIDER-MAN/PETER PARKER,PPTSSSS 1;
SPIDER-MAN/PETER PARKER,PPTSSSS 1/2;
SPIDER-MAN/PETER PARKER,PUN6 2;
SPIDER-MAN/PETER PARKER,PWJ 14;
SPIDER-MAN/PETER PARKER,PWJ 15;
SPIDER-MAN/PETER PARKER,Q 23;
SPIDER-MAN/PETER PARKER,Q 60;
SPIDER-MAN/PETER PARKER,Q 7;
SPIDER-MAN/PETER PARKER,QP 2;
SPIDER-MAN/PETER PARKER,ROM 23;
SPIDER-MAN/PETER PARKER,SENSM -1;
SPIDER-MAN/PETER PARKER,SENSM 10;
SPIDER-MAN/PETER PARKER,SENSM 11;
SPIDER-MAN/PETER PARKER,SENSM 12;
SPIDER-MAN/PETER PARKER,SENSM 13;
SPIDER-MAN/PETER PARKER,SENSM 14;
SPIDER-MAN/PETER PARKER,SENSM 15;
SPIDER-MAN/PETER PARKER,SENSM 16;
SPIDER-MAN/PETER PARKER,SENSM 16/2;
SPIDER-MAN/PETER PARKER,SENSM 17;
SPIDER-MAN/PETER PARKER,SENSM 17/2;
SPIDER-MAN/PETER PARKER,SENSM 18;
SPIDER-MAN/PETER PARKER,SENSM 19;
SPIDER-MAN/PETER PARKER,SENSM 20;
SPIDER-MAN/PETER PARKER,SENSM 21;
SPIDER-MAN/PETER PARKER,SENSM 22;
SPIDER-MAN/PETER PARKER,SENSM 23;
SPIDER-MAN/PETER PARKER,SENSM 24;
SPIDER-MAN/PETER PARKER,SENSM 25;
SPIDER-MAN/PETER PARKER,SENSM 26;
SPIDER-MAN/PETER PARKER,SENSM 27;
SPIDER-MAN/PETER PARKER,SENSM 28;
SPIDER-MAN/PETER PARKER,SENSM 29;
SPIDER-MAN/PETER PARKER,SENSM 3;
SPIDER-MAN/PETER PARKER,SENSM 30;
SPIDER-MAN/PETER PARKER,SENSM 31;
SPIDER-MAN/PETER PARKER,SENSM 32;
SPIDER-MAN/PETER PARKER,SENSM 33;
SPIDER-MAN/PETER PARKER,SENSM 4;
SPIDER-MAN/PETER PARKER,SENSM 5;
SPIDER-MAN/PETER PARKER,SENSM 7;
SPIDER-MAN/PETER PARKER,SENSM 8;
SPIDER-MAN/PETER PARKER,SENSM 9;
SPIDER-MAN/PETER PARKER,SENSM '96;
SPIDER-MAN/PETER PARKER,S-H2 29;
SPIDER-MAN/PETER PARKER,S-H2 3;
SPIDER-MAN/PETER PARKER,S&L 3/3;
SPIDER-MAN/PETER PARKER,SLEEP 17;
SPIDER-MAN/PETER PARKER,SLEEP 5;
SPIDER-MAN/PETER PARKER,SLEEP 6;
SPIDER-MAN/PETER PARKER,S-M -1;
SPIDER-MAN/PETER PARKER,S-M 1;
SPIDER-MAN/PETER PARKER,S-M 10;
SPIDER-MAN/PETER PARKER,S-M 11;
SPIDER-MAN/PETER PARKER,S-M 12;
SPIDER-MAN/PETER PARKER,S-M 13;
SPIDER-MAN/PETER PARKER,S-M 14;
SPIDER-MAN/PETER PARKER,S-M 15;
SPIDER-MAN/PETER PARKER,S-M 16;
SPIDER-MAN/PETER PARKER,S-M 17;
SPIDER-MAN/PETER PARKER,S-M 18;
SPIDER-MAN/PETER PARKER,S-M 19;
SPIDER-MAN/PETER PARKER,S-M 19/2;
SPIDER-MAN/PETER PARKER,S-M 2;
SPIDER-MAN/PETER PARKER,S-M 20;
SPIDER-MAN/PETER PARKER,S-M 20/2;
SPIDER-MAN/PETER PARKER,S-M 21;
SPIDER-MAN/PETER PARKER,S-M 22;
SPIDER-MAN/PETER PARKER,S-M 23;
SPIDER-MAN/PETER PARKER,S-M 24;
SPIDER-MAN/PETER PARKER,S-M 25;
SPIDER-MAN/PETER PARKER,S-M 26;
SPIDER-MAN/PETER PARKER,S-M 26/2;
SPIDER-MAN/PETER PARKER,S-M 27;
SPIDER-MAN/PETER PARKER,S-M 28;
SPIDER-MAN/PETER PARKER,S-M 29;
SPIDER-MAN/PETER PARKER,S-M 3;
SPIDER-MAN/PETER PARKER,S-M 30;
SPIDER-MAN/PETER PARKER,S-M 31;
SPIDER-MAN/PETER PARKER,S-M 4;
SPIDER-MAN/PETER PARKER,S-M 46;
SPIDER-MAN/PETER PARKER,S-M 47;
SPIDER-MAN/PETER PARKER,S-M 48;
SPIDER-MAN/PETER PARKER,S-M 49;
SPIDER-MAN/PETER PARKER,S-M 5;
SPIDER-MAN/PETER PARKER,S-M 50;
SPIDER-MAN/PETER PARKER,S-M 51;
SPIDER-MAN/PETER PARKER,S-M 54;
SPIDER-MAN/PETER PARKER,S-M 56;
SPIDER-MAN/PETER PARKER,S-M 57;
SPIDER-MAN/PETER PARKER,S-M 58;
SPIDER-MAN/PETER PARKER,S-M 59;
SPIDER-MAN/PETER PARKER,S-M 6;
SPIDER-MAN/PETER PARKER,S-M 60;
SPIDER-MAN/PETER PARKER,S-M 61;
SPIDER-MAN/PETER PARKER,S-M 62;
SPIDER-MAN/PETER PARKER,S-M 63;
SPIDER-MAN/PETER PARKER,S-M 66;
SPIDER-MAN/PETER PARKER,S-M 67;
SPIDER-MAN/PETER PARKER,S-M 68;
SPIDER-MAN/PETER PARKER,S-M 69;
SPIDER-MAN/PETER PARKER,S-M 7;
SPIDER-MAN/PETER PARKER,S-M 70;
SPIDER-MAN/PETER PARKER,S-M 71;
SPIDER-MAN/PETER PARKER,S-M 72;
SPIDER-MAN/PETER PARKER,S-M 73;
SPIDER-MAN/PETER PARKER,S-M 75;
SPIDER-MAN/PETER PARKER,S-M 76;
SPIDER-MAN/PETER PARKER,S-M 77;
SPIDER-MAN/PETER PARKER,S-M 78;
SPIDER-MAN/PETER PARKER,S-M 79;
SPIDER-MAN/PETER PARKER,S-M 8;
SPIDER-MAN/PETER PARKER,S-M 80;
SPIDER-MAN/PETER PARKER,S-M 81;
SPIDER-MAN/PETER PARKER,S-M 82;
SPIDER-MAN/PETER PARKER,S-M 83;
SPIDER-MAN/PETER PARKER,S-M 84;
SPIDER-MAN/PETER PARKER,S-M 85;
SPIDER-MAN/PETER PARKER,S-M 86;
SPIDER-MAN/PETER PARKER,S-M 87;
SPIDER-MAN/PETER PARKER,S-M 88;
SPIDER-MAN/PETER PARKER,S-M 89;
SPIDER-MAN/PETER PARKER,S-M 9;
SPIDER-MAN/PETER PARKER,S-M 90;
SPIDER-MAN/PETER PARKER,S-M 91;
SPIDER-MAN/PETER PARKER,S-M 92;
SPIDER-MAN/PETER PARKER,S-M 93;
SPIDER-MAN/PETER PARKER,S-M 94;
SPIDER-MAN/PETER PARKER,S-M 95;
SPIDER-MAN/PETER PARKER,S-M 96;
SPIDER-MAN/PETER PARKER,S-M 97;
SPIDER-MAN/PETER PARKER,S-M '98;
SPIDER-MAN/PETER PARKER,S-M 98;
SPIDER-MAN/PETER PARKER,SM:DMH;
SPIDER-MAN/PETER PARKER,SM:FA 1;
SPIDER-MAN/PETER PARKER,SM:FA 2;
SPIDER-MAN/PETER PARKER,SM:FA 3;
SPIDER-MAN/PETER PARKER,SM:FA 4;
SPIDER-MAN/PETER PARKER,SM:L 1;
SPIDER-MAN/PETER PARKER,SM:L 2;
SPIDER-MAN/PETER PARKER,SM:L 3;
SPIDER-MAN/PETER PARKER,SM/M;
SPIDER-MAN/PETER PARKER,SMMM;
SPIDER-MAN/PETER PARKER,SM:MM 1;
SPIDER-MAN/PETER PARKER,SM:MM 2;
SPIDER-MAN/PETER PARKER,SM:MM 3;
SPIDER-MAN/PETER PARKER,SM:PL;
SPIDER-MAN/PETER PARKER,SM:PY;
SPIDER-MAN/PETER PARKER,SM:RGG 1;
SPIDER-MAN/PETER PARKER,SM:RGG 2;
SPIDER-MAN/PETER PARKER,SM:RGG 3;
SPIDER-MAN/PETER PARKER,S-MSS 1;
SPIDER-MAN/PETER PARKER,S-MSS 1/2;
SPIDER-MAN/PETER PARKER,SMTU 1;
SPIDER-MAN/PETER PARKER,SMTU 5/2;
SPIDER-MAN/PETER PARKER,SMTU 6;
SPIDER-MAN/PETER PARKER,SMTU 6/2;
SPIDER-MAN/PETER PARKER,SMTU 7;
SPIDER-MAN/PETER PARKER,SM:VA;
SPIDER-MAN/PETER PARKER,SOV 5;
SPIDER-MAN/PETER PARKER,SOV 6;
SPIDER-MAN/PETER PARKER,SPECSM 1;
SPIDER-MAN/PETER PARKER,SPECSM 1/2;
SPIDER-MAN/PETER PARKER,SPECSM 2;
SPIDER-MAN/PETER PARKER,SS 14;
SPIDER-MAN/PETER PARKER,SS3 128;
SPIDER-MAN/PETER PARKER,SS3 129;
SPIDER-MAN/PETER PARKER,SS3 132;
SPIDER-MAN/PETER PARKER,SS3 14;
SPIDER-MAN/PETER PARKER,SS3 52;
SPIDER-MAN/PETER PARKER,SS3 54;
SPIDER-MAN/PETER PARKER,SS3 93;
SPIDER-MAN/PETER PARKER,SSWP 1;
SPIDER-MAN/PETER PARKER,SSWP 4;
SPIDER-MAN/PETER PARKER,ST 115;
SPIDER-MAN/PETER PARKER,ST 156;
SPIDER-MAN/PETER PARKER,ST 2;
SPIDER-MAN/PETER PARKER,SUB-M 14;
SPIDER-MAN/PETER PARKER,SUB-M2 3;
SPIDER-MAN/PETER PARKER,SUB-M 40;
SPIDER-MAN/PETER PARKER,SUB-M 69;
SPIDER-MAN/PETER PARKER,S-W 20;
SPIDER-MAN/PETER PARKER,S-W 26;
SPIDER-MAN/PETER PARKER,S-W 28;
SPIDER-MAN/PETER PARKER,S-W 29;
SPIDER-MAN/PETER PARKER,S-W3 1;
SPIDER-MAN/PETER PARKER,S-W3 2;
SPIDER-MAN/PETER PARKER,S-W3 4;
SPIDER-MAN/PETER PARKER,S-W3 9;
SPIDER-MAN/PETER PARKER,SWII 2;
SPIDER-MAN/PETER PARKER,SWII 7;
SPIDER-MAN/PETER PARKER,SWII 8;
SPIDER-MAN/PETER PARKER,SWII 9;
SPIDER-MAN/PETER PARKER,T 233;
SPIDER-MAN/PETER PARKER,T2 5;
SPIDER-MAN/PETER PARKER,T 271;
SPIDER-MAN/PETER PARKER,T2 8;
SPIDER-MAN/PETER PARKER,T 391;
SPIDER-MAN/PETER PARKER,T 427;
SPIDER-MAN/PETER PARKER,T 447;
SPIDER-MAN/PETER PARKER,T 448;
SPIDER-MAN/PETER PARKER,TB 1;
SPIDER-MAN/PETER PARKER,TB 10;
SPIDER-MAN/PETER PARKER,TB 8;
SPIDER-MAN/PETER PARKER,TG 5;
SPIDER-MAN/PETER PARKER,TTA 57;
SPIDER-MAN/PETER PARKER,TW 1;
SPIDER-MAN/PETER PARKER,TW 2;
SPIDER-MAN/PETER PARKER,TW 3;
SPIDER-MAN/PETER PARKER,UTSM 1;
SPIDER-MAN/PETER PARKER,UTSM 10;
SPIDER-MAN/PETER PARKER,UTSM 11;
SPIDER-MAN/PETER PARKER,UTSM 12;
SPIDER-MAN/PETER PARKER,UTSM 13;
SPIDER-MAN/PETER PARKER,UTSM 14;
SPIDER-MAN/PETER PARKER,UTSM 15;
SPIDER-MAN/PETER PARKER,UTSM 16;
SPIDER-MAN/PETER PARKER,UTSM 17;
SPIDER-MAN/PETER PARKER,UTSM 18;
SPIDER-MAN/PETER PARKER,UTSM 19;
SPIDER-MAN/PETER PARKER,UTSM 2;
SPIDER-MAN/PETER PARKER,UTSM 20;
SPIDER-MAN/PETER PARKER,UTSM 21;
SPIDER-MAN/PETER PARKER,UTSM 22;
SPIDER-MAN/PETER PARKER,UTSM 23;
SPIDER-MAN/PETER PARKER,UTSM 24;
SPIDER-MAN/PETER PARKER,UTSM 25;
SPIDER-MAN/PETER PARKER,UTSM 3;
SPIDER-MAN/PETER PARKER,UTSM 4;
SPIDER-MAN/PETER PARKER,UTSM 5;
SPIDER-MAN/PETER PARKER,UTSM 6;
SPIDER-MAN/PETER PARKER,UTSM 7;
SPIDER-MAN/PETER PARKER,UTSM 8;
SPIDER-MAN/PETER PARKER,UTSM 9;
SPIDER-MAN/PETER PARKER,UTSM '96;
SPIDER-MAN/PETER PARKER,UTSM '97;
SPIDER-MAN/PETER PARKER,UTSM:SE;
SPIDER-MAN/PETER PARKER,UX 123;
SPIDER-MAN/PETER PARKER,UX 135;
SPIDER-MAN/PETER PARKER,UX 14;
SPIDER-MAN/PETER PARKER,UX 190;
SPIDER-MAN/PETER PARKER,UX 191;
SPIDER-MAN/PETER PARKER,UX 27;
SPIDER-MAN/PETER PARKER,UX 337;
SPIDER-MAN/PETER PARKER,UX 346;
SPIDER-MAN/PETER PARKER,UX 35;
SPIDER-MAN/PETER PARKER,V:F 1;
SPIDER-MAN/PETER PARKER,V:F 2;
SPIDER-MAN/PETER PARKER,V:F 3;
SPIDER-MAN/PETER PARKER,V:OT 2;
SPIDER-MAN/PETER PARKER,V:OT 3;
SPIDER-MAN/PETER PARKER,VSS 1;
SPIDER-MAN/PETER PARKER,VSS 1/2;
SPIDER-MAN/PETER PARKER,V&SW2 11;
SPIDER-MAN/PETER PARKER,W2 156;
SPIDER-MAN/PETER PARKER,W2 157;
SPIDER-MAN/PETER PARKER,WLOCK3 5;
SPIDER-MAN/PETER PARKER,WM2 13;
SPIDER-MAN/PETER PARKER,WOSM 1;
SPIDER-MAN/PETER PARKER,WOSM 10;
SPIDER-MAN/PETER PARKER,WOSM 11;
SPIDER-MAN/PETER PARKER,WOSM 113;
SPIDER-MAN/PETER PARKER,WOSM 114;
SPIDER-MAN/PETER PARKER,WOSM 115;
SPIDER-MAN/PETER PARKER,WOSM 116;
SPIDER-MAN/PETER PARKER,WOSM 117;
SPIDER-MAN/PETER PARKER,WOSM 12;
SPIDER-MAN/PETER PARKER,WOSM 120;
SPIDER-MAN/PETER PARKER,WOSM 122;
SPIDER-MAN/PETER PARKER,WOSM 123;
SPIDER-MAN/PETER PARKER,WOSM 124;
SPIDER-MAN/PETER PARKER,WOSM 125;
SPIDER-MAN/PETER PARKER,WOSM 126;
SPIDER-MAN/PETER PARKER,WOSM 127;
SPIDER-MAN/PETER PARKER,WOSM 128;
SPIDER-MAN/PETER PARKER,WOSM 129;
SPIDER-MAN/PETER PARKER,WOSM 13;
SPIDER-MAN/PETER PARKER,WOSM 14;
SPIDER-MAN/PETER PARKER,WOSM 15;
SPIDER-MAN/PETER PARKER,WOSM 16;
SPIDER-MAN/PETER PARKER,WOSM 17;
SPIDER-MAN/PETER PARKER,WOSM 18;
SPIDER-MAN/PETER PARKER,WOSM 19;
SPIDER-MAN/PETER PARKER,WOSM 2;
SPIDER-MAN/PETER PARKER,WOSM 20;
SPIDER-MAN/PETER PARKER,WOSM 21;
SPIDER-MAN/PETER PARKER,WOSM 2/2;
SPIDER-MAN/PETER PARKER,WOSM 22;
SPIDER-MAN/PETER PARKER,WOSM 23;
SPIDER-MAN/PETER PARKER,WOSM 24;
SPIDER-MAN/PETER PARKER,WOSM 25;
SPIDER-MAN/PETER PARKER,WOSM 26;
SPIDER-MAN/PETER PARKER,WOSM 27;
SPIDER-MAN/PETER PARKER,WOSM 28;
SPIDER-MAN/PETER PARKER,WOSM 29;
SPIDER-MAN/PETER PARKER,WOSM 3;
SPIDER-MAN/PETER PARKER,WOSM 30;
SPIDER-MAN/PETER PARKER,WOSM 31;
SPIDER-MAN/PETER PARKER,WOSM 32;
SPIDER-MAN/PETER PARKER,WOSM 33;
SPIDER-MAN/PETER PARKER,WOSM 34;
SPIDER-MAN/PETER PARKER,WOSM 35;
SPIDER-MAN/PETER PARKER,WOSM 36;
SPIDER-MAN/PETER PARKER,WOSM 37;
SPIDER-MAN/PETER PARKER,WOSM 38;
SPIDER-MAN/PETER PARKER,WOSM 39;
SPIDER-MAN/PETER PARKER,WOSM 4;
SPIDER-MAN/PETER PARKER,WOSM 40;
SPIDER-MAN/PETER PARKER,WOSM 41;
SPIDER-MAN/PETER PARKER,WOSM 42;
SPIDER-MAN/PETER PARKER,WOSM 43;
SPIDER-MAN/PETER PARKER,WOSM 44;
SPIDER-MAN/PETER PARKER,WOSM 45;
SPIDER-MAN/PETER PARKER,WOSM 46;
SPIDER-MAN/PETER PARKER,WOSM 47;
SPIDER-MAN/PETER PARKER,WOSM 48;
SPIDER-MAN/PETER PARKER,WOSM 49;
SPIDER-MAN/PETER PARKER,WOSM 5;
SPIDER-MAN/PETER PARKER,WOSM 50;
SPIDER-MAN/PETER PARKER,WOSM 51;
SPIDER-MAN/PETER PARKER,WOSM 52;
SPIDER-MAN/PETER PARKER,WOSM 53;
SPIDER-MAN/PETER PARKER,WOSM 54;
SPIDER-MAN/PETER PARKER,WOSM 55;
SPIDER-MAN/PETER PARKER,WOSM 56;
SPIDER-MAN/PETER PARKER,WOSM 57;
SPIDER-MAN/PETER PARKER,WOSM 58;
SPIDER-MAN/PETER PARKER,WOSM 59;
SPIDER-MAN/PETER PARKER,WOSM 6;
SPIDER-MAN/PETER PARKER,WOSM 60;
SPIDER-MAN/PETER PARKER,WOSM 61;
SPIDER-MAN/PETER PARKER,WOSM 62;
SPIDER-MAN/PETER PARKER,WOSM 6/3;
SPIDER-MAN/PETER PARKER,WOSM 63;
SPIDER-MAN/PETER PARKER,WOSM 64;
SPIDER-MAN/PETER PARKER,WOSM 65;
SPIDER-MAN/PETER PARKER,WOSM 66;
SPIDER-MAN/PETER PARKER,WOSM 67;
SPIDER-MAN/PETER PARKER,WOSM 68;
SPIDER-MAN/PETER PARKER,WOSM 69;
SPIDER-MAN/PETER PARKER,WOSM 7;
SPIDER-MAN/PETER PARKER,WOSM 70;
SPIDER-MAN/PETER PARKER,WOSM 71;
SPIDER-MAN/PETER PARKER,WOSM 72;
SPIDER-MAN/PETER PARKER,WOSM 73;
SPIDER-MAN/PETER PARKER,WOSM 74;
SPIDER-MAN/PETER PARKER,WOSM 75;
SPIDER-MAN/PETER PARKER,WOSM 76;
SPIDER-MAN/PETER PARKER,WOSM 77;
SPIDER-MAN/PETER PARKER,WOSM 78;
SPIDER-MAN/PETER PARKER,WOSM 79;
SPIDER-MAN/PETER PARKER,WOSM 8;
SPIDER-MAN/PETER PARKER,WOSM 80;
SPIDER-MAN/PETER PARKER,WOSM 81;
SPIDER-MAN/PETER PARKER,WOSM 82;
SPIDER-MAN/PETER PARKER,WOSM 83;
SPIDER-MAN/PETER PARKER,WOSM 8/4;
SPIDER-MAN/PETER PARKER,WOSM 84;
SPIDER-MAN/PETER PARKER,WOSM 85;
SPIDER-MAN/PETER PARKER,WOSM 86;
SPIDER-MAN/PETER PARKER,WOSM 87;
SPIDER-MAN/PETER PARKER,WOSM 88;
SPIDER-MAN/PETER PARKER,WOSM 89;
SPIDER-MAN/PETER PARKER,WOSM 9;
SPIDER-MAN/PETER PARKER,WOSM 90;
SPIDER-MAN/PETER PARKER,WOSM 91;
SPIDER-MAN/PETER PARKER,WOSM 92;
SPIDER-MAN/PETER PARKER,WOSM 93;
SPIDER-MAN/PETER PARKER,WOSM 94;
SPIDER-MAN/PETER PARKER,WOSM 95;
SPIDER-MAN/PETER PARKER,WOSM 96;
SPIDER-MAN/PETER PARKER,WOSMSS 1;
SPIDER-MAN/PETER PARKER,WTS 1;
SPIDER-MAN/PETER PARKER,WTS 1/2;
SPIDER-MAN/PETER PARKER,WTS 13;
SPIDER-MAN/PETER PARKER,WTS 2;
SPIDER-MAN/PETER PARKER,X 77;
SPIDER-MAN/PETER PARKER,XCAL 125;
SPIDER-MAN/PETER PARKER,XCAL 53;
SPIDER-MAN/PETER PARKER,XF 139;
SPIDER-MAN/PETER PARKER,XFOR 3;
SPIDER-MAN/PETER PARKER,XFOR 4;
SPIDER-MAN/PETER PARKER,XM 35;
SPIDER-MAN/PETER PARKER,XM 37;
SPIDER-MAN/PETER PARKER,XM 38;
SPIDER-MAN/PETER PARKER,XM 51;
SPIDER-WOMAN DOPPELG,IW 3;
SPIDER-WOMAN DOPPELG,MK3 43;
SPIDER-WOMAN II/JULI,A 15;
SPIDER-WOMAN II/JULI,A3 1;
SPIDER-WOMAN II/JULI,A3 2;
SPIDER-WOMAN II/JULI,A3 3;
SPIDER-WOMAN II/JULI,A3 4;
SPIDER-WOMAN II/JULI,A 345;
SPIDER-WOMAN II/JULI,ASM2 5;
SPIDER-WOMAN II/JULI,AWC 6;
SPIDER-WOMAN II/JULI,AWC 6/2;
SPIDER-WOMAN II/JULI,AWC 7;
SPIDER-WOMAN II/JULI,AWC 70;
SPIDER-WOMAN II/JULI,AWC 71;
SPIDER-WOMAN II/JULI,AWC 72;
SPIDER-WOMAN II/JULI,AWC 7/3;
SPIDER-WOMAN II/JULI,AWC 7/4;
SPIDER-WOMAN II/JULI,AWC 74;
SPIDER-WOMAN II/JULI,AWC 75;
SPIDER-WOMAN II/JULI,AWC 76;
SPIDER-WOMAN II/JULI,AWC 77;
SPIDER-WOMAN II/JULI,AWC 78;
SPIDER-WOMAN II/JULI,AWC 79;
SPIDER-WOMAN II/JULI,AWC 80;
SPIDER-WOMAN II/JULI,AWC 81;
SPIDER-WOMAN II/JULI,AWC 82;
SPIDER-WOMAN II/JULI,AWC 84;
SPIDER-WOMAN II/JULI,AWC 85;
SPIDER-WOMAN II/JULI,AWC 86;
SPIDER-WOMAN II/JULI,AWC 87;
SPIDER-WOMAN II/JULI,AWC 88;
SPIDER-WOMAN II/JULI,AWC 89;
SPIDER-WOMAN II/JULI,AWC 90;
SPIDER-WOMAN II/JULI,AWC 91;
SPIDER-WOMAN II/JULI,CA3 3;
SPIDER-WOMAN II/JULI,CA 400/2;
SPIDER-WOMAN II/JULI,CA 401;
SPIDER-WOMAN II/JULI,CA 437;
SPIDER-WOMAN II/JULI,DHAWK 1;
SPIDER-WOMAN II/JULI,FF 367;
SPIDER-WOMAN II/JULI,FW 1;
SPIDER-WOMAN II/JULI,FW 10;
SPIDER-WOMAN II/JULI,FW 10/2;
SPIDER-WOMAN II/JULI,FW 11;
SPIDER-WOMAN II/JULI,FW 12;
SPIDER-WOMAN II/JULI,FW 13;
SPIDER-WOMAN II/JULI,FW 14;
SPIDER-WOMAN II/JULI,FW 15;
SPIDER-WOMAN II/JULI,FW 16;
SPIDER-WOMAN II/JULI,FW 17;
SPIDER-WOMAN II/JULI,FW 18;
SPIDER-WOMAN II/JULI,FW 19;
SPIDER-WOMAN II/JULI,FW 2;
SPIDER-WOMAN II/JULI,FW 21;
SPIDER-WOMAN II/JULI,FW 22;
SPIDER-WOMAN II/JULI,FW 3;
SPIDER-WOMAN II/JULI,FW 4;
SPIDER-WOMAN II/JULI,FW 5;
SPIDER-WOMAN II/JULI,FW 5/2;
SPIDER-WOMAN II/JULI,FW 6;
SPIDER-WOMAN II/JULI,FW 7;
SPIDER-WOMAN II/JULI,FW 8;
SPIDER-WOMAN II/JULI,FW 9;
SPIDER-WOMAN II/JULI,FW 9/2;
SPIDER-WOMAN II/JULI,H2 434;
SPIDER-WOMAN II/JULI,IM 13;
SPIDER-WOMAN II/JULI,IM 214;
SPIDER-WOMAN II/JULI,IM 284;
SPIDER-WOMAN II/JULI,IM 311;
SPIDER-WOMAN II/JULI,IM 312;
SPIDER-WOMAN II/JULI,IM 317;
SPIDER-WOMAN II/JULI,IM 319;
SPIDER-WOMAN II/JULI,IM 324;
SPIDER-WOMAN II/JULI,IW 1;
SPIDER-WOMAN II/JULI,IW 2;
SPIDER-WOMAN II/JULI,IW 3;
SPIDER-WOMAN II/JULI,MK3 43;
SPIDER-WOMAN II/JULI,M/SHSW 10;
SPIDER-WOMAN II/JULI,M/SHSW 11;
SPIDER-WOMAN II/JULI,M/SHSW 12;
SPIDER-WOMAN II/JULI,M/SHSW 6;
SPIDER-WOMAN II/JULI,M/SHSW 7;
SPIDER-WOMAN II/JULI,M/SHSW 8;
SPIDER-WOMAN II/JULI,M/SHSW 9;
SPIDER-WOMAN II/JULI,NW 27;
SPIDER-WOMAN II/JULI,PPTSS 125;
SPIDER-WOMAN II/JULI,PPTSS 126;
SPIDER-WOMAN II/JULI,SENSM '96/2;
SPIDER-WOMAN II/JULI,S-W3 1;
SPIDER-WOMAN II/JULI,S-W3 3;
SPIDER-WOMAN II/JULI,S-W3 4;
SPIDER-WOMAN II/JULI,UX 206;
SPIDER-WOMAN II/JULI,WARM 10;
SPIDER-WOMAN II/JULI,WARM 22;
SPIDER-WOMAN II/JULI,WARM 4;
SPIDER-WOMAN II/JULI,WARM 9;
SPIDER-WOMAN II/JULI,WM2 12;
SPIDER-WOMAN II/JULI,WM2 16;
SPIDER-WOMAN II/JULI,WM2 17;
SPIDER-WOMAN II/JULI,WM2 18;
SPIDER-WOMAN II/JULI,WM2 2;
SPIDER-WOMAN II/JULI,XF 8;
SPIDER-WOMAN II/JULI,XF 9;
SPIDER-WOMAN IV/CHAR,ASM2 14;
SPIDER-WOMAN IV/CHAR,ASM2 5;
SPIDER-WOMAN IV/CHAR,ASM2 6;
SPIDER-WOMAN IV/CHAR,PPSM2 5;
SPIDER-WOMAN IV/CHAR,S-W3 1;
SPIDER-WOMAN IV/CHAR,S-W3 2;
SPIDER-WOMAN IV/CHAR,S-W3 3;
SPIDER-WOMAN IV/CHAR,S-W3 8;
SPIDER-WOMAN IV/CHAR,S-W3 9;
SPIDER-WOMAN/JESSICA,A 10;
SPIDER-WOMAN/JESSICA,A 187;
SPIDER-WOMAN/JESSICA,A 221;
SPIDER-WOMAN/JESSICA,A 238;
SPIDER-WOMAN/JESSICA,A 240;
SPIDER-WOMAN/JESSICA,A 241;
SPIDER-WOMAN/JESSICA,A 242;
SPIDER-WOMAN/JESSICA,ASM 209;
SPIDER-WOMAN/JESSICA,ASM2 14;
SPIDER-WOMAN/JESSICA,ASM2 5;
SPIDER-WOMAN/JESSICA,CA 281;
SPIDER-WOMAN/JESSICA,CA 282;
SPIDER-WOMAN/JESSICA,COC 1;
SPIDER-WOMAN/JESSICA,DAZZ 15;
SPIDER-WOMAN/JESSICA,DRSTR2 67;
SPIDER-WOMAN/JESSICA,HFH 18;
SPIDER-WOMAN/JESSICA,HFH 19;
SPIDER-WOMAN/JESSICA,M/GN 1;
SPIDER-WOMAN/JESSICA,M/SPT 32;
SPIDER-WOMAN/JESSICA,M/TIO 29;
SPIDER-WOMAN/JESSICA,M/TIO 30;
SPIDER-WOMAN/JESSICA,M/TIO 31;
SPIDER-WOMAN/JESSICA,M/TIO 32;
SPIDER-WOMAN/JESSICA,M/TIO 33;
SPIDER-WOMAN/JESSICA,M/TIO 85;
SPIDER-WOMAN/JESSICA,M/TU 97;
SPIDER-WOMAN/JESSICA,NM 4/3;
SPIDER-WOMAN/JESSICA,PUN 1/4;
SPIDER-WOMAN/JESSICA,SENSM '96/2;
SPIDER-WOMAN/JESSICA,SS 1/4;
SPIDER-WOMAN/JESSICA,S-W 1;
SPIDER-WOMAN/JESSICA,S-W 10;
SPIDER-WOMAN/JESSICA,S-W 11;
SPIDER-WOMAN/JESSICA,S-W 12;
SPIDER-WOMAN/JESSICA,S-W 13;
SPIDER-WOMAN/JESSICA,S-W 14;
SPIDER-WOMAN/JESSICA,S-W 15;
SPIDER-WOMAN/JESSICA,S-W 16;
SPIDER-WOMAN/JESSICA,S-W 17;
SPIDER-WOMAN/JESSICA,S-W 18;
SPIDER-WOMAN/JESSICA,S-W 19;
SPIDER-WOMAN/JESSICA,S-W 2;
SPIDER-WOMAN/JESSICA,S-W 20;
SPIDER-WOMAN/JESSICA,S-W 21;
SPIDER-WOMAN/JESSICA,S-W 22;
SPIDER-WOMAN/JESSICA,S-W 23;
SPIDER-WOMAN/JESSICA,S-W 24;
SPIDER-WOMAN/JESSICA,S-W 25;
SPIDER-WOMAN/JESSICA,S-W 26;
SPIDER-WOMAN/JESSICA,S-W 28;
SPIDER-WOMAN/JESSICA,S-W 29;
SPIDER-WOMAN/JESSICA,S-W 3;
SPIDER-WOMAN/JESSICA,S-W 30;
SPIDER-WOMAN/JESSICA,S-W 31;
SPIDER-WOMAN/JESSICA,S-W3 1;
SPIDER-WOMAN/JESSICA,S-W3 10;
SPIDER-WOMAN/JESSICA,S-W3 11;
SPIDER-WOMAN/JESSICA,S-W 32;
SPIDER-WOMAN/JESSICA,S-W3 2;
SPIDER-WOMAN/JESSICA,S-W 33;
SPIDER-WOMAN/JESSICA,S-W3 3;
SPIDER-WOMAN/JESSICA,S-W 34;
SPIDER-WOMAN/JESSICA,S-W3 4;
SPIDER-WOMAN/JESSICA,S-W 35;
SPIDER-WOMAN/JESSICA,S-W3 5;
SPIDER-WOMAN/JESSICA,S-W 36;
SPIDER-WOMAN/JESSICA,S-W3 6;
SPIDER-WOMAN/JESSICA,S-W 37;
SPIDER-WOMAN/JESSICA,S-W3 7;
SPIDER-WOMAN/JESSICA,S-W 38;
SPIDER-WOMAN/JESSICA,S-W3 8;
SPIDER-WOMAN/JESSICA,S-W 39;
SPIDER-WOMAN/JESSICA,S-W3 9;
SPIDER-WOMAN/JESSICA,S-W 4;
SPIDER-WOMAN/JESSICA,S-W 40;
SPIDER-WOMAN/JESSICA,S-W 41;
SPIDER-WOMAN/JESSICA,S-W 42;
SPIDER-WOMAN/JESSICA,S-W 43;
SPIDER-WOMAN/JESSICA,S-W 44;
SPIDER-WOMAN/JESSICA,S-W 45;
SPIDER-WOMAN/JESSICA,S-W 46;
SPIDER-WOMAN/JESSICA,S-W 47;
SPIDER-WOMAN/JESSICA,S-W 48;
SPIDER-WOMAN/JESSICA,S-W 49;
SPIDER-WOMAN/JESSICA,S-W 5;
SPIDER-WOMAN/JESSICA,S-W 50;
SPIDER-WOMAN/JESSICA,S-W 6;
SPIDER-WOMAN/JESSICA,S-W 7;
SPIDER-WOMAN/JESSICA,S-W 8;
SPIDER-WOMAN/JESSICA,S-W 8/2;
SPIDER-WOMAN/JESSICA,S-W 9;
SPIDER-WOMAN/JESSICA,UX 148;
SPIDER-WOMAN/JESSICA,UX 203;
SPIDER-WOMAN/JESSICA,UX 206;
SPIDER-WOMAN/JESSICA,W2 10;
SPIDER-WOMAN/JESSICA,W2 11;
SPIDER-WOMAN/JESSICA,W2 12;
SPIDER-WOMAN/JESSICA,W2 125;
SPIDER-WOMAN/JESSICA,W2 126;
SPIDER-WOMAN/JESSICA,W2 128;
SPIDER-WOMAN/JESSICA,W2 13;
SPIDER-WOMAN/JESSICA,W2 14;
SPIDER-WOMAN/JESSICA,W2 15;
SPIDER-WOMAN/JESSICA,W2 16;
SPIDER-WOMAN/JESSICA,W2 2;
SPIDER-WOMAN/JESSICA,W2 27;
SPIDER-WOMAN/JESSICA,W2 3;
SPIDER-WOMAN/JESSICA,W2 4;
SPIDER-WOMAN/JESSICA,W2 5;
SPIDER-WOMAN/JESSICA,W2 6;
SPIDER-WOMAN/JESSICA,W2 7;
SPIDER-WOMAN/JESSICA,W2 8;
SPIDER-WOMAN/JESSICA,WCA 1;
SPIDER-WOMAN/JESSICA,WOSM 4/3;
SPIKE,M/CP 102/3;
SPIKE,M/CP 103/3;
SPIKE,M/CP 104/3;
SPIKEY,GENX 40;
SPIKEY,GENX 42;
SPIKEY,GENX 43;
SPIKEY,GENX 44;
SPINNERET,SSU 1;
SPIRAL,A 15;
SPIRAL,BEAST 1;
SPIRAL,BEAST 2;
SPIRAL,BEAST 3;
SPIRAL,CA 346;
SPIRAL,DD 269;
SPIRAL II/ESTELLE GE,T 497;
SPIRAL,LSHOT 1;
SPIRAL,LSHOT 3;
SPIRAL,LSHOT 4;
SPIRAL,LSHOT 5;
SPIRAL,LSHOT 6;
SPIRAL,M/CP 41/4;
SPIRAL,M/CP 82/2;
SPIRAL,M/CP 83/2;
SPIRAL,M/CP 84/2;
SPIRAL,M/CP 86/2;
SPIRAL,M/CP 87/2;
SPIRAL,M/CP 89/4;
SPIRAL,M/FAN2 4;
SPIRAL,M/FAN2 5;
SPIRAL,NM 2;
SPIRAL,NM 65;
SPIRAL,UX 10;
SPIRAL,UX 199;
SPIRAL,UX 205;
SPIRAL,UX 206;
SPIRAL,UX 209;
SPIRAL,UX 223;
SPIRAL,UX 225;
SPIRAL,UX 226;
SPIRAL,W2 51;
SPIRAL,W2 52;
SPIRAL,W2 53;
SPIRAL,WCA 1;
SPIRAL,X 5;
SPIRAL,XCAL 107;
SPIRAL,XCAL 108;
SPIRAL,XCAL 109;
SPIRAL,XCAL 110;
SPIRAL,XCAL 64;
SPIRAL,XF 30;
SPIRAL,XF 31;
SPIRAL,XF 33;
SPIRAL,XF 7;
SPIRAL,XF 8;
SPIRAL,XFOR 62;
SPIRIT OF '76/WILLIA,INV 14;
SPIRIT OF '76/WILLIA,INV 15;
SPITE/,JUGGERNAUT;
SPITFIRE/LADY JACQUE,INV 10;
SPITFIRE/LADY JACQUE,INV 11;
SPITFIRE/LADY JACQUE,INV 12;
SPITFIRE/LADY JACQUE,INV 13;
SPITFIRE/LADY JACQUE,INV 14;
SPITFIRE/LADY JACQUE,INV 15;
SPITFIRE/LADY JACQUE,INV 18;
SPITFIRE/LADY JACQUE,INV 19;
SPITFIRE/LADY JACQUE,INV 20;
SPITFIRE/LADY JACQUE,INV 21;
SPITFIRE/LADY JACQUE,INV 22;
SPITFIRE/LADY JACQUE,INV 23;
SPITFIRE/LADY JACQUE,INV 25;
SPITFIRE/LADY JACQUE,INV 26;
SPITFIRE/LADY JACQUE,INV 29;
SPITFIRE/LADY JACQUE,INV 30;
SPITFIRE/LADY JACQUE,INV 31;
SPITFIRE/LADY JACQUE,INV 32;
SPITFIRE/LADY JACQUE,INV 33;
SPITFIRE/LADY JACQUE,INV 34;
SPITFIRE/LADY JACQUE,INV 39;
SPITFIRE/LADY JACQUE,INV 40;
SPITFIRE/LADY JACQUE,INV 41;
SPITFIRE/LADY JACQUE,INV 7;
SPITFIRE/LADY JACQUE,INV 8;
SPITFIRE/LADY JACQUE,INV 9;
SPITFIRE/LADY JACQUE,M/CP 89/3;
SPITFIRE/LADY JACQUE,M/SH3 4/4;
SPITFIRE/LADY JACQUE,M/U 1;
SPITFIRE/LADY JACQUE,N 12;
SPITFIRE/LADY JACQUE,N 1/3;
SPITFIRE/LADY JACQUE,N 13;
SPITFIRE/LADY JACQUE,N 15;
SPITFIRE/LADY JACQUE,N 19;
SPITFIRE/LADY JACQUE,N 21;
SPITFIRE/LADY JACQUE,N 2/3;
SPITFIRE/LADY JACQUE,N 23;
SPITFIRE/LADY JACQUE,N 27;
SPITFIRE/LADY JACQUE,X:HC 3;
SPITZ, BARRY,TB 34;
SPLICE/CHANDRA KU,M/CP 101/2;
SPLICE/CHANDRA KU,M/CP 102/2;
SPLICE/CHANDRA KU,M/CP 106/2;
SPLICE/CHANDRA KU,M/CP 107/2;
SPLICE/CHANDRA KU,M/CP 108/2;
SPLICE/CHANDRA KU,M/CP 109/2;
SPLICE/CHANDRA KU,PPTSS 8;
SPLICE/CHANDRA KU,T 300;
SPLICE II/,WM2 4;
SPOILSPORT/,GENX 53;
SPOILSPORT/,GENX 54;
SPOOKY,C2 92;
SPOOR/ANDREW HAMISH,M:DS 1;
SPOOR/ANDREW HAMISH,M:DS 2;
SPOOR/ANDREW HAMISH,XCAL 102;
SPOOR/ANDREW HAMISH,XCAL 88;
SPOOR/ANDREW HAMISH,XCAL 89;
SPOOR/ANDREW HAMISH,XCAL 95;
SPOOR/ANDREW HAMISH,XM 12;
SPOOR/ANDREW HAMISH,X:MW 1;
SPORE,W2 22;
SPORE,W2 23;
SPOT/,PPTSS 245;
SPOT/,PPTSS 246;
SPRAGG,JIM 68;
SPRAGG,MAXSEC 1;
SPRAGG,S-H2 31;
SPRAGG,S-H2 32;
SPRAGG,S-H2 33;
SPRAGG,S-H2 39;
SPRAGG,S-H2 40;
SPRAGG,S-H2 41;
SPRAGG,S-H2 42;
SPRINGER, JERRY,INH2 4;
SPRITE,A 299;
SPRITE,A 308;
SPRITE,A 310;
SPRITE,A 355;
SPRITE,A 375;
SPRITE,ASPOT 35;
SPRITE,E 10;
SPRITE,E 13;
SPRITE,E2 1;
SPRITE,E 9;
SPRITE,E:HEROD;
SPRITE,FFU 10;
SPRITE,T 288;
SPRITE,T 289;
SPRITE,T 291;
SPROCKET,NO2 14;
SPROCKET,NT 2;
SPROCKET,NT 3;
SPROCKET,NW 29;
SPROCKET,NW 30;
SPROCKET,NW 54;
SPROCKET,NW 55;
SPROCKET,NW 56;
SPROCKET,NW 60;
SPUNJE,BSHP2 15;
SPUNJE,MAXSEC 2;
SPUNJE,MAXSEC 3;
SPUNJE,MAXSEC:DP;
SPUNJE,XU 29;
SPYMASTER II,IM 254;
SPYMASTER II,IM 284;
SPYMASTER II,IM 285;
SPYMASTER II,IM 286;
SPYMASTER II,IM3 8;
SPYMASTER II,IM:BB 2;
SPYMASTER/JAKE JORDA,DD 63;
SPYMASTER/JAKE JORDA,IM 116;
SPYMASTER/JAKE JORDA,IM 117;
SPYMASTER/JAKE JORDA,IM 127;
SPYMASTER/JAKE JORDA,IM 138;
SPYMASTER/JAKE JORDA,IM 139;
SPYMASTER/JAKE JORDA,IM 210;
SPYMASTER/JAKE JORDA,IM 220;
SPYMASTER/JAKE JORDA,IM 33;
SPYMASTER/JAKE JORDA,IM 34;
SPYMASTER/JAKE JORDA,IM 35;
SPYMASTER/JAKE JORDA,IM:IA 2;
SPYMASTER/JAKE JORDA,M/SH3 12/3;
SPYNE,C2 17;
SPYNE,C2 18;
SPYNE,C2 19;
SPYNE,W2 100;
SPYNE,W2 93;
SPYNE,W2 95;
SPYNE,W2 96;
SPYNE,X '95;
SQUID/DONNY CALLAHAN,ASM2 26;
SQUID/DONNY CALLAHAN,PPSM2 16;
SQUIRE/,M/:LG 12;
SQUIRREL GIRL/,M/SH3 8/3;
SSSESTHUGAR,N 20;
SSSESTHUGAR,N 21;
SSSESTHUGAR,N 22;
SSSESTHUGAR,N 23;
SSSESTHUGAR,N 24;
SSSESTHUGAR,N 25;
SSSITH,A 21;
SSSITH,AVF 3;
SSSITH,FF 25;
SSS'LETHCOTT,IF3 3;
STACY, ARTHUR,ASM2 12;
STACY, ARTHUR,ASM2 22;
STACY, ARTHUR,ASM2 23;
STACY, ARTHUR,ASM2 24;
STACY, ARTHUR,ASM2 25;
STACY, ARTHUR,ASM2 9;
STACY, ARTHUR,ASM 418;
STACY, ARTHUR,ASM 95;
STACY, ARTHUR,ASMU 17;
STACY, ARTHUR,PPSM2 12;
STACY, ARTHUR,PPSM2 13;
STACY, ARTHUR,PPSM2 14;
STACY, ARTHUR,PPSM2 19;
STACY, ARTHUR,PPSM2 6;
STACY, ARTHUR,PPSM2 9;
STACY, ARTHUR,PPTSS 255;
STACY, ARTHUR,SENSM 11;
STACY, ARTHUR,S-M -1;
STACY, ARTHUR,S-M 70;
STACY, ARTHUR,S-M 75;
STACY, ARTHUR,S-M 77;
STACY, ARTHUR,S-M 85;
STACY, ARTHUR,S-M 86;
STACY, ARTHUR,S-M 88;
STACY, ARTHUR,S-M 89;
STACY, ARTHUR,S-M 91;
STACY, ARTHUR,S-M 92;
STACY, ARTHUR,S-M 93;
STACY, ARTHUR,S-M 94;
STACY, ARTHUR,SM:L 1;
STACY, ARTHUR,SM:L 2;
STACY, ARTHUR,SM:L 3;
STACY, CAPT. GEORGE,ASM 56;
STACY, CAPT. GEORGE,ASM 57;
STACY, CAPT. GEORGE,ASM 58;
STACY, CAPT. GEORGE,ASM 59;
STACY, CAPT. GEORGE,ASM 60;
STACY, CAPT. GEORGE,ASM 61;
STACY, CAPT. GEORGE,ASM 62;
STACY, CAPT. GEORGE,ASM 63;
STACY, CAPT. GEORGE,ASM 64;
STACY, CAPT. GEORGE,ASM 65;
STACY, CAPT. GEORGE,ASM 66;
STACY, CAPT. GEORGE,ASM 67;
STACY, CAPT. GEORGE,ASM 69;
STACY, CAPT. GEORGE,ASM 70;
STACY, CAPT. GEORGE,ASM 71;
STACY, CAPT. GEORGE,ASM 72;
STACY, CAPT. GEORGE,ASM 73;
STACY, CAPT. GEORGE,ASM 76;
STACY, CAPT. GEORGE,ASM 80;
STACY, CAPT. GEORGE,ASM 82;
STACY, CAPT. GEORGE,ASM 83;
STACY, CAPT. GEORGE,ASM 84;
STACY, CAPT. GEORGE,ASM 85;
STACY, CAPT. GEORGE,ASM 86;
STACY, CAPT. GEORGE,ASM 87;
STACY, CAPT. GEORGE,ASM 88;
STACY, CAPT. GEORGE,ASM 90;
STACY, CAPT. GEORGE,ASM '96;
STACY, CAPT. GEORGE,S-M -1;
STACY, CAPT. GEORGE,SPECSM 1;
STACY, CAPT. GEORGE,SPECSM 2;
STACY, CAPT. GEORGE,UTSM 1;
STACY, CAPT. GEORGE,UTSM 4;
STACY, GWEN,ASM 101;
STACY, GWEN,ASM 102;
STACY, GWEN,ASM 103;
STACY, GWEN,ASM 104;
STACY, GWEN,ASM 105;
STACY, GWEN,ASM 106;
STACY, GWEN,ASM 107;
STACY, GWEN,ASM 108;
STACY, GWEN,ASM 109;
STACY, GWEN,ASM 110;
STACY, GWEN,ASM 111;
STACY, GWEN,ASM 112;
STACY, GWEN,ASM 113;
STACY, GWEN,ASM 114;
STACY, GWEN,ASM 115;
STACY, GWEN,ASM 116;
STACY, GWEN,ASM 117;
STACY, GWEN,ASM 118;
STACY, GWEN,ASM 120;
STACY, GWEN,ASM 121;
STACY, GWEN,ASM 122;
STACY, GWEN,ASM 148;
STACY, GWEN,ASM 149;
STACY, GWEN,ASM 31;
STACY, GWEN,ASM 34;
STACY, GWEN,ASM 36;
STACY, GWEN,ASM 365/3;
STACY, GWEN,ASM 37;
STACY, GWEN,ASM 38;
STACY, GWEN,ASM 39;
STACY, GWEN,ASM 41;
STACY, GWEN,ASM 42;
STACY, GWEN,ASM 43;
STACY, GWEN,ASM 44;
STACY, GWEN,ASM 46;
STACY, GWEN,ASM 47;
STACY, GWEN,ASM 48;
STACY, GWEN,ASM 49;
STACY, GWEN,ASM 5;
STACY, GWEN,ASM 50;
STACY, GWEN,ASM 51;
STACY, GWEN,ASM 52;
STACY, GWEN,ASM 53;
STACY, GWEN,ASM 54;
STACY, GWEN,ASM 55;
STACY, GWEN,ASM 56;
STACY, GWEN,ASM 57;
STACY, GWEN,ASM 58;
STACY, GWEN,ASM 59;
STACY, GWEN,ASM 60;
STACY, GWEN,ASM 61;
STACY, GWEN,ASM 62;
STACY, GWEN,ASM 63;
STACY, GWEN,ASM 64;
STACY, GWEN,ASM 65;
STACY, GWEN,ASM 66;
STACY, GWEN,ASM 67;
STACY, GWEN,ASM 68;
STACY, GWEN,ASM 69;
STACY, GWEN,ASM 70;
STACY, GWEN,ASM 72;
STACY, GWEN,ASM 73;
STACY, GWEN,ASM 74;
STACY, GWEN,ASM 76;
STACY, GWEN,ASM 78;
STACY, GWEN,ASM 79;
STACY, GWEN,ASM 80;
STACY, GWEN,ASM 82;
STACY, GWEN,ASM 83;
STACY, GWEN,ASM 84;
STACY, GWEN,ASM 85;
STACY, GWEN,ASM 86;
STACY, GWEN,ASM 87;
STACY, GWEN,ASM 88;
STACY, GWEN,ASM 90;
STACY, GWEN,ASM 91;
STACY, GWEN,ASM 92;
STACY, GWEN,ASM 93;
STACY, GWEN,ASM 95;
STACY, GWEN,ASM '96;
STACY, GWEN,ASM 98;
STACY, GWEN,ASM 99;
STACY, GWEN (CLONE),ASM 142;
STACY, GWEN (CLONE),ASM 143;
STACY, GWEN (CLONE),ASM 144;
STACY, GWEN (CLONE),ASM 145;
STACY, GWEN (CLONE),ASM 146;
STACY, GWEN (CLONE),ASM 147;
STACY, GWEN (CLONE),ASM 148;
STACY, GWEN (CLONE),ASM 149;
STACY, GWEN (CLONE),ASM 150;
STACY, GWEN (CLONE),ASM 394/2;
STACY, GWEN (CLONE),GSS-M 5;
STACY, GWEN (CLONE),MC:O;
STACY, GWEN (CLONE),PPTSS 142;
STACY, GWEN (CLONE),PPTSS 227;
STACY, GWEN (CLONE),PPTSS 8;
STACY, GWEN (CLONE),S-M 51/2;
STACY, GWEN (CLONE),S-M 61;
STACY, GWEN (CLONE),WOSM 125;
STACY, GWEN (CLONE),WOSM 125/2;
STACY, GWEN,M/SH 14;
STACY, GWEN | MUTANT,MX 12;
STACY, GWEN | MUTANT,MX 6;
STACY, GWEN,S-M -1;
STACY, GWEN,S-M 19/2;
STACY, GWEN,SPECSM 1;
STACY, GWEN,SPECSM 2;
STACY, GWEN,UTSM 25;
STACY, GWEN,UTSM 4;
STACY, GWEN,UTSM 8;
STACY, GWEN,WTS 1;
STACY, GWEN,WTS 1/2;
STACY, GWEN,WTS 2;
STACY, HELEN,S-M -1;
STACY, JILL,ASM '01;
STACY, JILL,ASM2 10;
STACY, JILL,ASM2 11;
STACY, JILL,ASM2 12;
STACY, JILL,ASM2 19;
STACY, JILL,ASM2 2;
STACY, JILL,ASM2 20;
STACY, JILL,ASM2 21;
STACY, JILL,ASM2 22;
STACY, JILL,ASM2 23;
STACY, JILL,ASM2 24;
STACY, JILL,ASM2 25;
STACY, JILL,ASM2 27;
STACY, JILL,ASM2 28;
STACY, JILL,ASM2 29;
STACY, JILL,ASM2 4;
STACY, JILL,ASM2 6;
STACY, JILL,ASM2 9;
STACY, JILL,ASM 421/2;
STACY, JILL,ASM 428;
STACY, JILL,ASM 430;
STACY, JILL,ASM 431;
STACY, JILL,ASM 433;
STACY, JILL,PPSM2 1;
STACY, JILL,PPSM2 10;
STACY, JILL,PPSM2 11;
STACY, JILL,PPSM2 13;
STACY, JILL,PPSM2 14;
STACY, JILL,PPSM2 19;
STACY, JILL,PPSM2 23;
STACY, JILL,PPSM2 28;
STACY, JILL,PPSM2 30;
STACY, JILL,PPSM2 4;
STACY, JILL,PPSM2 5;
STACY, JILL,PPSM2 6;
STACY, JILL,PPSM2 7;
STACY, JILL,PPSM2 8;
STACY, JILL,PPSM2 9;
STACY, JILL,PPTSS 247;
STACY, JILL,PPTSS 251;
STACY, JILL,PPTSS 255;
STACY, JILL,PPTSS 259;
STACY, JILL,PPTSS 263;
STACY, JILL,SENSM 21;
STACY, JILL,S-M -1;
STACY, JILL,S-M 76;
STACY, JILL,S-M 77;
STACY, JILL,S-M 82;
STACY, JILL,S-M 85;
STACY, JILL,S-M 86;
STACY, JILL,S-M 87;
STACY, JILL,S-M 89;
STACY, JILL,S-M 91;
STACY, JILL,S-M 92;
STACY, JILL,S-M 93;
STACY, JILL,S-M 94;
STACY, JILL,S-M 97;
STACY, NANCY,ASM 95;
STACY, NANCY,S-M -1;
STACY, PAUL,ASM2 10;
STACY, PAUL,ASM2 22;
STACY, PAUL,ASM2 25;
STACY, PAUL,ASM2 9;
STACY, PAUL,ASM 421/2;
STACY, PAUL,ASM 422;
STACY, PAUL,ASM 423;
STACY, PAUL,ASM 425;
STACY, PAUL,ASM 426;
STACY, PAUL,PPSM2 9;
STACY, PAUL,PPTSS 255;
STACY, PAUL,S-M -1;
STACY, PAUL,S-M 79;
STACY, PAUL,S-M 82;
STACY, PAUL,S-M 83;
STACY, PAUL,S-M 85;
STACY, PAUL,S-M 86;
STACY, PAUL,S-M 87;
STACY, PAUL,S-M 89;
STACY, PAUL,S-M 92;
STACY, PAUL,S-M 93;
STAHL, VERONICA,PPTSS 262;
STAINED GLASS SCARLE,MK3 26;
STAINED GLASS SCARLE,MK3 27;
STAINED GLASS SCARLE,MK3 28;
STAINED GLASS SCARLE,MK3 29;
STAINED GLASS SCARLE,MK4 1;
STAINED GLASS SCARLE,MK4 2;
STAINED GLASS SCARLE,MK4 3;
STAINED GLASS SCARLE,MK4 4;
STALIN, JOSEF,INV 32;
STALIN, JOSEF,INV 33;
STALKER,PUN4 2;
STALKING FOX,FF 394;
STALLIOR,A 12;
STALLIOR,AA2 2;
STALLIOR,AR 1;
STALLIOR,FF 401;
STALLIOR,FF 83;
STALLIOR,H 1;
STALLIOR,H2 119;
STALLIOR,H2 120;
STALLIOR,INH 1;
STALLIOR,INH 5;
STALLIOR,INH 6;
STALLIOR,M/FAN 14/2;
STALLIOR,SS 18;
STALYENKO, COL. YURI,BW 1;
STALYENKO, COL. YURI,BW 2;
STALYENKO, COL. YURI,BW2 2;
STALYENKO, COL. YURI,INH2 10;
STALYENKO, COL. YURI,INH2 11;
STALYENKO, COL. YURI,INH2 12;
STALYENKO, COL. YURI,INH2 4;
STALYENKO, COL. YURI,INH2 5;
STALYENKO, COL. YURI,INH2 6;
STALYENKO, COL. YURI,INH2 7;
STALYENKO, COL. YURI,INH2 8;
STALYENKO, COL. YURI,INH2 9;
STAMPEDE/,ASMSS 1/3;
STAMP, J.Q.,M/SH3 10/2;
STANACHEK, FREDDIE,M/GN 12;
STANACHEK, FREDDIE,UX 259;
STANACHEK, FREDDIE,UX 260;
STANACHEK, FREDDIE,UX 270;
STANCHEK, DR.,A 164;
STANCHEK, DR.,UX 94;
STANDISH, GEN.,NOM2 1;
STANDISH, GEN.,NW 29;
STANDISH, GEN.,NW 30;
STANE, OBADIAH,CA 303;
STANE, OBADIAH,CA 304;
STANE, OBADIAH,IM 163;
STANE, OBADIAH,IM 164;
STANE, OBADIAH,IM 165;
STANE, OBADIAH,IM 166;
STANE, OBADIAH,IM 167;
STANE, OBADIAH,IM 169;
STANE, OBADIAH,IM 170;
STANE, OBADIAH,IM 172;
STANE, OBADIAH,IM 173;
STANE, OBADIAH,IM 174;
STANE, OBADIAH,IM 176;
STANE, OBADIAH,IM 179;
STANE, OBADIAH,IM 189;
STANE, OBADIAH,IM 190;
STANE, OBADIAH,IM 194;
STANE, OBADIAH,IM 195;
STANE, OBADIAH,IM 196;
STANE, OBADIAH,IM 198;
STANE, OBADIAH,IM 199;
STANE, OBADIAH,IM 200;
STANFORD, DWIGHT ROL,A 190;
STANFORD, DWIGHT ROL,CA 231;
STANKOWICZ, FABIAN,A 217;
STANKOWICZ, FABIAN,A 221;
STANKOWICZ, FABIAN,A 239;
STANKOWICZ, FABIAN,A 311;
STANKOWICZ, FABIAN,A 319/2;
STANKOWICZ, FABIAN,A 321/2;
STANKOWICZ, FABIAN,A 323/2;
STANKOWICZ, FABIAN,A 324/2;
STANKOWICZ, FABIAN,A 325;
STANKOWICZ, FABIAN,A 329;
STANKOWICZ, FABIAN,A 330;
STANKOWICZ, FABIAN,A 331;
STANKOWICZ, FABIAN,A 332;
STANKOWICZ, FABIAN,A 388;
STANKOWICZ, FABIAN,A '99;
STANKOWICZ, FABIAN,CA 352;
STANKOWICZ, FABIAN,CA 354;
STANKOWICZ, FABIAN,CA 358;
STANKOWICZ, FABIAN,CA 365;
STANKOWICZ, FABIAN,CA 366;
STANKOWICZ, FABIAN,CA 367;
STANKOWICZ, FABIAN,CA 368;
STANKOWICZ, FABIAN,CA 370;
STANKOWICZ, FABIAN,CA 371;
STANKOWICZ, FABIAN,CA 372;
STANKOWICZ, FABIAN,CA 380;
STANKOWICZ, FABIAN,CA 383;
STANKOWICZ, FABIAN,CA 386;
STANKOWICZ, FABIAN,CA 393;
STANKOWICZ, FABIAN,CA 408/3;
STANKOWICZ, FABIAN,CA 422;
STANKOWICZ, FABIAN,CA 427;
STANKOWICZ, FABIAN,CA 431;
STANKOWICZ, FABIAN,CA 438;
STANKOWICZ, FABIAN,CA 439;
STANKOWICZ, FABIAN,CA 440;
STANKOWICZ, FABIAN,CA 441;
STANKOWICZ, FABIAN,CA 442;
STANKOWICZ, FABIAN,CA 443;
STANKOWICZ, FABIAN,M/TIO 96;
STANLEY, TOM,W/P 1;
STAPHOS, DR. MONICA,SM:FA 1;
STAPLES, EDNA M. GRA,A 328;
STAPLES, EDNA M. GRA,A 329;
STAPLES, EDNA M. GRA,A 330;
STAPLES, EDNA M. GRA,A 331;
STAPLES, EDNA M. GRA,A 332;
STAPLES, EDNA M. GRA,A 341;
STAPLES, EDNA M. GRA,A 342;
STAPLES, EDNA M. GRA,NW 22;
STARBOLT,AWC 81;
STARBOLT,INH3 4;
STARBOLT,Q 33;
STARBOLT,UX 107;
STARBOLT,UX 109;
STARBOLT,UX 137;
STARBOLT,UX 157;
STARBOLT,UX 275;
STARBOLT,XSOS 2;
STAR,DD 296;
STARDUST/T'URIN G'AR,Q 14;
STARDUST/T'URIN G'AR,Q 16;
STARDUST/T'URIN G'AR,ROM 1;
STARFOX/EROS,A 12;
STARFOX/EROS,A 14;
STARFOX/EROS,A 19;
STARFOX/EROS,A 230;
STARFOX/EROS,A 231;
STARFOX/EROS,A 232;
STARFOX/EROS,A 233;
STARFOX/EROS,A 234;
STARFOX/EROS,A 235;
STARFOX/EROS,A 236;
STARFOX/EROS,A 237;
STARFOX/EROS,A 238;
STARFOX/EROS,A 240;
STARFOX/EROS,A 241;
STARFOX/EROS,A 242;
STARFOX/EROS,A 243;
STARFOX/EROS,A 244;
STARFOX/EROS,A 245;
STARFOX/EROS,A 246;
STARFOX/EROS,A 247;
STARFOX/EROS,A 248;
STARFOX/EROS,A 249;
STARFOX/EROS,A 250;
STARFOX/EROS,A 251;
STARFOX/EROS,A 252;
STARFOX/EROS,A 253;
STARFOX/EROS,A 254;
STARFOX/EROS,A 255;
STARFOX/EROS,A 256;
STARFOX/EROS,A 257;
STARFOX/EROS,A 258;
STARFOX/EROS,A 259;
STARFOX/EROS,A 260;
STARFOX/EROS,A 261;
STARFOX/EROS,A 301;
STARFOX/EROS,A 305;
STARFOX/EROS,A3 1;
STARFOX/EROS,A 311;
STARFOX/EROS,A 314;
STARFOX/EROS,A 316;
STARFOX/EROS,A 317;
STARFOX/EROS,A 318;
STARFOX/EROS,A3 2;
STARFOX/EROS,A3 3;
STARFOX/EROS,A3 35;
STARFOX/EROS,A3 4;
STARFOX/EROS,A 345;
STARFOX/EROS,A 347;
STARFOX/EROS,AI 1;
STARFOX/EROS,AI 2;
STARFOX/EROS,AI 3;
STARFOX/EROS,AI 4;
STARFOX/EROS,ASM 270;
STARFOX/EROS,ASPOT 21/2;
STARFOX/EROS,AUP 5;
STARFOX/EROS,AWC 48;
STARFOX/EROS,AWC 82;
STARFOX/EROS,CA 289;
STARFOX/EROS,CA 292;
STARFOX/EROS,CA 295;
STARFOX/EROS,CA 296;
STARFOX/EROS,CA 299;
STARFOX/EROS,CA 301;
STARFOX/EROS,CA 310;
STARFOX/EROS,CA 401;
STARFOX/EROS,CM 27;
STARFOX/EROS,CM 29;
STARFOX/EROS,CM 31;
STARFOX/EROS,CM 32;
STARFOX/EROS,CM 34;
STARFOX/EROS,CM4 2;
STARFOX/EROS,CM4 5;
STARFOX/EROS,CM 58;
STARFOX/EROS,CM 59;
STARFOX/EROS,CM 60;
STARFOX/EROS,CM 61;
STARFOX/EROS,CM 62;
STARFOX/EROS,DD 105;
STARFOX/EROS,FF 19;
STARFOX/EROS,FF 256;
STARFOX/EROS,FF 265;
STARFOX/EROS,H2 300;
STARFOX/EROS,IG 1;
STARFOX/EROS,IG 2;
STARFOX/EROS,IG 3;
STARFOX/EROS,IG 4;
STARFOX/EROS,IG 5;
STARFOX/EROS,IG 6;
STARFOX/EROS,IM 55;
STARFOX/EROS,MAXSEC 2;
STARFOX/EROS,MAXSEC 3;
STARFOX/EROS,M/CP 22/4;
STARFOX/EROS,M/CP 65/4;
STARFOX/EROS,M/GN 1;
STARFOX/EROS,M/GN 17;
STARFOX/EROS,M/GN 27;
STARFOX/EROS,M/SPT2 1;
STARFOX/EROS,M/SPT2 2;
STARFOX/EROS,M/SPT2 3;
STARFOX/EROS,M/TU 142;
STARFOX/EROS,M/TU 143;
STARFOX/EROS,PPTSS 106;
STARFOX/EROS,Q 32;
STARFOX/EROS,Q 59;
STARFOX/EROS,ROM 65;
STARFOX/EROS,SS3 19;
STARFOX/EROS,SS3 20;
STARFOX/EROS,SS3 37;
STARFOX/EROS,SS3 40;
STARFOX/EROS,SS3 44;
STARFOX/EROS,SS3 49;
STARFOX/EROS,SS3 67;
STARFOX/EROS,SS 4/2;
STARFOX/EROS,SS 5/3;
STARFOX/EROS,SS 6;
STARFOX/EROS,T2 30;
STARFOX/EROS,T 332;
STARFOX/EROS,T 334;
STARFOX/EROS,T 350;
STARFOX/EROS,T 351;
STARFOX/EROS,T 445;
STARFOX/EROS,T 446;
STARFOX/EROS,UX 190;
STARFOX/EROS,UX 191;
STARFOX/EROS,V&SW2 1;
STARFOX/EROS,WIW 2;
STARFOX/EROS,WLOCK 12;
STARFOX/EROS,WLOCK2 3;
STARFOX/EROS,WM2 7;
STARFOX/EROS,WM2 8;
STARFOX/EROS,WM2 9;
STAR HAMMER,UX 387;
STARHAWK II/ALETA OG,FF 24;
STARHAWK II/ALETA OG,SS 4;
STARHAWK II/ALETA OG,T 16/2;
STARHAWK/STAKAR,FF 24;
STARHAWK/STAKAR,SS 4;
STARHAWK/STAKAR,T 16/2;
STAR, JOAN,DD 375;
STARK, HOWARD,CA 9/2;
STARK, HOWARD,IM 28;
STARK, HOWARD,IM:IA 1;
STARK, HOWARD,NW 4;
STARK, HOWARD | TIME,A:T;
STARK, HOWARD,X:HC 4;
STARK, ISAAC,M/HOL 1996/4;
STARK, MARIA CARBONE,CA 9/2;
STARK, MARIA | TIMES,A:T;
STARK, MORGAN,IM 17;
STARK, MORGAN,IM 18;
STARK, MORGAN,IM 286;
STARK, MORGAN,IM 287;
STARK, MORGAN,IM 288;
STARK, MORGAN,IM3 1;
STARK, MORGAN,IM3 23;
STARK, MORGAN,IM3 24;
STARK, MORGAN,IM3 25;
STARK, MORGAN,IM3 4;
STARK, MORGAN,IM3 5;
STARK, MORGAN,IM:IA 1;
STARK, MORGAN,TOS 68;
STARK, MORGAN,TOS 97;
STARR, AARON,FF3 1;
STARR, JACQUELINE,AF2 6;
STARR, TRIXIE TRISH,A 217;
STARR, TRIXIE TRISH,A 230;
STARR, TRIXIE TRISH,DEF 21;
STARR, TRIXIE TRISH,DEF 31;
STARR, TRIXIE TRISH,DEF 41;
STARR, TRIXIE TRISH,GSDEF 4;
STARR, TRIXIE TRISH,H2 233;
STARR, TRIXIE TRISH,H2 234;
STARR, TRIXIE TRISH,H2 235;
STARR, TRIXIE TRISH,H2 236;
STARR, TRIXIE TRISH,H2 237;
STARR, TRIXIE TRISH,H2 240;
STARR, TRIXIE TRISH,H2 243;
STARR, TRIXIE TRISH,H2 245;
STARR, TRIXIE TRISH,M/FEA 5;
STARSHINE II/BRANDY,H2 418;
STARSHINE II/BRANDY,ROM 1;
STARSHINE II/BRANDY,ROM 10;
STARSHINE II/BRANDY,ROM 12;
STARSHINE II/BRANDY,ROM 14;
STARSHINE II/BRANDY,ROM 15;
STARSHINE II/BRANDY,ROM 16;
STARSHINE II/BRANDY,ROM 17;
STARSHINE II/BRANDY,ROM 19;
STARSHINE II/BRANDY,ROM 2;
STARSHINE II/BRANDY,ROM 20;
STARSHINE II/BRANDY,ROM 21;
STARSHINE II/BRANDY,ROM 22;
STARSHINE II/BRANDY,ROM 23;
STARSHINE II/BRANDY,ROM 24;
STARSHINE II/BRANDY,ROM 25;
STARSHINE II/BRANDY,ROM 25/2;
STARSHINE II/BRANDY,ROM 26;
STARSHINE II/BRANDY,ROM 27;
STARSHINE II/BRANDY,ROM 28;
STARSHINE II/BRANDY,ROM 29;
STARSHINE II/BRANDY,ROM 3;
STARSHINE II/BRANDY,ROM 30;
STARSHINE II/BRANDY,ROM 32;
STARSHINE II/BRANDY,ROM 33;
STARSHINE II/BRANDY,ROM 36;
STARSHINE II/BRANDY,ROM 37;
STARSHINE II/BRANDY,ROM 38;
STARSHINE II/BRANDY,ROM 39;
STARSHINE II/BRANDY,ROM 4;
STARSHINE II/BRANDY,ROM 40;
STARSHINE II/BRANDY,ROM 41;
STARSHINE II/BRANDY,ROM 43;
STARSHINE II/BRANDY,ROM 44;
STARSHINE II/BRANDY,ROM 45;
STARSHINE II/BRANDY,ROM 46;
STARSHINE II/BRANDY,ROM 47;
STARSHINE II/BRANDY,ROM 48;
STARSHINE II/BRANDY,ROM 49;
STARSHINE II/BRANDY,ROM 5;
STARSHINE II/BRANDY,ROM 50;
STARSHINE II/BRANDY,ROM 51;
STARSHINE II/BRANDY,ROM 52;
STARSHINE II/BRANDY,ROM 53;
STARSHINE II/BRANDY,ROM 54;
STARSHINE II/BRANDY,ROM 55;
STARSHINE II/BRANDY,ROM 56;
STARSHINE II/BRANDY,ROM 57;
STARSHINE II/BRANDY,ROM 58;
STARSHINE II/BRANDY,ROM 59;
STARSHINE II/BRANDY,ROM 6;
STARSHINE II/BRANDY,ROM 60;
STARSHINE II/BRANDY,ROM 61;
STARSHINE II/BRANDY,ROM 62;
STARSHINE II/BRANDY,ROM 63;
STARSHINE II/BRANDY,ROM 64;
STARSHINE II/BRANDY,ROM 65;
STARSHINE II/BRANDY,ROM 66;
STARSHINE II/BRANDY,ROM 67;
STARSHINE II/BRANDY,ROM 7;
STARSHINE II/BRANDY,ROM 71;
STARSHINE II/BRANDY,ROM 72;
STARSHINE II/BRANDY,ROM 73;
STARSHINE II/BRANDY,ROM 74;
STARSHINE II/BRANDY,ROM 75;
STARSHINE II/BRANDY,ROM 8;
STARSHINE II/BRANDY,ROM 9;
STARSHINE II/BRANDY,SK 1;
STARSHINE II/BRANDY,SK 2;
STARSHINE II/BRANDY,SK 3;
STARSHINE II/BRANDY,SK 4;
STARSHINE II/BRANDY,SK 5;
STARSHINE III/ANARRA,SK 1;
STARSHINE III/ANARRA,SK 2;
STARSHINE III/ANARRA,SK 3;
STARSHINE III/ANARRA,SK 4;
STARSHINE III/ANARRA,SK 5;
STARSHINE/LANDRA,ROM 14/2;
STARSHINE/LANDRA,ROM 16/2;
STARSHINE/LANDRA,ROM 19/2;
STARSHINE/LANDRA,ROM 20/2;
STARSHINE/LANDRA,ROM 25;
STARSHINE/LANDRA,ROM 26;
STARSHINE/LANDRA,ROM 27;
STARSHINE/LANDRA,ROM 28;
STAR-STALKER,A 123;
STAR-STALKER,A 124;
STAR-STALKER,A 353;
STAR-STALKER,A 354;
STAR-STALKER,PP 56;
STAR-STALKER,PP 57;
STAR THIEF II,DEF 150;
STAR THIEF III/DITMI,NO2 12;
STAR THIEF III/DITMI,NO2 13;
STAR THIEF III/DITMI,NW 5;
STAR THIEF III/DITMI,NW 6;
STAR THIEF/,WLOCK 13;
STAR THIEF/,WLOCK 14;
STATIC,M:DS 1;
STATIC,M:DS 2;
STATIC,UX 16;
STATIC,X:MW 1;
ST. CROIX, CARTIER,GENX 2;
ST. CROIX, CARTIER,GENX 58;
ST. CROIX, CARTIER,GENX '99;
ST. CROIX, CLAUDETTE,GENX 36;
ST. CROIX, CLAUDETTE,GENX 37;
ST. CROIX, CLAUDETTE,GENX 38;
ST. CROIX, CLAUDETTE,GENX 39;
ST. CROIX, CLAUDETTE,GENX 40;
ST. CROIX, CLAUDETTE,GENX 57;
ST. CROIX, CLAUDETTE,GENX 58;
ST. CROIX, CLAUDETTE,GENX '99;
ST. CROIX, LOUIS,X 51;
ST. CROIX, NICOLE,GENX 36;
ST. CROIX, NICOLE,GENX 37;
ST. CROIX, NICOLE,GENX 38;
ST. CROIX, NICOLE,GENX 39;
ST. CROIX, NICOLE,GENX 40;
ST. CROIX, NICOLE,GENX 57;
ST. CROIX, NICOLE,GENX 58;
ST. CROIX, NICOLE,GENX '99;
STECK'EE,CM4 1;
STECK'EE,CM4 4;
STECK'EE,CM4 5;
STEED, JOHN,CA 401;
STEED, MR.,QS 1;
STEEL COLLAR,DD 330;
STEEL COLLAR,DD 331;
STEEL COLLAR,DD 332;
STEELE, BOBBY,T 435;
STEELE, BOBBY,T 436;
STEELE, BOBBY,T 437;
STEELE, BOBBY,T 438;
STEELE, BOBBY,T 439;
STEELE, BOBBY,T 440;
STEELE, BOBBY,T 444;
STEELE, BOBBY,T 450;
STEELE, BOBBY,T 453;
STEELE, BOBBY,TS 11;
STEELE, BOBBY,TS 12;
STEELE, BOBBY,TS 13;
STEELE, BOBBY,TS 15;
STEELE, BOBBY,TS 16;
STEELE, BOBBY,TS 19;
STEELE, BOBBY,TS 22;
STEELE, BOBBY,TS 23;
STEELE, BOBBY,TS 24;
STEELE, BOBBY,TS 9;
STEELE, MARCY MASTER,T 392;
STEELE, MARCY MASTER,T 405;
STEELE, MARCY MASTER,T 406;
STEELE, MARCY MASTER,T 412;
STEELE, MARCY MASTER,T 414;
STEELE, MARCY MASTER,T 417;
STEELE, MARCY MASTER,T 419;
STEELE, MARCY MASTER,T 421;
STEELE, MARCY MASTER,T 430;
STEELE, MARCY MASTER,T 431;
STEELE, MARCY MASTER,T 432;
STEELE, MARCY MASTER,T 438;
STEELE, MARCY MASTER,T 439;
STEELE, MARCY MASTER,T 440;
STEELE, MARCY MASTER,T 444;
STEELE, MARCY MASTER,T 450;
STEELE, MARCY MASTER,T 453;
STEELE, MARCY MASTER,T 456;
STEELE, MARCY MASTER,TS 10;
STEELE, MARCY MASTER,TS 11;
STEELE, MARCY MASTER,TS 12;
STEELE, MARCY MASTER,TS 13;
STEELE, MARCY MASTER,TS 15;
STEELE, MARCY MASTER,TS 19;
STEELE, MARCY MASTER,TS 23;
STEELE, MARCY MASTER,TS 24;
STEELE, MARCY MASTER,TS 9;
STEELE, MARCY MASTER,WOSM 75;
STEELE, SIMON/WOLFGA,IM 212;
STEELE, SIMON/WOLFGA,IM 213;
STEELE, SIMON/WOLFGA,WOSM 71;
STEELE, SIMON/WOLFGA,WOSM 72;
STEEL SERPENT,DHKF 10;
STEEL SERPENT,IF 15;
STEEL SERPENT,M/TU 63;
STEEL SERPENT,NW2 5;
STEEL SPIDER/OLLIE O,ASMSS 1/2;
STEEL SPIDER/OLLIE O,ASMU 5;
STEEL WIND,CA 389;
STEEL WIND,CA 390;
STEEL WIND,CA 391;
STEEL WIND,CA 394/2;
STEEL WIND,CA 395/2;
STEEL WIND,GR2 75;
STEEL WIND,SOV 2;
STEEPLEJACK II/MAXWE,CA 319;
STEEPLEJACK II/MAXWE,MSM 14;
STEEPLEJACK,PM 18;
STEGRON,ASM 165;
STEGRON,ASM 166;
STEGRON,M/TU 19;
STEGRON,M/TU 20;
STEGRON,SENSM 13;
STEGRON,SENSM 14;
STEGRON,SENSM 15;
STEGRON,TS 20;
STEIN, EMIL,TOS2;
STELLARAX,CM 59;
STELLARAX,CM 60;
STELLARAX,CM 62;
STELLARAX,M/SPT2 1;
STELLARAX,M/SPT2 2;
STELLARIS/LEAH PRINC,T 419;
STELLARIS/LEAH PRINC,T 420;
STELLARIS/LEAH PRINC,T 421;
STELLARIS/LEAH PRINC,T 422;
STELLARIS/LEAH PRINC,T 423;
STELLARIS/LEAH PRINC,T 424;
STELLARIS/LEAH PRINC,T 438;
STELLARIS/LEAH PRINC,T 439;
STELLARIS/LEAH PRINC,TS 12;
STELLARIS/LEAH PRINC,TS 13;
STELLARIS/LEAH PRINC,TS 15;
STELLARIS/LEAH PRINC,TS 16;
STELLARIS/LEAH PRINC,TS 17;
STELLARIS/LEAH PRINC,TS 18;
STELLARIS/LEAH PRINC,TS 19;
STELLARIS/LEAH PRINC,TS 21;
STEM,FF3 1;
STEM,FF3 20;
STEPHANAPOULUS, COSM,GAM3 1;
STEPHANAPOULUS, COSM,GAM3 2;
STERIXIAN, ALMONNAS,T '01;
STERIXIAN, LOATIA,T '01;
STERLING,REMNANTS;
STERLING, SID,DAZZ 12;
STERMAN, ANDREA ANDI,CV 1;
STERMAN, ANDREA ANDI,CV 2;
STERMAN, ANDREA ANDI,CV 3;
STERMAN, ANDREA ANDI,NOM 2;
STERMAN, ANDREA ANDI,NOM2 1;
STERMAN, ANDREA ANDI,NOM2 2;
STERMAN, ANDREA ANDI,NOM2 3;
STERMAN, ANDREA ANDI,NOM 4;
STERMAN, ANDREA ANDI,TB 41;
STERMAN, ANDREA ANDI,TB 43;
STERMAN, ANDREA ANDI,TB 44;
STERMAN, ANDREA ANDI,TB 45;
STERMAN, ANDREA ANDI,TB 46;
STERMAN, ANDREA ANDI,TB 47;
STERMAN, ANDREA ANDI,TB 48;
STERMAN, ANDREA ANDI,TB 49;
STERNBERG, DR. BERTH,NF3 30;
STERN,GR3 25;
STERN,GR3 28;
STERN,GR3 32;
STERN, ROGER,IF 11;
STERN, ROGER,M/FAN 12/2;
STERN, ROGER,UX 123;
STEVENS, DR. VINCENT,DRSTR3 67;
STEVENS, DR. VINCENT,DRSTR3 68;
STEVENS, MILO,IM3 37;
STEVENS, MILO,IM3 38;
STEWART, MACKINLEY,ELEK 1;
STEWART, MACKINLEY,ELEK 11;
STEWART, MACKINLEY,ELEK 12;
STEWART, MACKINLEY,ELEK 13;
STEWART, MACKINLEY,ELEK 14;
STEWART, MACKINLEY,ELEK 19;
STEWART, MACKINLEY,S-M '98;
STEWART, MADDIE,SQS:NWO;
STEWART, MARY,XF 144;
STEWART, TINA,SQS:NWO;
ST. GERMAINE, COMTE,BFF:S 1;
ST. GERMAINE, COMTE,BFF:S 2;
ST. GERMAINE, COMTE,BFF:S 3;
ST. HUBBINS, SARI,XCAL 111;
ST. HUBBINS, SARI,XCAL 112;
ST. HUBBINS, SARI,XCAL 113;
ST. HUBBINS, SARI,XCAL 114;
STICK,DD 176;
STICK,DD 177;
STICK,DD 349;
STICK,DD 350;
STICK,ELEK 14;
STICK,ELEK 17;
STICK,ELEK 18;
STICK,ELEK 19;
STICK,W2 100;
STICK,W2 105;
STILES, TATJANA,JIM 520;
STILES, TATJANA,JIM 521;
STILETTO,BP3 16;
STILETTO,BP3 17;
STILETTO II/,PWZ 10;
STILETTO II/,PWZ 8;
STILETTO II/,PWZ 9;
STILETTO,IM 126;
STILETTO,IM 127;
STILETTO,LCHFH 16;
STILETTO,NW 2;
STILETTO,PM 22;
STILETTO,PM&IF 110;
STILETTO,PM&IF 50;
STILETTO,PPTSS 12;
STILETTO,WOSM 8;
STILT-MAN/WILBUR DAY,A 19/5;
STILT-MAN/WILBUR DAY,ASM 237;
STILT-MAN/WILBUR DAY,AUP 4;
STILT-MAN/WILBUR DAY,BG 4;
STILT-MAN/WILBUR DAY,C2 56;
STILT-MAN/WILBUR DAY,CA 191;
STILT-MAN/WILBUR DAY,CHAMP 11;
STILT-MAN/WILBUR DAY,CHAMP 12;
STILT-MAN/WILBUR DAY,DD 1;
STILT-MAN/WILBUR DAY,DD 102;
STILT-MAN/WILBUR DAY,DD 186;
STILT-MAN/WILBUR DAY,DD 26;
STILT-MAN/WILBUR DAY,DD 27;
STILT-MAN/WILBUR DAY,DD 377;
STILT-MAN/WILBUR DAY,DD 378;
STILT-MAN/WILBUR DAY,DD 48;
STILT-MAN/WILBUR DAY,DD 67;
STILT-MAN/WILBUR DAY,DD 8;
STILT-MAN/WILBUR DAY,DD/SM 1;
STILT-MAN/WILBUR DAY,DD/SM 2;
STILT-MAN/WILBUR DAY,FF 336;
STILT-MAN/WILBUR DAY,IM 225;
STILT-MAN/WILBUR DAY,M/CP 97/4;
STILT-MAN/WILBUR DAY,S-H2 4;
STILT-MAN/WILBUR DAY,T 269;
STILWELL, RON,RH2 1/2;
STINGER II/,A 179;
STINGER II/,A 180;
STINGER III/,NM 7;
STINGER III/,XF 33;
STINGER III/,XF 5;
STINGER III/,XF 6;
STINGER IV,HFH 12;
STINGER/,M/SH3 7/2;
STINGRAY/DR. WALTER,A 262;
STINGRAY/DR. WALTER,A 289;
STINGRAY/DR. WALTER,A 290;
STINGRAY/DR. WALTER,A3 1;
STINGRAY/DR. WALTER,A 319;
STINGRAY/DR. WALTER,A3 2;
STINGRAY/DR. WALTER,A 320;
STINGRAY/DR. WALTER,A 321;
STINGRAY/DR. WALTER,A 322;
STINGRAY/DR. WALTER,A 323;
STINGRAY/DR. WALTER,A 324;
STINGRAY/DR. WALTER,A3 3;
STINGRAY/DR. WALTER,A3 43;
STINGRAY/DR. WALTER,ASPOT 27/2;
STINGRAY/DR. WALTER,COC 1;
STINGRAY/DR. WALTER,DEF 62;
STINGRAY/DR. WALTER,DEF 63;
STINGRAY/DR. WALTER,FFU 11/2;
STINGRAY/DR. WALTER,H2 221;
STINGRAY/DR. WALTER,H2 279;
STINGRAY/DR. WALTER,IM 226;
STINGRAY/DR. WALTER,M/CP 53/3;
STINGRAY/DR. WALTER,M/CP 54/3;
STINGRAY/DR. WALTER,M/CP 55/3;
STINGRAY/DR. WALTER,M/CP 56/3;
STINGRAY/DR. WALTER,M/TIO 64;
STINGRAY/DR. WALTER,M/TIO 65;
STINGRAY/DR. WALTER,M/TIO 66;
STINGRAY/DR. WALTER,M/TIO 71;
STINGRAY/DR. WALTER,M/TIO 74;
STINGRAY/DR. WALTER,N 1;
STINGRAY/DR. WALTER,N 4;
STINGRAY/DR. WALTER,N 55;
STINGRAY/DR. WALTER,N 56;
STINGRAY/DR. WALTER,N 58;
STINGRAY/DR. WALTER,N 59;
STINGRAY/DR. WALTER,Q 5;
STINGRAY/DR. WALTER,SUB-M 16;
STINGRAY/DR. WALTER,SUB-M 19;
STINGRAY/DR. WALTER,SUB-M 26;
STINGRAY/DR. WALTER,SUB-M 31;
STINGRAY/DR. WALTER,SUB-M 39;
STINGRAY/DR. WALTER,SUB-M 41;
STINGRAY/DR. WALTER,SUB-M 42;
STINGRAY/DR. WALTER,SUB-M 43;
STINGRAY/DR. WALTER,SUB-M 44;
STINGRAY/DR. WALTER,SUB-M 45;
STINGRAY/DR. WALTER,SUB-M 46;
STINGRAY/DR. WALTER,SUB-M 47;
STINGRAY/DR. WALTER,T 390;
STINGRAY/DR. WALTER,TTA 95;
STINGRAY/DR. WALTER,WCA2 54;
STINGRAY | MUTANT X-,MX '01;
STINGRAY | MUTANT X-,MX 32;
STINGRAY | MUTANT X-,MX '99;
STINKY,GENX 40;
STINKY,GENX 42;
STINKY,GENX 43;
STINKY,GENX 44;
STITCH/,AF SPECIAL;
STITHY, THEODORE,DD 338;
STITHY, THEODORE,DD 340;
ST. LAWRENCE, COL. C,H2 446;
ST. LAWRENCE, COL. C,H2 447;
ST. LAWRENCE, COL. C,H2 448;
ST. LAWRENCE, COL. C,H2 449;
ST. LAWRENCE, COL. C,H2 450;
ST. LAWRENCE, COL. C,H2 451;
ST. LAWRENCE, COL. C,H2 452;
ST. LAWRENCE, COL. C,H2 453;
ST. LAWRENCE, COL. C,H2 454;
ST. LAWRENCE, COL. C,H2 456;
ST. LAWRENCE, COL. C,H2 459;
ST. LAWRENCE, COL. C,H2 461;
ST. LAWRENCE, COL. C,H2 462;
ST. LAWRENCE, COL. C,H2 465;
ST. LAWRENCE, COL. C,H2 466;
ST. LAWRENCE, COL. C,H2 467;
ST. LAWRENCE, COL. C,H3 11;
ST. LAWRENCE, COL. C,HR:R 2;
STOCKBRIDGE, CHARLES,TB 25;
STOCKBRIDGE, DEANNA,TB 25;
STOKER, OLIVIER,GAM2 2;
STONE, CHANTAL,ASM2 1;
STONE, CHANTAL,ASM2 2;
STONECOLD/,XF 137;
STONECOLD/,XF 138;
STONECUTTER/UTAMA TO,A3 23;
STONECUTTER/UTAMA TO,A3 24;
STONECUTTER/UTAMA TO,A3 25;
STONECUTTER/UTAMA TO,J:ED;
STONECUTTER/UTAMA TO,PPSM2 11;
STONE,DD 296;
STONE-FACE,CA&F 171;
STONE-FACE,M/TU 114;
STONE II,ASM 309;
STONE II,ASM 332;
STONE II,ASM 333;
STONE, JOHN,ASM2 2;
STONE, LT. MARCUS,ASMU 13;
STONE, LT. MARCUS,AUP 3;
STONE, LT. MARCUS,DFSM 2;
STONE, LT. MARCUS,DHAWK 23;
STONE, LT. MARCUS,DHAWK 24;
STONE, LT. MARCUS,FF3 35;
STONE, LT. MARCUS,FF3 36;
STONE, LT. MARCUS,FF 372;
STONE, LT. MARCUS,FFOR 6;
STONE, LT. MARCUS,IM:BB 2;
STONE, LT. MARCUS,JIM 504;
STONE, LT. MARCUS,JIM 505;
STONE, LT. MARCUS,M/CP 112/2;
STONE, LT. MARCUS,T 409;
STONE, LT. MARCUS,T 416;
STONE, LT. MARCUS,T 426;
STONE, LT. MARCUS,T 427;
STONE, LT. MARCUS,T 428;
STONE, LT. MARCUS,T 432;
STONE, LT. MARCUS,T 433;
STONE, LT. MARCUS,T 447;
STONE, LT. MARCUS,T 448;
STONE, LT. MARCUS,T 449;
STONE, LT. MARCUS,T 450;
STONE, LT. MARCUS,T 451;
STONE, LT. MARCUS,T 456;
STONE, LT. MARCUS,T 492;
STONE, LT. MARCUS,TS 11;
STONE, LT. MARCUS,TS 22;
STONE, LT. MARCUS,TS 23;
STONE, LT. MARCUS,XFOR 40;
STONE, MARGARET,UX 353;
STONE, MEG,TM/U 1;
STONE, NELSON,NW 67;
STONE, NELSON,WOSS 3;
STONE, NELSON,WOSS 4;
STONE, TIBERIUS,IM3 37;
STONE, TIBERIUS,IM3 38;
STONE, TIBERIUS,IM3 39;
STONE, TIBERIUS,IM3 40;
STONE, TIBERIUS,IM3 41;
STONEWALL/LOUIS HAMI,CA 346;
STONEWALL/LOUIS HAMI,NM 65;
STONEWALL/LOUIS HAMI,NM 78;
STONEWALL/LOUIS HAMI,UX 215;
STONEWALL/LOUIS HAMI,UX 216;
STONEWALL/LOUIS HAMI,UX 223;
STONEWALL/LOUIS HAMI,UX 225;
STONEWALL/LOUIS HAMI,UX 226;
STONEWALL/LOUIS HAMI,UX 227;
STONEWALL/LOUIS HAMI,UX 255;
STONEWALL/LOUIS HAMI,XF 30;
STONEWALL/LOUIS HAMI,XF 31;
STORM 2013,PHOENIX 1;
STORM 2013,UX 141;
STORM 2013,UX 142;
STORM 2013,UX 202;
STORM, CHILI,A3 10;
STORM, CHILI,A3 11;
STORM DOPPELGANGER,FF 368;
STORM DOPPELGANGER I,FF 369;
STORM DOPPELGANGER I,FF 370;
STORMER,M/CP 117/4;
STORM, JOHNNY | MUTA,MX 12;
STORM, JOHNNY | MUTA,MX 2;
STORM, JOHNNY | MUTA,MX 8;
STORM, JOHNNY | MUTA,MX '99;
STORM/ORORO MUNROE S,A 10;
STORM/ORORO MUNROE S,A3 10;
STORM/ORORO MUNROE S,AF2 9;
STORM/ORORO MUNROE S,AF 33;
STORM/ORORO MUNROE S,AF 61;
STORM/ORORO MUNROE S,ASMV.W 1;
STORM/ORORO MUNROE S,AWC 4;
STORM/ORORO MUNROE S,BIZADV 27/3;
STORM/ORORO MUNROE S,BP3 25;
STORM/ORORO MUNROE S,BP3 26;
STORM/ORORO MUNROE S,BP3 27;
STORM/ORORO MUNROE S,BSHP 1;
STORM/ORORO MUNROE S,BSHP2 1;
STORM/ORORO MUNROE S,C2 16;
STORM/ORORO MUNROE S,C2 17;
STORM/ORORO MUNROE S,C2 18;
STORM/ORORO MUNROE S,C2 19;
STORM/ORORO MUNROE S,C2 23;
STORM/ORORO MUNROE S,C2 29;
STORM/ORORO MUNROE S,C2 33;
STORM/ORORO MUNROE S,C2 34;
STORM/ORORO MUNROE S,C2 76;
STORM/ORORO MUNROE S,C2 88;
STORM/ORORO MUNROE S,COC 1;
STORM/ORORO MUNROE S,COC 3;
STORM/ORORO MUNROE S,COH 2;
STORM/ORORO MUNROE S,CX 1;
STORM/ORORO MUNROE S,CX 10;
STORM/ORORO MUNROE S,CX 11;
STORM/ORORO MUNROE S,CX 11/2;
STORM/ORORO MUNROE S,CX 12;
STORM/ORORO MUNROE S,CX 13;
STORM/ORORO MUNROE S,CX 14;
STORM/ORORO MUNROE S,CX 15;
STORM/ORORO MUNROE S,CX 17/2;
STORM/ORORO MUNROE S,CX 18;
STORM/ORORO MUNROE S,CX 19;
STORM/ORORO MUNROE S,CX 2;
STORM/ORORO MUNROE S,CX 20;
STORM/ORORO MUNROE S,CX 20/2;
STORM/ORORO MUNROE S,CX 21/2;
STORM/ORORO MUNROE S,CX 2/2;
STORM/ORORO MUNROE S,CX 22/2;
STORM/ORORO MUNROE S,CX 23;
STORM/ORORO MUNROE S,CX 23/2;
STORM/ORORO MUNROE S,CX 25;
STORM/ORORO MUNROE S,CX 28/2;
STORM/ORORO MUNROE S,CX 29/2;
STORM/ORORO MUNROE S,CX 3;
STORM/ORORO MUNROE S,CX 3/2;
STORM/ORORO MUNROE S,CX 39/2;
STORM/ORORO MUNROE S,CX 4;
STORM/ORORO MUNROE S,CX 6;
STORM/ORORO MUNROE S,CX 7;
STORM/ORORO MUNROE S,CX 8;
STORM/ORORO MUNROE S,CX 8/2;
STORM/ORORO MUNROE S,CX 9;
STORM/ORORO MUNROE S,CX 9/2;
STORM/ORORO MUNROE S,DAMCON3 4;
STORM/ORORO MUNROE S,DAMCON 4;
STORM/ORORO MUNROE S,DAZZ 1;
STORM/ORORO MUNROE S,DAZZ 2;
STORM/ORORO MUNROE S,DLOK2 4;
STORM/ORORO MUNROE S,DLOK2 5;
STORM/ORORO MUNROE S,FF 22;
STORM/ORORO MUNROE S,FF 367;
STORM/ORORO MUNROE S,FF 368;
STORM/ORORO MUNROE S,FF 369;
STORM/ORORO MUNROE S,FF 370;
STORM/ORORO MUNROE S,FFV.X 1;
STORM/ORORO MUNROE S,FFV.X 2;
STORM/ORORO MUNROE S,FFV.X 3;
STORM/ORORO MUNROE S,FFV.X 4;
STORM/ORORO MUNROE S,FS 2;
STORM/ORORO MUNROE S,GAM3 1;
STORM/ORORO MUNROE S,GAM3 2;
STORM/ORORO MUNROE S,GSX 1;
STORM/ORORO MUNROE S,H2 278;
STORM/ORORO MUNROE S,H2 279;
STORM/ORORO MUNROE S,H2 444;
STORM/ORORO MUNROE S,H2 455;
STORM/ORORO MUNROE S,HOPE 1;
STORM/ORORO MUNROE S,IF 15;
STORM/ORORO MUNROE S,IW 1;
STORM/ORORO MUNROE S,IW 2;
STORM/ORORO MUNROE S,IW 3;
STORM/ORORO MUNROE S,IW 4;
STORM/ORORO MUNROE S,IW 5;
STORM/ORORO MUNROE S,IW 6;
STORM/ORORO MUNROE S,M/CP 16/3;
STORM/ORORO MUNROE S,M/CP 48/4;
STORM/ORORO MUNROE S,M/CP 89/4;
STORM/ORORO MUNROE S,MEPHV. 3;
STORM/ORORO MUNROE S,MEPHV. 4;
STORM/ORORO MUNROE S,M/FAN 3;
STORM/ORORO MUNROE S,M/FAN 33;
STORM/ORORO MUNROE S,M/FAN 4;
STORM/ORORO MUNROE S,M/FAN 40/2;
STORM/ORORO MUNROE S,M/GN 1;
STORM/ORORO MUNROE S,M/GN 12;
STORM/ORORO MUNROE S,M/GN 16;
STORM/ORORO MUNROE S,M/GN 5;
STORM/ORORO MUNROE S,M/HOL 1994;
STORM/ORORO MUNROE S,M/HOL 1996/5;
STORM/ORORO MUNROE S,M/HOL SPECIAL 1;
STORM/ORORO MUNROE S,MICRO 37;
STORM/ORORO MUNROE S,MK3 41;
STORM/ORORO MUNROE S,MK 35;
STORM/ORORO MUNROE S,M/SH3 6;
STORM/ORORO MUNROE S,M/SH3 7;
STORM/ORORO MUNROE S,M/SH3 8;
STORM/ORORO MUNROE S,M/SHSW 1;
STORM/ORORO MUNROE S,M/SHSW 10;
STORM/ORORO MUNROE S,M/SHSW 11;
STORM/ORORO MUNROE S,M/SHSW 12;
STORM/ORORO MUNROE S,M/SHSW 2;
STORM/ORORO MUNROE S,M/SHSW 3;
STORM/ORORO MUNROE S,M/SHSW 4;
STORM/ORORO MUNROE S,M/SHSW 5;
STORM/ORORO MUNROE S,M/SHSW 6;
STORM/ORORO MUNROE S,M/SHSW 7;
STORM/ORORO MUNROE S,M/SHSW 8;
STORM/ORORO MUNROE S,M/SHSW 9;
STORM/ORORO MUNROE S,M/TALES 262/2;
STORM/ORORO MUNROE S,M/TIO 69;
STORM/ORORO MUNROE S,M/TIO 7;
STORM/ORORO MUNROE S,M/TIO 96;
STORM/ORORO MUNROE S,M/TU 1;
STORM/ORORO MUNROE S,M/TU 100;
STORM/ORORO MUNROE S,M/TU 100/2;
STORM/ORORO MUNROE S,M/TU 135;
STORM/ORORO MUNROE S,M/TU 53;
STORM/ORORO MUNROE S,NM 14;
STORM/ORORO MUNROE S,NM 20;
STORM/ORORO MUNROE S,NM 32;
STORM/ORORO MUNROE S,NM 33;
STORM/ORORO MUNROE S,NM 34;
STORM/ORORO MUNROE S,NM 46;
STORM/ORORO MUNROE S,NM 51;
STORM/ORORO MUNROE S,NM 7;
STORM/ORORO MUNROE S,NM 95;
STORM/ORORO MUNROE S,NM 97;
STORM/ORORO MUNROE S,NMSE 1;
STORM/ORORO MUNROE S,NW 27;
STORM/ORORO MUNROE S,O:MU;
STORM/ORORO MUNROE S,O:X;
STORM/ORORO MUNROE S,PM&IF 57;
STORM/ORORO MUNROE S,PPSM2 4;
STORM/ORORO MUNROE S,PXX 4;
STORM/ORORO MUNROE S,Q 38;
STORM/ORORO MUNROE S,Q 39;
STORM/ORORO MUNROE S,R 1;
STORM/ORORO MUNROE S,ROM 17;
STORM/ORORO MUNROE S,ROM 18;
STORM/ORORO MUNROE S,SEX 1;
STORM/ORORO MUNROE S,S-W 37;
STORM/ORORO MUNROE S,S-W 38;
STORM/ORORO MUNROE S,SWII 7;
STORM/ORORO MUNROE S,SWII 8;
STORM/ORORO MUNROE S,SWII 9;
STORM/ORORO MUNROE S,T 14;
STORM/ORORO MUNROE S,T 352;
STORM/ORORO MUNROE S,UX 10;
STORM/ORORO MUNROE S,UX 100;
STORM/ORORO MUNROE S,UX 101;
STORM/ORORO MUNROE S,UX 102;
STORM/ORORO MUNROE S,UX 103;
STORM/ORORO MUNROE S,UX 104;
STORM/ORORO MUNROE S,UX 105;
STORM/ORORO MUNROE S,UX 106;
STORM/ORORO MUNROE S,UX 107;
STORM/ORORO MUNROE S,UX 108;
STORM/ORORO MUNROE S,UX 109;
STORM/ORORO MUNROE S,UX 11;
STORM/ORORO MUNROE S,UX 110;
STORM/ORORO MUNROE S,UX 111;
STORM/ORORO MUNROE S,UX 112;
STORM/ORORO MUNROE S,UX 113;
STORM/ORORO MUNROE S,UX 114;
STORM/ORORO MUNROE S,UX 115;
STORM/ORORO MUNROE S,UX 116;
STORM/ORORO MUNROE S,UX 117;
STORM/ORORO MUNROE S,UX 118;
STORM/ORORO MUNROE S,UX 119;
STORM/ORORO MUNROE S,UX 12;
STORM/ORORO MUNROE S,UX 120;
STORM/ORORO MUNROE S,UX 121;
STORM/ORORO MUNROE S,UX 122;
STORM/ORORO MUNROE S,UX 123;
STORM/ORORO MUNROE S,UX 124;
STORM/ORORO MUNROE S,UX 125;
STORM/ORORO MUNROE S,UX 126;
STORM/ORORO MUNROE S,UX 127;
STORM/ORORO MUNROE S,UX 128;
STORM/ORORO MUNROE S,UX 129;
STORM/ORORO MUNROE S,UX 13;
STORM/ORORO MUNROE S,UX 130;
STORM/ORORO MUNROE S,UX 131;
STORM/ORORO MUNROE S,UX 13/2;
STORM/ORORO MUNROE S,UX 132;
STORM/ORORO MUNROE S,UX 133;
STORM/ORORO MUNROE S,UX 134;
STORM/ORORO MUNROE S,UX 135;
STORM/ORORO MUNROE S,UX 136;
STORM/ORORO MUNROE S,UX 137;
STORM/ORORO MUNROE S,UX 138;
STORM/ORORO MUNROE S,UX 139;
STORM/ORORO MUNROE S,UX 14;
STORM/ORORO MUNROE S,UX 140;
STORM/ORORO MUNROE S,UX 141;
STORM/ORORO MUNROE S,UX 142;
STORM/ORORO MUNROE S,UX 143;
STORM/ORORO MUNROE S,UX 144;
STORM/ORORO MUNROE S,UX 145;
STORM/ORORO MUNROE S,UX 146;
STORM/ORORO MUNROE S,UX 147;
STORM/ORORO MUNROE S,UX 148;
STORM/ORORO MUNROE S,UX 149;
STORM/ORORO MUNROE S,UX 150;
STORM/ORORO MUNROE S,UX 151;
STORM/ORORO MUNROE S,UX 152;
STORM/ORORO MUNROE S,UX 153;
STORM/ORORO MUNROE S,UX 154;
STORM/ORORO MUNROE S,UX 155;
STORM/ORORO MUNROE S,UX 156;
STORM/ORORO MUNROE S,UX 157;
STORM/ORORO MUNROE S,UX 158;
STORM/ORORO MUNROE S,UX 159;
STORM/ORORO MUNROE S,UX 16;
STORM/ORORO MUNROE S,UX 160;
STORM/ORORO MUNROE S,UX 161;
STORM/ORORO MUNROE S,UX 162;
STORM/ORORO MUNROE S,UX 16/3;
STORM/ORORO MUNROE S,UX 163;
STORM/ORORO MUNROE S,UX 164;
STORM/ORORO MUNROE S,UX 165;
STORM/ORORO MUNROE S,UX 166;
STORM/ORORO MUNROE S,UX 167;
STORM/ORORO MUNROE S,UX 168;
STORM/ORORO MUNROE S,UX 169;
STORM/ORORO MUNROE S,UX 170;
STORM/ORORO MUNROE S,UX 171;
STORM/ORORO MUNROE S,UX 172;
STORM/ORORO MUNROE S,UX 173;
STORM/ORORO MUNROE S,UX 174;
STORM/ORORO MUNROE S,UX 175;
STORM/ORORO MUNROE S,UX 177;
STORM/ORORO MUNROE S,UX 178;
STORM/ORORO MUNROE S,UX 179;
STORM/ORORO MUNROE S,UX 18;
STORM/ORORO MUNROE S,UX 180;
STORM/ORORO MUNROE S,UX 181;
STORM/ORORO MUNROE S,UX 183;
STORM/ORORO MUNROE S,UX 184;
STORM/ORORO MUNROE S,UX 185;
STORM/ORORO MUNROE S,UX 186;
STORM/ORORO MUNROE S,UX 187;
STORM/ORORO MUNROE S,UX 188;
STORM/ORORO MUNROE S,UX 189;
STORM/ORORO MUNROE S,UX 190;
STORM/ORORO MUNROE S,UX 191;
STORM/ORORO MUNROE S,UX 192;
STORM/ORORO MUNROE S,UX 193;
STORM/ORORO MUNROE S,UX 194;
STORM/ORORO MUNROE S,UX 196;
STORM/ORORO MUNROE S,UX 197;
STORM/ORORO MUNROE S,UX 198;
STORM/ORORO MUNROE S,UX 199;
STORM/ORORO MUNROE S,UX 200;
STORM/ORORO MUNROE S,UX 201;
STORM/ORORO MUNROE S,UX 202;
STORM/ORORO MUNROE S,UX 203;
STORM/ORORO MUNROE S,UX 206;
STORM/ORORO MUNROE S,UX 207;
STORM/ORORO MUNROE S,UX 208;
STORM/ORORO MUNROE S,UX 209;
STORM/ORORO MUNROE S,UX 210;
STORM/ORORO MUNROE S,UX 211;
STORM/ORORO MUNROE S,UX 212;
STORM/ORORO MUNROE S,UX 213;
STORM/ORORO MUNROE S,UX 214;
STORM/ORORO MUNROE S,UX 216;
STORM/ORORO MUNROE S,UX 219;
STORM/ORORO MUNROE S,UX 220;
STORM/ORORO MUNROE S,UX 221;
STORM/ORORO MUNROE S,UX 222;
STORM/ORORO MUNROE S,UX 223;
STORM/ORORO MUNROE S,UX 224;
STORM/ORORO MUNROE S,UX 226;
STORM/ORORO MUNROE S,UX 227;
STORM/ORORO MUNROE S,UX 229;
STORM/ORORO MUNROE S,UX 230;
STORM/ORORO MUNROE S,UX 231;
STORM/ORORO MUNROE S,UX 232;
STORM/ORORO MUNROE S,UX 233;
STORM/ORORO MUNROE S,UX 234;
STORM/ORORO MUNROE S,UX 235;
STORM/ORORO MUNROE S,UX 236;
STORM/ORORO MUNROE S,UX 237;
STORM/ORORO MUNROE S,UX 238;
STORM/ORORO MUNROE S,UX 239;
STORM/ORORO MUNROE S,UX 240;
STORM/ORORO MUNROE S,UX 241;
STORM/ORORO MUNROE S,UX 242;
STORM/ORORO MUNROE S,UX 243;
STORM/ORORO MUNROE S,UX 244;
STORM/ORORO MUNROE S,UX 245;
STORM/ORORO MUNROE S,UX 246;
STORM/ORORO MUNROE S,UX 247;
STORM/ORORO MUNROE S,UX 248;
STORM/ORORO MUNROE S,UX 253;
STORM/ORORO MUNROE S,UX 257;
STORM/ORORO MUNROE S,UX 265;
STORM/ORORO MUNROE S,UX 266;
STORM/ORORO MUNROE S,UX 267;
STORM/ORORO MUNROE S,UX 270;
STORM/ORORO MUNROE S,UX 271;
STORM/ORORO MUNROE S,UX 272;
STORM/ORORO MUNROE S,UX 273;
STORM/ORORO MUNROE S,UX 274;
STORM/ORORO MUNROE S,UX 275;
STORM/ORORO MUNROE S,UX 276;
STORM/ORORO MUNROE S,UX 277;
STORM/ORORO MUNROE S,UX 278;
STORM/ORORO MUNROE S,UX 280;
STORM/ORORO MUNROE S,UX 281;
STORM/ORORO MUNROE S,UX 282;
STORM/ORORO MUNROE S,UX 283;
STORM/ORORO MUNROE S,UX 284;
STORM/ORORO MUNROE S,UX 285;
STORM/ORORO MUNROE S,UX 286;
STORM/ORORO MUNROE S,UX 287;
STORM/ORORO MUNROE S,UX 288;
STORM/ORORO MUNROE S,UX 289;
STORM/ORORO MUNROE S,UX 290;
STORM/ORORO MUNROE S,UX 291;
STORM/ORORO MUNROE S,UX 292;
STORM/ORORO MUNROE S,UX 293;
STORM/ORORO MUNROE S,UX 294;
STORM/ORORO MUNROE S,UX 295;
STORM/ORORO MUNROE S,UX 296;
STORM/ORORO MUNROE S,UX 3;
STORM/ORORO MUNROE S,UX 311;
STORM/ORORO MUNROE S,UX 312;
STORM/ORORO MUNROE S,UX 313;
STORM/ORORO MUNROE S,UX 314;
STORM/ORORO MUNROE S,UX 318;
STORM/ORORO MUNROE S,UX 320;
STORM/ORORO MUNROE S,UX 321;
STORM/ORORO MUNROE S,UX 322;
STORM/ORORO MUNROE S,UX 323;
STORM/ORORO MUNROE S,UX 324;
STORM/ORORO MUNROE S,UX 325;
STORM/ORORO MUNROE S,UX 326;
STORM/ORORO MUNROE S,UX 332;
STORM/ORORO MUNROE S,UX 333;
STORM/ORORO MUNROE S,UX 334;
STORM/ORORO MUNROE S,UX 335;
STORM/ORORO MUNROE S,UX 336;
STORM/ORORO MUNROE S,UX 338;
STORM/ORORO MUNROE S,UX 339;
STORM/ORORO MUNROE S,UX 340;
STORM/ORORO MUNROE S,UX 342;
STORM/ORORO MUNROE S,UX 350;
STORM/ORORO MUNROE S,UX 351;
STORM/ORORO MUNROE S,UX 353;
STORM/ORORO MUNROE S,UX 354;
STORM/ORORO MUNROE S,UX 355;
STORM/ORORO MUNROE S,UX 360;
STORM/ORORO MUNROE S,UX 361;
STORM/ORORO MUNROE S,UX 362;
STORM/ORORO MUNROE S,UX 365;
STORM/ORORO MUNROE S,UX 366;
STORM/ORORO MUNROE S,UX 367;
STORM/ORORO MUNROE S,UX 368;
STORM/ORORO MUNROE S,UX 369;
STORM/ORORO MUNROE S,UX 370;
STORM/ORORO MUNROE S,UX 371;
STORM/ORORO MUNROE S,UX 372;
STORM/ORORO MUNROE S,UX 375;
STORM/ORORO MUNROE S,UX 376;
STORM/ORORO MUNROE S,UX 377;
STORM/ORORO MUNROE S,UX 378;
STORM/ORORO MUNROE S,UX 379;
STORM/ORORO MUNROE S,UX 380;
STORM/ORORO MUNROE S,UX 381;
STORM/ORORO MUNROE S,UX 382;
STORM/ORORO MUNROE S,UX 383;
STORM/ORORO MUNROE S,UX 384;
STORM/ORORO MUNROE S,UX 385;
STORM/ORORO MUNROE S,UX 386;
STORM/ORORO MUNROE S,UX 387;
STORM/ORORO MUNROE S,UX 388;
STORM/ORORO MUNROE S,UX 389;
STORM/ORORO MUNROE S,UX 4;
STORM/ORORO MUNROE S,UX 5;
STORM/ORORO MUNROE S,UX 6;
STORM/ORORO MUNROE S,UX 7;
STORM/ORORO MUNROE S,UX 8;
STORM/ORORO MUNROE S,UX 9;
STORM/ORORO MUNROE S,UX 94;
STORM/ORORO MUNROE S,UX '95;
STORM/ORORO MUNROE S,UX 95;
STORM/ORORO MUNROE S,UX 96;
STORM/ORORO MUNROE S,UX 97;
STORM/ORORO MUNROE S,UX 98;
STORM/ORORO MUNROE S,UX 99;
STORM/ORORO MUNROE S,UX/FF '98;
STORM/ORORO MUNROE S,W2 115;
STORM/ORORO MUNROE S,W2 116;
STORM/ORORO MUNROE S,W2 117;
STORM/ORORO MUNROE S,W2 118;
STORM/ORORO MUNROE S,W2 145;
STORM/ORORO MUNROE S,W2 17;
STORM/ORORO MUNROE S,W2 38;
STORM/ORORO MUNROE S,W2 39;
STORM/ORORO MUNROE S,W2 40;
STORM/ORORO MUNROE S,W2 51;
STORM/ORORO MUNROE S,W2 93;
STORM/ORORO MUNROE S,W2 96;
STORM/ORORO MUNROE S,W 4;
STORM/ORORO MUNROE S,WIW 8;
STORM/ORORO MUNROE S,WM2 13;
STORM/ORORO MUNROE S,WM2 14;
STORM/ORORO MUNROE S,WM2 15;
STORM/ORORO MUNROE S,W/P 4;
STORM/ORORO MUNROE S,X 1;
STORM/ORORO MUNROE S,X 104;
STORM/ORORO MUNROE S,X 109;
STORM/ORORO MUNROE S,X 14;
STORM/ORORO MUNROE S,X 15;
STORM/ORORO MUNROE S,X 16;
STORM/ORORO MUNROE S,X 2;
STORM/ORORO MUNROE S,X 3;
STORM/ORORO MUNROE S,X 40;
STORM/ORORO MUNROE S,X 41;
STORM/ORORO MUNROE S,X 42;
STORM/ORORO MUNROE S,X 48;
STORM/ORORO MUNROE S,X 5;
STORM/ORORO MUNROE S,X 50;
STORM/ORORO MUNROE S,X 54;
STORM/ORORO MUNROE S,X 57;
STORM/ORORO MUNROE S,X 58;
STORM/ORORO MUNROE S,X 62;
STORM/ORORO MUNROE S,X 63;
STORM/ORORO MUNROE S,X 64;
STORM/ORORO MUNROE S,X 65;
STORM/ORORO MUNROE S,X 66;
STORM/ORORO MUNROE S,X 70;
STORM/ORORO MUNROE S,X 71;
STORM/ORORO MUNROE S,X 72;
STORM/ORORO MUNROE S,X 73;
STORM/ORORO MUNROE S,X 75;
STORM/ORORO MUNROE S,X 76;
STORM/ORORO MUNROE S,X 77;
STORM/ORORO MUNROE S,X 78;
STORM/ORORO MUNROE S,X 79;
STORM/ORORO MUNROE S,X 8;
STORM/ORORO MUNROE S,X 80;
STORM/ORORO MUNROE S,X 81;
STORM/ORORO MUNROE S,X 82;
STORM/ORORO MUNROE S,X 83;
STORM/ORORO MUNROE S,X 84;
STORM/ORORO MUNROE S,X 85;
STORM/ORORO MUNROE S,X 86;
STORM/ORORO MUNROE S,X 87;
STORM/ORORO MUNROE S,X 88;
STORM/ORORO MUNROE S,X 89;
STORM/ORORO MUNROE S,X 90;
STORM/ORORO MUNROE S,X 91;
STORM/ORORO MUNROE S,X 92;
STORM/ORORO MUNROE S,X 95;
STORM/ORORO MUNROE S,X 96;
STORM/ORORO MUNROE S,X '97;
STORM/ORORO MUNROE S,X 97;
STORM/ORORO MUNROE S,X 98;
STORM/ORORO MUNROE S,X '99;
STORM/ORORO MUNROE S,X 99;
STORM/ORORO MUNROE S,X&AF2 1;
STORM/ORORO MUNROE S,X&AF2 2;
STORM/ORORO MUNROE S,XCAL 116;
STORM/ORORO MUNROE S,X&CD 1;
STORM/ORORO MUNROE S,X&CD 2;
STORM/ORORO MUNROE S,XF 38;
STORM/ORORO MUNROE S,XF 39;
STORM/ORORO MUNROE S,XF 60;
STORM/ORORO MUNROE S,XF 61;
STORM/ORORO MUNROE S,XF 62;
STORM/ORORO MUNROE S,XF 70;
STORM/ORORO MUNROE S,XF 84;
STORM/ORORO MUNROE S,XF 85;
STORM/ORORO MUNROE S,XF 86;
STORM/ORORO MUNROE S,XFOR 16;
STORM/ORORO MUNROE S,XFOR 17;
STORM/ORORO MUNROE S,XFOR 18;
STORM/ORORO MUNROE S,XFOR 48;
STORM/ORORO MUNROE S,XFOR 51;
STORM/ORORO MUNROE S,X:HY 5;
STORM/ORORO MUNROE S,X:HY 6;
STORM/ORORO MUNROE S,X:HY 7;
STORM/ORORO MUNROE S,X:L 1;
STORM/ORORO MUNROE S,X:L 2;
STORM/ORORO MUNROE S,X:L 3;
STORM/ORORO MUNROE S,X&M 1;
STORM/ORORO MUNROE S,X&M 2;
STORM/ORORO MUNROE S,X&M 3;
STORM/ORORO MUNROE S,X&M 4;
STORM/ORORO MUNROE S,X:MW 1;
STORM/ORORO MUNROE S,X:OMEGA;
STORM/ORORO MUNROE S,X:PRIME;
STORM/ORORO MUNROE S,XU 22;
STORM/ORORO MUNROE S,XU 25;
STORM/ORORO MUNROE S,XU 28;
STORM/ORORO MUNROE S,XU 30/2;
STORM/ORORO MUNROE S,XU 5;
STORM/ORORO MUNROE S,XU 7;
STORM/ORORO MUNROE S,XV.A 1;
STORM/ORORO MUNROE S,XV.A 2;
STORM/ORORO MUNROE S,XV.A 3;
STORM/ORORO MUNROE S,XV.A 4;
STORM/ORORO MUNROE S,XX 1;
STORM/ORORO MUNROE S,XX 2;
STORM/ORORO MUNROE S,XX 3;
STORM, SUE | TIMESLI,A:T;
STRACU,SS3 116;
STRACU,SS3 117;
STRACU,SS3 118;
STRANG, COL./LT. GAR,DD 292;
STRANG, COL./LT. GAR,DD 293;
STRANG, COL./LT. GAR,DD 298;
STRANG, COL./LT. GAR,DD 299;
STRANG, COL./LT. GAR,NF3 23;
STRANG, COL./LT. GAR,NF3 25;
STRANG, COL./LT. GAR,NF3 26;
STRANG, COL./LT. GAR,NF3 27;
STRANG, COL./LT. GAR,NF3 28;
STRANG, COL./LT. GAR,NF3 29;
STRANG, COL./LT. GAR,NS 2;
STRANGE,DRSTR3 67;
STRANGE,DRSTR3 68;
STRANGE,DRSTR3 69;
STRANGER,A 316;
STRANGER,A 317;
STRANGER,A 318;
STRANGER,A 7;
STRANGER,CHAMP 12;
STRANGER,CHAMP 13;
STRANGER,CM 42;
STRANGER,FF 116;
STRANGER,FF 23/3;
STRANGER,IG 3;
STRANGER,IG 4;
STRANGER,IG 5;
STRANGER,IG 6;
STRANGER,M/TIO 5;
STRANGER,M/TU 55;
STRANGER,Q 14;
STRANGER,Q 15;
STRANGER,Q 16;
STRANGER,SS3 27;
STRANGER,SS3 29;
STRANGER,SS3 30;
STRANGER,SS3 31;
STRANGER,SS 5;
STRANGER,T 178;
STRANGER,TTA 89/2;
STRANGER,TTA 91/2;
STRANGER,UX 11;
STRANGER,UX 18;
STRANGER,WIW 1;
STRANGER,XMF 3;
STRANGER,XMF 5;
STRANGER,XMF 6;
STRANGLEHOLD,XFOR 84;
STRANGLEHOLD,XFOR 97;
STRANGLER,NO2 14;
STRANGLER,NO2 8;
STRANGLER,NO2 9;
STRIDER,A3 1;
STRIDER,HFH 12;
STRIDER,HFH 13;
STRIDER,HFH 14;
STRIDER,HFH 2;
STRIDER,HFH 3;
STRIDER,HFH 4;
STRIDER,HFH 5;
STRIDER,HFH 8;
STRIDER,HFH '98;
STRIDER,QS 7;
STRIDER,XCAL2 2;
STRIDER,XCAL2 3;
STRIDER,XCAL2 4;
STRIKER,FW 12/2;
STRIKER, SAM,H2 395;
STRIKER, SAM,H2 396;
STRIKER,WARM 15/2;
STRINGER, AMY,UX '00;
STROBE/,C 2;
STROBE/,NM 100;
STROBE/,NM 86;
STROBE/,NM 87;
STROBE/,X 15;
STROBE/,XF 77;
STROBE/,XF 78;
STRONGARM/,AF 110;
STRONGARM/,AF 111;
STRONGARM/,AF 112;
STRONGARM II/ARMSTRO,PPTSSSS 1/3;
STRONGARM II/ARMSTRO,WOSMSS 1/3;
STRONG GUY DOPPELGAN,IW 1;
STRONG GUY DOPPELGAN,WM2 15;
STRONG GUY/GUIDO CAR,AF 107;
STRONG GUY/GUIDO CAR,AF 110;
STRONG GUY/GUIDO CAR,FF 367;
STRONG GUY/GUIDO CAR,FF 368;
STRONG GUY/GUIDO CAR,FF 369;
STRONG GUY/GUIDO CAR,FF 370;
STRONG GUY/GUIDO CAR,H2 390;
STRONG GUY/GUIDO CAR,H2 391;
STRONG GUY/GUIDO CAR,H2 392;
STRONG GUY/GUIDO CAR,IW 1;
STRONG GUY/GUIDO CAR,IW 2;
STRONG GUY/GUIDO CAR,IW 3;
STRONG GUY/GUIDO CAR,IW 4;
STRONG GUY/GUIDO CAR,IW 5;
STRONG GUY/GUIDO CAR,IW 6;
STRONG GUY/GUIDO CAR,MK3 41;
STRONG GUY/GUIDO CAR,NM 29;
STRONG GUY/GUIDO CAR,NW 27;
STRONG GUY/GUIDO CAR,Q 38;
STRONG GUY/GUIDO CAR,UX 259;
STRONG GUY/GUIDO CAR,UX 270;
STRONG GUY/GUIDO CAR,UX 273;
STRONG GUY/GUIDO CAR,UX 274;
STRONG GUY/GUIDO CAR,UX 278;
STRONG GUY/GUIDO CAR,UX 280;
STRONG GUY/GUIDO CAR,UX 294;
STRONG GUY/GUIDO CAR,UX 295;
STRONG GUY/GUIDO CAR,WIW 8;
STRONG GUY/GUIDO CAR,WM2 13;
STRONG GUY/GUIDO CAR,WM2 14;
STRONG GUY/GUIDO CAR,WM2 15;
STRONG GUY/GUIDO CAR,X 14;
STRONG GUY/GUIDO CAR,X 15;
STRONG GUY/GUIDO CAR,XF 104;
STRONG GUY/GUIDO CAR,XF 105;
STRONG GUY/GUIDO CAR,XF 106;
STRONG GUY/GUIDO CAR,XF 107;
STRONG GUY/GUIDO CAR,XF 108;
STRONG GUY/GUIDO CAR,XF 109;
STRONG GUY/GUIDO CAR,XF 110;
STRONG GUY/GUIDO CAR,XF 111;
STRONG GUY/GUIDO CAR,XF 114;
STRONG GUY/GUIDO CAR,XF 7;
STRONG GUY/GUIDO CAR,XF 70;
STRONG GUY/GUIDO CAR,XF 71;
STRONG GUY/GUIDO CAR,XF 72;
STRONG GUY/GUIDO CAR,XF 7/3;
STRONG GUY/GUIDO CAR,XF 73;
STRONG GUY/GUIDO CAR,XF 74;
STRONG GUY/GUIDO CAR,XF 75;
STRONG GUY/GUIDO CAR,XF 76;
STRONG GUY/GUIDO CAR,XF 77;
STRONG GUY/GUIDO CAR,XF 78;
STRONG GUY/GUIDO CAR,XF 79;
STRONG GUY/GUIDO CAR,XF 80;
STRONG GUY/GUIDO CAR,XF 81;
STRONG GUY/GUIDO CAR,XF 82;
STRONG GUY/GUIDO CAR,XF 83;
STRONG GUY/GUIDO CAR,XF 84;
STRONG GUY/GUIDO CAR,XF 86;
STRONG GUY/GUIDO CAR,XFOR 16;
STRONG GUY/GUIDO CAR,XFOR 17;
STRONG GUY/GUIDO CAR,XFOR 38;
STRONG GUY/GUIDO CAR,XU 21;
STRONG GUY | MUTANT,MX '01;
STRONGHOLD/,NW2 4;
STRONGHOLD/,NW2 7;
STRONG, MARTIN HENRY,XFOR 2;
STRONG, MARTIN HENRY,XFOR 35;
STRONG, MARTIN HENRY,XFOR '99;
STRONG, SUSAN,ASM2 20;
STRONG, SUSAN,ASM2 21;
STRONG, SUSAN,ASM2 22;
STRONTIUM-90/,M/CP 114/3;
STRONTIUM-90/,M/CP 115/3;
STRONTIUM-90/,M/CP 116/3;
STRONTIUM-90/,M/CP 117/3;
STRONTIUM-90/,M/CP 118/3;
STROUD, SIMON,AIF 27;
STROUD, SIMON,AIF 29;
STROUD, SIMON,AIF 30;
STROUD, SIMON,AIF 31;
STROUD, SIMON,COTL 31;
STROUD, SIMON,COTL 32;
STROUD, SIMON,COTL 34;
STROUD, SIMON,COTL 35;
STROUD, SIMON,COTL 36;
STROUD, SIMON,COTL 37;
STROUD, SIMON,MORBIUS 2;
STROUD, SIMON,MORBIUS 3;
STROUD, SIMON,MORBIUS 4;
STROUD, SIMON,M/TU 98;
STROUGHTON, WILLIAM,C2 94;
STRUCKER, ANDREA,C&D3 8;
STRUCKER, ANDREA,C&D3 9;
STRUCKER, ANDREA,CV 1;
STRUCKER, ANDREA,CV 2;
STRUCKER, ANDREA,CV 3;
STRUCKER, ANDREA,DD 307;
STRUCKER, ANDREA,DD 308;
STRUCKER, ANDREA,DD 309;
STRUCKER, ANDREA,GENX '96;
STRUCKER, ANDREA,NOM2 5;
STRUCKER, ANDREA,PWJ 47;
STRUCKER, ANDREA,QS 8;
STRUCKER, ANDREA,QS 9;
STRUCKER, ANDREAS,C&D3 8;
STRUCKER, ANDREAS,C&D3 9;
STRUCKER, ANDREAS,CV 1;
STRUCKER, ANDREAS,CV 2;
STRUCKER, ANDREAS,CV 3;
STRUCKER, ANDREAS,DD 307;
STRUCKER, ANDREAS,DD 308;
STRUCKER, ANDREAS,DD 309;
STRUCKER, ANDREAS,GENX '96;
STRUCKER, ANDREAS,NOM2 4;
STRUCKER, ANDREAS,NOM2 5;
STRUCKER, ANDREAS,PWJ 45;
STRUCKER, ANDREAS,PWJ 46;
STRUCKER, ANDREAS,PWJ 47;
STRUCKER, ANDREAS,QS 8;
STRUCKER, ANDREAS,QS 9;
STRUCKER, ANDREAS,UX 194;
STRUCKER, ANDREAS,UX 196;
STRUCKER, ANDREAS,UX 200;
STRUCKER, ANDREAS,UX 260;
STRUCKER, ANDREAS,UX 268;
STRUCKER, ANDREAS,X 4;
STRUCKER, ANDREAS,X 5;
STRUCKER, ANDREAS,X 6;
STRUCKER, ANDREAS,X 7;
STRUCKER, ANDREAS,XCAL 34;
STRUCKER, ANDREA,UX 194;
STRUCKER, ANDREA,UX 196;
STRUCKER, ANDREA,UX 200;
STRUCKER, ANDREA,UX 260;
STRUCKER, ANDREA,UX 268;
STRUCKER, ANDREA,X 4;
STRUCKER, ANDREA,X 5;
STRUCKER, ANDREA,X 6;
STRUCKER, ANDREA,X 7;
STRUCKER, ANDREA,XCAL 34;
STRUNK, BELLA,ST:DC 1/2;
STRYFE,C 1;
STRYFE,C 2;
STRYFE,C2 25;
STRYFE,C2 63;
STRYFE,NM 100;
STRYFE,NM 87;
STRYFE,NM 93;
STRYFE,NM 94;
STRYFE,UX 294;
STRYFE,UX 295;
STRYFE,UX 296;
STRYFE,X '00;
STRYFE,X 13;
STRYFE,X 15;
STRYFE,X 16;
STRYFE,XF 77;
STRYFE,XF 78;
STRYFE,XF 85;
STRYFE,XF 86;
STRYFE,XFOR 1;
STRYFE,XFOR 10;
STRYFE,XFOR 16;
STRYFE,XFOR 17;
STRYFE,XFOR 18;
STRYFE,XFOR 6;
STRYFE,XFOR 73;
STRYFE,XFOR 74;
STRYFE,XFOR 9/2;
STRYFE,XM 46;
STRYFE,XM 47;
STRYKER, WILLIS,CAGE 3;
STRYKER, WILLIS,HFH 17;
ST. THOMAS, JULES,DSDDGN;
ST. THOMAS, JULES,MAXSEC 3;
STUART, BRIG. ALYSAN,UX 15;
STUART, BRIG. ALYSAN,UX 253;
STUART, BRIG. ALYSAN,UX 254;
STUART, BRIG. ALYSAN,UX 278;
STUART, BRIG. ALYSAN,XCAL 10;
STUART, BRIG. ALYSAN,XCAL 11;
STUART, BRIG. ALYSAN,XCAL 27;
STUART, BRIG. ALYSAN,XCAL 30;
STUART, BRIG. ALYSAN,XCAL 34;
STUART, BRIG. ALYSAN,XCAL 55;
STUART, BRIG. ALYSAN,XCAL 6;
STUART, BRIG. ALYSAN,XCAL 9;
STUART, BRIG. ALYSAN,XCAL:AA;
STUART, BRIG. ALYSAN,XCAL:MM;
STUART, DR. ALISTAIR,S-H2 26;
STUART, DR. ALISTAIR,XCAL 10;
STUART, DR. ALISTAIR,XCAL 102;
STUART, DR. ALISTAIR,XCAL 11;
STUART, DR. ALISTAIR,XCAL 12;
STUART, DR. ALISTAIR,XCAL 125;
STUART, DR. ALISTAIR,XCAL 13;
STUART, DR. ALISTAIR,XCAL 14;
STUART, DR. ALISTAIR,XCAL 15;
STUART, DR. ALISTAIR,XCAL 16;
STUART, DR. ALISTAIR,XCAL 17;
STUART, DR. ALISTAIR,XCAL 18;
STUART, DR. ALISTAIR,XCAL 19;
STUART, DR. ALISTAIR,XCAL 21;
STUART, DR. ALISTAIR,XCAL 22;
STUART, DR. ALISTAIR,XCAL 23;
STUART, DR. ALISTAIR,XCAL 24;
STUART, DR. ALISTAIR,XCAL 25;
STUART, DR. ALISTAIR,XCAL 30;
STUART, DR. ALISTAIR,XCAL 34;
STUART, DR. ALISTAIR,XCAL 37;
STUART, DR. ALISTAIR,XCAL 38;
STUART, DR. ALISTAIR,XCAL 40;
STUART, DR. ALISTAIR,XCAL 41;
STUART, DR. ALISTAIR,XCAL 44;
STUART, DR. ALISTAIR,XCAL 47;
STUART, DR. ALISTAIR,XCAL 48;
STUART, DR. ALISTAIR,XCAL 49;
STUART, DR. ALISTAIR,XCAL 50;
STUART, DR. ALISTAIR,XCAL 51;
STUART, DR. ALISTAIR,XCAL 52;
STUART, DR. ALISTAIR,XCAL 54;
STUART, DR. ALISTAIR,XCAL 55;
STUART, DR. ALISTAIR,XCAL 56;
STUART, DR. ALISTAIR,XCAL 6;
STUART, DR. ALISTAIR,XCAL 9;
STUART, DR. ALISTAIR,XCAL 96;
STUART, DR. ALISTAIR,XCAL 97;
STUART, DR. ALISTAIR,XCALGN;
STUART, DR. ALISTAIR,XCAL:MM;
STUART, DR. ALISTAIR,XCAL:P;
STUART, DR. ALISTAIR,XFOR 102;
STUART, DR. ALISTAIR,XFOR 115;
STUART, DR.,X:HY 14;
STUART, DR.,X:HY 15;
STUART, DR.,X:HY 16;
STUNNER/ANGELINA BRA,ASM 397;
STUNNER/ANGELINA BRA,ASM 398;
STUNNER/ANGELINA BRA,ASM 403;
STUNNER/ANGELINA BRA,ASM 426;
STUNNER/ANGELINA BRA,ASM 427;
STUNNER/ANGELINA BRA,ASM 428;
STUNNER/ANGELINA BRA,ASMU 18;
STUNNER/ANGELINA BRA,ASMU 18/3;
STUNNER/ANGELINA BRA,ASMU 9;
STUNNER/ANGELINA BRA,ASS 2;
STUNNER/ANGELINA BRA,PPTSS 220;
STUNNER/ANGELINA BRA,PPTSS 221;
STUNNER/ANGELINA BRA,SCARSPI 2;
STUNNER/ANGELINA BRA,S-M 60;
STUNNER/ANGELINA BRA,SSCARSPI 2;
STUNNER/ANGELINA BRA,WOSM 124;
STUNNER/ANGELINA BRA,WOSM 126;
STUNT-MASTER/GEORGE,A3 10;
STUNT-MASTER/GEORGE,A3 11;
STUNT-MASTER/GEORGE,DD 138;
STUNT-MASTER/GEORGE,DD 58;
STUNT-MASTER/GEORGE,DD 64;
STUNT-MASTER/GEORGE,DD 67;
STUNT-MASTER/GEORGE,GR2 13;
STUNT-MASTER/GEORGE,GR2 14;
STUNT-MASTER/GEORGE,GR2 15;
STUNT-MASTER/GEORGE,GR2 18;
STUNT-MASTER/GEORGE,GR2 19;
STUNT-MASTER/GEORGE,GR2 20;
STUNT-MASTER/GEORGE,GR2 22;
STUNT-MASTER/GEORGE,GR2 23;
STUNT-MASTER/GEORGE,GR2 25;
STUNT-MASTER/GEORGE,GR2 7;
STUNT-MASTER/GEORGE,GR2 8;
STURDY, PROF. KENNET,A 164;
STURDY, PROF. KENNET,A 165;
STURDY, PROF. KENNET,UX 94;
STYGE, REV.,GR3 16;
STYGE, REV.,GR3 18;
STYGE, REV.,SOV 2;
STYGIAN STARBENDER,Q 26;
STYGIAN STARBENDER,Q 27;
STYGIAN STARBENDER,Q 42;
STYGIAN STARBENDER,Q 43;
STYGLUT/,UX 288;
STYRAK,XFOR 81;
STYX II,SS3 38;
STYX/JACOB EICHORN,ASM 309;
STYX/JACOB EICHORN,ASM 332;
STYX/JACOB EICHORN,ASM 333;
SUAREZ, RAPHAEL,FF 389;
SUAREZ, RAPHAEL,FF 390;
SUAREZ, RAPHAEL,FF 391;
SUAREZ, RAPHAEL,FF 392;
SUB-MARINER | MUTANT,MX '01;
SUB-MARINER | MUTANT,MX 12;
SUB-MARINER/NAMOR MA,A 116;
SUB-MARINER/NAMOR MA,A 117;
SUB-MARINER/NAMOR MA,A 118;
SUB-MARINER/NAMOR MA,A 155;
SUB-MARINER/NAMOR MA,A 156;
SUB-MARINER/NAMOR MA,A 157;
SUB-MARINER/NAMOR MA,A 16;
SUB-MARINER/NAMOR MA,A 18;
SUB-MARINER/NAMOR MA,A 26;
SUB-MARINER/NAMOR MA,A 262;
SUB-MARINER/NAMOR MA,A 263;
SUB-MARINER/NAMOR MA,A 264;
SUB-MARINER/NAMOR MA,A 265;
SUB-MARINER/NAMOR MA,A 266;
SUB-MARINER/NAMOR MA,A 267;
SUB-MARINER/NAMOR MA,A 268;
SUB-MARINER/NAMOR MA,A 269;
SUB-MARINER/NAMOR MA,A 270;
SUB-MARINER/NAMOR MA,A 271;
SUB-MARINER/NAMOR MA,A 272;
SUB-MARINER/NAMOR MA,A 282;
SUB-MARINER/NAMOR MA,A 283;
SUB-MARINER/NAMOR MA,A 284;
SUB-MARINER/NAMOR MA,A 285;
SUB-MARINER/NAMOR MA,A 286;
SUB-MARINER/NAMOR MA,A 287;
SUB-MARINER/NAMOR MA,A 288;
SUB-MARINER/NAMOR MA,A 289;
SUB-MARINER/NAMOR MA,A 290;
SUB-MARINER/NAMOR MA,A 291;
SUB-MARINER/NAMOR MA,A 292;
SUB-MARINER/NAMOR MA,A 293;
SUB-MARINER/NAMOR MA,A 3;
SUB-MARINER/NAMOR MA,A 305;
SUB-MARINER/NAMOR MA,A 306;
SUB-MARINER/NAMOR MA,A 307;
SUB-MARINER/NAMOR MA,A 308;
SUB-MARINER/NAMOR MA,A 309;
SUB-MARINER/NAMOR MA,A3 1;
SUB-MARINER/NAMOR MA,A 310;
SUB-MARINER/NAMOR MA,A3 2;
SUB-MARINER/NAMOR MA,A 329;
SUB-MARINER/NAMOR MA,A3 3;
SUB-MARINER/NAMOR MA,A 332;
SUB-MARINER/NAMOR MA,A 333;
SUB-MARINER/NAMOR MA,A3 4;
SUB-MARINER/NAMOR MA,A 4;
SUB-MARINER/NAMOR MA,A 40;
SUB-MARINER/NAMOR MA,A 400;
SUB-MARINER/NAMOR MA,A 71;
SUB-MARINER/NAMOR MA,AF 12;
SUB-MARINER/NAMOR MA,AF 14;
SUB-MARINER/NAMOR MA,AF 15;
SUB-MARINER/NAMOR MA,AF 16;
SUB-MARINER/NAMOR MA,AF 3;
SUB-MARINER/NAMOR MA,AF 36;
SUB-MARINER/NAMOR MA,AF 37;
SUB-MARINER/NAMOR MA,AF 38;
SUB-MARINER/NAMOR MA,AF 39;
SUB-MARINER/NAMOR MA,AF 4;
SUB-MARINER/NAMOR MA,AF 40;
SUB-MARINER/NAMOR MA,AF 61;
SUB-MARINER/NAMOR MA,AR 1;
SUB-MARINER/NAMOR MA,AR 2;
SUB-MARINER/NAMOR MA,ASM -1;
SUB-MARINER/NAMOR MA,ASM 211;
SUB-MARINER/NAMOR MA,ASM 214;
SUB-MARINER/NAMOR MA,ASM 215;
SUB-MARINER/NAMOR MA,AWC 50;
SUB-MARINER/NAMOR MA,AWC 65/2;
SUB-MARINER/NAMOR MA,AWC 71;
SUB-MARINER/NAMOR MA,BP3 27;
SUB-MARINER/NAMOR MA,BP3 28;
SUB-MARINER/NAMOR MA,BP3 29;
SUB-MARINER/NAMOR MA,CA 181;
SUB-MARINER/NAMOR MA,CA 318;
SUB-MARINER/NAMOR MA,CA3 3;
SUB-MARINER/NAMOR MA,CA 365;
SUB-MARINER/NAMOR MA,CA 366;
SUB-MARINER/NAMOR MA,CA 367;
SUB-MARINER/NAMOR MA,CA:SL2 2;
SUB-MARINER/NAMOR MA,CA:SL2 3;
SUB-MARINER/NAMOR MA,CA:SL2 4;
SUB-MARINER/NAMOR MA,CM 4;
SUB-MARINER/NAMOR MA,COC 1;
SUB-MARINER/NAMOR MA,CV 2;
SUB-MARINER/NAMOR MA,DD 4;
SUB-MARINER/NAMOR MA,DD 7;
SUB-MARINER/NAMOR MA,DD 77;
SUB-MARINER/NAMOR MA,DEF 1;
SUB-MARINER/NAMOR MA,DEF 10;
SUB-MARINER/NAMOR MA,DEF 100;
SUB-MARINER/NAMOR MA,DEF 101;
SUB-MARINER/NAMOR MA,DEF 107;
SUB-MARINER/NAMOR MA,DEF 108;
SUB-MARINER/NAMOR MA,DEF 109;
SUB-MARINER/NAMOR MA,DEF 11;
SUB-MARINER/NAMOR MA,DEF 111;
SUB-MARINER/NAMOR MA,DEF 112;
SUB-MARINER/NAMOR MA,DEF 113;
SUB-MARINER/NAMOR MA,DEF 114;
SUB-MARINER/NAMOR MA,DEF 115;
SUB-MARINER/NAMOR MA,DEF 116;
SUB-MARINER/NAMOR MA,DEF 119;
SUB-MARINER/NAMOR MA,DEF 122;
SUB-MARINER/NAMOR MA,DEF 123;
SUB-MARINER/NAMOR MA,DEF 124;
SUB-MARINER/NAMOR MA,DEF 125;
SUB-MARINER/NAMOR MA,DEF 13;
SUB-MARINER/NAMOR MA,DEF 14;
SUB-MARINER/NAMOR MA,DEF 2;
SUB-MARINER/NAMOR MA,DEF2 1;
SUB-MARINER/NAMOR MA,DEF2 2;
SUB-MARINER/NAMOR MA,DEF2 3;
SUB-MARINER/NAMOR MA,DEF2 4;
SUB-MARINER/NAMOR MA,DEF2 5;
SUB-MARINER/NAMOR MA,DEF2 6;
SUB-MARINER/NAMOR MA,DEF2 7;
SUB-MARINER/NAMOR MA,DEF 3;
SUB-MARINER/NAMOR MA,DEF 4;
SUB-MARINER/NAMOR MA,DEF 5;
SUB-MARINER/NAMOR MA,DEF 52;
SUB-MARINER/NAMOR MA,DEF 53;
SUB-MARINER/NAMOR MA,DEF 54;
SUB-MARINER/NAMOR MA,DEF 55;
SUB-MARINER/NAMOR MA,DEF 56;
SUB-MARINER/NAMOR MA,DEF 6;
SUB-MARINER/NAMOR MA,DEF 7;
SUB-MARINER/NAMOR MA,DEF 74;
SUB-MARINER/NAMOR MA,DEF 78;
SUB-MARINER/NAMOR MA,DEF 79;
SUB-MARINER/NAMOR MA,DEF 8;
SUB-MARINER/NAMOR MA,DEF 80;
SUB-MARINER/NAMOR MA,DEF 81;
SUB-MARINER/NAMOR MA,DEF 8/2;
SUB-MARINER/NAMOR MA,DEF 82;
SUB-MARINER/NAMOR MA,DEF 83;
SUB-MARINER/NAMOR MA,DEF 84;
SUB-MARINER/NAMOR MA,DEF 85;
SUB-MARINER/NAMOR MA,DEF 92;
SUB-MARINER/NAMOR MA,DEF 93;
SUB-MARINER/NAMOR MA,DEF 98;
SUB-MARINER/NAMOR MA,DEF 99;
SUB-MARINER/NAMOR MA,DRSTR 2;
SUB-MARINER/NAMOR MA,DRSTR2 31;
SUB-MARINER/NAMOR MA,DRSTR2 32;
SUB-MARINER/NAMOR MA,E2 8;
SUB-MARINER/NAMOR MA,FF 1;
SUB-MARINER/NAMOR MA,FF 102;
SUB-MARINER/NAMOR MA,FF 103;
SUB-MARINER/NAMOR MA,FF 104;
SUB-MARINER/NAMOR MA,FF 14;
SUB-MARINER/NAMOR MA,FF 147;
SUB-MARINER/NAMOR MA,FF 148;
SUB-MARINER/NAMOR MA,FF 149;
SUB-MARINER/NAMOR MA,FF 194;
SUB-MARINER/NAMOR MA,FF 195;
SUB-MARINER/NAMOR MA,FF2 12;
SUB-MARINER/NAMOR MA,FF 219;
SUB-MARINER/NAMOR MA,FF 22;
SUB-MARINER/NAMOR MA,FF2 2;
SUB-MARINER/NAMOR MA,FF2 3;
SUB-MARINER/NAMOR MA,FF 260;
SUB-MARINER/NAMOR MA,FF 261;
SUB-MARINER/NAMOR MA,FF 27;
SUB-MARINER/NAMOR MA,FF3 27;
SUB-MARINER/NAMOR MA,FF 33;
SUB-MARINER/NAMOR MA,FF3 32;
SUB-MARINER/NAMOR MA,FF3 41;
SUB-MARINER/NAMOR MA,FF3 42;
SUB-MARINER/NAMOR MA,FF3 43;
SUB-MARINER/NAMOR MA,FF3 44;
SUB-MARINER/NAMOR MA,FF3 6;
SUB-MARINER/NAMOR MA,FF 389;
SUB-MARINER/NAMOR MA,FF 390;
SUB-MARINER/NAMOR MA,FF 391;
SUB-MARINER/NAMOR MA,FF 392;
SUB-MARINER/NAMOR MA,FF 4;
SUB-MARINER/NAMOR MA,FF 400/2;
SUB-MARINER/NAMOR MA,FF 401;
SUB-MARINER/NAMOR MA,FF 402;
SUB-MARINER/NAMOR MA,FF 403;
SUB-MARINER/NAMOR MA,FF 404;
SUB-MARINER/NAMOR MA,FF 405;
SUB-MARINER/NAMOR MA,FF 406;
SUB-MARINER/NAMOR MA,FF 407;
SUB-MARINER/NAMOR MA,FF 408;
SUB-MARINER/NAMOR MA,FF 409;
SUB-MARINER/NAMOR MA,FF 410;
SUB-MARINER/NAMOR MA,FF 411;
SUB-MARINER/NAMOR MA,FF 412;
SUB-MARINER/NAMOR MA,FF 413;
SUB-MARINER/NAMOR MA,FF 416;
SUB-MARINER/NAMOR MA,FF 6;
SUB-MARINER/NAMOR MA,FF 9;
SUB-MARINER/NAMOR MA,FFU 11/2;
SUB-MARINER/NAMOR MA,FFU 12;
SUB-MARINER/NAMOR MA,FFUP 2;
SUB-MARINER/NAMOR MA,FFUP 3;
SUB-MARINER/NAMOR MA,GSDEF 1;
SUB-MARINER/NAMOR MA,GSDEF 3;
SUB-MARINER/NAMOR MA,GSINV 1;
SUB-MARINER/NAMOR MA,GSSVTU 1;
SUB-MARINER/NAMOR MA,GSSVTU 2;
SUB-MARINER/NAMOR MA,H 18/2;
SUB-MARINER/NAMOR MA,H2 118;
SUB-MARINER/NAMOR MA,H2 250;
SUB-MARINER/NAMOR MA,H2 277;
SUB-MARINER/NAMOR MA,H2 279;
SUB-MARINER/NAMOR MA,H2 316;
SUB-MARINER/NAMOR MA,H2 320;
SUB-MARINER/NAMOR MA,H2 321;
SUB-MARINER/NAMOR MA,H2 322;
SUB-MARINER/NAMOR MA,H2 323;
SUB-MARINER/NAMOR MA,H2 370;
SUB-MARINER/NAMOR MA,H2 371;
SUB-MARINER/NAMOR MA,H '98;
SUB-MARINER/NAMOR MA,HCAT 3;
SUB-MARINER/NAMOR MA,HFH 19;
SUB-MARINER/NAMOR MA,HFH 8;
SUB-MARINER/NAMOR MA,HR:R 4;
SUB-MARINER/NAMOR MA,IG 2;
SUB-MARINER/NAMOR MA,IG 3;
SUB-MARINER/NAMOR MA,IG 4;
SUB-MARINER/NAMOR MA,IG 6;
SUB-MARINER/NAMOR MA,IM 10;
SUB-MARINER/NAMOR MA,IM 120;
SUB-MARINER/NAMOR MA,IM 121;
SUB-MARINER/NAMOR MA,IM 122;
SUB-MARINER/NAMOR MA,IM2 12;
SUB-MARINER/NAMOR MA,IM 25;
SUB-MARINER/NAMOR MA,IM 54;
SUB-MARINER/NAMOR MA,IM&SM 1/2;
SUB-MARINER/NAMOR MA,INH2 12;
SUB-MARINER/NAMOR MA,INH2 4;
SUB-MARINER/NAMOR MA,INH2 9;
SUB-MARINER/NAMOR MA,INV 1;
SUB-MARINER/NAMOR MA,INV 10;
SUB-MARINER/NAMOR MA,INV 11;
SUB-MARINER/NAMOR MA,INV 12;
SUB-MARINER/NAMOR MA,INV 13;
SUB-MARINER/NAMOR MA,INV 14;
SUB-MARINER/NAMOR MA,INV 15;
SUB-MARINER/NAMOR MA,INV 16;
SUB-MARINER/NAMOR MA,INV 17;
SUB-MARINER/NAMOR MA,INV 18;
SUB-MARINER/NAMOR MA,INV 19;
SUB-MARINER/NAMOR MA,INV 2;
SUB-MARINER/NAMOR MA,INV 20;
SUB-MARINER/NAMOR MA,INV 21;
SUB-MARINER/NAMOR MA,INV 22;
SUB-MARINER/NAMOR MA,INV 23;
SUB-MARINER/NAMOR MA,INV 25;
SUB-MARINER/NAMOR MA,INV 26;
SUB-MARINER/NAMOR MA,INV 27;
SUB-MARINER/NAMOR MA,INV 28;
SUB-MARINER/NAMOR MA,INV 29;
SUB-MARINER/NAMOR MA,INV 3;
SUB-MARINER/NAMOR MA,INV 30;
SUB-MARINER/NAMOR MA,INV 31;
SUB-MARINER/NAMOR MA,INV 32;
SUB-MARINER/NAMOR MA,INV 33;
SUB-MARINER/NAMOR MA,INV 34;
SUB-MARINER/NAMOR MA,INV 35;
SUB-MARINER/NAMOR MA,INV 36;
SUB-MARINER/NAMOR MA,INV 37;
SUB-MARINER/NAMOR MA,INV 38;
SUB-MARINER/NAMOR MA,INV 4;
SUB-MARINER/NAMOR MA,INV 40;
SUB-MARINER/NAMOR MA,INV 41;
SUB-MARINER/NAMOR MA,INV 5;
SUB-MARINER/NAMOR MA,INV 6;
SUB-MARINER/NAMOR MA,INV 7;
SUB-MARINER/NAMOR MA,INV 8;
SUB-MARINER/NAMOR MA,INV 9;
SUB-MARINER/NAMOR MA,MARVEL MYSTERY COMIC;
SUB-MARINER/NAMOR MA,MAXSEC 3;
SUB-MARINER/NAMOR MA,M/CP 33/4;
SUB-MARINER/NAMOR MA,M/CP 46/4;
SUB-MARINER/NAMOR MA,M/CP 57/3;
SUB-MARINER/NAMOR MA,M/CP 58/3;
SUB-MARINER/NAMOR MA,M/CP 59/3;
SUB-MARINER/NAMOR MA,M/CP 73/4;
SUB-MARINER/NAMOR MA,M/CP 7/4;
SUB-MARINER/NAMOR MA,M/CP 77/4;
SUB-MARINER/NAMOR MA,M/FAN 20;
SUB-MARINER/NAMOR MA,M/FAN 43;
SUB-MARINER/NAMOR MA,M/FEA 1;
SUB-MARINER/NAMOR MA,M/FEA 2;
SUB-MARINER/NAMOR MA,M/FEA 3;
SUB-MARINER/NAMOR MA,M/GN 1;
SUB-MARINER/NAMOR MA,M/GN 27;
SUB-MARINER/NAMOR MA,M/:LG 3;
SUB-MARINER/NAMOR MA,M/:LG 7;
SUB-MARINER/NAMOR MA,M/PRM 30;
SUB-MARINER/NAMOR MA,M/SH3 10/2;
SUB-MARINER/NAMOR MA,M/SH3 8/2;
SUB-MARINER/NAMOR MA,M/SPT 27;
SUB-MARINER/NAMOR MA,M-T3 6;
SUB-MARINER/NAMOR MA,M/TIO 2;
SUB-MARINER/NAMOR MA,M/TIO 28;
SUB-MARINER/NAMOR MA,M/TIO 7;
SUB-MARINER/NAMOR MA,M/TIO 81;
SUB-MARINER/NAMOR MA,M/TIO 96;
SUB-MARINER/NAMOR MA,M/TU 111;
SUB-MARINER/NAMOR MA,M/TU 14;
SUB-MARINER/NAMOR MA,M/TU2 10;
SUB-MARINER/NAMOR MA,M/TU2 11;
SUB-MARINER/NAMOR MA,M/TU2 6;
SUB-MARINER/NAMOR MA,M/TU2 8;
SUB-MARINER/NAMOR MA,M/TU2 9;
SUB-MARINER/NAMOR MA,M/U 1;
SUB-MARINER/NAMOR MA,M/U 2;
SUB-MARINER/NAMOR MA,M/U 3;
SUB-MARINER/NAMOR MA,N 1;
SUB-MARINER/NAMOR MA,N 10;
SUB-MARINER/NAMOR MA,N 11;
SUB-MARINER/NAMOR MA,N 12;
SUB-MARINER/NAMOR MA,N 1/3;
SUB-MARINER/NAMOR MA,N 13;
SUB-MARINER/NAMOR MA,N 14;
SUB-MARINER/NAMOR MA,N 15;
SUB-MARINER/NAMOR MA,N 16;
SUB-MARINER/NAMOR MA,N 17;
SUB-MARINER/NAMOR MA,N 18;
SUB-MARINER/NAMOR MA,N 19;
SUB-MARINER/NAMOR MA,N 2;
SUB-MARINER/NAMOR MA,N 20;
SUB-MARINER/NAMOR MA,N 21;
SUB-MARINER/NAMOR MA,N 2/2;
SUB-MARINER/NAMOR MA,N 22;
SUB-MARINER/NAMOR MA,N 23;
SUB-MARINER/NAMOR MA,N 24;
SUB-MARINER/NAMOR MA,N 25;
SUB-MARINER/NAMOR MA,N 26;
SUB-MARINER/NAMOR MA,N 27;
SUB-MARINER/NAMOR MA,N 28;
SUB-MARINER/NAMOR MA,N 29;
SUB-MARINER/NAMOR MA,N 3;
SUB-MARINER/NAMOR MA,N 30;
SUB-MARINER/NAMOR MA,N 31;
SUB-MARINER/NAMOR MA,N 32;
SUB-MARINER/NAMOR MA,N 33;
SUB-MARINER/NAMOR MA,N 4;
SUB-MARINER/NAMOR MA,N 4/2;
SUB-MARINER/NAMOR MA,N 5;
SUB-MARINER/NAMOR MA,N 51;
SUB-MARINER/NAMOR MA,N 52;
SUB-MARINER/NAMOR MA,N 53;
SUB-MARINER/NAMOR MA,N 54;
SUB-MARINER/NAMOR MA,N 55;
SUB-MARINER/NAMOR MA,N 56;
SUB-MARINER/NAMOR MA,N 57;
SUB-MARINER/NAMOR MA,N 58;
SUB-MARINER/NAMOR MA,N 59;
SUB-MARINER/NAMOR MA,N 6;
SUB-MARINER/NAMOR MA,N 60;
SUB-MARINER/NAMOR MA,N 61;
SUB-MARINER/NAMOR MA,N 62;
SUB-MARINER/NAMOR MA,N 7;
SUB-MARINER/NAMOR MA,N 8;
SUB-MARINER/NAMOR MA,N 9;
SUB-MARINER/NAMOR MA,NM 40;
SUB-MARINER/NAMOR MA,NM 76;
SUB-MARINER/NAMOR MA,NW 14;
SUB-MARINER/NAMOR MA,NW2 3;
SUB-MARINER/NAMOR MA,NW 57;
SUB-MARINER/NAMOR MA,O:MU;
SUB-MARINER/NAMOR MA,PM&IF 125;
SUB-MARINER/NAMOR MA,PUN2 29;
SUB-MARINER/NAMOR MA,Q 28;
SUB-MARINER/NAMOR MA,ROM 34;
SUB-MARINER/NAMOR MA,ROM 35;
SUB-MARINER/NAMOR MA,ROM 36;
SUB-MARINER/NAMOR MA,ROM 65;
SUB-MARINER/NAMOR MA,SAGASM 7;
SUB-MARINER/NAMOR MA,SAGASM 8;
SUB-MARINER/NAMOR MA,SM:L 2;
SUB-MARINER/NAMOR MA,SOLOA 17/2;
SUB-MARINER/NAMOR MA,SS3 14;
SUB-MARINER/NAMOR MA,SS3 52;
SUB-MARINER/NAMOR MA,SS 5;
SUB-MARINER/NAMOR MA,SS 6;
SUB-MARINER/NAMOR MA,ST 107;
SUB-MARINER/NAMOR MA,ST 125;
SUB-MARINER/NAMOR MA,SUB-M 1;
SUB-MARINER/NAMOR MA,SUB-M 10;
SUB-MARINER/NAMOR MA,SUB-M 11;
SUB-MARINER/NAMOR MA,SUB-M 12;
SUB-MARINER/NAMOR MA,SUB-M 13;
SUB-MARINER/NAMOR MA,SUB-M 14;
SUB-MARINER/NAMOR MA,SUB-M 15;
SUB-MARINER/NAMOR MA,SUB-M 16;
SUB-MARINER/NAMOR MA,SUB-M 17;
SUB-MARINER/NAMOR MA,SUB-M 18;
SUB-MARINER/NAMOR MA,SUB-M 19;
SUB-MARINER/NAMOR MA,SUB-M 2;
SUB-MARINER/NAMOR MA,SUB-M 20;
SUB-MARINER/NAMOR MA,SUB-M 21;
SUB-MARINER/NAMOR MA,SUB-M2 1;
SUB-MARINER/NAMOR MA,SUB-M 22;
SUB-MARINER/NAMOR MA,SUB-M2 2;
SUB-MARINER/NAMOR MA,SUB-M 23;
SUB-MARINER/NAMOR MA,SUB-M2 3;
SUB-MARINER/NAMOR MA,SUB-M 24;
SUB-MARINER/NAMOR MA,SUB-M2 4;
SUB-MARINER/NAMOR MA,SUB-M 25;
SUB-MARINER/NAMOR MA,SUB-M 26;
SUB-MARINER/NAMOR MA,SUB-M 27;
SUB-MARINER/NAMOR MA,SUB-M 28;
SUB-MARINER/NAMOR MA,SUB-M 29;
SUB-MARINER/NAMOR MA,SUB-M 3;
SUB-MARINER/NAMOR MA,SUB-M 30;
SUB-MARINER/NAMOR MA,SUB-M 31;
SUB-MARINER/NAMOR MA,SUB-M 32;
SUB-MARINER/NAMOR MA,SUB-M 33;
SUB-MARINER/NAMOR MA,SUB-M 34;
SUB-MARINER/NAMOR MA,SUB-M 35;
SUB-MARINER/NAMOR MA,SUB-M 36;
SUB-MARINER/NAMOR MA,SUB-M 37;
SUB-MARINER/NAMOR MA,SUB-M 38;
SUB-MARINER/NAMOR MA,SUB-M 39;
SUB-MARINER/NAMOR MA,SUB-M 4;
SUB-MARINER/NAMOR MA,SUB-M 40;
SUB-MARINER/NAMOR MA,SUB-M 41;
SUB-MARINER/NAMOR MA,SUB-M 42;
SUB-MARINER/NAMOR MA,SUB-M 43;
SUB-MARINER/NAMOR MA,SUB-M 44;
SUB-MARINER/NAMOR MA,SUB-M 45;
SUB-MARINER/NAMOR MA,SUB-M 46;
SUB-MARINER/NAMOR MA,SUB-M 47;
SUB-MARINER/NAMOR MA,SUB-M 48;
SUB-MARINER/NAMOR MA,SUB-M 49;
SUB-MARINER/NAMOR MA,SUB-M 5;
SUB-MARINER/NAMOR MA,SUB-M 50;
SUB-MARINER/NAMOR MA,SUB-M 51;
SUB-MARINER/NAMOR MA,SUB-M 52;
SUB-MARINER/NAMOR MA,SUB-M 53;
SUB-MARINER/NAMOR MA,SUB-M 54;
SUB-MARINER/NAMOR MA,SUB-M 54/2;
SUB-MARINER/NAMOR MA,SUB-M 55;
SUB-MARINER/NAMOR MA,SUB-M 56;
SUB-MARINER/NAMOR MA,SUB-M 57;
SUB-MARINER/NAMOR MA,SUB-M 58;
SUB-MARINER/NAMOR MA,SUB-M 59;
SUB-MARINER/NAMOR MA,SUB-M 6;
SUB-MARINER/NAMOR MA,SUB-M 60;
SUB-MARINER/NAMOR MA,SUB-M 61;
SUB-MARINER/NAMOR MA,SUB-M 62;
SUB-MARINER/NAMOR MA,SUB-M 63;
SUB-MARINER/NAMOR MA,SUB-M 64;
SUB-MARINER/NAMOR MA,SUB-M 65;
SUB-MARINER/NAMOR MA,SUB-M 66;
SUB-MARINER/NAMOR MA,SUB-M 67;
SUB-MARINER/NAMOR MA,SUB-M 68;
SUB-MARINER/NAMOR MA,SUB-M 69;
SUB-MARINER/NAMOR MA,SUB-M 7;
SUB-MARINER/NAMOR MA,SUB-M 70;
SUB-MARINER/NAMOR MA,SUB-M 71;
SUB-MARINER/NAMOR MA,SUB-M 72;
SUB-MARINER/NAMOR MA,SUB-M 8;
SUB-MARINER/NAMOR MA,SUB-M 9;
SUB-MARINER/NAMOR MA,SUB-MARINER COMICS 1;
SUB-MARINER/NAMOR MA,SUB-M COMICS 42;
SUB-MARINER/NAMOR MA,SVTU 1;
SUB-MARINER/NAMOR MA,SVTU 10;
SUB-MARINER/NAMOR MA,SVTU 11;
SUB-MARINER/NAMOR MA,SVTU 12;
SUB-MARINER/NAMOR MA,SVTU 13;
SUB-MARINER/NAMOR MA,SVTU 2;
SUB-MARINER/NAMOR MA,SVTU 3;
SUB-MARINER/NAMOR MA,SVTU 4;
SUB-MARINER/NAMOR MA,SVTU 5;
SUB-MARINER/NAMOR MA,SVTU 6;
SUB-MARINER/NAMOR MA,SVTU 7;
SUB-MARINER/NAMOR MA,SVTU 8;
SUB-MARINER/NAMOR MA,SVTU 9;
SUB-MARINER/NAMOR MA,SWII 8;
SUB-MARINER/NAMOR MA,SWII 9;
SUB-MARINER/NAMOR MA,T2 14;
SUB-MARINER/NAMOR MA,T2 4;
SUB-MARINER/NAMOR MA,T 390;
SUB-MARINER/NAMOR MA,TB -1;
SUB-MARINER/NAMOR MA,TM:ID;
SUB-MARINER/NAMOR MA,TOS 79;
SUB-MARINER/NAMOR MA,TOS 80;
SUB-MARINER/NAMOR MA,TTA 100;
SUB-MARINER/NAMOR MA,TTA 101/2;
SUB-MARINER/NAMOR MA,TTA 70;
SUB-MARINER/NAMOR MA,TTA 71;
SUB-MARINER/NAMOR MA,TTA 72;
SUB-MARINER/NAMOR MA,TTA 73;
SUB-MARINER/NAMOR MA,TTA 74;
SUB-MARINER/NAMOR MA,TTA 75;
SUB-MARINER/NAMOR MA,TTA 76;
SUB-MARINER/NAMOR MA,TTA 77;
SUB-MARINER/NAMOR MA,TTA 78;
SUB-MARINER/NAMOR MA,TTA 79;
SUB-MARINER/NAMOR MA,TTA 80;
SUB-MARINER/NAMOR MA,TTA 81;
SUB-MARINER/NAMOR MA,TTA 82;
SUB-MARINER/NAMOR MA,TTA 83;
SUB-MARINER/NAMOR MA,TTA 84;
SUB-MARINER/NAMOR MA,TTA 84/2;
SUB-MARINER/NAMOR MA,TTA 85;
SUB-MARINER/NAMOR MA,TTA 86;
SUB-MARINER/NAMOR MA,TTA 87;
SUB-MARINER/NAMOR MA,TTA 88;
SUB-MARINER/NAMOR MA,TTA 89;
SUB-MARINER/NAMOR MA,TTA 90;
SUB-MARINER/NAMOR MA,TTA 91;
SUB-MARINER/NAMOR MA,TTA 92;
SUB-MARINER/NAMOR MA,TTA 93;
SUB-MARINER/NAMOR MA,TTA 94;
SUB-MARINER/NAMOR MA,TTA 95;
SUB-MARINER/NAMOR MA,TTA 96;
SUB-MARINER/NAMOR MA,TTA 97;
SUB-MARINER/NAMOR MA,TTA 98;
SUB-MARINER/NAMOR MA,TTA 99/2;
SUB-MARINER/NAMOR MA,USA2 2;
SUB-MARINER/NAMOR MA,UTSM '96;
SUB-MARINER/NAMOR MA,UTSM '97;
SUB-MARINER/NAMOR MA,UX 6;
SUB-MARINER/NAMOR MA,V&SW2 6;
SUB-MARINER/NAMOR MA,V&SW2 7;
SUB-MARINER/NAMOR MA,WCA2 31;
SUB-MARINER/NAMOR MA,WOSM 5;
SUB-MARINER/NAMOR MA,WOSM 73;
SUB-MARINER/NAMOR MA,X:HY 12;
SUB-MARINER/NAMOR MA,X:HY 20;
SU, DR. KO BIN,AF2 14;
SU, DR. KO BIN,AF2 18;
SU, DR. KO BIN,AF2 2;
SU, DR. KO BIN,AF2 3;
SU, DR. KO BIN,AF2 7;
SU, DR. KO BIN,AF2 8;
SUEE, FAH LO,MOKF 100;
SUEE, FAH LO,MOKF 105;
SUEE, FAH LO,MOKF 113;
SUEE, FAH LO,MOKF 115;
SUEE, FAH LO,MOKF 116;
SUEE, FAH LO,MOKF 117;
SUEE, FAH LO,MOKF 118;
SUEE, FAH LO,MOKF 122;
SUEE, FAH LO,MOKF 27;
SUEE, FAH LO,MOKF 28;
SUEE, FAH LO,MOKF 44;
SUEE, FAH LO,MOKF 45;
SUEE, FAH LO,MOKF 46;
SUEE, FAH LO,MOKF 47;
SUEE, FAH LO,MOKF 48;
SUEE, FAH LO,MOKF 49;
SUEE, FAH LO,MOKF 50;
SUEE, FAH LO,MOKF 83;
SUEE, FAH LO,MOKF 86;
SUEE, FAH LO,MOKF 87;
SUEE, FAH LO,MOKF 88;
SUGAR MAN,C2 29;
SUGAR MAN,GENNXT 2;
SUGAR MAN,GENNXT 3;
SUGAR MAN,GENNXT 4;
SUGAR MAN,X 48;
SUGAR MAN,X 49;
SUGAR MAN,XCAL 87;
SUGAR MAN,XF 113;
SUGAR MAN,XM 6;
SUGAR MAN,XM 7;
SUGAR MAN,X:OMEGA;
SUGAR MAN,X:PRIME;
SUICIDE/CHRIS DANIEL,GR3 19;
SUICIDE/CHRIS DANIEL,GR3 20;
SUKHAROV, DIMITRI,W2 '97;
SUKHAROV, VIKTORIA,W2 '97;
SUMMERS, DEBORAH,X 39;
SUMMERS, MADELYNE MA,A 10;
SUMMERS, MADELYNE MA,A 300;
SUMMERS, MADELYNE MA,C2 50;
SUMMERS, MADELYNE MA,C2 63;
SUMMERS, MADELYNE MA,C2 7;
SUMMERS, MADELYNE MA,C2 76;
SUMMERS, MADELYNE MA,M/CP 16/3;
SUMMERS, MADELYNE MA,UX 12;
SUMMERS, MADELYNE MA,UX 168;
SUMMERS, MADELYNE MA,UX 170;
SUMMERS, MADELYNE MA,UX 171;
SUMMERS, MADELYNE MA,UX 173;
SUMMERS, MADELYNE MA,UX 174;
SUMMERS, MADELYNE MA,UX 175;
SUMMERS, MADELYNE MA,UX 176;
SUMMERS, MADELYNE MA,UX 181;
SUMMERS, MADELYNE MA,UX 185;
SUMMERS, MADELYNE MA,UX 197;
SUMMERS, MADELYNE MA,UX 200;
SUMMERS, MADELYNE MA,UX 201;
SUMMERS, MADELYNE MA,UX 206;
SUMMERS, MADELYNE MA,UX 215;
SUMMERS, MADELYNE MA,UX 221;
SUMMERS, MADELYNE MA,UX 222;
SUMMERS, MADELYNE MA,UX 223;
SUMMERS, MADELYNE MA,UX 224;
SUMMERS, MADELYNE MA,UX 225;
SUMMERS, MADELYNE MA,UX 226;
SUMMERS, MADELYNE MA,UX 227;
SUMMERS, MADELYNE MA,UX 229;
SUMMERS, MADELYNE MA,UX 230;
SUMMERS, MADELYNE MA,UX 231;
SUMMERS, MADELYNE MA,UX 232;
SUMMERS, MADELYNE MA,UX 233;
SUMMERS, MADELYNE MA,UX 234;
SUMMERS, MADELYNE MA,UX 235;
SUMMERS, MADELYNE MA,UX 236;
SUMMERS, MADELYNE MA,UX 237;
SUMMERS, MADELYNE MA,UX 238;
SUMMERS, MADELYNE MA,UX 239;
SUMMERS, MADELYNE MA,UX 240;
SUMMERS, MADELYNE MA,UX 241;
SUMMERS, MADELYNE MA,UX 242;
SUMMERS, MADELYNE MA,UX 243;
SUMMERS, MADELYNE MA,UX 9;
SUMMERS, MADELYNE MA,X&AF 1;
SUMMERS, MADELYNE MA,X&AF 2;
SUMMERS, MADELYNE MA,XCAL 6;
SUMMERS, MADELYNE MA,XF 1;
SUMMERS, MADELYNE MA,XF 27;
SUMMERS, MADELYNE MA,XF 37;
SUMMERS, MADELYNE MA,XF 38;
SUMMERS, MADELYNE MA,XF 39;
SUMMERS, MADELYNE MA,XM 13;
SUMMERS, MADELYNE MA,XM 14;
SUMMERS, MADELYNE MA,XM 15;
SUMMERS, MADELYNE MA,XM 16;
SUMMERS, MADELYNE MA,XM 25;
SUMMERS, MADELYNE MA,XM 28;
SUMMERS, MADELYNE MA,XM 30;
SUMMERS, MADELYNE MA,XM 38;
SUMMERS, MADELYNE MA,XM 39;
SUMMERS, MADELYNE MA,XM 41;
SUMMERS, MADELYNE MA,XM 42;
SUMMERS, MADELYNE MA,XM 43;
SUMMERS, MADELYNE MA,XM 44;
SUMMERS, MADELYNE MA,XM 45;
SUMMERS, MADELYNE MA,XM 46;
SUMMERS, MADELYNE MA,XM 47;
SUMMERS, MADELYNE MA,XM 49;
SUMMERS, MADELYNE MA,XM 5;
SUMMERS, MADELYNE MA,XM 50;
SUMMERS, MADELYNE MA,XM 51;
SUMMERS, MADELYNE MA,XM 52;
SUMMERS, MADELYNE MA,XM 6;
SUMMERS, MADELYNE MA,XM 67;
SUMMERS, MADELYNE MA,XM 68;
SUMMERS, MADELYNE MA,XM 7;
SUMMERS, MADELYNE MA,XM 70;
SUMMERS, NATHAN CHRI,ASTONX2 1;
SUMMERS, NATHAN CHRI,ASTONX2 2;
SUMMERS, NATHAN CHRI,ASTONX2 3;
SUMMERS, NATHAN CHRI,C 1;
SUMMERS, NATHAN CHRI,C 2;
SUMMERS, NATHAN CHRI,C2 13;
SUMMERS, NATHAN CHRI,C2 14;
SUMMERS, NATHAN CHRI,C2 15;
SUMMERS, NATHAN CHRI,C2 16;
SUMMERS, NATHAN CHRI,C2 17;
SUMMERS, NATHAN CHRI,C2 18;
SUMMERS, NATHAN CHRI,C2 19;
SUMMERS, NATHAN CHRI,C2 20;
SUMMERS, NATHAN CHRI,C2 21;
SUMMERS, NATHAN CHRI,C2 22;
SUMMERS, NATHAN CHRI,C2 23;
SUMMERS, NATHAN CHRI,C2 24;
SUMMERS, NATHAN CHRI,C2 25;
SUMMERS, NATHAN CHRI,C2 26;
SUMMERS, NATHAN CHRI,C2 27;
SUMMERS, NATHAN CHRI,C2 28;
SUMMERS, NATHAN CHRI,C2 29;
SUMMERS, NATHAN CHRI,C2 30;
SUMMERS, NATHAN CHRI,C2 31;
SUMMERS, NATHAN CHRI,C2 33;
SUMMERS, NATHAN CHRI,C2 34;
SUMMERS, NATHAN CHRI,C2 35;
SUMMERS, NATHAN CHRI,C2 38;
SUMMERS, NATHAN CHRI,C2 39;
SUMMERS, NATHAN CHRI,C2 43;
SUMMERS, NATHAN CHRI,C2 47;
SUMMERS, NATHAN CHRI,C2 48;
SUMMERS, NATHAN CHRI,C2 49;
SUMMERS, NATHAN CHRI,C2 50;
SUMMERS, NATHAN CHRI,C2 51;
SUMMERS, NATHAN CHRI,C2 52;
SUMMERS, NATHAN CHRI,C2 53;
SUMMERS, NATHAN CHRI,C2 54;
SUMMERS, NATHAN CHRI,C2 55;
SUMMERS, NATHAN CHRI,C2 56;
SUMMERS, NATHAN CHRI,C2 57;
SUMMERS, NATHAN CHRI,C2 58;
SUMMERS, NATHAN CHRI,C2 59;
SUMMERS, NATHAN CHRI,C2 60;
SUMMERS, NATHAN CHRI,C2 61;
SUMMERS, NATHAN CHRI,C2 62;
SUMMERS, NATHAN CHRI,C2 63;
SUMMERS, NATHAN CHRI,C2 64;
SUMMERS, NATHAN CHRI,C2 65;
SUMMERS, NATHAN CHRI,C2 66;
SUMMERS, NATHAN CHRI,C2 67;
SUMMERS, NATHAN CHRI,C2 68;
SUMMERS, NATHAN CHRI,C2 69;
SUMMERS, NATHAN CHRI,C2 7;
SUMMERS, NATHAN CHRI,C2 70;
SUMMERS, NATHAN CHRI,C2 71;
SUMMERS, NATHAN CHRI,C2 72;
SUMMERS, NATHAN CHRI,C2 73;
SUMMERS, NATHAN CHRI,C2 74;
SUMMERS, NATHAN CHRI,C2 75;
SUMMERS, NATHAN CHRI,C2 76;
SUMMERS, NATHAN CHRI,C2 77;
SUMMERS, NATHAN CHRI,C2 78;
SUMMERS, NATHAN CHRI,C2 79;
SUMMERS, NATHAN CHRI,C2 80;
SUMMERS, NATHAN CHRI,C2 81;
SUMMERS, NATHAN CHRI,C2 82;
SUMMERS, NATHAN CHRI,C2 83;
SUMMERS, NATHAN CHRI,C2 84;
SUMMERS, NATHAN CHRI,C2 85;
SUMMERS, NATHAN CHRI,C2 86;
SUMMERS, NATHAN CHRI,C2 87;
SUMMERS, NATHAN CHRI,C2 88;
SUMMERS, NATHAN CHRI,C2 89;
SUMMERS, NATHAN CHRI,C2 90;
SUMMERS, NATHAN CHRI,C2 91;
SUMMERS, NATHAN CHRI,C2 92;
SUMMERS, NATHAN CHRI,C2 93;
SUMMERS, NATHAN CHRI,C2 94;
SUMMERS, NATHAN CHRI,C2 95;
SUMMERS, NATHAN CHRI,C2 '98;
SUMMERS, NATHAN CHRI,C2 '99;
SUMMERS, NATHAN CHRI,CA2 6;
SUMMERS, NATHAN CHRI,CA 406;
SUMMERS, NATHAN CHRI,CA 407;
SUMMERS, NATHAN CHRI,C&P 1;
SUMMERS, NATHAN CHRI,C&P 2;
SUMMERS, NATHAN CHRI,C&P 3;
SUMMERS, NATHAN CHRI,C&P 4;
SUMMERS, NATHAN CHRI,DPOOL3 22;
SUMMERS, NATHAN CHRI,GR3 9;
SUMMERS, NATHAN CHRI,H2 444;
SUMMERS, NATHAN CHRI,H2 455;
SUMMERS, NATHAN CHRI,M/CP 90/3;
SUMMERS, NATHAN CHRI,M/CP 91/3;
SUMMERS, NATHAN CHRI,M/CP 92/3;
SUMMERS, NATHAN CHRI,M/CP 93/3;
SUMMERS, NATHAN CHRI,M/CP 94/3;
SUMMERS, NATHAN CHRI,M/CP 95/3;
SUMMERS, NATHAN CHRI,M/CP 96/3;
SUMMERS, NATHAN CHRI,M/CP 97/3;
SUMMERS, NATHAN CHRI,M/HOL 1996/5;
SUMMERS, NATHAN CHRI,MM '98;
SUMMERS, NATHAN CHRI,M/VS 1/5;
SUMMERS, NATHAN CHRI,NM 100;
SUMMERS, NATHAN CHRI,NM 6;
SUMMERS, NATHAN CHRI,NM 7;
SUMMERS, NATHAN CHRI,NM 86;
SUMMERS, NATHAN CHRI,NM 87;
SUMMERS, NATHAN CHRI,NM 88;
SUMMERS, NATHAN CHRI,NM 89;
SUMMERS, NATHAN CHRI,NM 90;
SUMMERS, NATHAN CHRI,NM 91;
SUMMERS, NATHAN CHRI,NM 92;
SUMMERS, NATHAN CHRI,NM 93;
SUMMERS, NATHAN CHRI,NM 94;
SUMMERS, NATHAN CHRI,NM 95;
SUMMERS, NATHAN CHRI,NM 96;
SUMMERS, NATHAN CHRI,NM 97;
SUMMERS, NATHAN CHRI,NM 98;
SUMMERS, NATHAN CHRI,NM 99;
SUMMERS, NATHAN CHRI,NW 1;
SUMMERS, NATHAN CHRI,O:MU;
SUMMERS, NATHAN CHRI,Q 28;
SUMMERS, NATHAN CHRI,S-M 16;
SUMMERS, NATHAN CHRI,UX '00;
SUMMERS, NATHAN CHRI,UX 14;
SUMMERS, NATHAN CHRI,UX 14/2;
SUMMERS, NATHAN CHRI,UX 15;
SUMMERS, NATHAN CHRI,UX 201;
SUMMERS, NATHAN CHRI,UX 223;
SUMMERS, NATHAN CHRI,UX 239;
SUMMERS, NATHAN CHRI,UX 241;
SUMMERS, NATHAN CHRI,UX 242;
SUMMERS, NATHAN CHRI,UX 243;
SUMMERS, NATHAN CHRI,UX 270;
SUMMERS, NATHAN CHRI,UX 272;
SUMMERS, NATHAN CHRI,UX 273;
SUMMERS, NATHAN CHRI,UX 295;
SUMMERS, NATHAN CHRI,UX 296;
SUMMERS, NATHAN CHRI,UX 321;
SUMMERS, NATHAN CHRI,UX 336;
SUMMERS, NATHAN CHRI,UX 375;
SUMMERS, NATHAN CHRI,UX 377;
SUMMERS, NATHAN CHRI,UX 379;
SUMMERS, NATHAN CHRI,UX 381;
SUMMERS, NATHAN CHRI,UX 382;
SUMMERS, NATHAN CHRI,UX 383;
SUMMERS, NATHAN CHRI,UX 384;
SUMMERS, NATHAN CHRI,UX 385;
SUMMERS, NATHAN CHRI,UX 386;
SUMMERS, NATHAN CHRI,UX 387;
SUMMERS, NATHAN CHRI,UX 388;
SUMMERS, NATHAN CHRI,W2 139;
SUMMERS, NATHAN CHRI,W2 41;
SUMMERS, NATHAN CHRI,W2 42;
SUMMERS, NATHAN CHRI,W2 43;
SUMMERS, NATHAN CHRI,W2 85;
SUMMERS, NATHAN CHRI,W/C;
SUMMERS, NATHAN CHRI,W:RT;
SUMMERS, NATHAN CHRI,X 104;
SUMMERS, NATHAN CHRI,X 105;
SUMMERS, NATHAN CHRI,X 108;
SUMMERS, NATHAN CHRI,X 14;
SUMMERS, NATHAN CHRI,X 15;
SUMMERS, NATHAN CHRI,X 16;
SUMMERS, NATHAN CHRI,X 40;
SUMMERS, NATHAN CHRI,X 41;
SUMMERS, NATHAN CHRI,X 77;
SUMMERS, NATHAN CHRI,X 85;
SUMMERS, NATHAN CHRI,X 96;
SUMMERS, NATHAN CHRI,X 97;
SUMMERS, NATHAN CHRI,X 98;
SUMMERS, NATHAN CHRI,XCAL 4;
SUMMERS, NATHAN CHRI,XCAL 41;
SUMMERS, NATHAN CHRI,XCAL 8;
SUMMERS, NATHAN CHRI,XF 1;
SUMMERS, NATHAN CHRI,XF 35;
SUMMERS, NATHAN CHRI,XF 37;
SUMMERS, NATHAN CHRI,XF 38;
SUMMERS, NATHAN CHRI,XF 40;
SUMMERS, NATHAN CHRI,XF 41;
SUMMERS, NATHAN CHRI,XF 42;
SUMMERS, NATHAN CHRI,XF 43;
SUMMERS, NATHAN CHRI,XF 44;
SUMMERS, NATHAN CHRI,XF 45;
SUMMERS, NATHAN CHRI,XF 46;
SUMMERS, NATHAN CHRI,XF 48;
SUMMERS, NATHAN CHRI,XF 5;
SUMMERS, NATHAN CHRI,XF 50;
SUMMERS, NATHAN CHRI,XF 51;
SUMMERS, NATHAN CHRI,XF 52;
SUMMERS, NATHAN CHRI,XF 53;
SUMMERS, NATHAN CHRI,XF 54;
SUMMERS, NATHAN CHRI,XF 56;
SUMMERS, NATHAN CHRI,XF 57;
SUMMERS, NATHAN CHRI,XF 59;
SUMMERS, NATHAN CHRI,XF 6;
SUMMERS, NATHAN CHRI,XF 60;
SUMMERS, NATHAN CHRI,XF 61;
SUMMERS, NATHAN CHRI,XF 62;
SUMMERS, NATHAN CHRI,XF 66;
SUMMERS, NATHAN CHRI,XF 67;
SUMMERS, NATHAN CHRI,XF 68;
SUMMERS, NATHAN CHRI,XF 86;
SUMMERS, NATHAN CHRI,XF&C '95;
SUMMERS, NATHAN CHRI,XFOR 1;
SUMMERS, NATHAN CHRI,XFOR 10;
SUMMERS, NATHAN CHRI,XFOR 11;
SUMMERS, NATHAN CHRI,XFOR 12;
SUMMERS, NATHAN CHRI,XFOR 1/3;
SUMMERS, NATHAN CHRI,XFOR 13;
SUMMERS, NATHAN CHRI,XFOR 14;
SUMMERS, NATHAN CHRI,XFOR 15;
SUMMERS, NATHAN CHRI,XFOR 16;
SUMMERS, NATHAN CHRI,XFOR 17;
SUMMERS, NATHAN CHRI,XFOR 18;
SUMMERS, NATHAN CHRI,XFOR 2;
SUMMERS, NATHAN CHRI,XFOR 3;
SUMMERS, NATHAN CHRI,XFOR 35;
SUMMERS, NATHAN CHRI,XFOR 36;
SUMMERS, NATHAN CHRI,XFOR 39;
SUMMERS, NATHAN CHRI,XFOR 4;
SUMMERS, NATHAN CHRI,XFOR 40;
SUMMERS, NATHAN CHRI,XFOR 41;
SUMMERS, NATHAN CHRI,XFOR 43;
SUMMERS, NATHAN CHRI,XFOR 44;
SUMMERS, NATHAN CHRI,XFOR 45;
SUMMERS, NATHAN CHRI,XFOR 46;
SUMMERS, NATHAN CHRI,XFOR 47;
SUMMERS, NATHAN CHRI,XFOR 5;
SUMMERS, NATHAN CHRI,XFOR 50;
SUMMERS, NATHAN CHRI,XFOR 51;
SUMMERS, NATHAN CHRI,XFOR 54;
SUMMERS, NATHAN CHRI,XFOR 6;
SUMMERS, NATHAN CHRI,XFOR 69;
SUMMERS, NATHAN CHRI,XFOR 7;
SUMMERS, NATHAN CHRI,XFOR 70;
SUMMERS, NATHAN CHRI,XFOR 75;
SUMMERS, NATHAN CHRI,XFOR 8;
SUMMERS, NATHAN CHRI,XFOR 9;
SUMMERS, NATHAN CHRI,XFOR '97;
SUMMERS, NATHAN CHRI,XF:PL;
SUMMERS, NATHAN CHRI,XM 13;
SUMMERS, NATHAN CHRI,XM 14;
SUMMERS, NATHAN CHRI,XM 25;
SUMMERS, NATHAN CHRI,XM 30;
SUMMERS, NATHAN CHRI,XM 46;
SUMMERS, NATHAN CHRI,XM 47;
SUMMERS, NATHAN CHRI,XMF 1;
SUMMERS, NATHAN CHRI,X:PRIME;
SUMMERS, NATHAN CHRI,X:SC 1;
SUMMERS, NATHAN CHRI,X:SC 2;
SUMMERS, NATHAN CHRI,X:SC 3;
SUMMERS, NATHAN CHRI,X:SC 4;
SUMMERS, NATHAN CHRI,XU 23;
SUMMERS, NATHAN CHRI,XU 27;
SUMMERS, NATHAN CHRI,XU 28;
SUMMERS, PHILIP,X 39;
SUMMERS, SCOTT III |,MX '01;
SUMMERS, SCOTT III |,MX 1;
SUMMERS, SCOTT III |,MX 11;
SUMMERS, SCOTT III |,MX 12;
SUMMERS, SCOTT III |,MX 14;
SUMMERS, SCOTT III |,MX 15;
SUMMERS, SCOTT III |,MX 19;
SUMMERS, SCOTT III |,MX 2;
SUMMERS, SCOTT III |,MX 21;
SUMMERS, SCOTT III |,MX 22;
SUMMERS, SCOTT III |,MX 23;
SUMMERS, SCOTT III |,MX 32;
SUMMERS, SCOTT III |,MX 4;
SUMMERS, SCOTT III |,MX 6;
SUMMERS, SCOTT III |,MX 7;
SUMMERS, SCOTT III |,MX 8;
SUMMERS, SCOTT III |,MX 9;
SUMO,C 1;
SUMO,NM 93;
SUMO,NM 94;
SUMO,XFOR 10;
SUMO,XFOR 7/2;
SUMO,XFOR 9/2;
SUNDANCE,FW 12/2;
SUNDANCE,WARM 15/2;
SUNDER,NM 46;
SUNDER,PP 12;
SUNDER,UX 169;
SUNDER,UX 170;
SUNDER,UX 171;
SUNDER,UX 176;
SUNDER,UX 178;
SUNDER,UX 179;
SUNDER,UX 190;
SUNDER,UX 191;
SUNDER,UX 193;
SUNDER,UX 195;
SUNDER,UX 208;
SUNDER,UX 211;
SUNDER,UX 212;
SUNDER,UX 254;
SUNDOWN/DR. DAVE LOW,ASM '97;
SUNDOWN/DR. DAVE LOW,UTSM '97;
SUNDRAGON/PAMELA DOU,CPU 2/3;
SUNDRAGON/PAMELA DOU,SOLOA 16;
SUNDRAGON/PAMELA DOU,SOLOA 18;
SUNDRAGON/PAMELA DOU,SOLOA 20;
SUNFIRE/SHIRO YASHID,MX 15;
SUNFIRE/SHIRO YOSHID,A 117;
SUNFIRE/SHIRO YOSHID,AF2 1;
SUNFIRE/SHIRO YOSHID,AF2 12;
SUNFIRE/SHIRO YOSHID,AF2 13;
SUNFIRE/SHIRO YOSHID,AF2 17;
SUNFIRE/SHIRO YOSHID,AF2 2;
SUNFIRE/SHIRO YOSHID,AF2 3;
SUNFIRE/SHIRO YOSHID,AF2 4;
SUNFIRE/SHIRO YOSHID,AF2 5;
SUNFIRE/SHIRO YOSHID,AF2 7;
SUNFIRE/SHIRO YOSHID,AF2 8;
SUNFIRE/SHIRO YOSHID,AF2 9;
SUNFIRE/SHIRO YOSHID,AWC 71;
SUNFIRE/SHIRO YOSHID,AWC 74;
SUNFIRE/SHIRO YOSHID,C2 76;
SUNFIRE/SHIRO YOSHID,COC 1;
SUNFIRE/SHIRO YOSHID,COC 2;
SUNFIRE/SHIRO YOSHID,COC 3;
SUNFIRE/SHIRO YOSHID,DLOK 3;
SUNFIRE/SHIRO YOSHID,DLOK 4;
SUNFIRE/SHIRO YOSHID,GSX 1;
SUNFIRE/SHIRO YOSHID,H2 279;
SUNFIRE/SHIRO YOSHID,IFW 2;
SUNFIRE/SHIRO YOSHID,IFW 3;
SUNFIRE/SHIRO YOSHID,IFW 4;
SUNFIRE/SHIRO YOSHID,IM 68;
SUNFIRE/SHIRO YOSHID,IM 69;
SUNFIRE/SHIRO YOSHID,IM 70;
SUNFIRE/SHIRO YOSHID,IM 98;
SUNFIRE/SHIRO YOSHID,IM 99;
SUNFIRE/SHIRO YOSHID,MAXSEC 1;
SUNFIRE/SHIRO YOSHID,MAXSEC 3;
SUNFIRE/SHIRO YOSHID,M/CP 32/4;
SUNFIRE/SHIRO YOSHID,NM 93;
SUNFIRE/SHIRO YOSHID,NM 94;
SUNFIRE/SHIRO YOSHID,S&BH6 1;
SUNFIRE/SHIRO YOSHID,S&BH6 2;
SUNFIRE/SHIRO YOSHID,S&BH6 3;
SUNFIRE/SHIRO YOSHID,SUB-M 52;
SUNFIRE/SHIRO YOSHID,SUB-M 53;
SUNFIRE/SHIRO YOSHID,SUB-M 54;
SUNFIRE/SHIRO YOSHID,UX 118;
SUNFIRE/SHIRO YOSHID,UX 119;
SUNFIRE/SHIRO YOSHID,UX 120;
SUNFIRE/SHIRO YOSHID,UX 181;
SUNFIRE/SHIRO YOSHID,UX 284;
SUNFIRE/SHIRO YOSHID,UX 285;
SUNFIRE/SHIRO YOSHID,UX 286;
SUNFIRE/SHIRO YOSHID,UX 377;
SUNFIRE/SHIRO YOSHID,UX 378;
SUNFIRE/SHIRO YOSHID,UX 379;
SUNFIRE/SHIRO YOSHID,UX 64;
SUNFIRE/SHIRO YOSHID,UX 94;
SUNFIRE/SHIRO YOSHID,W2 55;
SUNFIRE/SHIRO YOSHID,W2 56;
SUNFIRE/SHIRO YOSHID,W2 60;
SUNFIRE/SHIRO YOSHID,X 93;
SUNFIRE/SHIRO YOSHID,X 94;
SUNFIRE/SHIRO YOSHID,X 96;
SUNFIRE/SHIRO YOSHID,X 97;
SUNFIRE/SHIRO YOSHID,X 98;
SUNFIRE/SHIRO YOSHID,X:L 2;
SUN, LIN,DHKF 1;
SUN, LIN,DHKF 10/3;
SUN, LIN,DHKF 11/2;
SUN, LIN,DHKF 1/2;
SUN, LIN,DHKF 14/2;
SUN, LIN,DHKF 16/3;
SUN, LIN,DHKF 17/2;
SUN, LIN,DHKF 18/2;
SUN, LIN,DHKF 19/2;
SUN, LIN,DHKF 20/2;
SUN, LIN,DHKF 22/2;
SUN, LIN,DHKF 23/2;
SUN, LIN,DHKF 24/2;
SUN, LIN,DHKF 26;
SUN, LIN,DHKF 29/2;
SUN, LIN,DHKF 3;
SUN, LIN,DHKF 30;
SUN, LIN,DHKF 32/2;
SUN, LIN,DHKF 4/2;
SUN, LIN,DHKF 6;
SUN, LIN,DHKF 7/2;
SUN, LIN,DHKF 8/2;
SUN, LIN,DHKF 9/2;
SUN, LIN,M/TU 40;
SUN, LIN,PM&IF 65;
SUN, LIN,PM&IF 74;
SUNSET GRACE,X 35;
SUNSET,S-M 26;
SUNSHINE/AUTUMN MACR,M/:LG 10;
SUNSHINE/AUTUMN MACR,M/:LG 5;
SUNSHINE/AUTUMN MACR,M/:LG 8;
SUNSHINE/AUTUMN MACR,M/:LG 9;
SUNSPOT/ROBERTO DACO,A 299;
SUNSPOT/ROBERTO DACO,C2 29;
SUNSPOT/ROBERTO DACO,C2 73;
SUNSPOT/ROBERTO DACO,C2 74;
SUNSPOT/ROBERTO DACO,C&D3 4;
SUNSPOT/ROBERTO DACO,DPOOL3 22;
SUNSPOT/ROBERTO DACO,FA 1;
SUNSPOT/ROBERTO DACO,FA 2;
SUNSPOT/ROBERTO DACO,FA 3;
SUNSPOT/ROBERTO DACO,FA 4;
SUNSPOT/ROBERTO DACO,FA 5;
SUNSPOT/ROBERTO DACO,FA 6;
SUNSPOT/ROBERTO DACO,FA 7;
SUNSPOT/ROBERTO DACO,FA 8;
SUNSPOT/ROBERTO DACO,FS 1;
SUNSPOT/ROBERTO DACO,FS 2;
SUNSPOT/ROBERTO DACO,M/AGE 4;
SUNSPOT/ROBERTO DACO,M/CP 79/3;
SUNSPOT/ROBERTO DACO,MGK 3;
SUNSPOT/ROBERTO DACO,M/GN 4;
SUNSPOT/ROBERTO DACO,M/TU 6;
SUNSPOT/ROBERTO DACO,MX 26;
SUNSPOT/ROBERTO DACO,NM 1;
SUNSPOT/ROBERTO DACO,NM 10;
SUNSPOT/ROBERTO DACO,NM 11;
SUNSPOT/ROBERTO DACO,NM 12;
SUNSPOT/ROBERTO DACO,NM 13;
SUNSPOT/ROBERTO DACO,NM 14;
SUNSPOT/ROBERTO DACO,NM 15;
SUNSPOT/ROBERTO DACO,NM 16;
SUNSPOT/ROBERTO DACO,NM 17;
SUNSPOT/ROBERTO DACO,NM 18;
SUNSPOT/ROBERTO DACO,NM 19;
SUNSPOT/ROBERTO DACO,NM 2;
SUNSPOT/ROBERTO DACO,NM 20;
SUNSPOT/ROBERTO DACO,NM 21;
SUNSPOT/ROBERTO DACO,NM 22;
SUNSPOT/ROBERTO DACO,NM 23;
SUNSPOT/ROBERTO DACO,NM 24;
SUNSPOT/ROBERTO DACO,NM 25;
SUNSPOT/ROBERTO DACO,NM 29;
SUNSPOT/ROBERTO DACO,NM 3;
SUNSPOT/ROBERTO DACO,NM 30;
SUNSPOT/ROBERTO DACO,NM 31;
SUNSPOT/ROBERTO DACO,NM 32;
SUNSPOT/ROBERTO DACO,NM 33;
SUNSPOT/ROBERTO DACO,NM 34;
SUNSPOT/ROBERTO DACO,NM 35;
SUNSPOT/ROBERTO DACO,NM 36;
SUNSPOT/ROBERTO DACO,NM 37;
SUNSPOT/ROBERTO DACO,NM 4;
SUNSPOT/ROBERTO DACO,NM 4/2;
SUNSPOT/ROBERTO DACO,NM 43;
SUNSPOT/ROBERTO DACO,NM 44;
SUNSPOT/ROBERTO DACO,NM 45;
SUNSPOT/ROBERTO DACO,NM 46;
SUNSPOT/ROBERTO DACO,NM 47;
SUNSPOT/ROBERTO DACO,NM 48;
SUNSPOT/ROBERTO DACO,NM 5;
SUNSPOT/ROBERTO DACO,NM 50;
SUNSPOT/ROBERTO DACO,NM 51;
SUNSPOT/ROBERTO DACO,NM 52;
SUNSPOT/ROBERTO DACO,NM 59;
SUNSPOT/ROBERTO DACO,NM 6;
SUNSPOT/ROBERTO DACO,NM 60;
SUNSPOT/ROBERTO DACO,NM 61;
SUNSPOT/ROBERTO DACO,NM 62;
SUNSPOT/ROBERTO DACO,NM 64;
SUNSPOT/ROBERTO DACO,NM 65;
SUNSPOT/ROBERTO DACO,NM 66;
SUNSPOT/ROBERTO DACO,NM 67;
SUNSPOT/ROBERTO DACO,NM 68;
SUNSPOT/ROBERTO DACO,NM 69;
SUNSPOT/ROBERTO DACO,NM 7;
SUNSPOT/ROBERTO DACO,NM 70;
SUNSPOT/ROBERTO DACO,NM 71;
SUNSPOT/ROBERTO DACO,NM 72;
SUNSPOT/ROBERTO DACO,NM 73;
SUNSPOT/ROBERTO DACO,NM 74;
SUNSPOT/ROBERTO DACO,NM 75;
SUNSPOT/ROBERTO DACO,NM 76;
SUNSPOT/ROBERTO DACO,NM 77;
SUNSPOT/ROBERTO DACO,NM 78;
SUNSPOT/ROBERTO DACO,NM 79;
SUNSPOT/ROBERTO DACO,NM 8;
SUNSPOT/ROBERTO DACO,NM 80;
SUNSPOT/ROBERTO DACO,NM 81;
SUNSPOT/ROBERTO DACO,NM 82;
SUNSPOT/ROBERTO DACO,NM 83;
SUNSPOT/ROBERTO DACO,NM 84;
SUNSPOT/ROBERTO DACO,NM 85;
SUNSPOT/ROBERTO DACO,NM 86;
SUNSPOT/ROBERTO DACO,NM 87;
SUNSPOT/ROBERTO DACO,NM 88;
SUNSPOT/ROBERTO DACO,NM 89;
SUNSPOT/ROBERTO DACO,NM 9;
SUNSPOT/ROBERTO DACO,NM 90;
SUNSPOT/ROBERTO DACO,NM 91;
SUNSPOT/ROBERTO DACO,NM 92;
SUNSPOT/ROBERTO DACO,NM 93;
SUNSPOT/ROBERTO DACO,NM 94;
SUNSPOT/ROBERTO DACO,NM 95;
SUNSPOT/ROBERTO DACO,NM 96;
SUNSPOT/ROBERTO DACO,NM 97;
SUNSPOT/ROBERTO DACO,NM 98;
SUNSPOT/ROBERTO DACO,NM 99;
SUNSPOT/ROBERTO DACO,NMSE 1;
SUNSPOT/ROBERTO DACO,NMSS 1;
SUNSPOT/ROBERTO DACO,NM:TD 1;
SUNSPOT/ROBERTO DACO,NM:TD 2;
SUNSPOT/ROBERTO DACO,NM:TD 3;
SUNSPOT/ROBERTO DACO,PP 33;
SUNSPOT/ROBERTO DACO,PP 40;
SUNSPOT/ROBERTO DACO,PP 42;
SUNSPOT/ROBERTO DACO,PP 44;
SUNSPOT/ROBERTO DACO,Q 8;
SUNSPOT/ROBERTO DACO,ROM 3;
SUNSPOT/ROBERTO DACO,SEX 1;
SUNSPOT/ROBERTO DACO,S-M 16;
SUNSPOT/ROBERTO DACO,SWII 5;
SUNSPOT/ROBERTO DACO,SWII 7;
SUNSPOT/ROBERTO DACO,TB 25;
SUNSPOT/ROBERTO DACO,UX 10;
SUNSPOT/ROBERTO DACO,UX 14;
SUNSPOT/ROBERTO DACO,UX 167;
SUNSPOT/ROBERTO DACO,UX 188;
SUNSPOT/ROBERTO DACO,UX 190;
SUNSPOT/ROBERTO DACO,UX 191;
SUNSPOT/ROBERTO DACO,UX 200;
SUNSPOT/ROBERTO DACO,UX 201;
SUNSPOT/ROBERTO DACO,UX 230;
SUNSPOT/ROBERTO DACO,UX 231;
SUNSPOT/ROBERTO DACO,UX 270;
SUNSPOT/ROBERTO DACO,UX 272;
SUNSPOT/ROBERTO DACO,UX 294;
SUNSPOT/ROBERTO DACO,UX 295;
SUNSPOT/ROBERTO DACO,UX 296;
SUNSPOT/ROBERTO DACO,UX 331;
SUNSPOT/ROBERTO DACO,UX 335;
SUNSPOT/ROBERTO DACO,UX 8;
SUNSPOT/ROBERTO DACO,UX 9;
SUNSPOT/ROBERTO DACO,W:RT;
SUNSPOT/ROBERTO DACO,X 14;
SUNSPOT/ROBERTO DACO,XCAL 8;
SUNSPOT/ROBERTO DACO,XF 41;
SUNSPOT/ROBERTO DACO,XF 5;
SUNSPOT/ROBERTO DACO,XF 60;
SUNSPOT/ROBERTO DACO,XF 61;
SUNSPOT/ROBERTO DACO,XF 62;
SUNSPOT/ROBERTO DACO,XF 84;
SUNSPOT/ROBERTO DACO,XF&C '95;
SUNSPOT/ROBERTO DACO,XFOR 1;
SUNSPOT/ROBERTO DACO,XFOR 100;
SUNSPOT/ROBERTO DACO,XFOR 12;
SUNSPOT/ROBERTO DACO,XFOR 13;
SUNSPOT/ROBERTO DACO,XFOR 14;
SUNSPOT/ROBERTO DACO,XFOR 15;
SUNSPOT/ROBERTO DACO,XFOR 16;
SUNSPOT/ROBERTO DACO,XFOR 17;
SUNSPOT/ROBERTO DACO,XFOR 3;
SUNSPOT/ROBERTO DACO,XFOR 43;
SUNSPOT/ROBERTO DACO,XFOR 44;
SUNSPOT/ROBERTO DACO,XFOR 45;
SUNSPOT/ROBERTO DACO,XFOR 46;
SUNSPOT/ROBERTO DACO,XFOR 47;
SUNSPOT/ROBERTO DACO,XFOR 48;
SUNSPOT/ROBERTO DACO,XFOR 49;
SUNSPOT/ROBERTO DACO,XFOR 50;
SUNSPOT/ROBERTO DACO,XFOR 51;
SUNSPOT/ROBERTO DACO,XFOR 52;
SUNSPOT/ROBERTO DACO,XFOR 53;
SUNSPOT/ROBERTO DACO,XFOR 54;
SUNSPOT/ROBERTO DACO,XFOR 57;
SUNSPOT/ROBERTO DACO,XFOR 62;
SUNSPOT/ROBERTO DACO,XFOR 69;
SUNSPOT/ROBERTO DACO,XFOR 70;
SUNSPOT/ROBERTO DACO,XFOR 71;
SUNSPOT/ROBERTO DACO,XFOR 72;
SUNSPOT/ROBERTO DACO,XFOR 73;
SUNSPOT/ROBERTO DACO,XFOR 74;
SUNSPOT/ROBERTO DACO,XFOR 75;
SUNSPOT/ROBERTO DACO,XFOR 76;
SUNSPOT/ROBERTO DACO,XFOR 77;
SUNSPOT/ROBERTO DACO,XFOR 78;
SUNSPOT/ROBERTO DACO,XFOR 79;
SUNSPOT/ROBERTO DACO,XFOR 80;
SUNSPOT/ROBERTO DACO,XFOR 81;
SUNSPOT/ROBERTO DACO,XFOR 82;
SUNSPOT/ROBERTO DACO,XFOR 83;
SUNSPOT/ROBERTO DACO,XFOR 84;
SUNSPOT/ROBERTO DACO,XFOR 85;
SUNSPOT/ROBERTO DACO,XFOR 86;
SUNSPOT/ROBERTO DACO,XFOR 87;
SUNSPOT/ROBERTO DACO,XFOR 89;
SUNSPOT/ROBERTO DACO,XFOR 90;
SUNSPOT/ROBERTO DACO,XFOR 91;
SUNSPOT/ROBERTO DACO,XFOR 92;
SUNSPOT/ROBERTO DACO,XFOR 93;
SUNSPOT/ROBERTO DACO,XFOR 94;
SUNSPOT/ROBERTO DACO,XFOR 96;
SUNSPOT/ROBERTO DACO,XFOR '97;
SUNSPOT/ROBERTO DACO,XFOR 97;
SUNSPOT/ROBERTO DACO,XFOR '98;
SUNSPOT/ROBERTO DACO,XFOR 98;
SUNSPOT/ROBERTO DACO,XFOR 99;
SUNSPOT/ROBERTO DACO,X&M 1;
SUNSPOT/ROBERTO DACO,X&M 2;
SUNSPOT/ROBERTO DACO,X&M 3;
SUNSPOT/ROBERTO DACO,X&M 4;
SUNSPOT/ROBERTO DACO,X:PRIME;
SUNSPOT/ROBERTO DACO,XTERM 4;
SUNSPOT/ROBERTO DACO,XU 23;
SUNSPYRE/LEYU YOSHID,UX 392;
SUNSPYRE/LEYU YOSHID,UX 393;
SUNSPYRE/LEYU YOSHID,X 112;
SUNSPYRE/LEYU YOSHID,X 113;
SUNSTROKE/,TB 24;
SUNSTROKE/,TB 25;
SUN-TAO,IM '00;
SUN-TAO,IM3 31;
SUN-TAO,IM3 32;
SUNTURION/ARTHUR DEA,ASM 25;
SUNTURION/ARTHUR DEA,IM 143;
SUNTURION/ARTHUR DEA,IM 144;
SUNTURION/ARTHUR DEA,IM 248;
SUNTURION/ARTHUR DEA,IM 9;
SUNTURION/ARTHUR DEA,PPTSS 11;
SUNTURION/ARTHUR DEA,WOSM 7;
SUNTURION II/MIKE ST,DD 224;
SUPER-ADAPTOID/ALESS,A 286;
SUPER-ADAPTOID/ALESS,A 287;
SUPER-ADAPTOID/ALESS,A 288;
SUPER-ADAPTOID/ALESS,A 289;
SUPER-ADAPTOID/ALESS,A 290;
SUPER-ADAPTOID/ALESS,A 45;
SUPER-ADAPTOID/ALESS,CA 354;
SUPER-ADAPTOID/ALESS,CA 441;
SUPER-ADAPTOID/ALESS,CM 50;
SUPER-ADAPTOID/ALESS,FF 336;
SUPER-ADAPTOID/ALESS,H2 469;
SUPER-ADAPTOID/ALESS,HFH 10;
SUPER-ADAPTOID/ALESS,HFH 7;
SUPER-ADAPTOID/ALESS,IM 49;
SUPER-ADAPTOID/ALESS,IM 50;
SUPER-ADAPTOID/ALESS,IM 51;
SUPER-ADAPTOID/ALESS,M/TIO 75;
SUPER-ADAPTOID/ALESS,TOS 82/2;
SUPER-ADAPTOID/ALESS,TOS 83/2;
SUPER-ADAPTOID/ALESS,TOS 84/2;
SUPER-ADAPTOID/ALESS,UX 29;
SUPER-ANDROID F-4,AUP 3;
SUPER-ANDROID F-4,FFUP 1;
SUPERCHARGER/,TB 24;
SUPERCHARGER/,TB 25;
SUPERIA/WENTWORTH, D,A 388;
SUPERIA/WENTWORTH, D,CA 390;
SUPERIA/WENTWORTH, D,CA 391;
SUPERIA/WENTWORTH, D,CA 392;
SUPERIA/WENTWORTH, D,CA 431;
SUPERIA/WENTWORTH, D,CA 432;
SUPERIA/WENTWORTH, D,CA 433;
SUPERIA/WENTWORTH, D,CA 439;
SUPERIA/WENTWORTH, D,CA 440;
SUPERIA/WENTWORTH, D,CA 441;
SUPER-NOVA,A 301;
SUPER-NOVA,A 302;
SUPER-NOVA,A 303;
SUPER-NOVA,NW 39;
SUPER-PATRIOT,NFAOS 13;
SUPER SABRE/MARTIN F,CA 346;
SUPER SABRE/MARTIN F,NM 65;
SUPER SABRE/MARTIN F,NM 7/2;
SUPER SABRE/MARTIN F,NM 78;
SUPER SABRE/MARTIN F,NM 88;
SUPER SABRE/MARTIN F,NM 89;
SUPER SABRE/MARTIN F,Q 17;
SUPER SABRE/MARTIN F,UX 215;
SUPER SABRE/MARTIN F,UX 216;
SUPER SABRE/MARTIN F,UX 223;
SUPER SABRE/MARTIN F,UX 225;
SUPER SABRE/MARTIN F,UX 226;
SUPER SABRE/MARTIN F,UX 227;
SUPER SABRE/MARTIN F,X 106;
SUPER SABRE/MARTIN F,XF 30;
SUPER SABRE/MARTIN F,XF 31;
SUPER SKRULL/KL'RT,A 92;
SUPER SKRULL/KL'RT,A 94;
SUPER SKRULL/KL'RT,AF 10;
SUPER SKRULL/KL'RT,AF 9;
SUPER SKRULL/KL'RT,CM 2;
SUPER SKRULL/KL'RT,CM 25;
SUPER SKRULL/KL'RT,CM 26;
SUPER SKRULL/KL'RT,CM 27;
SUPER SKRULL/KL'RT,CM 3;
SUPER SKRULL/KL'RT,CM5 10;
SUPER SKRULL/KL'RT,CM 53;
SUPER SKRULL/KL'RT,CM5 8;
SUPER SKRULL/KL'RT,CM5 9;
SUPER SKRULL/KL'RT,FF 18;
SUPER SKRULL/KL'RT,FF 24/3;
SUPER SKRULL/KL'RT,FF 3;
SUPER SKRULL/KL'RT,FF 32;
SUPER SKRULL/KL'RT,FF3 37;
SUPER SKRULL/KL'RT,H2 374;
SUPER SKRULL/KL'RT,H2 375;
SUPER SKRULL/KL'RT,M/CHL 6;
SUPER SKRULL/KL'RT,M/CHL 7;
SUPER SKRULL/KL'RT,M/TU 61;
SUPER SKRULL/KL'RT,M/TU 62;
SUPER SKRULL/KL'RT,N 10;
SUPER SKRULL/KL'RT,N 14;
SUPER SKRULL/KL'RT,N 15;
SUPER SKRULL/KL'RT,N 16;
SUPER SKRULL/KL'RT,N 17;
SUPER SKRULL/KL'RT,N 18;
SUPER SKRULL/KL'RT,N 25;
SUPER SKRULL/KL'RT,N 8;
SUPER SKRULL/KL'RT,PM&IF 111;
SUPER SKRULL/KL'RT,PM&IF 112;
SUPER SKRULL/KL'RT,PM&IF 113;
SUPER SKRULL/KL'RT,PM&IF 121;
SUPER SKRULL/KL'RT,PM&IF 125;
SUPER SKRULL/KL'RT,Q 34;
SUPER SKRULL/KL'RT,SS 1;
SUPER SKRULL/KL'RT,SS3 105;
SUPER SKRULL/KL'RT,SS3 20;
SUPER SKRULL/KL'RT,SS3 25;
SUPER SKRULL/KL'RT,SS3 26;
SUPER SKRULL/KL'RT,SS3 27;
SUPER SKRULL/KL'RT,SS3 28;
SUPER SKRULL/KL'RT,T 142;
SUPREME COMMANDER,FW 11;
SUPREME COMMANDER,WARM 14;
SUPREME INTELLIGENCE,A 124;
SUPREME INTELLIGENCE,A 134;
SUPREME INTELLIGENCE,A3 35;
SUPREME INTELLIGENCE,A 346;
SUPREME INTELLIGENCE,A 347;
SUPREME INTELLIGENCE,A3 7;
SUPREME INTELLIGENCE,A 89;
SUPREME INTELLIGENCE,A 95;
SUPREME INTELLIGENCE,A 96;
SUPREME INTELLIGENCE,AVF 1;
SUPREME INTELLIGENCE,AVF 10;
SUPREME INTELLIGENCE,AVF 11;
SUPREME INTELLIGENCE,AVF 12;
SUPREME INTELLIGENCE,AVF 2;
SUPREME INTELLIGENCE,AVF 9;
SUPREME INTELLIGENCE,CA 398;
SUPREME INTELLIGENCE,CA 400;
SUPREME INTELLIGENCE,CA 7;
SUPREME INTELLIGENCE,CM 16;
SUPREME INTELLIGENCE,CM 17;
SUPREME INTELLIGENCE,CM 41;
SUPREME INTELLIGENCE,CM 44;
SUPREME INTELLIGENCE,CM 45;
SUPREME INTELLIGENCE,CM 46;
SUPREME INTELLIGENCE,FF 65;
SUPREME INTELLIGENCE,GUARD 3;
SUPREME INTELLIGENCE,IM 278;
SUPREME INTELLIGENCE,IM 279;
SUPREME INTELLIGENCE,IM3 7;
SUPREME INTELLIGENCE,MAXSEC 2;
SUPREME INTELLIGENCE,MAXSEC 3;
SUPREME INTELLIGENCE,M/GN 1;
SUPREME INTELLIGENCE,MSM 18;
SUPREME INTELLIGENCE,MSM 19;
SUPREME INTELLIGENCE,QS 10;
SUPREME INTELLIGENCE,SS3 10;
SUPREME INTELLIGENCE,SS3 13;
SUPREME INTELLIGENCE,SS3 28;
SUPREME INTELLIGENCE,SS3 29;
SUPREME INTELLIGENCE,SS3 30;
SUPREME INTELLIGENCE,SS3 31;
SUPREME INTELLIGENCE,SS3 4;
SUPREME INTELLIGENCE,SS3 6;
SUPREME INTELLIGENCE,SS3 7;
SUPREME INTELLIGENCE,SS3 8;
SUPREME INTELLIGENCE,TB 45;
SUPREME INTELLIGENCE,UX 137;
SUPREME INTELLIGENCE,WI? 28/3;
SUPREME INTELLIGENCE,WM2 7;
SUPREME ONE,UX 20;
SUPREME ONE,UX 21;
SUPREMOR,A 346;
SUPREMOR,AWC 82;
SUPREMOR,CA 398;
SUPREMOR,CA 399;
SUPREMOR,T 446;
SURESHOT,NO2 10;
SURESHOT,NO2 13;
SURGEON GENERAL/ANGE,DD 305;
SURGEON GENERAL/ANGE,DD 306;
SURGE,S-H2 27;
SURTUR,A 61;
SURTUR,DRSTR 177;
SURTUR,DRSTR 178;
SURTUR,JIM 104;
SURTUR,JIM 97/2;
SURTUR,JIM 99/2;
SURTUR,T 128/2;
SURTUR,T 176;
SURTUR,T 177;
SURTUR,T 200;
SURTUR,T2 37;
SURTUR,T2 38;
SURTUR,T2 39;
SURTUR,T 324/2;
SURTUR,T 342;
SURTUR,T 343;
SURTUR,T 344;
SURTUR,T 345;
SURTUR,T 346;
SURTUR,T 347;
SURTUR,T 348;
SURTUR,T 349;
SURTUR,T 351;
SURTUR,T 352;
SURTUR,T 353;
SURTUR,T 399;
SURTUR,T 400;
SURTUR,T 400/4;
SURTUR,T 424/2;
SURTUR,T 425;
SUTTON, JOHN,NW2 2;
SUVOROV, ADMIRAL GRI,M:DS 1;
SUVOROV, ADMIRAL GRI,M:DS 2;
SUWAN,CA 165;
SUWAN,CA 166;
SUWAN,CA 167;
SUWAN,INV 41;
SUWAN,ST 161;
SUWAN,ST 163;
SUWAN,ST 164/2;
SUWAN,YC 4;
SUZIE,H2 347;
SUZIE,H2 351;
SUZIE,H2 354;
SUZIE,M/CP 38/4;
SUZIE,M/CP 6/4;
SVAROG,IG 2;
SVYATOGOR/SASHA POKR,AWC 87;
SVYATOGOR/SASHA POKR,AWC 88;
SWANN, DR. EVAN,ASM 25;
SWANN, DR. EVAN,ASM 310;
SWANN, DR. EVAN,ASM 311;
SWANN, DR. EVAN,ASM 326;
SWANN, DR. EVAN,ASM 334;
SWANN, DR. EVAN,ASM 339;
SWANN, DR. EVAN,ASM 348;
SWANN, DR. EVAN,ASM 350;
SWANN, DR. EVAN,PPTSS 149;
SWANN, DR. EVAN,WOSM 50;
SWARM/FRITZ VON MEYE,CHAMP 14;
SWARM/FRITZ VON MEYE,CHAMP 15;
SWARM/FRITZ VON MEYE,PPTSS 36;
SWARM/FRITZ VON MEYE,PPTSS 37;
SWARM/FRITZ VON MEYE,SENSM 10;
SWARM/FRITZ VON MEYE,SENSM 9;
SWEEPZWEAK,UX 16;
SWIFT/,WOSM 92;
SWITCH/DEVON ALOMAR,XFOR 87;
SWITCH/DEVON ALOMAR,XFOR 89;
SWITCH/DEVON ALOMAR,XFOR 90;
SWITZLER, BEVERLY,GENX 23;
SWITZLER, BEVERLY,GENX 25;
SWITZLER, BEVERLY,HTD 1;
SWITZLER, BEVERLY,HTD 10;
SWITZLER, BEVERLY,HTD 11;
SWITZLER, BEVERLY,HTD 14;
SWITZLER, BEVERLY,HTD 15;
SWITZLER, BEVERLY,HTD 17;
SWITZLER, BEVERLY,HTD 18;
SWITZLER, BEVERLY,HTD 2;
SWITZLER, BEVERLY,HTD 25;
SWITZLER, BEVERLY,HTD 3;
SWITZLER, BEVERLY,HTD 30;
SWITZLER, BEVERLY,HTD 31;
SWITZLER, BEVERLY,HTD 33;
SWITZLER, BEVERLY,HTD 4;
SWITZLER, BEVERLY,HTD 5;
SWITZLER, BEVERLY,HTD 6;
SWITZLER, BEVERLY,HTD 7;
SWITZLER, BEVERLY,HTD 8;
SWITZLER, BEVERLY,HTD 9;
SWITZLER, BEVERLY,HTD MAG 1;
SWITZLER, BEVERLY,HTD MAG 1/2;
SWITZLER, BEVERLY,HTD MAG 1/3;
SWITZLER, BEVERLY,HTD MAG 2;
SWITZLER, BEVERLY,HTD MAG 2/2;
SWITZLER, BEVERLY,HTD MAG 3;
SWITZLER, BEVERLY,HTD MAG 5;
SWITZLER, BEVERLY,HTD MAG 5/2;
SWITZLER, BEVERLY,HTD MAG 6;
SWITZLER, BEVERLY,HTD MAG 6/2;
SWITZLER, BEVERLY,HTD MAG 6/3;
SWITZLER, BEVERLY,HTD MAG 6/4;
SWITZLER, BEVERLY,HTD MAG 7;
SWITZLER, BEVERLY,HTD MAG 7/2;
SWITZLER, BEVERLY,HTD MAG 7/3;
SWITZLER, BEVERLY,HTD MAG 8;
SWITZLER, BEVERLY,HTD MAG 8/2;
SWITZLER, BEVERLY,HTD MAG 9;
SWITZLER, BEVERLY,HTD MAG 9/2;
SWITZLER, BEVERLY,HTD MAG 9/3;
SWITZLER, BEVERLY,M/TE 12;
SWITZLER, BEVERLY,M/TU 96;
SWITZLER, BEVERLY,S-H2 14;
SWITZLER, BEVERLY,SMTU 5/2;
SWORDSMAN II/COTATI,A 130;
SWORDSMAN II/COTATI,A 131;
SWORDSMAN II/COTATI,A 132;
SWORDSMAN II/COTATI,A 133;
SWORDSMAN II/COTATI,A 134;
SWORDSMAN II/COTATI,A 135;
SWORDSMAN II/COTATI,A 392;
SWORDSMAN II/COTATI,A 395;
SWORDSMAN II/COTATI,GSA 4;
SWORDSMAN II/COTATI,SS3 4;
SWORDSMAN II/COTATI,WCA2 39;
SWORDSMAN III/PHILIP,A3 1;
SWORDSMAN III/PHILIP,A3 2;
SWORDSMAN III/PHILIP,A3 3;
SWORDSMAN III/PHILIP,A3 4;
SWORDSMAN III/PHILIP,A 343;
SWORDSMAN III/PHILIP,A 344;
SWORDSMAN III/PHILIP,A 355;
SWORDSMAN III/PHILIP,A 356;
SWORDSMAN III/PHILIP,A 357;
SWORDSMAN III/PHILIP,A 378;
SWORDSMAN III/PHILIP,A 379;
SWORDSMAN III/PHILIP,A 390;
SWORDSMAN III/PHILIP,A 391;
SWORDSMAN III/PHILIP,A 392;
SWORDSMAN III/PHILIP,A 393;
SWORDSMAN III/PHILIP,A 394;
SWORDSMAN III/PHILIP,A 397;
SWORDSMAN III/PHILIP,A '98;
SWORDSMAN III/PHILIP,AUP 6;
SWORDSMAN III/PHILIP,IM 323;
SWORDSMAN III/PHILIP,IM 324;
SWORDSMAN III/PHILIP,TB 8;
SWORDSMAN IV/,REMNANTS;
SWORDSMAN/JACQUES DU,A 1;
SWORDSMAN/JACQUES DU,A 100;
SWORDSMAN/JACQUES DU,A 112;
SWORDSMAN/JACQUES DU,A 113;
SWORDSMAN/JACQUES DU,A 114;
SWORDSMAN/JACQUES DU,A 115;
SWORDSMAN/JACQUES DU,A 116;
SWORDSMAN/JACQUES DU,A 117;
SWORDSMAN/JACQUES DU,A 118;
SWORDSMAN/JACQUES DU,A 119;
SWORDSMAN/JACQUES DU,A 120;
SWORDSMAN/JACQUES DU,A 121;
SWORDSMAN/JACQUES DU,A 122;
SWORDSMAN/JACQUES DU,A 123;
SWORDSMAN/JACQUES DU,A 124;
SWORDSMAN/JACQUES DU,A 125;
SWORDSMAN/JACQUES DU,A 126;
SWORDSMAN/JACQUES DU,A 127;
SWORDSMAN/JACQUES DU,A 128;
SWORDSMAN/JACQUES DU,A 129;
SWORDSMAN/JACQUES DU,A 157;
SWORDSMAN/JACQUES DU,A 16;
SWORDSMAN/JACQUES DU,A 19;
SWORDSMAN/JACQUES DU,A 20;
SWORDSMAN/JACQUES DU,A 280;
SWORDSMAN/JACQUES DU,A 29;
SWORDSMAN/JACQUES DU,A 30;
SWORDSMAN/JACQUES DU,A3 10;
SWORDSMAN/JACQUES DU,A3 11;
SWORDSMAN/JACQUES DU,A 38;
SWORDSMAN/JACQUES DU,A 65;
SWORDSMAN/JACQUES DU,A 78;
SWORDSMAN/JACQUES DU,A 79;
SWORDSMAN/JACQUES DU,AF SPECIAL 1;
SWORDSMAN/JACQUES DU,ASPOT 22/2;
SWORDSMAN/JACQUES DU,AWC 61;
SWORDSMAN/JACQUES DU,CA 105;
SWORDSMAN/JACQUES DU,CM 31;
SWORDSMAN/JACQUES DU,CM 32;
SWORDSMAN/JACQUES DU,CM 33;
SWORDSMAN/JACQUES DU,DEF 10;
SWORDSMAN/JACQUES DU,DEF 11;
SWORDSMAN/JACQUES DU,DEF 9;
SWORDSMAN/JACQUES DU,FF 150;
SWORDSMAN/JACQUES DU,GSA 2;
SWORDSMAN/JACQUES DU,GSA 4;
SWORDSMAN/JACQUES DU,SOLOA 2;
SWORDSMAN/JACQUES DU,TOS 88/2;
SYBIL,GAM2 2;
SYBYL DORN,A 334;
SYBYL DORN,A 335;
SYBYL DORN,A 336;
SYBYL DORN,A 337;
SYBYL DORN,A 338;
SYBYL DORN,A 339;
SYLPH,XM 49;
S'YM,A 300;
S'YM,C2 14;
S'YM,MGK 2;
S'YM,MGK2 2;
S'YM,MGK2 3;
S'YM,MGK2 4;
S'YM,MGK 3;
S'YM,MGK 4;
S'YM,M/SH3 1/6;
S'YM,NM 14;
S'YM,NM 17;
S'YM,NM 29;
S'YM,NM 32;
S'YM,NM 33;
S'YM,NM 34;
S'YM,NM 43;
S'YM,NM 47;
S'YM,NM 50;
S'YM,NM 52;
S'YM,NM 61;
S'YM,NM 65;
S'YM,NM 67;
S'YM,NM 70;
S'YM,NM 71;
S'YM,NM 72;
S'YM,NM 73;
S'YM,NMSE 1;
S'YM,PP 42;
S'YM,UX 160;
S'YM,UX 231;
S'YM,UX 234;
S'YM,XCAL 39;
S'YM,XTERM 1;
S'YM,XTERM 4;
S'YM,XU 19;
SYNAPSE/,DD 377;
SYNAPSE/,DD 378;
SYNAPSE/,DD 379;
SYNARIO/ANGELA BRADF,ASM 438;
SYNCH/EVERETT THOMAS,ASM 437;
SYNCH/EVERETT THOMAS,GENX 1;
SYNCH/EVERETT THOMAS,GENX 10;
SYNCH/EVERETT THOMAS,GENX 11;
SYNCH/EVERETT THOMAS,GENX 12;
SYNCH/EVERETT THOMAS,GENX 14;
SYNCH/EVERETT THOMAS,GENX 15;
SYNCH/EVERETT THOMAS,GENX 17;
SYNCH/EVERETT THOMAS,GENX 2;
SYNCH/EVERETT THOMAS,GENX 23;
SYNCH/EVERETT THOMAS,GENX 25;
SYNCH/EVERETT THOMAS,GENX 29;
SYNCH/EVERETT THOMAS,GENX 3;
SYNCH/EVERETT THOMAS,GENX 31;
SYNCH/EVERETT THOMAS,GENX 32;
SYNCH/EVERETT THOMAS,GENX 33;
SYNCH/EVERETT THOMAS,GENX 34;
SYNCH/EVERETT THOMAS,GENX 35;
SYNCH/EVERETT THOMAS,GENX 36;
SYNCH/EVERETT THOMAS,GENX 37;
SYNCH/EVERETT THOMAS,GENX 38;
SYNCH/EVERETT THOMAS,GENX 39;
SYNCH/EVERETT THOMAS,GENX 4;
SYNCH/EVERETT THOMAS,GENX 40;
SYNCH/EVERETT THOMAS,GENX 41;
SYNCH/EVERETT THOMAS,GENX 42;
SYNCH/EVERETT THOMAS,GENX 43;
SYNCH/EVERETT THOMAS,GENX 44;
SYNCH/EVERETT THOMAS,GENX 45;
SYNCH/EVERETT THOMAS,GENX 46;
SYNCH/EVERETT THOMAS,GENX 47;
SYNCH/EVERETT THOMAS,GENX 48;
SYNCH/EVERETT THOMAS,GENX 49;
SYNCH/EVERETT THOMAS,GENX 5;
SYNCH/EVERETT THOMAS,GENX 50;
SYNCH/EVERETT THOMAS,GENX 51;
SYNCH/EVERETT THOMAS,GENX 52;
SYNCH/EVERETT THOMAS,GENX 53;
SYNCH/EVERETT THOMAS,GENX 54;
SYNCH/EVERETT THOMAS,GENX 55;
SYNCH/EVERETT THOMAS,GENX 56;
SYNCH/EVERETT THOMAS,GENX 57;
SYNCH/EVERETT THOMAS,GENX 58;
SYNCH/EVERETT THOMAS,GENX 59;
SYNCH/EVERETT THOMAS,GENX 6;
SYNCH/EVERETT THOMAS,GENX 67;
SYNCH/EVERETT THOMAS,GENX 68;
SYNCH/EVERETT THOMAS,GENX 69;
SYNCH/EVERETT THOMAS,GENX 7;
SYNCH/EVERETT THOMAS,GENX 70;
SYNCH/EVERETT THOMAS,GENX 8;
SYNCH/EVERETT THOMAS,GENX 9;
SYNCH/EVERETT THOMAS,GENX '95;
SYNCH/EVERETT THOMAS,GENX '96;
SYNCH/EVERETT THOMAS,GENX '97;
SYNCH/EVERETT THOMAS,GENX '98;
SYNCH/EVERETT THOMAS,GENX '99;
SYNCH/EVERETT THOMAS,M/TU2 1;
SYNCH/EVERETT THOMAS,NW2 5;
SYNCH/EVERETT THOMAS,UX 317;
SYNCH/EVERETT THOMAS,UX 318;
SYNCH/EVERETT THOMAS,UX '95;
SYNCH/EVERETT THOMAS,W2 141;
SYNCH/EVERETT THOMAS,W2 94;
SYNCH/EVERETT THOMAS,X 36;
SYNCH/EVERETT THOMAS,X 37;
SYNCH/EVERETT THOMAS,XFOR 42;
SYNCH/EVERETT THOMAS,XM 50;
SYNCH/EVERETT THOMAS,X:PRIME;
SYNCH/EVERETT THOMAS,XU 20;
SYNCH/EVERETT THOMAS,XU 23;
SYNRAITH,X&CD 1;
SYNRAITH,X&CD 2;
SYPHONN,WLOCK2 2;
SYPHONN,WLOCK2 3;
SYPHONN,WLOCK2 4;
SYRRH,SS3 99;
SZARDOS, MARGALI,DRSTR2 57;
SZARDOS, MARGALI,DRSTR2 58;
SZARDOS, MARGALI,FF3 16;
SZARDOS, MARGALI,FF3 20;
SZARDOS, MARGALI,FF '99;
SZARDOS, MARGALI,MAXSEC 3;
SZARDOS, MARGALI,M-T2 11;
SZARDOS, MARGALI,UX 4;
SZARDOS, MARGALI,XCAL -1;
SZARDOS, MARGALI,XCAL 100;
SZARDOS, MARGALI,XCAL 102;
SZARDOS, MARGALI,XCAL 108;
SZARDOS, MARGALI,XCAL 83;
SZARDOS, MARGALI,XCAL 85;
SZARDOS, MARGALI,XCAL 96;
SZARDOS, MARGALI,XCAL 97;
SZARDOS, MARGALI,XCAL 99;
SZARDOS, MARGALI,XM 26;
SZARDOS, MARGALI,XU 19;
SZARDOS, STEFAN,M/CP 103;
SZARKUS,SS3 119;
TABESHAW, HARRY,W2 48;
TABESHAW, HARRY,W2 83;
TABESHAW, HARRY,W2 84;
TABESHAW, HARRY,W2 85;
TABOO,A 187;
TABOO,WBN 13;
TABOO,WBN 14;
TABOO,WBN 28;
TABOO,WBN 29;
TABOO,WBN 30;
TABULA RASA,V 2;
TABULA RASA,V 3;
TABULA RASA,V 4;
TABUR,ASPOT 38;
TABUR,M/PRM 42;
TAE,T '01;
TAGAK,DD 72;
TAGAK,DEF 62;
TAGAK,DEF 63;
TAGAK,DEF 64;
TAGAR,SSU 1;
TAGAR,T 406;
TAGAR,T 408;
TAGAR,T 417;
TAGAR,T 419;
TAGAR,T 420;
TAGAR,T 422;
TAGAR,T 423;
TAGAR,T 424;
TAGAR,T 425;
TAGAR,T 448/2;
TAGAR,T 450/2;
TAGAR,T 482;
TAGAR,T 483;
TAGAR,T 484;
TAIFU/TOSHIO SASAKI,AWC 69;
TAIFU/TOSHIO SASAKI,AWC 70;
TAIFU/TOSHIO SASAKI,AWC 71;
TAIFU/TOSHIO SASAKI,AWC 72;
TAIFU/TOSHIO SASAKI,AWC 73;
TAIFU/TOSHIO SASAKI,AWC 74;
TAI II,NW 1;
TAI II,NW 10;
TAI II,NW 1/2;
TAI II,NW 17;
TAI II,NW 19;
TAI II,NW 2;
TAI II,NW 20;
TAI II,NW 21;
TAI II,NW 22;
TAI II,NW 23;
TAI II,NW 24;
TAI II,NW 25;
TAI II,NW 4;
TAI II,NW 5;
TAI II,NW 6;
TAI II,NW 9;
TAI II,T 411;
TAI,W2 10;
TAI,W2 127;
TAI,W2 14;
TAI,W2 15;
TAI,W2 16;
TAI,W2 17;
TAI,W2 3;
TAI,W2 4;
TAI,W2 8;
TAI,W2 87;
TAI,W2 98;
TAKACHIHO, HIRO,AF2 17;
TAKACHIHO, HIRO,S&BH6 1;
TAKACHIHO, HIRO,S&BH6 2;
TAKACHIHO, HIRO,S&BH6 3;
TAKACHIHO, HIRO,TB 25;
TAKACHIHO, MRS.,S&BH6 1;
TAKACHIHO, MRS.,S&BH6 2;
TAKACHIHO, MRS.,S&BH6 3;
TAKAHAMA, JANE,TB -1;
TAKAHAMA, JANE,TB 33;
TAKAHAMA, ROBERT,TB -1;
TAKAHAMA, ROBERT,TB 33;
TAKAHASHI, REI,IM 281;
TAKAR,S&L 2;
TAKIMOTO, RON,DD 7;
TAKIMOTO, RON,PUN 4;
TAKU,A 68;
TAKU,BP3 18;
TAKU,BP3 23;
TAKU,BP3 26;
TAKU,DPOOL3 44;
TAKU,FF 119;
TAKU,JA 6;
TAKU,M/SH3 1/7;
TALBOT, GLENN,A 88;
TALBOT, GLENN,H2 103;
TALBOT, GLENN,H2 104;
TALBOT, GLENN,H2 105;
TALBOT, GLENN,H2 106;
TALBOT, GLENN,H2 109;
TALBOT, GLENN,H2 111;
TALBOT, GLENN,H2 112;
TALBOT, GLENN,H2 114;
TALBOT, GLENN,H2 115;
TALBOT, GLENN,H2 116;
TALBOT, GLENN,H2 119;
TALBOT, GLENN,H2 120;
TALBOT, GLENN,H2 121;
TALBOT, GLENN,H2 122;
TALBOT, GLENN,H2 123;
TALBOT, GLENN,H2 124;
TALBOT, GLENN,H2 125;
TALBOT, GLENN,H2 126;
TALBOT, GLENN,H2 128;
TALBOT, GLENN,H2 130;
TALBOT, GLENN,H2 131;
TALBOT, GLENN,H2 132;
TALBOT, GLENN,H2 136;
TALBOT, GLENN,H2 138;
TALBOT, GLENN,H2 139;
TALBOT, GLENN,H2 141;
TALBOT, GLENN,H2 142;
TALBOT, GLENN,H2 143;
TALBOT, GLENN,H2 144;
TALBOT, GLENN,H2 145;
TALBOT, GLENN,H2 146;
TALBOT, GLENN,H2 147;
TALBOT, GLENN,H2 148;
TALBOT, GLENN,H2 149;
TALBOT, GLENN,H2 150;
TALBOT, GLENN,H2 151;
TALBOT, GLENN,H2 154;
TALBOT, GLENN,H2 155;
TALBOT, GLENN,H2 156;
TALBOT, GLENN,H2 157;
TALBOT, GLENN,H2 158;
TALBOT, GLENN,H2 160;
TALBOT, GLENN,H2 162;
TALBOT, GLENN,H2 163;
TALBOT, GLENN,H2 164;
TALBOT, GLENN,H2 165;
TALBOT, GLENN,H2 166;
TALBOT, GLENN,H2 187;
TALBOT, GLENN,H2 188;
TALBOT, GLENN,H2 190;
TALBOT, GLENN,H2 192;
TALBOT, GLENN,H2 193;
TALBOT, GLENN,H2 195;
TALBOT, GLENN,H2 199;
TALBOT, GLENN,H2 200;
TALBOT, GLENN,H2 202;
TALBOT, GLENN,H2 203;
TALBOT, GLENN,H2 205;
TALBOT, GLENN,H2 206;
TALBOT, GLENN,H2 207;
TALBOT, GLENN,H2 208;
TALBOT, GLENN,H2 209;
TALBOT, GLENN,H2 210;
TALBOT, GLENN,H2 211;
TALBOT, GLENN,H2 212;
TALBOT, GLENN,H2 233;
TALBOT, GLENN,H2 234;
TALBOT, GLENN,H2 238;
TALBOT, GLENN,H2 243;
TALBOT, GLENN,H2 245;
TALBOT, GLENN,H2 246;
TALBOT, GLENN,H2 247;
TALBOT, GLENN,H2 248;
TALBOT, GLENN,H2 256;
TALBOT, GLENN,H2 257;
TALBOT, GLENN,H2 258;
TALBOT, GLENN,H2 259;
TALBOT, GLENN,H2 260;
TALBOT, GLENN,RH2 1;
TALBOT, GLENN,RH2 2;
TALBOT, GLENN,RH2 3;
TALBOT, GLENN,RH2 4;
TALBOT, GLENN,RH2 5;
TALBOT, GLENN,RH2 6;
TALBOT, GLENN,TTA 100;
TALBOT, GLENN,TTA 61/2;
TALBOT, GLENN,TTA 62/2;
TALBOT, GLENN,TTA 63/2;
TALBOT, GLENN,TTA 64/2;
TALBOT, GLENN,TTA 65/2;
TALBOT, GLENN,TTA 66/2;
TALBOT, GLENN,TTA 67/2;
TALBOT, GLENN,TTA 68/2;
TALBOT, GLENN,TTA 69/2;
TALBOT, GLENN,TTA 70/2;
TALBOT, GLENN,TTA 71/2;
TALBOT, GLENN,TTA 72/2;
TALBOT, GLENN,TTA 75/2;
TALBOT, GLENN,TTA 76/2;
TALBOT, GLENN,TTA 77/2;
TALBOT, GLENN,TTA 78/2;
TALBOT, GLENN,TTA 79/2;
TALBOT, GLENN,TTA 80/2;
TALBOT, GLENN,TTA 81/2;
TALBOT, GLENN,TTA 82/2;
TALBOT, GLENN,TTA 83/2;
TALBOT, GLENN,TTA 84/2;
TALBOT, GLENN,TTA 85/2;
TALBOT, GLENN,TTA 86/2;
TALBOT, GLENN,TTA 87/2;
TALBOT, GLENN,TTA 88/2;
TALBOT, GLENN,TTA 89/2;
TALBOT, GLENN,TTA 90/2;
TALBOT, GLENN,TTA 91/2;
TALBOT, GLENN,TTA 92/2;
TALBOT, GLENN,TTA 97/2;
TALBOT, GLENN,TTA 98/2;
TALBOT, GLENN,TTA 99;
TALBOT, GLENN,UX 66;
TALBOT, MAJ. MATT,H2 436;
TALBOT, MAJ. MATT,H2 437;
TALBOT, MAJ. MATT,H2 438;
TALBOT, MAJ. MATT,H2 439;
TALBOT, MAJ. MATT,H2 440;
TALBOT, MAJ. MATT,H2 441;
TALBOT, MAJ. MATT,H2 442;
TALBOT, MAJ. MATT,H2 448;
TAL, GENERAL,XCAL 121;
TALISMAN,COC 1;
TALISMAN,COC 2;
TALISMAN,COC 3;
TALISMAN II/ELIZABET,AF 109/2;
TALISMAN II/ELIZABET,AF 110;
TALISMAN II/ELIZABET,AF 111;
TALISMAN II/ELIZABET,AF 112;
TALISMAN II/ELIZABET,AF 115;
TALISMAN II/ELIZABET,AF 14;
TALISMAN II/ELIZABET,AF 15;
TALISMAN II/ELIZABET,AF 18;
TALISMAN II/ELIZABET,AF 19;
TALISMAN II/ELIZABET,AF 20;
TALISMAN II/ELIZABET,AF 22;
TALISMAN II/ELIZABET,AF 23;
TALISMAN II/ELIZABET,AF 24;
TALISMAN II/ELIZABET,AF 25;
TALISMAN II/ELIZABET,AF 26;
TALISMAN II/ELIZABET,AF 27;
TALISMAN II/ELIZABET,AF 28;
TALISMAN II/ELIZABET,AF 35;
TALISMAN II/ELIZABET,AF 38;
TALISMAN II/ELIZABET,AF 39;
TALISMAN II/ELIZABET,AF 41;
TALISMAN II/ELIZABET,AF 42;
TALISMAN II/ELIZABET,AF 45;
TALISMAN II/ELIZABET,AF 5/2;
TALISMAN II/ELIZABET,AF 62;
TALISMAN II/ELIZABET,AF 64;
TALISMAN II/ELIZABET,AF 65;
TALISMAN II/ELIZABET,AF 67;
TALISMAN II/ELIZABET,AF 68;
TALISMAN II/ELIZABET,AF 69;
TALISMAN II/ELIZABET,AF 70;
TALISMAN II/ELIZABET,AF 71;
TALISMAN II/ELIZABET,AF 72;
TALISMAN II/ELIZABET,AF 73;
TALISMAN II/ELIZABET,AF 74;
TALISMAN II/ELIZABET,AF 75;
TALISMAN II/ELIZABET,AF 76;
TALISMAN II/ELIZABET,AF 78;
TALISMAN II/ELIZABET,AF 79;
TALISMAN II/ELIZABET,AF 80;
TALISMAN II/ELIZABET,AF 81;
TALISMAN II/ELIZABET,AF 82;
TALISMAN II/ELIZABET,AF 83;
TALISMAN II/ELIZABET,AF 84;
TALISMAN II/ELIZABET,AF 85;
TALISMAN II/ELIZABET,AF 86;
TALISMAN II/ELIZABET,AF 87;
TALISMAN II/ELIZABET,AF 88;
TALISMAN II/ELIZABET,AF 89;
TALISMAN II/ELIZABET,AF 90;
TALISMAN II/ELIZABET,AF 91;
TALISMAN II/ELIZABET,Q 23;
TALISMAN II/ELIZABET,SS 2;
TALISMAN II/ELIZABET,SWII 4;
TALISMAN II/ELIZABET,SWII 9;
TALISMAN II/ELIZABET,X&AF 1;
TALISMAN II/ELIZABET,X&AF 2;
TALISMAN III/NAHITA,AF 83;
TALOS,H2 418;
TALOS,H2 419;
TALO,SK 4;
TANAKA, GEORGE,XF 63;
TANAKA, KENJIRO,A 325;
TANAKA, KENJIRO,Q 10;
TANAKA, KENJIRO,Q 11;
TANAKA, KENJIRO,Q 12;
TANAKA, KENJIRO,Q 13;
TANAKA, KENJIRO,Q 14;
TANAKA, KENJIRO,Q 15;
TANAKA, KENJIRO,Q 17;
TANAKA, KENJIRO,Q 19;
TANAKA, KENJIRO,Q 20;
TANAKA, KENJIRO,Q 21;
TANAKA, KENJIRO,Q 22;
TANAKA, KENJIRO,Q 23;
TANAKA, KENJIRO,Q 24;
TANAKA, KENJIRO,Q 26;
TANAKA, KENJIRO,Q 30;
TANAKA, KENJIRO,Q 31;
TANAKA, KENJIRO,Q 32;
TANAKA, KENJIRO,Q 35;
TANAKA, KENJIRO,Q 41;
TANAKA, KENJIRO,Q 5;
TANAKA, KENJIRO,Q 58;
TANAKA, KENJIRO,Q 9;
TANAKA, OPAL,UX 289;
TANAKA, OPAL,UX 290;
TANAKA, OPAL,XF 51;
TANAKA, OPAL,XF 52;
TANAKA, OPAL,XF 53;
TANAKA, OPAL,XF 54;
TANAKA, OPAL,XF 55;
TANAKA, OPAL,XF 59;
TANAKA, OPAL,XF 60;
TANAKA, OPAL,XF 63;
TANAKA, OPAL,XF 64;
TANAKA, OPAL,XF 65;
TANAKA, RITA,XF 63;
TANA NILE,A 105;
TANA NILE,DAYD 1;
TANA NILE,DAYD 2;
TANA NILE,DAYD 3;
TANA NILE,GENX 23;
TANA NILE,GENX 25;
TANA NILE,T '00/2;
TANA NILE,T 129;
TANA NILE,T 130;
TANA NILE,T 131;
TANA NILE,T 132;
TANA NILE,T 133;
TANA NILE,T 134;
TANA NILE,T 160;
TANA NILE,T 162;
TANA NILE,T 198;
TANA NILE,T 199;
TANA NILE,T 201;
TANA NILE,T 202;
TANA NILE,T 203;
TANA NILE,T 204;
TANA NILE,T 211;
TANA NILE,T 212;
TANA NILE,T 213;
TANA NILE,T 214;
TANA NILE,T 215;
TANA NILE,T 216;
TANA NILE,T 217;
TANA NILE,T 218;
TANA NILE,T 219;
TANA NILE,T 220;
TANA NILE,T 221;
TANGERINE 2013,XCAL 94;
TANNEN, PAUL,SM:LY 2;
TANNEN, PAUL,SM:LY 3;
TANNEN, VINCENT,SM:LY 1;
TANNEN, VINCENT,SM:LY 2;
TANNEN, VINCENT,SM:LY 3;
TANNER, ARCHIE,TB 15;
TANNER, JACKO,CB 19;
TANNER, JACKO,CB 3;
TANNER, JACKO,CB 4;
TANNER, JACKO,CB 5;
TANNER, JACKO,CB 8;
TANTE MATTIE,GAM3 12;
TANTE MATTIE,GAM3 17;
TANTE MATTIE,GAM3 19;
TANTE MATTIE,GAM3 2;
TANTE MATTIE,GAM3 21;
TANTE MATTIE,GAM3 22;
TANTE MATTIE,R 2;
TANTRUM/,NT 2;
TARAKIS,T2 15;
TARAKIS,T2 16;
TARAKIS,T2 17;
TARAKIS,T2 20;
TARAKIS,T2 21;
TARAKIS,T2 24;
TARAKIS,T2 25;
TARANTULA/ANTON MIGU,ASM 134;
TARANTULA/ANTON MIGU,ASM 135;
TARANTULA/ANTON MIGU,ASM 147;
TARANTULA/ANTON MIGU,ASM 148;
TARANTULA/ANTON MIGU,ASM 149;
TARANTULA/ANTON MIGU,ASM 233;
TARANTULA/ANTON MIGU,ASM 234;
TARANTULA/ANTON MIGU,ASM 235;
TARANTULA/ANTON MIGU,ASM 236;
TARANTULA/ANTON MIGU,CA 224;
TARANTULA/ANTON MIGU,PPTSS 1;
TARANTULA/ANTON MIGU,PPTSS 2;
TARANTULA/ANTON MIGU,PPTSS 3;
TARANTULA II/CAPT. L,ASM 341;
TARANTULA II/CAPT. L,ASM 343;
TARANTULA II/CAPT. L,M/CP 88/3;
TARANTULA II/CAPT. L,PPTSS 137;
TARANTULA II/CAPT. L,PPTSS 138;
TARANTULA II/CAPT. L,PUN2 67;
TARANTULA II/CAPT. L,PUN2 68;
TARANTULA II/CAPT. L,PUN2 69;
TARANTULA II/CAPT. L,PUN2 70;
TARANTULA II/CAPT. L,WOSM 36;
TARBABY,PP 12;
TARBABY,PP 27;
TARBABY,UX 195;
TARBABY,XF 10;
TARBABY,XF 11;
TARBABY,XF 12;
TARBABY,XF 15;
TAR,CD 2;
TAR,CD 4;
TAREE,S&L 2;
TAREVA,DSDDGN;
TARGET,W2 28;
TARGET,W2 29;
TARGET,W2 30;
TARGON,AR 1;
TARGON,AR 2;
TARGON,FF 401;
TARGON,FF 402;
TARGON,FFOR 9;
TARNOK-KOL,I:GR;
TAROOK,T 500;
TAROT/MARIE-ANGE COL,FS 2;
TAROT/MARIE-ANGE COL,FS 3;
TAROT/MARIE-ANGE COL,NM 16;
TAROT/MARIE-ANGE COL,NM 17;
TAROT/MARIE-ANGE COL,NM 39;
TAROT/MARIE-ANGE COL,NM 43;
TAROT/MARIE-ANGE COL,NM 53;
TAROT/MARIE-ANGE COL,NM 54;
TAROT/MARIE-ANGE COL,NM 56;
TAROT/MARIE-ANGE COL,NM 62;
TAROT/MARIE-ANGE COL,NW 10;
TAROT/MARIE-ANGE COL,NW 9;
TAROT/MARIE-ANGE COL,UX 281;
TAROT/MARIE-ANGE COL,UX 282;
TAROT/MARIE-ANGE COL,XFOR 87;
TAROT/MARIE-ANGE COL,XFOR 89;
TAROT/MARIE-ANGE COL,XFOR 90;
TARR, BLACK JACK,DHKF 1;
TARR, BLACK JACK,DHKF 11;
TARR, BLACK JACK,DHKF 16;
TARR, BLACK JACK,DHKF 17;
TARR, BLACK JACK,DHKF 18;
TARR, BLACK JACK,DHKF 29;
TARR, BLACK JACK,GSMOKF 2;
TARR, BLACK JACK,GSMOKF 3;
TARR, BLACK JACK,GSMOKF 4;
TARR, BLACK JACK,GSS-M 2;
TARR, BLACK JACK,M/CP 1/3;
TARR, BLACK JACK,M/CP 2/3;
TARR, BLACK JACK,M/CP 3/3;
TARR, BLACK JACK,M/CP 4/3;
TARR, BLACK JACK,M/CP 6/3;
TARR, BLACK JACK,M/CP 7/3;
TARR, BLACK JACK,M/CP 8/3;
TARR, BLACK JACK,MOKF 103;
TARR, BLACK JACK,MOKF 104;
TARR, BLACK JACK,MOKF 105;
TARR, BLACK JACK,MOKF 106;
TARR, BLACK JACK,MOKF 108;
TARR, BLACK JACK,MOKF 109;
TARR, BLACK JACK,MOKF 110;
TARR, BLACK JACK,MOKF 111;
TARR, BLACK JACK,MOKF 112;
TARR, BLACK JACK,MOKF 113;
TARR, BLACK JACK,MOKF 115;
TARR, BLACK JACK,MOKF 116;
TARR, BLACK JACK,MOKF 117;
TARR, BLACK JACK,MOKF 118;
TARR, BLACK JACK,MOKF 123;
TARR, BLACK JACK,MOKF 124;
TARR, BLACK JACK,MOKF 125;
TARR, BLACK JACK,MOKF 17;
TARR, BLACK JACK,MOKF 18;
TARR, BLACK JACK,MOKF 19;
TARR, BLACK JACK,MOKF 22;
TARR, BLACK JACK,MOKF 23;
TARR, BLACK JACK,MOKF 24;
TARR, BLACK JACK,MOKF 25;
TARR, BLACK JACK,MOKF 28;
TARR, BLACK JACK,MOKF 29;
TARR, BLACK JACK,MOKF 30;
TARR, BLACK JACK,MOKF 31;
TARR, BLACK JACK,MOKF 32;
TARR, BLACK JACK,MOKF 33;
TARR, BLACK JACK,MOKF 34;
TARR, BLACK JACK,MOKF 35;
TARR, BLACK JACK,MOKF 40;
TARR, BLACK JACK,MOKF 42;
TARR, BLACK JACK,MOKF 43;
TARR, BLACK JACK,MOKF 44;
TARR, BLACK JACK,MOKF 45;
TARR, BLACK JACK,MOKF 46;
TARR, BLACK JACK,MOKF 47;
TARR, BLACK JACK,MOKF 48;
TARR, BLACK JACK,MOKF 49;
TARR, BLACK JACK,MOKF 50;
TARR, BLACK JACK,MOKF 51;
TARR, BLACK JACK,MOKF 54;
TARR, BLACK JACK,MOKF 55;
TARR, BLACK JACK,MOKF 56;
TARR, BLACK JACK,MOKF 57;
TARR, BLACK JACK,MOKF 58;
TARR, BLACK JACK,MOKF 59;
TARR, BLACK JACK,MOKF 60;
TARR, BLACK JACK,MOKF 61;
TARR, BLACK JACK,MOKF 63;
TARR, BLACK JACK,MOKF 65;
TARR, BLACK JACK,MOKF 67;
TARR, BLACK JACK,MOKF 68;
TARR, BLACK JACK,MOKF 69;
TARR, BLACK JACK,MOKF 70;
TARR, BLACK JACK,MOKF 71;
TARR, BLACK JACK,MOKF 72;
TARR, BLACK JACK,MOKF 73;
TARR, BLACK JACK,MOKF 74;
TARR, BLACK JACK,MOKF 75;
TARR, BLACK JACK,MOKF 76;
TARR, BLACK JACK,MOKF 77;
TARR, BLACK JACK,MOKF 78;
TARR, BLACK JACK,MOKF 79;
TARR, BLACK JACK,MOKF 80;
TARR, BLACK JACK,MOKF 81;
TARR, BLACK JACK,MOKF 82;
TARR, BLACK JACK,MOKF 83;
TARR, BLACK JACK,MOKF 84;
TARR, BLACK JACK,MOKF 85;
TARR, BLACK JACK,MOKF 86;
TARR, BLACK JACK,MOKF 87;
TARR, BLACK JACK,MOKF 88;
TARR, BLACK JACK,MOKF 89;
TARR, BLACK JACK,MOKF 90;
TARR, BLACK JACK,MOKF 93;
TARR, BLACK JACK,MOKF 94;
TARR, BLACK JACK,MOKF 95;
TARR, BLACK JACK,MOKF 96;
TARR, BLACK JACK,MOKF 97;
TARR, BLACK JACK,MOKF:BB;
TARR, BLACK JACK,ROM 38;
TARR, BLACK JACK,ROM 39;
TARTARUS,X 101;
TARTARUS,X 110;
TAR,UX 330;
TASHA,XFOR 89;
TASKMASTER,A 195;
TASKMASTER,A 196;
TASKMASTER,A 223;
TASKMASTER,A3 26;
TASKMASTER,A3 38;
TASKMASTER,ASM 308;
TASKMASTER,ASM 366;
TASKMASTER,ASM 367;
TASKMASTER,CA 11/3;
TASKMASTER,CA 334;
TASKMASTER,CA3 44;
TASKMASTER,CA 394;
TASKMASTER,CA 396;
TASKMASTER,CA 403/2;
TASKMASTER,DD 292;
TASKMASTER,DD 293;
TASKMASTER,DPOOL3 35;
TASKMASTER,DPOOL3 39;
TASKMASTER,DPOOL3 40;
TASKMASTER,DPOOL3 45;
TASKMASTER,HAWK2;
TASKMASTER,IM 254;
TASKMASTER,M/TU 103;
TASKMASTER,M/TU 146;
TASKMASTER,TG 26;
TATSU'O,NOM2 4;
TATSU'O,NOM2 5;
TATSU'O,NW 20;
TATSU'O,XF 112;
TATSU'O,XF 113;
TATSU'O,XF 63;
TATSU'O,XF 64;
TATTERDEMALION/,AWC 76;
TATTERDEMALION/,AWC 77;
TATTERDEMALION/,AWC 78;
TATTERDEMALION/,AWC 79;
TATTERDEMALION/,CA 330;
TATTERDEMALION/,CA 331;
TATTERDEMALION/,DAZZ 36;
TATTERDEMALION/,GR2 55;
TATTERDEMALION/,M/TU 93;
TATTERDEMALION/,SOLOA 3/2;
TATTERDEMALION/,WBN 9;
TATTERDEMALION/,WCA2 40;
TAUREY, SIR WILLIAM,CA:SL2 6/3;
TAUREY, SIR WILLIAM,CA:SL2 7;
TAUREY, WILLIAM MALC,CA 194;
TAUREY, WILLIAM MALC,CA 199;
TAUREY, WILLIAM MALC,CA 200;
TAUREY, WILLIAM MALC,TB 31;
TAUREY, WILLIAM MALC,TB 32;
TAURUS/CORNELIUS VAN,A 120;
TAURUS/CORNELIUS VAN,A 121;
TAURUS/CORNELIUS VAN,A 122;
TAURUS/CORNELIUS VAN,A 123;
TAURUS/CORNELIUS VAN,A 124;
TAURUS/CORNELIUS VAN,A 72;
TAURUS/CORNELIUS VAN,A 77;
TAURUS/CORNELIUS VAN,A 80;
TAURUS/CORNELIUS VAN,A 81;
TAURUS/CORNELIUS VAN,IM 183;
TAURUS/CORNELIUS VAN,IM 184;
TAURUS/CORNELIUS VAN,WCA2 26;
TAURUS/CORNELIUS VAN,WCA2 27;
TAURUS/CORNELIUS VAN,WCA2 28;
TAURUS/CORNELIUS VAN,WCA2 29;
TAURUS II/,AF2 1;
TAURUS II/,AF2 10;
TAURUS II/,AF2 12;
TAYLOR, JACK,BP3 9;
TAYLOR, JENNA,ASM 256;
TAYLOR, JENNA,ASM 257;
TAYLOR, JENNA,ASM 258;
TAYLOR, JENNA,ASM 272;
TAYLOR, JENNA,ASM 273;
TAYLOR, LEILA,CA 139;
TAYLOR, LEILA,CA 140;
TAYLOR, LEILA,CA 142;
TAYLOR, LEILA,CA 143;
TAYLOR, LEILA,CA 144;
TAYLOR, LEILA,CA 149;
TAYLOR, LEILA,CA 151;
TAYLOR, LEILA,CA 153;
TAYLOR, LEILA,CA 154;
TAYLOR, LEILA,CA 157;
TAYLOR, LEILA,CA 159;
TAYLOR, LEILA,CA 160;
TAYLOR, LEILA,CA 161;
TAYLOR, LEILA,CA 166;
TAYLOR, LEILA,CA 169;
TAYLOR, LEILA,CA 170;
TAYLOR, LEILA,CA 171;
TAYLOR, LEILA,CA 178;
TAYLOR, LEILA,CA 183;
TAYLOR, LEILA,CA 184;
TAYLOR, LEILA,CA 188;
TAYLOR, LEILA,CA 191;
TAYLOR, LEILA,CA 192;
TAYLOR, LEILA,CA 201;
TAYLOR, LEILA,CA 202;
TAYLOR, LEILA,CA 203;
TAYLOR, LEILA,CA 204;
TAYLOR, LEILA,CA 206;
TAYLOR, LEILA,CA 207;
TAYLOR, LEILA,CA 208;
TAYLOR, LEILA,CA 209;
TAYLOR, LEILA,CA 272;
TAYLOR, LEILA,CA 277/2;
TAYLOR, LEILA,CA 278/2;
TAYLOR, LEILA,CA 284;
TAYLOR, LEILA,CA:SL2 8;
TAYLOR, LEILA,M/PRM 49;
TAYLOR, LEILA,M/TU 52;
T'CHAKA,BP3 12;
T'CHAKA,BP3 27;
T'CHAKA,BP3 30;
T'CHAKA,BP3 5;
TECHNARX,DOOM;
TECHNARX,FF '00;
TECHNARX,FF3 25;
TECHNARX,FF3 26;
TECHNARX,FF3 28;
TECHNOCRAT/RANDY,XM 72;
TECHNOCRAT/RANDY,XM 72 XM 71;
TECH-NOIR/,AF 110;
TECH-NOIR/,AF 111;
TECH-NOIR/,AF 112;
TECHNOSPIKE,DD 331;
TECHNOSPIKE,DD 332;
TEFRAL,A 339;
TEFRAL,E2 12;
TEFRAL,E 7;
TEFRAL,FF 23;
TEFRAL,HR:R 4;
TEFRAL,T 300;
TEI,SS3 113;
TELLIS,GUARD 1;
TELLIS,GUARD 2;
TELLIS,GUARD 3;
TEMPEST/GRANNZ,AWC 80;
TEMPEST/GRANNZ,GUARD 1;
TEMPEST/GRANNZ,GUARD 2;
TEMPEST/GRANNZ,GUARD 3;
TEMPEST/GRANNZ,INH3 4;
TEMPEST/GRANNZ,Q 33;
TEMPEST/GRANNZ,ROM 4;
TEMPEST/GRANNZ,UX 107;
TEMPEST/GRANNZ,UX 137;
TEMPEST/GRANNZ,UX 275;
TEMPEST/GRANNZ,XSOS 2;
TEMPEST II/NICOLETTE,A3 24;
TEMPEST II/NICOLETTE,A3 25;
TEMPEST II/NICOLETTE,IM3 22;
TEMPEST II/NICOLETTE,J:ED;
TEMPEST II/NICOLETTE,PPSM2 11;
TEMPLAR/IAN FITZWILL,M/:LG 12;
TEMPLAR/IAN FITZWILL,M/:LG 7;
TEMPLE, CLAIRE,LCHFH 10;
TEMPLE, CLAIRE,LCHFH 15;
TEMPLE, CLAIRE,LCHFH 16;
TEMPLE, CLAIRE,LCHFH 2;
TEMPLE, CLAIRE,LCHFH 3;
TEMPLE, CLAIRE,LCHFH 4;
TEMPLE, CLAIRE,LCHFH 6;
TEMPLE, CLAIRE,LCHFH 7;
TEMPLE, CLAIRE,LCHFH 8;
TEMPLE, CLAIRE,M/TU 123;
TEMPLE, CLAIRE,PM 18;
TEMPLE, CLAIRE,PM 19;
TEMPLE, CLAIRE,PM 20;
TEMPLE, CLAIRE,PM 24;
TEMPLE, CLAIRE,PM 25;
TEMPLE, CLAIRE,PM 33;
TEMPLE, CLAIRE,PM 37;
TEMPLE, CLAIRE,PM 38;
TEMPLE, CLAIRE,PM 39;
TEMPLE, CLAIRE,PM 40;
TEMPLE, CLAIRE,PM 41;
TEMPLE, CLAIRE,PM 42;
TEMPLE, CLAIRE,PM 43;
TEMPLE, CLAIRE,PM&IF 100;
TEMPLE, CLAIRE,PM&IF 49;
TEMPLE, CLAIRE,PM&IF 78;
TEMPLE, CLAIRE,PM&IF 83;
TEMPLE, CLAIRE,PM&IF 84;
TEMPLE, CLAIRE,PM&IF 96;
TEMPLE, CLAIRE,PM&IF 97;
TEMPO,C 2;
TEMPO,NM 100;
TEMPO,NM 87;
TEMPO,XF 77;
TEMPO,XF 78;
TEMPO,XF 85;
TEMPUS,AVF 1;
TEMPUS,AVF 3;
TEMPUS,AVF 7;
TEMPUS,AVF 9;
TEMPUS,AWC 62;
TEMPUS,GSFF 2;
TEMPUS,T 282;
TENDRIL/RIVER VERYS,SM:FA 1;
TENDRIL/RIVER VERYS,SM:FA 2;
TENDRIL/RIVER VERYS,SM:FA 3;
TENDRIL/RIVER VERYS,SM:FA 4;
TENEBRAE,SS3 140;
TENEBRAE,SS3 141;
TENEBRAE,SS3 142;
TENEBRAE,SS3 143;
TENEBRAE,SS3 144;
TENEBRAE,SS3 145;
TENELLE,N 18;
TEN FOR,MAXSEC 3;
TEN FOR,MM 3;
TEN FOR,MM 4;
TEN FOR,MM 5;
TEN FOR,MM 6;
TEN FOR,Q 16;
TENG, NIKKI,DPOOL3 14;
TENKO, CARTER,JIM 517;
TENKO, CARTER,JIM 518;
TENKO, CARTER,JIM 519;
TENNYSON, JACOB,FF3 41;
TENPIN/ALVIN HEALEY,ASPOT 23;
TENPIN/ALVIN HEALEY,ASPOT 24;
TENPIN/ALVIN HEALEY,ASPOT 25;
TENPIN/ALVIN HEALEY,CA 317;
TEN-THIRTIFOR,A3 36;
TEQUILA/,PWZ 10;
TEQUILA/,PWZ 11;
TEQUILA/,PWZ 8;
TEQUILA/,PWZ 9;
TERMINATOR II/PRINCE,SK 1;
TERMINATOR II/PRINCE,SK 2;
TERMINATOR II/PRINCE,SK 3;
TERMINATOR II/PRINCE,SK 4;
TERMINATOR II/PRINCE,SK 5;
TERMINATOR,ROM 14/2;
TERMINATOR,ROM 16/2;
TERMINATOR,ROM 19/2;
TERMINATOR,ROM 20/2;
TERMINATOR,ROM 21/2;
TERMINATOR,ROM 22/2;
TERMINATOR,ROM 25;
TERMINATOR,ROM 26;
TERMINUS,A 19;
TERMINUS,AWC 5;
TERMINUS,FF 269;
TERMINUS,FF 270;
TERMINUS,FF3 4;
TERMINUS,Q 7;
TERMINUS,T 15;
TERRAFORMER/SAM,NW 29;
TERRAFORMER/SAM,NW 30;
TERRAFORMER/SAM,NW 7;
TERRAFORMER/SAM,NW 8;
TERRAFORMER/SAM,NW 9;
TERRAX,DD 105;
TERRAX,DD 106;
TERRAX,DD 107;
TERRAXIA,IG 3;
TERRAXIA,IG 4;
TERRAXIA,IG 5;
TERRAX II/TYROS,A 16;
TERRAX II/TYROS,CP 5;
TERRAX II/TYROS,DAZZ 10;
TERRAX II/TYROS,DAZZ 11;
TERRAX II/TYROS,FF 211;
TERRAX II/TYROS,FF 212;
TERRAX II/TYROS,FF 213;
TERRAX II/TYROS,FF 242;
TERRAX II/TYROS,FF 243;
TERRAX II/TYROS,FF 258;
TERRAX II/TYROS,FF 259;
TERRAX II/TYROS,FF 260;
TERRAX II/TYROS,NW 1;
TERRAX II/TYROS,NW 15;
TERRAX II/TYROS,NW 16;
TERRAX II/TYROS,NW 17;
TERRAX II/TYROS,ROM 26;
TERRAX II/TYROS,ROM 27;
TERRAX II/TYROS,SS3 73;
TERRAX II/TYROS,SS3 74;
TERRAX II/TYROS,SS3 75;
TERRAX II/TYROS,SS3 97;
TERREL, DEBORAH,NF3 26;
TERRIGENE,A 376;
TERROR II,DD 305;
TERROR II,DD 308;
TERROR II,DD 309;
TERROR II,TER 1;
TERROR II,TER 2;
TERROR II,TER 4;
TERROR II,TER 6;
TERROR II,TER 7;
TERROR II,W2 58;
TERROR II,W2 59;
TERROR/LASLO PEVELY,MYSTIC COMICS 10;
TERROR/LASLO PEVELY,MYSTIC COMICS 5;
TERROR/LASLO PEVELY,MYSTIC COMICS 6;
TERROR/LASLO PEVELY,MYSTIC COMICS 7;
TERROR/LASLO PEVELY,MYSTIC COMICS 8;
TERROR/LASLO PEVELY,MYSTIC COMICS 9;
TERROR/LASLO PEVELY,S-H2 15;
TERROR/LASLO PEVELY,S-H2 16;
TERROR/LASLO PEVELY,S-H2 17;
TESSA,CX 6;
TESSA,CX 7;
TESSA,CX 7/2;
TESSA,M/GN 4;
TESSA,M/SH3 11/3;
TESSA,NM 23;
TESSA,NM 51;
TESSA,NM 54;
TESSA,NM 61;
TESSA,SMTU 1;
TESSA,UX 132;
TESSA,UX 151;
TESSA,UX 169;
TESSA,UX 182;
TESSA,UX 189;
TESSA,UX 208;
TESSA,UX 209;
TESSA,UX 210;
TESSA,UX 245;
TESSA,UX 247;
TESSA,UX 384;
TESSA,X '00;
TESSA,X 102;
TESSA,X 103;
TESSA,X 109;
TESSA,XFOR 49;
TESSA,XFOR 50;
TESSA,X:HC 4;
TESSA,XM 15;
TESSA,XM 28;
TESSA,XU 29;
TESSA,XX 1;
TESSA,XX 2;
TESSA,XX 3;
TESS-ONE,A 288;
TESS-ONE,A 289;
TESS-ONE,CA 354;
TESS-ONE,CA 8;
TESS-ONE,PPTSS 160;
TETHERBLOOD/,C2 43;
TETHRA,A 225;
TETHRA,A 226;
TEUTONIC KNIGHT/FRAN,INV 29;
TEUTONIC KNIGHT/FRAN,INV 30;
TEXAS TWISTER/DREW D,CA 217;
TEXAS TWISTER/DREW D,CA 218;
TEXAS TWISTER/DREW D,CA 228;
TEXAS TWISTER/DREW D,CA 229;
TEXAS TWISTER/DREW D,COC 1;
TEXAS TWISTER/DREW D,FF 177;
TEXAS TWISTER/DREW D,FF 192;
TEXAS TWISTER/DREW D,H2 265;
TEXAS TWISTER/DREW D,H2 279;
TEXAS TWISTER/DREW D,SOLOA 18;
TEXAS TWISTER/DREW D,WCA2 31;
TEXAS TWISTER/DREW D,WCA2 8;
TEXAS TWISTER/DREW D,WCA2 9;
TEZCATLIPOCA,IG 2;
THAIS,XX 1;
THAIS,XX 2;
THAKOS,AF 35;
THAKOS,AF 36;
THAKOS,FF 1;
THAKOS,N 55;
THAKOS,N 56;
THAKOS,SUB-M 16;
THAKOS,SUB-M2 1;
THAKOS,SUB-M2 2;
THAKOS,SUB-M2 3;
THAKOS,SUB-M2 4;
THALLIUM,A 188;
THALLIUM,TB 6;
THAMES, SERIPHA,DEF 118;
THAMES, SERIPHA,H:PL 1;
THANADEMOS,M/CP 111/2;
THANE ECTOR,A 334;
THANE ECTOR,A 335;
THANE ECTOR,A 336;
THANE ECTOR,A 337;
THANE ECTOR,A 338;
THANE ECTOR,A 339;
THANOS,A 118;
THANOS,A 125;
THANOS,A 7;
THANOS,AF 111;
THANOS,C&D3 18;
THANOS,CM 25;
THANOS,CM 26;
THANOS,CM 27;
THANOS,CM 28;
THANOS,CM 29;
THANOS,CM 30;
THANOS,CM 31;
THANOS,CM 32;
THANOS,CM 33;
THANOS,CM4 5;
THANOS,CM5 14;
THANOS,CM5 17;
THANOS,CM5 18;
THANOS,CM5 19;
THANOS,CP 5;
THANOS,CPU 1;
THANOS,DD 105;
THANOS DOPPELGANGER,FF 366;
THANOS DOPPELGANGER,FF 368;
THANOS DOPPELGANGER,FF 369;
THANOS DOPPELGANGER,FF 370;
THANOS DOPPELGANGER,IW 1;
THANOS DOPPELGANGER,IW 2;
THANOS DOPPELGANGER,IW 3;
THANOS DOPPELGANGER,IW 4;
THANOS DOPPELGANGER,IW 5;
THANOS DOPPELGANGER,MK 41;
THANOS DOPPELGANGER,WIW 10;
THANOS DOPPELGANGER,WIW 8;
THANOS DOPPELGANGER,WM2 13;
THANOS,DPOOL3 33;
THANOS,DRSTR3 33;
THANOS,FF 369;
THANOS,FF 370;
THANOS,IG 1;
THANOS,IG 2;
THANOS,IG 3;
THANOS,IG 4;
THANOS,IG 5;
THANOS,IG 6;
THANOS,IM 54;
THANOS,IM 55;
THANOS,IW 1;
THANOS,IW 2;
THANOS,IW 3;
THANOS,IW 4;
THANOS,IW 5;
THANOS,IW 6;
THANOS,KZ4 10;
THANOS,KZ4 11;
THANOS,KZ4 4;
THANOS,KZ4 5;
THANOS,KZ4 6;
THANOS,KZ4 7;
THANOS,KZ4 8;
THANOS,KZ4 9;
THANOS,KZ '97;
THANOS,LR 6/2;
THANOS,M/CP 108/4;
THANOS,M/CP 109/4;
THANOS,M/CP 110/4;
THANOS,M/CP 111/4;
THANOS,M/FEA 12;
THANOS,M/GN 1;
THANOS,M/TIO 2;
THANOS,Q 24;
THANOS,Q 26;
THANOS,Q 38;
THANOS,Q 39;
THANOS,Q 40;
THANOS,Q 42;
THANOS,Q 59;
THANOS,S-M 17;
THANOS,SMTU 2;
THANOS,SS3 34;
THANOS,SS3 35;
THANOS,SS3 38;
THANOS,SS3 40;
THANOS,SS3 44;
THANOS,SS3 45;
THANOS,SS3 47;
THANOS,SS3 48;
THANOS,SS3 49;
THANOS,SS3 50;
THANOS,SS3 57;
THANOS,SS3 59;
THANOS,SS3 98;
THANOS,SS/RUNE/2;
THANOS,T '00/2;
THANOS,T2 21;
THANOS,T2 22;
THANOS,T2 23;
THANOS,T2 24;
THANOS,T2 25;
THANOS,TQ 1;
THANOS,TQ 2;
THANOS,WIW 10;
THANOS,WIW 7;
THANOS,WIW 8;
THANOS,WLOCK 10;
THANOS,WLOCK 11;
THANOS,WLOCK 15;
THANOS,WLOCK 9;
THANOS,WM2 14;
THANOS,X '98;
THAN, VELENA,SK 4;
THENA,A 246;
THENA,A 247;
THENA,A 248;
THENA,A 299;
THENA,A 308;
THENA,A 310;
THENA,A 375;
THENA,E 1;
THENA,E 10;
THENA,E 12;
THENA,E2 1;
THENA,E2 10;
THENA,E2 11;
THENA,E2 12;
THENA,E2 2;
THENA,E2 4;
THENA,E2 5;
THENA,E2 6;
THENA,E2 7;
THENA,E2 8;
THENA,E2 9;
THENA,E 5;
THENA,E 6;
THENA,E 8;
THENA,E 9;
THENA,E:HEROD;
THENA,FFU 10;
THENA,HFH 11;
THENA,HFH 12;
THENA,HFH 13;
THENA,HFH 15;
THENA,HFH 16;
THENA,HFH 17;
THENA,HFH 19;
THENA,HFH 5;
THENA,HFH 6;
THENA,HFH 7;
THENA,HFH 8;
THENA,HFH 9;
THENA,HFH '98;
THENA,IM 179;
THENA,IM 6;
THENA,NEW ETERNALS;
THENA,Q 58;
THENA,QS 12;
THENA,SS 1;
THENA,T 285;
THENA,T 286;
THENA,T 287;
THENA,T 288;
THENA,T 289;
THENA,T 291;
THENA,T 292;
THENA,T 301;
THENA,T 7;
THERAK,AWC 82;
THERAK,AWC 84;
THERAK,AWC 85;
THERAK,AWC 86;
THERAK,IM '99;
THERA,NO2 10;
THERA,NO2 11;
THERA,NO2 13;
THERA,NO2 14;
THERA,NO2 15;
THERA,NO2 9;
THERMAL MAN,M/SH3 9/2;
THERMAL MAN,T 15/3;
THERMAL MAN,T 170;
THERMITE/,SQS 10;
THERMITE/,SQS 11;
THERMITE/,SQS 12;
THERMO/DR. WALTER MI,M/TU 108;
THERMO/DR. WALTER MI,M/TU 109;
THERMO II/,Q 21;
THERNON,I:GR;
THING/BENJAMIN J. GR,A 1;
THING/BENJAMIN J. GR,A 118;
THING/BENJAMIN J. GR,A 12;
THING/BENJAMIN J. GR,A 127;
THING/BENJAMIN J. GR,A 128;
THING/BENJAMIN J. GR,A 13;
THING/BENJAMIN J. GR,A 144;
THING/BENJAMIN J. GR,A 1.5;
THING/BENJAMIN J. GR,A 151;
THING/BENJAMIN J. GR,A 18;
THING/BENJAMIN J. GR,A 18/2;
THING/BENJAMIN J. GR,A 21;
THING/BENJAMIN J. GR,A2 12;
THING/BENJAMIN J. GR,A 216;
THING/BENJAMIN J. GR,A 248;
THING/BENJAMIN J. GR,A 25;
THING/BENJAMIN J. GR,A2 6;
THING/BENJAMIN J. GR,A 3;
THING/BENJAMIN J. GR,A 303;
THING/BENJAMIN J. GR,A 305;
THING/BENJAMIN J. GR,A3 1;
THING/BENJAMIN J. GR,A3 10;
THING/BENJAMIN J. GR,A3 11;
THING/BENJAMIN J. GR,A 332;
THING/BENJAMIN J. GR,A 333;
THING/BENJAMIN J. GR,A3 43;
THING/BENJAMIN J. GR,A 400;
THING/BENJAMIN J. GR,A 42;
THING/BENJAMIN J. GR,A 60;
THING/BENJAMIN J. GR,A 82;
THING/BENJAMIN J. GR,A 92;
THING/BENJAMIN J. GR,A 94;
THING/BENJAMIN J. GR,AA2 1;
THING/BENJAMIN J. GR,AA2 2;
THING/BENJAMIN J. GR,AF 111;
THING/BENJAMIN J. GR,AF 61;
THING/BENJAMIN J. GR,AF 93;
THING/BENJAMIN J. GR,AF 94;
THING/BENJAMIN J. GR,AR 1;
THING/BENJAMIN J. GR,AR 2;
THING/BENJAMIN J. GR,ASM 1;
THING/BENJAMIN J. GR,ASM 1/2;
THING/BENJAMIN J. GR,ASM 16;
THING/BENJAMIN J. GR,ASM 18;
THING/BENJAMIN J. GR,ASM2 1;
THING/BENJAMIN J. GR,ASM 215;
THING/BENJAMIN J. GR,ASM2 4;
THING/BENJAMIN J. GR,ASM 24/3;
THING/BENJAMIN J. GR,ASM 300;
THING/BENJAMIN J. GR,ASM 317;
THING/BENJAMIN J. GR,ASM 5;
THING/BENJAMIN J. GR,ASM 8/2;
THING/BENJAMIN J. GR,ASM '98;
THING/BENJAMIN J. GR,ASMSS 1;
THING/BENJAMIN J. GR,ASPOT 29;
THING/BENJAMIN J. GR,AWC 4;
THING/BENJAMIN J. GR,AWC 75;
THING/BENJAMIN J. GR,BFF:BGL 1;
THING/BENJAMIN J. GR,BFF:BGL 2;
THING/BENJAMIN J. GR,BFF:BGL 3;
THING/BENJAMIN J. GR,BP3 26;
THING/BENJAMIN J. GR,BP3 33;
THING/BENJAMIN J. GR,BP3 6;
THING/BENJAMIN J. GR,CA2 12;
THING/BENJAMIN J. GR,CA3 1;
THING/BENJAMIN J. GR,CA3 7;
THING/BENJAMIN J. GR,CA 445;
THING/BENJAMIN J. GR,CM 26;
THING/BENJAMIN J. GR,COC 1;
THING/BENJAMIN J. GR,COC 3;
THING/BENJAMIN J. GR,COMET 5;
THING/BENJAMIN J. GR,CPU 1;
THING/BENJAMIN J. GR,DAMCON 2;
THING/BENJAMIN J. GR,DAMCON3 4;
THING/BENJAMIN J. GR,DAZZ 18;
THING/BENJAMIN J. GR,DAZZ 2;
THING/BENJAMIN J. GR,DAZZ 21;
THING/BENJAMIN J. GR,DAZZ 3;
THING/BENJAMIN J. GR,DAZZ 4;
THING/BENJAMIN J. GR,DD 110;
THING/BENJAMIN J. GR,DD 164;
THING/BENJAMIN J. GR,DD 2;
THING/BENJAMIN J. GR,DD2 8;
THING/BENJAMIN J. GR,DD 38;
THING/BENJAMIN J. GR,DEF 20;
THING/BENJAMIN J. GR,DEF 21;
THING/BENJAMIN J. GR,DEF2 1;
THING/BENJAMIN J. GR,DF 1.1;
THING/BENJAMIN J. GR,DF 2.3;
THING/BENJAMIN J. GR,DF 3.5;
THING/BENJAMIN J. GR,DF 3.6;
THING/BENJAMIN J. GR,DF 4.7;
THING/BENJAMIN J. GR,DF 4.8;
THING/BENJAMIN J. GR,DH 9;
THING/BENJAMIN J. GR,DHAWK 25;
THING/BENJAMIN J. GR,DLOK2 4;
THING/BENJAMIN J. GR,DLOK2 5;
THING/BENJAMIN J. GR,DPOOL3 35;
THING/BENJAMIN J. GR,DRSTR2 53;
THING/BENJAMIN J. GR,FF '00;
THING/BENJAMIN J. GR,FF '01;
THING/BENJAMIN J. GR,FF '01/2;
THING/BENJAMIN J. GR,FF 1;
THING/BENJAMIN J. GR,FF 10;
THING/BENJAMIN J. GR,FF 100;
THING/BENJAMIN J. GR,FF 101;
THING/BENJAMIN J. GR,FF 102;
THING/BENJAMIN J. GR,FF 103;
THING/BENJAMIN J. GR,FF 104;
THING/BENJAMIN J. GR,FF 105;
THING/BENJAMIN J. GR,FF 106;
THING/BENJAMIN J. GR,FF 107;
THING/BENJAMIN J. GR,FF 108;
THING/BENJAMIN J. GR,FF 109;
THING/BENJAMIN J. GR,FF 11;
THING/BENJAMIN J. GR,FF 110;
THING/BENJAMIN J. GR,FF 111;
THING/BENJAMIN J. GR,FF 11/2;
THING/BENJAMIN J. GR,FF 112;
THING/BENJAMIN J. GR,FF 113;
THING/BENJAMIN J. GR,FF 114;
THING/BENJAMIN J. GR,FF 115;
THING/BENJAMIN J. GR,FF 116;
THING/BENJAMIN J. GR,FF 117;
THING/BENJAMIN J. GR,FF 118;
THING/BENJAMIN J. GR,FF 118/2;
THING/BENJAMIN J. GR,FF 119;
THING/BENJAMIN J. GR,FF 1/2;
THING/BENJAMIN J. GR,FF 12;
THING/BENJAMIN J. GR,FF 120;
THING/BENJAMIN J. GR,FF 121;
THING/BENJAMIN J. GR,FF 122;
THING/BENJAMIN J. GR,FF 123;
THING/BENJAMIN J. GR,FF 124;
THING/BENJAMIN J. GR,FF 125;
THING/BENJAMIN J. GR,FF 126;
THING/BENJAMIN J. GR,FF 127;
THING/BENJAMIN J. GR,FF 128;
THING/BENJAMIN J. GR,FF 129;
THING/BENJAMIN J. GR,FF 13;
THING/BENJAMIN J. GR,FF 130;
THING/BENJAMIN J. GR,FF 131;
THING/BENJAMIN J. GR,FF 132;
THING/BENJAMIN J. GR,FF 133;
THING/BENJAMIN J. GR,FF 134;
THING/BENJAMIN J. GR,FF 135;
THING/BENJAMIN J. GR,FF 136;
THING/BENJAMIN J. GR,FF 137;
THING/BENJAMIN J. GR,FF 138;
THING/BENJAMIN J. GR,FF 139;
THING/BENJAMIN J. GR,FF 14;
THING/BENJAMIN J. GR,FF 140;
THING/BENJAMIN J. GR,FF 141;
THING/BENJAMIN J. GR,FF 142;
THING/BENJAMIN J. GR,FF 143;
THING/BENJAMIN J. GR,FF 144;
THING/BENJAMIN J. GR,FF 145;
THING/BENJAMIN J. GR,FF 146;
THING/BENJAMIN J. GR,FF 147;
THING/BENJAMIN J. GR,FF 148;
THING/BENJAMIN J. GR,FF 149;
THING/BENJAMIN J. GR,FF 15;
THING/BENJAMIN J. GR,FF 150;
THING/BENJAMIN J. GR,FF 151;
THING/BENJAMIN J. GR,FF 152;
THING/BENJAMIN J. GR,FF 153;
THING/BENJAMIN J. GR,FF 154;
THING/BENJAMIN J. GR,FF 155;
THING/BENJAMIN J. GR,FF 156;
THING/BENJAMIN J. GR,FF 157;
THING/BENJAMIN J. GR,FF 158;
THING/BENJAMIN J. GR,FF 159;
THING/BENJAMIN J. GR,FF 16;
THING/BENJAMIN J. GR,FF 160;
THING/BENJAMIN J. GR,FF 161;
THING/BENJAMIN J. GR,FF 162;
THING/BENJAMIN J. GR,FF 163;
THING/BENJAMIN J. GR,FF 164;
THING/BENJAMIN J. GR,FF 165;
THING/BENJAMIN J. GR,FF 166;
THING/BENJAMIN J. GR,FF 167;
THING/BENJAMIN J. GR,FF 168;
THING/BENJAMIN J. GR,FF 169;
THING/BENJAMIN J. GR,FF 17;
THING/BENJAMIN J. GR,FF 170;
THING/BENJAMIN J. GR,FF 171;
THING/BENJAMIN J. GR,FF 172;
THING/BENJAMIN J. GR,FF 173;
THING/BENJAMIN J. GR,FF 174;
THING/BENJAMIN J. GR,FF 175;
THING/BENJAMIN J. GR,FF 176;
THING/BENJAMIN J. GR,FF 177;
THING/BENJAMIN J. GR,FF 178;
THING/BENJAMIN J. GR,FF 179;
THING/BENJAMIN J. GR,FF 18;
THING/BENJAMIN J. GR,FF 181;
THING/BENJAMIN J. GR,FF 182;
THING/BENJAMIN J. GR,FF 183;
THING/BENJAMIN J. GR,FF 184;
THING/BENJAMIN J. GR,FF 185;
THING/BENJAMIN J. GR,FF 186;
THING/BENJAMIN J. GR,FF 187;
THING/BENJAMIN J. GR,FF 188;
THING/BENJAMIN J. GR,FF 19;
THING/BENJAMIN J. GR,FF 190;
THING/BENJAMIN J. GR,FF 191;
THING/BENJAMIN J. GR,FF 192;
THING/BENJAMIN J. GR,FF 193;
THING/BENJAMIN J. GR,FF 194;
THING/BENJAMIN J. GR,FF 195;
THING/BENJAMIN J. GR,FF 196;
THING/BENJAMIN J. GR,FF 197;
THING/BENJAMIN J. GR,FF 198;
THING/BENJAMIN J. GR,FF 199;
THING/BENJAMIN J. GR,FF 2;
THING/BENJAMIN J. GR,FF 20;
THING/BENJAMIN J. GR,FF 200;
THING/BENJAMIN J. GR,FF 201;
THING/BENJAMIN J. GR,FF 202;
THING/BENJAMIN J. GR,FF 203;
THING/BENJAMIN J. GR,FF 204;
THING/BENJAMIN J. GR,FF 205;
THING/BENJAMIN J. GR,FF 206;
THING/BENJAMIN J. GR,FF 208;
THING/BENJAMIN J. GR,FF 209;
THING/BENJAMIN J. GR,FF 21;
THING/BENJAMIN J. GR,FF2 1;
THING/BENJAMIN J. GR,FF 210;
THING/BENJAMIN J. GR,FF2 10;
THING/BENJAMIN J. GR,FF 211;
THING/BENJAMIN J. GR,FF2 11;
THING/BENJAMIN J. GR,FF 212;
THING/BENJAMIN J. GR,FF2 12;
THING/BENJAMIN J. GR,FF 213;
THING/BENJAMIN J. GR,FF 214;
THING/BENJAMIN J. GR,FF 215;
THING/BENJAMIN J. GR,FF 216;
THING/BENJAMIN J. GR,FF 217;
THING/BENJAMIN J. GR,FF 218;
THING/BENJAMIN J. GR,FF 219;
THING/BENJAMIN J. GR,FF 2/2;
THING/BENJAMIN J. GR,FF 22;
THING/BENJAMIN J. GR,FF2 2;
THING/BENJAMIN J. GR,FF 220;
THING/BENJAMIN J. GR,FF 221;
THING/BENJAMIN J. GR,FF 222;
THING/BENJAMIN J. GR,FF 223;
THING/BENJAMIN J. GR,FF 224;
THING/BENJAMIN J. GR,FF 225;
THING/BENJAMIN J. GR,FF 226;
THING/BENJAMIN J. GR,FF 227;
THING/BENJAMIN J. GR,FF 228;
THING/BENJAMIN J. GR,FF 229;
THING/BENJAMIN J. GR,FF 23;
THING/BENJAMIN J. GR,FF2 3;
THING/BENJAMIN J. GR,FF 230;
THING/BENJAMIN J. GR,FF 231;
THING/BENJAMIN J. GR,FF 232;
THING/BENJAMIN J. GR,FF 233;
THING/BENJAMIN J. GR,FF 234;
THING/BENJAMIN J. GR,FF 235;
THING/BENJAMIN J. GR,FF 236;
THING/BENJAMIN J. GR,FF 237;
THING/BENJAMIN J. GR,FF 238;
THING/BENJAMIN J. GR,FF 238/2;
THING/BENJAMIN J. GR,FF 239;
THING/BENJAMIN J. GR,FF 24;
THING/BENJAMIN J. GR,FF2 4;
THING/BENJAMIN J. GR,FF 240;
THING/BENJAMIN J. GR,FF 241;
THING/BENJAMIN J. GR,FF 242;
THING/BENJAMIN J. GR,FF 243;
THING/BENJAMIN J. GR,FF 244;
THING/BENJAMIN J. GR,FF 245;
THING/BENJAMIN J. GR,FF 246;
THING/BENJAMIN J. GR,FF 247;
THING/BENJAMIN J. GR,FF 248;
THING/BENJAMIN J. GR,FF 249;
THING/BENJAMIN J. GR,FF 25;
THING/BENJAMIN J. GR,FF2 5;
THING/BENJAMIN J. GR,FF 250;
THING/BENJAMIN J. GR,FF 251;
THING/BENJAMIN J. GR,FF 252;
THING/BENJAMIN J. GR,FF 25/3;
THING/BENJAMIN J. GR,FF 253;
THING/BENJAMIN J. GR,FF 254;
THING/BENJAMIN J. GR,FF 255;
THING/BENJAMIN J. GR,FF 256;
THING/BENJAMIN J. GR,FF 257;
THING/BENJAMIN J. GR,FF 259;
THING/BENJAMIN J. GR,FF 26;
THING/BENJAMIN J. GR,FF2 6;
THING/BENJAMIN J. GR,FF 260;
THING/BENJAMIN J. GR,FF 261;
THING/BENJAMIN J. GR,FF 262;
THING/BENJAMIN J. GR,FF 263;
THING/BENJAMIN J. GR,FF 264;
THING/BENJAMIN J. GR,FF 266;
THING/BENJAMIN J. GR,FF 27;
THING/BENJAMIN J. GR,FF2 7;
THING/BENJAMIN J. GR,FF 271;
THING/BENJAMIN J. GR,FF 274;
THING/BENJAMIN J. GR,FF 277;
THING/BENJAMIN J. GR,FF 28;
THING/BENJAMIN J. GR,FF2 8;
THING/BENJAMIN J. GR,FF 29;
THING/BENJAMIN J. GR,FF2 9;
THING/BENJAMIN J. GR,FF 294;
THING/BENJAMIN J. GR,FF 296;
THING/BENJAMIN J. GR,FF 297;
THING/BENJAMIN J. GR,FF 298;
THING/BENJAMIN J. GR,FF 299;
THING/BENJAMIN J. GR,FF 3;
THING/BENJAMIN J. GR,FF 30;
THING/BENJAMIN J. GR,FF 300;
THING/BENJAMIN J. GR,FF 301;
THING/BENJAMIN J. GR,FF 302;
THING/BENJAMIN J. GR,FF 303;
THING/BENJAMIN J. GR,FF 304;
THING/BENJAMIN J. GR,FF 305;
THING/BENJAMIN J. GR,FF 306;
THING/BENJAMIN J. GR,FF 307;
THING/BENJAMIN J. GR,FF 308;
THING/BENJAMIN J. GR,FF 309;
THING/BENJAMIN J. GR,FF 31;
THING/BENJAMIN J. GR,FF3 1;
THING/BENJAMIN J. GR,FF 310;
THING/BENJAMIN J. GR,FF3 10;
THING/BENJAMIN J. GR,FF 311;
THING/BENJAMIN J. GR,FF3 11;
THING/BENJAMIN J. GR,FF 312;
THING/BENJAMIN J. GR,FF3 12;
THING/BENJAMIN J. GR,FF 313;
THING/BENJAMIN J. GR,FF3 13;
THING/BENJAMIN J. GR,FF 314;
THING/BENJAMIN J. GR,FF3 14;
THING/BENJAMIN J. GR,FF 315;
THING/BENJAMIN J. GR,FF3 15;
THING/BENJAMIN J. GR,FF 316;
THING/BENJAMIN J. GR,FF3 16;
THING/BENJAMIN J. GR,FF 317;
THING/BENJAMIN J. GR,FF3 17;
THING/BENJAMIN J. GR,FF 318;
THING/BENJAMIN J. GR,FF3 18;
THING/BENJAMIN J. GR,FF 319;
THING/BENJAMIN J. GR,FF3 19;
THING/BENJAMIN J. GR,FF 32;
THING/BENJAMIN J. GR,FF3 2;
THING/BENJAMIN J. GR,FF 320;
THING/BENJAMIN J. GR,FF3 20;
THING/BENJAMIN J. GR,FF 321;
THING/BENJAMIN J. GR,FF3 21;
THING/BENJAMIN J. GR,FF 322;
THING/BENJAMIN J. GR,FF3 22;
THING/BENJAMIN J. GR,FF 323;
THING/BENJAMIN J. GR,FF3 23;
THING/BENJAMIN J. GR,FF 324;
THING/BENJAMIN J. GR,FF3 24;
THING/BENJAMIN J. GR,FF 325;
THING/BENJAMIN J. GR,FF3 25;
THING/BENJAMIN J. GR,FF 326;
THING/BENJAMIN J. GR,FF3 26;
THING/BENJAMIN J. GR,FF 327;
THING/BENJAMIN J. GR,FF3 27;
THING/BENJAMIN J. GR,FF 328;
THING/BENJAMIN J. GR,FF3 28;
THING/BENJAMIN J. GR,FF 329;
THING/BENJAMIN J. GR,FF3 29;
THING/BENJAMIN J. GR,FF 33;
THING/BENJAMIN J. GR,FF3 3;
THING/BENJAMIN J. GR,FF 330;
THING/BENJAMIN J. GR,FF3 30;
THING/BENJAMIN J. GR,FF 331;
THING/BENJAMIN J. GR,FF3 31;
THING/BENJAMIN J. GR,FF 332;
THING/BENJAMIN J. GR,FF3 32;
THING/BENJAMIN J. GR,FF 333;
THING/BENJAMIN J. GR,FF3 33;
THING/BENJAMIN J. GR,FF 334;
THING/BENJAMIN J. GR,FF3 34;
THING/BENJAMIN J. GR,FF 335;
THING/BENJAMIN J. GR,FF3 35;
THING/BENJAMIN J. GR,FF 336;
THING/BENJAMIN J. GR,FF3 36;
THING/BENJAMIN J. GR,FF 337;
THING/BENJAMIN J. GR,FF3 37;
THING/BENJAMIN J. GR,FF 338;
THING/BENJAMIN J. GR,FF3 38;
THING/BENJAMIN J. GR,FF 339;
THING/BENJAMIN J. GR,FF3 39;
THING/BENJAMIN J. GR,FF 34;
THING/BENJAMIN J. GR,FF3 4;
THING/BENJAMIN J. GR,FF 340;
THING/BENJAMIN J. GR,FF3 40;
THING/BENJAMIN J. GR,FF 341;
THING/BENJAMIN J. GR,FF3 41;
THING/BENJAMIN J. GR,FF 342;
THING/BENJAMIN J. GR,FF3 42;
THING/BENJAMIN J. GR,FF 343;
THING/BENJAMIN J. GR,FF3 43;
THING/BENJAMIN J. GR,FF 344;
THING/BENJAMIN J. GR,FF3 44;
THING/BENJAMIN J. GR,FF 345;
THING/BENJAMIN J. GR,FF3 45;
THING/BENJAMIN J. GR,FF 346;
THING/BENJAMIN J. GR,FF 347;
THING/BENJAMIN J. GR,FF 348;
THING/BENJAMIN J. GR,FF 349;
THING/BENJAMIN J. GR,FF 35;
THING/BENJAMIN J. GR,FF3 5;
THING/BENJAMIN J. GR,FF 350;
THING/BENJAMIN J. GR,FF 351;
THING/BENJAMIN J. GR,FF 352;
THING/BENJAMIN J. GR,FF 353;
THING/BENJAMIN J. GR,FF 354;
THING/BENJAMIN J. GR,FF 355;
THING/BENJAMIN J. GR,FF 356;
THING/BENJAMIN J. GR,FF 357;
THING/BENJAMIN J. GR,FF 358;
THING/BENJAMIN J. GR,FF 359;
THING/BENJAMIN J. GR,FF 36;
THING/BENJAMIN J. GR,FF3 6;
THING/BENJAMIN J. GR,FF 360;
THING/BENJAMIN J. GR,FF 361;
THING/BENJAMIN J. GR,FF 362;
THING/BENJAMIN J. GR,FF 363;
THING/BENJAMIN J. GR,FF 364;
THING/BENJAMIN J. GR,FF 365;
THING/BENJAMIN J. GR,FF 366;
THING/BENJAMIN J. GR,FF 367;
THING/BENJAMIN J. GR,FF 368;
THING/BENJAMIN J. GR,FF 369;
THING/BENJAMIN J. GR,FF 37;
THING/BENJAMIN J. GR,FF3 7;
THING/BENJAMIN J. GR,FF 370;
THING/BENJAMIN J. GR,FF 371;
THING/BENJAMIN J. GR,FF 372;
THING/BENJAMIN J. GR,FF 373;
THING/BENJAMIN J. GR,FF 38;
THING/BENJAMIN J. GR,FF3 8;
THING/BENJAMIN J. GR,FF 388;
THING/BENJAMIN J. GR,FF 389;
THING/BENJAMIN J. GR,FF 39;
THING/BENJAMIN J. GR,FF3 9;
THING/BENJAMIN J. GR,FF 390;
THING/BENJAMIN J. GR,FF 391;
THING/BENJAMIN J. GR,FF 392;
THING/BENJAMIN J. GR,FF 393;
THING/BENJAMIN J. GR,FF 394;
THING/BENJAMIN J. GR,FF 395;
THING/BENJAMIN J. GR,FF 396;
THING/BENJAMIN J. GR,FF 397;
THING/BENJAMIN J. GR,FF 398;
THING/BENJAMIN J. GR,FF 399;
THING/BENJAMIN J. GR,FF 4;
THING/BENJAMIN J. GR,FF 40;
THING/BENJAMIN J. GR,FF 400;
THING/BENJAMIN J. GR,FF 400/2;
THING/BENJAMIN J. GR,FF 401;
THING/BENJAMIN J. GR,FF 402;
THING/BENJAMIN J. GR,FF 403;
THING/BENJAMIN J. GR,FF 404;
THING/BENJAMIN J. GR,FF 405;
THING/BENJAMIN J. GR,FF 406;
THING/BENJAMIN J. GR,FF 407;
THING/BENJAMIN J. GR,FF 408;
THING/BENJAMIN J. GR,FF 409;
THING/BENJAMIN J. GR,FF 41;
THING/BENJAMIN J. GR,FF 410;
THING/BENJAMIN J. GR,FF 411;
THING/BENJAMIN J. GR,FF 412;
THING/BENJAMIN J. GR,FF 413;
THING/BENJAMIN J. GR,FF 414;
THING/BENJAMIN J. GR,FF 415;
THING/BENJAMIN J. GR,FF 416;
THING/BENJAMIN J. GR,FF 416/2;
THING/BENJAMIN J. GR,FF 42;
THING/BENJAMIN J. GR,FF 43;
THING/BENJAMIN J. GR,FF 44;
THING/BENJAMIN J. GR,FF 45;
THING/BENJAMIN J. GR,FF 46;
THING/BENJAMIN J. GR,FF 47;
THING/BENJAMIN J. GR,FF 48;
THING/BENJAMIN J. GR,FF 49;
THING/BENJAMIN J. GR,FF 5;
THING/BENJAMIN J. GR,FF 50;
THING/BENJAMIN J. GR,FF 51;
THING/BENJAMIN J. GR,FF 52;
THING/BENJAMIN J. GR,FF 53;
THING/BENJAMIN J. GR,FF 54;
THING/BENJAMIN J. GR,FF 55;
THING/BENJAMIN J. GR,FF 56;
THING/BENJAMIN J. GR,FF 57;
THING/BENJAMIN J. GR,FF 58;
THING/BENJAMIN J. GR,FF 59;
THING/BENJAMIN J. GR,FF 6;
THING/BENJAMIN J. GR,FF 60;
THING/BENJAMIN J. GR,FF 61;
THING/BENJAMIN J. GR,FF 62;
THING/BENJAMIN J. GR,FF 63;
THING/BENJAMIN J. GR,FF 64;
THING/BENJAMIN J. GR,FF 65;
THING/BENJAMIN J. GR,FF 66;
THING/BENJAMIN J. GR,FF 67;
THING/BENJAMIN J. GR,FF 68;
THING/BENJAMIN J. GR,FF 69;
THING/BENJAMIN J. GR,FF 7;
THING/BENJAMIN J. GR,FF 70;
THING/BENJAMIN J. GR,FF 71;
THING/BENJAMIN J. GR,FF 72;
THING/BENJAMIN J. GR,FF 73;
THING/BENJAMIN J. GR,FF 74;
THING/BENJAMIN J. GR,FF 75;
THING/BENJAMIN J. GR,FF 76;
THING/BENJAMIN J. GR,FF 77;
THING/BENJAMIN J. GR,FF 78;
THING/BENJAMIN J. GR,FF 79;
THING/BENJAMIN J. GR,FF 8;
THING/BENJAMIN J. GR,FF 80;
THING/BENJAMIN J. GR,FF 81;
THING/BENJAMIN J. GR,FF 82;
THING/BENJAMIN J. GR,FF 83;
THING/BENJAMIN J. GR,FF 84;
THING/BENJAMIN J. GR,FF 85;
THING/BENJAMIN J. GR,FF 86;
THING/BENJAMIN J. GR,FF 87;
THING/BENJAMIN J. GR,FF 88;
THING/BENJAMIN J. GR,FF 89;
THING/BENJAMIN J. GR,FF 9;
THING/BENJAMIN J. GR,FF 90;
THING/BENJAMIN J. GR,FF 91;
THING/BENJAMIN J. GR,FF 92;
THING/BENJAMIN J. GR,FF 93;
THING/BENJAMIN J. GR,FF 94;
THING/BENJAMIN J. GR,FF 95;
THING/BENJAMIN J. GR,FF 96;
THING/BENJAMIN J. GR,FF 97;
THING/BENJAMIN J. GR,FF 98;
THING/BENJAMIN J. GR,FF '99;
THING/BENJAMIN J. GR,FF 99;
THING/BENJAMIN J. GR,FFOR 7;
THING/BENJAMIN J. GR,FFU 10;
THING/BENJAMIN J. GR,FFU 12;
THING/BENJAMIN J. GR,FFU 6;
THING/BENJAMIN J. GR,FFU 7;
THING/BENJAMIN J. GR,FFU 8;
THING/BENJAMIN J. GR,FFU 90;
THING/BENJAMIN J. GR,FFUP 1;
THING/BENJAMIN J. GR,FFUP 2;
THING/BENJAMIN J. GR,FFUP 3;
THING/BENJAMIN J. GR,FFV.X 1;
THING/BENJAMIN J. GR,FFV.X 2;
THING/BENJAMIN J. GR,FFV.X 3;
THING/BENJAMIN J. GR,FFV.X 4;
THING/BENJAMIN J. GR,FURY 1;
THING/BENJAMIN J. GR,GAL 1;
THING/BENJAMIN J. GR,GAL 2;
THING/BENJAMIN J. GR,GAL 3;
THING/BENJAMIN J. GR,GAL 4;
THING/BENJAMIN J. GR,GAL 5;
THING/BENJAMIN J. GR,GAL 6;
THING/BENJAMIN J. GR,GENX 5;
THING/BENJAMIN J. GR,GENX '96;
THING/BENJAMIN J. GR,GG 4;
THING/BENJAMIN J. GR,GSFF 2;
THING/BENJAMIN J. GR,GSFF 3;
THING/BENJAMIN J. GR,GSFF 4;
THING/BENJAMIN J. GR,GSM-T 2;
THING/BENJAMIN J. GR,GSSS 1;
THING/BENJAMIN J. GR,GZILL 20;
THING/BENJAMIN J. GR,GZILL 21;
THING/BENJAMIN J. GR,GZILL 22;
THING/BENJAMIN J. GR,GZILL 23;
THING/BENJAMIN J. GR,GZILL 24;
THING/BENJAMIN J. GR,H 11;
THING/BENJAMIN J. GR,H 18;
THING/BENJAMIN J. GR,H2 122;
THING/BENJAMIN J. GR,H2 123;
THING/BENJAMIN J. GR,H2 152;
THING/BENJAMIN J. GR,H2 153;
THING/BENJAMIN J. GR,H2 250;
THING/BENJAMIN J. GR,H2 277;
THING/BENJAMIN J. GR,H2 278;
THING/BENJAMIN J. GR,H2 279;
THING/BENJAMIN J. GR,H2 293;
THING/BENJAMIN J. GR,H2 350;
THING/BENJAMIN J. GR,H2 365;
THING/BENJAMIN J. GR,H2 450/2;
THING/BENJAMIN J. GR,H3 9;
THING/BENJAMIN J. GR,HR:R 1;
THING/BENJAMIN J. GR,HR:R 2;
THING/BENJAMIN J. GR,HR:R 3;
THING/BENJAMIN J. GR,HR:R 4;
THING/BENJAMIN J. GR,IFW 2;
THING/BENJAMIN J. GR,IM 159;
THING/BENJAMIN J. GR,IM2 12;
THING/BENJAMIN J. GR,IM2 3;
THING/BENJAMIN J. GR,IM2 6;
THING/BENJAMIN J. GR,IM 275;
THING/BENJAMIN J. GR,IM2 9;
THING/BENJAMIN J. GR,IM3 14;
THING/BENJAMIN J. GR,IM3 35;
THING/BENJAMIN J. GR,INH3 2;
THING/BENJAMIN J. GR,IW 2;
THING/BENJAMIN J. GR,IW 3;
THING/BENJAMIN J. GR,IW 4;
THING/BENJAMIN J. GR,IW 5;
THING/BENJAMIN J. GR,IW 6;
THING/BENJAMIN J. GR,JUSTICE 1;
THING/BENJAMIN J. GR,LCHFH 9;
THING/BENJAMIN J. GR,MARVELS 2;
THING/BENJAMIN J. GR,MARVELS 3;
THING/BENJAMIN J. GR,MAXSEC 2;
THING/BENJAMIN J. GR,MAXSEC 3;
THING/BENJAMIN J. GR,M/CP 105/4;
THING/BENJAMIN J. GR,M/CP 18/3;
THING/BENJAMIN J. GR,M/CP 18/4;
THING/BENJAMIN J. GR,M/CP 21/4;
THING/BENJAMIN J. GR,M/CP 3/4;
THING/BENJAMIN J. GR,M/CP 66/3;
THING/BENJAMIN J. GR,M/CP 68/3;
THING/BENJAMIN J. GR,M/CP 94/4;
THING/BENJAMIN J. GR,MEPHV. 1;
THING/BENJAMIN J. GR,MEPHV. 2;
THING/BENJAMIN J. GR,MEPHV. 3;
THING/BENJAMIN J. GR,M/FAN 14;
THING/BENJAMIN J. GR,M/FAN 15;
THING/BENJAMIN J. GR,M/FAN 20;
THING/BENJAMIN J. GR,M/FAN 21;
THING/BENJAMIN J. GR,M/FAN 2/2;
THING/BENJAMIN J. GR,M/FAN 24/2;
THING/BENJAMIN J. GR,M/FAN 43/2;
THING/BENJAMIN J. GR,M/FAN 46;
THING/BENJAMIN J. GR,M/FAN 46/2;
THING/BENJAMIN J. GR,M/FEA 11;
THING/BENJAMIN J. GR,M/FEA 12;
THING/BENJAMIN J. GR,M/GN 1;
THING/BENJAMIN J. GR,M/GN 29;
THING/BENJAMIN J. GR,M/H&L;
THING/BENJAMIN J. GR,M/HOL 1994/3;
THING/BENJAMIN J. GR,MICRO 14;
THING/BENJAMIN J. GR,MICRO 15;
THING/BENJAMIN J. GR,MICRO 16;
THING/BENJAMIN J. GR,MICRO 17;
THING/BENJAMIN J. GR,MICRO 40;
THING/BENJAMIN J. GR,MK 16;
THING/BENJAMIN J. GR,MK3 41;
THING/BENJAMIN J. GR,MK3 44;
THING/BENJAMIN J. GR,MK 35;
THING/BENJAMIN J. GR,M/K 6;
THING/BENJAMIN J. GR,M:/LG 11;
THING/BENJAMIN J. GR,M/:LG 7;
THING/BENJAMIN J. GR,MM 15;
THING/BENJAMIN J. GR,M/SH3 5/2;
THING/BENJAMIN J. GR,M/SHSW 1;
THING/BENJAMIN J. GR,M/SHSW 10;
THING/BENJAMIN J. GR,M/SHSW 11;
THING/BENJAMIN J. GR,M/SHSW 12;
THING/BENJAMIN J. GR,M/SHSW 2;
THING/BENJAMIN J. GR,M/SHSW 3;
THING/BENJAMIN J. GR,M/SHSW 4;
THING/BENJAMIN J. GR,M/SHSW 5;
THING/BENJAMIN J. GR,M/SHSW 6;
THING/BENJAMIN J. GR,M/SHSW 7;
THING/BENJAMIN J. GR,M/SHSW 8;
THING/BENJAMIN J. GR,M/SHSW 9;
THING/BENJAMIN J. GR,M/SS 1;
THING/BENJAMIN J. GR,M/TE 13;
THING/BENJAMIN J. GR,M/TIO 1;
THING/BENJAMIN J. GR,M/TIO 10;
THING/BENJAMIN J. GR,M/TIO 100;
THING/BENJAMIN J. GR,M/TIO 11;
THING/BENJAMIN J. GR,M/TIO 12;
THING/BENJAMIN J. GR,M/TIO 13;
THING/BENJAMIN J. GR,M/TIO 14;
THING/BENJAMIN J. GR,M/TIO 15;
THING/BENJAMIN J. GR,M/TIO 16;
THING/BENJAMIN J. GR,M/TIO 17;
THING/BENJAMIN J. GR,M/TIO 18;
THING/BENJAMIN J. GR,M/TIO 19;
THING/BENJAMIN J. GR,M/TIO 2;
THING/BENJAMIN J. GR,M/TIO 20;
THING/BENJAMIN J. GR,M/TIO 21;
THING/BENJAMIN J. GR,M/TIO 22;
THING/BENJAMIN J. GR,M/TIO 23;
THING/BENJAMIN J. GR,M/TIO 24;
THING/BENJAMIN J. GR,M/TIO 25;
THING/BENJAMIN J. GR,M/TIO 26;
THING/BENJAMIN J. GR,M/TIO 27;
THING/BENJAMIN J. GR,M/TIO 28;
THING/BENJAMIN J. GR,M/TIO 29;
THING/BENJAMIN J. GR,M/TIO 3;
THING/BENJAMIN J. GR,M/TIO 30;
THING/BENJAMIN J. GR,M/TIO 31;
THING/BENJAMIN J. GR,M/TIO 32;
THING/BENJAMIN J. GR,M/TIO 33;
THING/BENJAMIN J. GR,M/TIO 34;
THING/BENJAMIN J. GR,M/TIO 35;
THING/BENJAMIN J. GR,M/TIO 36;
THING/BENJAMIN J. GR,M/TIO 37;
THING/BENJAMIN J. GR,M/TIO 38;
THING/BENJAMIN J. GR,M/TIO 39;
THING/BENJAMIN J. GR,M/TIO 4;
THING/BENJAMIN J. GR,M/TIO 40;
THING/BENJAMIN J. GR,M/TIO 41;
THING/BENJAMIN J. GR,M/TIO 42;
THING/BENJAMIN J. GR,M/TIO 43;
THING/BENJAMIN J. GR,M/TIO 44;
THING/BENJAMIN J. GR,M/TIO 45;
THING/BENJAMIN J. GR,M/TIO 46;
THING/BENJAMIN J. GR,M/TIO 47;
THING/BENJAMIN J. GR,M/TIO 48;
THING/BENJAMIN J. GR,M/TIO 49;
THING/BENJAMIN J. GR,M/TIO 5;
THING/BENJAMIN J. GR,M/TIO 50;
THING/BENJAMIN J. GR,M/TIO 51;
THING/BENJAMIN J. GR,M/TIO 52;
THING/BENJAMIN J. GR,M/TIO 53;
THING/BENJAMIN J. GR,M/TIO 54;
THING/BENJAMIN J. GR,M/TIO 55;
THING/BENJAMIN J. GR,M/TIO 56;
THING/BENJAMIN J. GR,M/TIO 57;
THING/BENJAMIN J. GR,M/TIO 58;
THING/BENJAMIN J. GR,M/TIO 59;
THING/BENJAMIN J. GR,M/TIO 6;
THING/BENJAMIN J. GR,M/TIO 60;
THING/BENJAMIN J. GR,M/TIO 61;
THING/BENJAMIN J. GR,M/TIO 62;
THING/BENJAMIN J. GR,M/TIO 63;
THING/BENJAMIN J. GR,M/TIO 64;
THING/BENJAMIN J. GR,M/TIO 65;
THING/BENJAMIN J. GR,M/TIO 66;
THING/BENJAMIN J. GR,M/TIO 67;
THING/BENJAMIN J. GR,M/TIO 68;
THING/BENJAMIN J. GR,M/TIO 69;
THING/BENJAMIN J. GR,M/TIO 7;
THING/BENJAMIN J. GR,M/TIO 70;
THING/BENJAMIN J. GR,M/TIO 71;
THING/BENJAMIN J. GR,M/TIO 72;
THING/BENJAMIN J. GR,M/TIO 73;
THING/BENJAMIN J. GR,M/TIO 74;
THING/BENJAMIN J. GR,M/TIO 75;
THING/BENJAMIN J. GR,M/TIO 76;
THING/BENJAMIN J. GR,M/TIO 77;
THING/BENJAMIN J. GR,M/TIO 78;
THING/BENJAMIN J. GR,M/TIO 79;
THING/BENJAMIN J. GR,M/TIO 8;
THING/BENJAMIN J. GR,M/TIO 80;
THING/BENJAMIN J. GR,M/TIO 81;
THING/BENJAMIN J. GR,M/TIO 82;
THING/BENJAMIN J. GR,M/TIO 83;
THING/BENJAMIN J. GR,M/TIO 84;
THING/BENJAMIN J. GR,M/TIO 85;
THING/BENJAMIN J. GR,M/TIO 86;
THING/BENJAMIN J. GR,M/TIO 86/2;
THING/BENJAMIN J. GR,M/TIO 87;
THING/BENJAMIN J. GR,M/TIO 88;
THING/BENJAMIN J. GR,M/TIO 89;
THING/BENJAMIN J. GR,M/TIO 9;
THING/BENJAMIN J. GR,M/TIO 90;
THING/BENJAMIN J. GR,M/TIO 91;
THING/BENJAMIN J. GR,M/TIO 92;
THING/BENJAMIN J. GR,M/TIO 93;
THING/BENJAMIN J. GR,M/TIO 94;
THING/BENJAMIN J. GR,M/TIO 95;
THING/BENJAMIN J. GR,M/TIO 96;
THING/BENJAMIN J. GR,M/TIO 97;
THING/BENJAMIN J. GR,M/TIO 98;
THING/BENJAMIN J. GR,M/TIO 99;
THING/BENJAMIN J. GR,M/TU 100;
THING/BENJAMIN J. GR,M/TU2 10;
THING/BENJAMIN J. GR,M/TU2 9;
THING/BENJAMIN J. GR,M/TU 3;
THING/BENJAMIN J. GR,M/TU 32;
THING/BENJAMIN J. GR,M/TU 47;
THING/BENJAMIN J. GR,M/TU 5;
THING/BENJAMIN J. GR,M/TU 6;
THING/BENJAMIN J. GR,M/TU 61;
THING/BENJAMIN J. GR,N 1/3;
THING/BENJAMIN J. GR,NF3 15;
THING/BENJAMIN J. GR,NF3 19;
THING/BENJAMIN J. GR,NF3 24;
THING/BENJAMIN J. GR,NFV.S 2;
THING/BENJAMIN J. GR,NO 13;
THING/BENJAMIN J. GR,NO2 10;
THING/BENJAMIN J. GR,NO2 11;
THING/BENJAMIN J. GR,NW 16;
THING/BENJAMIN J. GR,NW 17;
THING/BENJAMIN J. GR,NW 24;
THING/BENJAMIN J. GR,NW 27;
THING/BENJAMIN J. GR,O:MU;
THING/BENJAMIN J. GR,O:X;
THING/BENJAMIN J. GR,PP 34;
THING/BENJAMIN J. GR,PP 36;
THING/BENJAMIN J. GR,PP 62;
THING/BENJAMIN J. GR,PPSM2 16;
THING/BENJAMIN J. GR,PPTSS 263;
THING/BENJAMIN J. GR,PPTSS 89;
THING/BENJAMIN J. GR,Q 20;
THING/BENJAMIN J. GR,Q 28;
THING/BENJAMIN J. GR,Q 38;
THING/BENJAMIN J. GR,Q 39;
THING/BENJAMIN J. GR,Q 40;
THING/BENJAMIN J. GR,QP 3;
THING/BENJAMIN J. GR,RH2 4;
THING/BENJAMIN J. GR,RH2 5;
THING/BENJAMIN J. GR,ROA 3 & ROA 4;
THING/BENJAMIN J. GR,ROM 23;
THING/BENJAMIN J. GR,SENSM 28;
THING/BENJAMIN J. GR,SENTRY 2;
THING/BENJAMIN J. GR,S-H2 39;
THING/BENJAMIN J. GR,S-H2 48;
THING/BENJAMIN J. GR,S-H:C 1;
THING/BENJAMIN J. GR,SHOWAR 19;
THING/BENJAMIN J. GR,SHOWAR 20;
THING/BENJAMIN J. GR,S&L 2;
THING/BENJAMIN J. GR,SLEEP 14;
THING/BENJAMIN J. GR,SLEEP 15;
THING/BENJAMIN J. GR,SLEEP 16;
THING/BENJAMIN J. GR,S-M 23;
THING/BENJAMIN J. GR,S-M 94;
THING/BENJAMIN J. GR,SS 15;
THING/BENJAMIN J. GR,SS 17;
THING/BENJAMIN J. GR,SS2 1;
THING/BENJAMIN J. GR,SS3 1;
THING/BENJAMIN J. GR,SS3 138;
THING/BENJAMIN J. GR,SS3 14;
THING/BENJAMIN J. GR,SS3 146;
THING/BENJAMIN J. GR,SS3 16;
THING/BENJAMIN J. GR,SS3 93;
THING/BENJAMIN J. GR,SS3 94;
THING/BENJAMIN J. GR,SS3 95;
THING/BENJAMIN J. GR,SS3 96;
THING/BENJAMIN J. GR,SS3 97;
THING/BENJAMIN J. GR,SS 5;
THING/BENJAMIN J. GR,SS 6;
THING/BENJAMIN J. GR,ST 101;
THING/BENJAMIN J. GR,ST 105;
THING/BENJAMIN J. GR,ST 106;
THING/BENJAMIN J. GR,ST 107;
THING/BENJAMIN J. GR,ST 110;
THING/BENJAMIN J. GR,ST 111;
THING/BENJAMIN J. GR,ST 112;
THING/BENJAMIN J. GR,ST 116;
THING/BENJAMIN J. GR,ST 117;
THING/BENJAMIN J. GR,ST 118;
THING/BENJAMIN J. GR,ST 119;
THING/BENJAMIN J. GR,ST 120;
THING/BENJAMIN J. GR,ST 121;
THING/BENJAMIN J. GR,ST 123;
THING/BENJAMIN J. GR,ST 124;
THING/BENJAMIN J. GR,ST 125;
THING/BENJAMIN J. GR,ST 126;
THING/BENJAMIN J. GR,ST 127;
THING/BENJAMIN J. GR,ST 128;
THING/BENJAMIN J. GR,ST 129;
THING/BENJAMIN J. GR,ST 130;
THING/BENJAMIN J. GR,ST 131;
THING/BENJAMIN J. GR,ST 132;
THING/BENJAMIN J. GR,ST 133;
THING/BENJAMIN J. GR,ST 134;
THING/BENJAMIN J. GR,ST 156;
THING/BENJAMIN J. GR,ST 161;
THING/BENJAMIN J. GR,ST2 19;
THING/BENJAMIN J. GR,ST3;
THING/BENJAMIN J. GR,SUB-M 14;
THING/BENJAMIN J. GR,SUB-M 31;
THING/BENJAMIN J. GR,SUB-M 67;
THING/BENJAMIN J. GR,SUB-M 8;
THING/BENJAMIN J. GR,SVTU 2;
THING/BENJAMIN J. GR,SVTU 5;
THING/BENJAMIN J. GR,SVTU 6;
THING/BENJAMIN J. GR,SVTU 7;
THING/BENJAMIN J. GR,SWII 7;
THING/BENJAMIN J. GR,SWII 9;
THING/BENJAMIN J. GR,T 14;
THING/BENJAMIN J. GR,T2 5;
THING/BENJAMIN J. GR,T 305;
THING/BENJAMIN J. GR,T 405;
THING/BENJAMIN J. GR,T 485;
THING/BENJAMIN J. GR,T '99;
THING/BENJAMIN J. GR,TB 10;
THING/BENJAMIN J. GR,TB 11;
THING/BENJAMIN J. GR,TB 12;
THING/BENJAMIN J. GR,TG 1;
THING/BENJAMIN J. GR,TG 10;
THING/BENJAMIN J. GR,TG 11;
THING/BENJAMIN J. GR,TG 12;
THING/BENJAMIN J. GR,TG 13;
THING/BENJAMIN J. GR,TG 14;
THING/BENJAMIN J. GR,TG 15;
THING/BENJAMIN J. GR,TG 16;
THING/BENJAMIN J. GR,TG 17;
THING/BENJAMIN J. GR,TG 18;
THING/BENJAMIN J. GR,TG 19;
THING/BENJAMIN J. GR,TG 2;
THING/BENJAMIN J. GR,TG 20;
THING/BENJAMIN J. GR,TG 21;
THING/BENJAMIN J. GR,TG 22;
THING/BENJAMIN J. GR,TG 23;
THING/BENJAMIN J. GR,TG 24;
THING/BENJAMIN J. GR,TG 25;
THING/BENJAMIN J. GR,TG 26;
THING/BENJAMIN J. GR,TG 27;
THING/BENJAMIN J. GR,TG 28;
THING/BENJAMIN J. GR,TG 29;
THING/BENJAMIN J. GR,TG 3;
THING/BENJAMIN J. GR,TG 30;
THING/BENJAMIN J. GR,TG 31;
THING/BENJAMIN J. GR,TG 32;
THING/BENJAMIN J. GR,TG 33;
THING/BENJAMIN J. GR,TG 34;
THING/BENJAMIN J. GR,TG 35;
THING/BENJAMIN J. GR,TG 36;
THING/BENJAMIN J. GR,TG 4;
THING/BENJAMIN J. GR,TG 5;
THING/BENJAMIN J. GR,TG 6;
THING/BENJAMIN J. GR,TG 7;
THING/BENJAMIN J. GR,TG 8;
THING/BENJAMIN J. GR,TG 9;
THING/BENJAMIN J. GR,TM:ID;
THING/BENJAMIN J. GR,TOS 56/2;
THING/BENJAMIN J. GR,UTSM '96;
THING/BENJAMIN J. GR,UTSM '97;
THING/BENJAMIN J. GR,UX 107;
THING/BENJAMIN J. GR,UX 108;
THING/BENJAMIN J. GR,UX 135;
THING/BENJAMIN J. GR,UX 14;
THING/BENJAMIN J. GR,UX 167;
THING/BENJAMIN J. GR,UX 336;
THING/BENJAMIN J. GR,UX 5;
THING/BENJAMIN J. GR,UX 65;
THING/BENJAMIN J. GR,UX/FF '98;
THING/BENJAMIN J. GR,W2 -1;
THING/BENJAMIN J. GR,W2 53;
THING/BENJAMIN J. GR,W '99/2;
THING/BENJAMIN J. GR,WCA2 10;
THING/BENJAMIN J. GR,WCA2 22;
THING/BENJAMIN J. GR,WCA2 23;
THING/BENJAMIN J. GR,WCA2 3;
THING/BENJAMIN J. GR,WCA2 4;
THING/BENJAMIN J. GR,WCA2 5;
THING/BENJAMIN J. GR,WCA2 6;
THING/BENJAMIN J. GR,WCA2 7;
THING/BENJAMIN J. GR,WCA2 8;
THING/BENJAMIN J. GR,WCA2 9;
THING/BENJAMIN J. GR,WIW 8;
THING/BENJAMIN J. GR,WM2 13;
THING/BENJAMIN J. GR,WM2 14;
THING/BENJAMIN J. GR,WM2 15;
THING/BENJAMIN J. GR,WOSM 5;
THING/BENJAMIN J. GR,WOSM 76;
THING/BENJAMIN J. GR,X 48;
THING/BENJAMIN J. GR,X 55;
THING/BENJAMIN J. GR,X 71;
THING/BENJAMIN J. GR,XF 5;
THING/BENJAMIN J. GR,XF 66 N 13;
THING/BENJAMIN J. GR,X:HY 20;
THING/BENJAMIN J. GR,X:HY 22;
THING/BENJAMIN J. GR,X:HY 7;
THING/BENJAMIN J. GR,X:HY 8;
THING/BENJAMIN J. GR,X:HY 9;
THING/BENJAMIN J. GR,XM 59;
THING DOPPELGANGER I,AF 111;
THING DOPPELGANGER I,FF 367;
THING DOPPELGANGER I,FF 369;
THING DOPPELGANGER I,IW 5;
THING DOPPELGANGER I,IW 6;
THING DOPPELGANGER,IW 1;
THING DOPPELGANGER I,WM2 15;
THINGEE,LSHOT2 1;
THINKER,A 134;
THINKER,A 135;
THINKER,A 39;
THINKER,A 63;
THINKER,ASM 242;
THINKER,ASPOT 28/2;
THINKER,AVF 8;
THINKER,CA 269;
THINKER,FF 100;
THINKER,FF 15;
THINKER,FF 181;
THINKER,FF 182;
THINKER,FF 183;
THINKER,FF 28;
THINKER,FF 3;
THINKER,FF 301;
THINKER,FF3 23;
THINKER,FF 357;
THINKER,FF 358;
THINKER,FF 395;
THINKER,FF 4;
THINKER,FF 68;
THINKER,FF 69;
THINKER,FF 70;
THINKER,FF 96;
THINKER,FFUP 1;
THINKER,IM 74;
THINKER,IM 75;
THINKER,IM 77;
THINKER,M/FAN 14;
THINKER,M/FAN 46;
THINKER,M/TIO 38;
THINKER,M/TIO 39;
THINKER,M/TIO 96;
THINKER,M/TU 6;
THINKER,NW 51;
THINKER,NW 72;
THINKER,NW 73;
THINKER,NW 75;
THINKER,PP 54;
THINKER,ROM 14;
THINKER,SMTU 2;
THINKER,ST 126;
THINKER,ST 131;
THINKER,SUB-M 14;
THINKER,T 500;
THINKER,TB 2;
THINKER,TOS 72;
THIN MAN/BRUCE DICKS,INV 35;
THIN MAN/BRUCE DICKS,INV 36;
THIN MAN/BRUCE DICKS,INV 37;
THIN MAN/BRUCE DICKS,INV 38;
THIN MAN/BRUCE DICKS,INV 6;
THIN MAN/BRUCE DICKS,M/CP 34;
THIN MAN/BRUCE DICKS,M/PRM 29;
THIN MAN/BRUCE DICKS,M/PRM 30;
THIN MAN/BRUCE DICKS,M/TIO 1;
THIN MAN/BRUCE DICKS,MYSTIC COMICS 4;
THOG,MGK2 3;
THOMAS, BECKY,NHAWK 1;
THOMAS, COMMANDER DA,CB 15;
THOMAS, COMMANDER DA,CB 16;
THOMAS, COMMANDER DA,CB 3;
THOMAS, COMMANDER DA,CB 5;
THOMAS, COMMANDER DA,M/PRV 3;
THOMAS, COMMANDER DA,S-H2 26;
THOMAS, COMMANDER DA,S-M 25;
THOMAS, COMMANDER DA,UX 127;
THOMAS, COMMANDER DA,XCAL 1;
THOMAS, COMMANDER DA,XCAL 10;
THOMAS, COMMANDER DA,XCAL 2;
THOMAS, COMMANDER DA,XCAL 27;
THOMAS, COMMANDER DA,XCAL 30;
THOMAS, COMMANDER DA,XCAL 34;
THOMAS, COMMANDER DA,XCAL 35;
THOMAS, COMMANDER DA,XCAL 40;
THOMAS, COMMANDER DA,XCAL 41;
THOMAS, COMMANDER DA,XCAL 44;
THOMAS, COMMANDER DA,XCAL 45;
THOMAS, COMMANDER DA,XCAL 49;
THOMAS, COMMANDER DA,XCAL 50;
THOMAS, COMMANDER DA,XCAL 51;
THOMAS, COMMANDER DA,XCAL 54;
THOMAS, COMMANDER DA,XCAL 55;
THOMAS, COMMANDER DA,XCAL 56;
THOMAS, COMMANDER DA,XCAL 60;
THOMAS, COMMANDER DA,XCAL 9;
THOMAS, DR. JOHN,UX 17;
THOMAS, DR. JOHN,UX 18;
THOMAS, DR. STAN,GENX 15;
THOMAS, DR. STAN,GENX 17;
THOMAS, IDA,GENX 15;
THOMAS, IDA,GENX 17;
THOMAS, JEANIE,AA2 16;
THOMAS, KIM HO TWAE,GENX 15;
THOMAS, ROY,A 83;
THOMAS, ROY,AA2 16;
THOMAS, ROY,FF 176;
THOMAS, ROY,IM 72;
THOMAS, ROY,M/FEA 2;
THOMAS, ROY,NO 5;
THOMAS, ROY,SGT. FURY 6;
THOMAS, ROY,SUB-M 19;
THOMPSON, EUGENE FLA,AAF 15;
THOMPSON, EUGENE FLA,AAF 16;
THOMPSON, EUGENE FLA,AAF 17;
THOMPSON, EUGENE FLA,AAF 18;
THOMPSON, EUGENE FLA,ASM 1;
THOMPSON, EUGENE FLA,ASM 10;
THOMPSON, EUGENE FLA,ASM 105;
THOMPSON, EUGENE FLA,ASM 106;
THOMPSON, EUGENE FLA,ASM 107;
THOMPSON, EUGENE FLA,ASM 108;
THOMPSON, EUGENE FLA,ASM 109;
THOMPSON, EUGENE FLA,ASM 110;
THOMPSON, EUGENE FLA,ASM 112;
THOMPSON, EUGENE FLA,ASM 114;
THOMPSON, EUGENE FLA,ASM 12;
THOMPSON, EUGENE FLA,ASM 123;
THOMPSON, EUGENE FLA,ASM 124;
THOMPSON, EUGENE FLA,ASM 125;
THOMPSON, EUGENE FLA,ASM 126;
THOMPSON, EUGENE FLA,ASM 127;
THOMPSON, EUGENE FLA,ASM 128;
THOMPSON, EUGENE FLA,ASM 13;
THOMPSON, EUGENE FLA,ASM 134;
THOMPSON, EUGENE FLA,ASM 135;
THOMPSON, EUGENE FLA,ASM 137;
THOMPSON, EUGENE FLA,ASM 138;
THOMPSON, EUGENE FLA,ASM 14;
THOMPSON, EUGENE FLA,ASM 140;
THOMPSON, EUGENE FLA,ASM 143;
THOMPSON, EUGENE FLA,ASM 15;
THOMPSON, EUGENE FLA,ASM 151;
THOMPSON, EUGENE FLA,ASM 152;
THOMPSON, EUGENE FLA,ASM 153;
THOMPSON, EUGENE FLA,ASM 156;
THOMPSON, EUGENE FLA,ASM 157;
THOMPSON, EUGENE FLA,ASM 162;
THOMPSON, EUGENE FLA,ASM 163;
THOMPSON, EUGENE FLA,ASM 165;
THOMPSON, EUGENE FLA,ASM 166;
THOMPSON, EUGENE FLA,ASM 167;
THOMPSON, EUGENE FLA,ASM 17;
THOMPSON, EUGENE FLA,ASM 173;
THOMPSON, EUGENE FLA,ASM 174;
THOMPSON, EUGENE FLA,ASM 176;
THOMPSON, EUGENE FLA,ASM 177;
THOMPSON, EUGENE FLA,ASM 18;
THOMPSON, EUGENE FLA,ASM 183;
THOMPSON, EUGENE FLA,ASM 185/2;
THOMPSON, EUGENE FLA,ASM 186;
THOMPSON, EUGENE FLA,ASM 188;
THOMPSON, EUGENE FLA,ASM 19;
THOMPSON, EUGENE FLA,ASM 192;
THOMPSON, EUGENE FLA,ASM 194;
THOMPSON, EUGENE FLA,ASM 195;
THOMPSON, EUGENE FLA,ASM 196;
THOMPSON, EUGENE FLA,ASM 199;
THOMPSON, EUGENE FLA,ASM 2;
THOMPSON, EUGENE FLA,ASM 20;
THOMPSON, EUGENE FLA,ASM 203;
THOMPSON, EUGENE FLA,ASM 204;
THOMPSON, EUGENE FLA,ASM 21;
THOMPSON, EUGENE FLA,ASM 22;
THOMPSON, EUGENE FLA,ASM 24;
THOMPSON, EUGENE FLA,ASM 25;
THOMPSON, EUGENE FLA,ASM 26;
THOMPSON, EUGENE FLA,ASM2 6;
THOMPSON, EUGENE FLA,ASM2 7;
THOMPSON, EUGENE FLA,ASM 273;
THOMPSON, EUGENE FLA,ASM 275;
THOMPSON, EUGENE FLA,ASM 276;
THOMPSON, EUGENE FLA,ASM 278;
THOMPSON, EUGENE FLA,ASM 279;
THOMPSON, EUGENE FLA,ASM 28;
THOMPSON, EUGENE FLA,ASM2 8;
THOMPSON, EUGENE FLA,ASM 280;
THOMPSON, EUGENE FLA,ASM 281;
THOMPSON, EUGENE FLA,ASM 283;
THOMPSON, EUGENE FLA,ASM 288;
THOMPSON, EUGENE FLA,ASM 289;
THOMPSON, EUGENE FLA,ASM 3;
THOMPSON, EUGENE FLA,ASM 30;
THOMPSON, EUGENE FLA,ASM 300;
THOMPSON, EUGENE FLA,ASM 31;
THOMPSON, EUGENE FLA,ASM 314;
THOMPSON, EUGENE FLA,ASM 321;
THOMPSON, EUGENE FLA,ASM 326;
THOMPSON, EUGENE FLA,ASM 327;
THOMPSON, EUGENE FLA,ASM 328;
THOMPSON, EUGENE FLA,ASM 329;
THOMPSON, EUGENE FLA,ASM 330;
THOMPSON, EUGENE FLA,ASM 333;
THOMPSON, EUGENE FLA,ASM 335;
THOMPSON, EUGENE FLA,ASM 337;
THOMPSON, EUGENE FLA,ASM 341;
THOMPSON, EUGENE FLA,ASM 343;
THOMPSON, EUGENE FLA,ASM 346;
THOMPSON, EUGENE FLA,ASM 347;
THOMPSON, EUGENE FLA,ASM 359;
THOMPSON, EUGENE FLA,ASM 36;
THOMPSON, EUGENE FLA,ASM 369;
THOMPSON, EUGENE FLA,ASM 37;
THOMPSON, EUGENE FLA,ASM 372/2;
THOMPSON, EUGENE FLA,ASM 38;
THOMPSON, EUGENE FLA,ASM 39;
THOMPSON, EUGENE FLA,ASM 4;
THOMPSON, EUGENE FLA,ASM 400;
THOMPSON, EUGENE FLA,ASM 41;
THOMPSON, EUGENE FLA,ASM 42;
THOMPSON, EUGENE FLA,ASM 43;
THOMPSON, EUGENE FLA,ASM 44;
THOMPSON, EUGENE FLA,ASM 45;
THOMPSON, EUGENE FLA,ASM 46;
THOMPSON, EUGENE FLA,ASM 47;
THOMPSON, EUGENE FLA,ASM 5;
THOMPSON, EUGENE FLA,ASM 52;
THOMPSON, EUGENE FLA,ASM 53;
THOMPSON, EUGENE FLA,ASM 6;
THOMPSON, EUGENE FLA,ASM 7;
THOMPSON, EUGENE FLA,ASM 72;
THOMPSON, EUGENE FLA,ASM 78;
THOMPSON, EUGENE FLA,ASM 8;
THOMPSON, EUGENE FLA,ASM 80;
THOMPSON, EUGENE FLA,ASM 82;
THOMPSON, EUGENE FLA,ASM 83;
THOMPSON, EUGENE FLA,ASM 9;
THOMPSON, EUGENE FLA,ASMU 6/3;
THOMPSON, EUGENE FLA,GSSH 1;
THOMPSON, EUGENE FLA,PPSM2 14;
THOMPSON, EUGENE FLA,PPSM2 18;
THOMPSON, EUGENE FLA,PPSM2 3;
THOMPSON, EUGENE FLA,PPSM2 31;
THOMPSON, EUGENE FLA,PPSM2 4;
THOMPSON, EUGENE FLA,PPSM2 6;
THOMPSON, EUGENE FLA,PPTSS -1;
THOMPSON, EUGENE FLA,PPTSS 1;
THOMPSON, EUGENE FLA,PPTSS 100;
THOMPSON, EUGENE FLA,PPTSS 12;
THOMPSON, EUGENE FLA,PPTSS 128;
THOMPSON, EUGENE FLA,PPTSS 129;
THOMPSON, EUGENE FLA,PPTSS 13;
THOMPSON, EUGENE FLA,PPTSS 14;
THOMPSON, EUGENE FLA,PPTSS 148;
THOMPSON, EUGENE FLA,PPTSS 15;
THOMPSON, EUGENE FLA,PPTSS 151;
THOMPSON, EUGENE FLA,PPTSS 152;
THOMPSON, EUGENE FLA,PPTSS 155;
THOMPSON, EUGENE FLA,PPTSS 156;
THOMPSON, EUGENE FLA,PPTSS 157;
THOMPSON, EUGENE FLA,PPTSS 18;
THOMPSON, EUGENE FLA,PPTSS 19;
THOMPSON, EUGENE FLA,PPTSS 20;
THOMPSON, EUGENE FLA,PPTSS 21;
THOMPSON, EUGENE FLA,PPTSS 22;
THOMPSON, EUGENE FLA,PPTSS 222;
THOMPSON, EUGENE FLA,PPTSS 225/2;
THOMPSON, EUGENE FLA,PPTSS 24;
THOMPSON, EUGENE FLA,PPTSS 242;
THOMPSON, EUGENE FLA,PPTSS 243;
THOMPSON, EUGENE FLA,PPTSS 244;
THOMPSON, EUGENE FLA,PPTSS 245;
THOMPSON, EUGENE FLA,PPTSS 246;
THOMPSON, EUGENE FLA,PPTSS 247;
THOMPSON, EUGENE FLA,PPTSS 248;
THOMPSON, EUGENE FLA,PPTSS 249;
THOMPSON, EUGENE FLA,PPTSS 250;
THOMPSON, EUGENE FLA,PPTSS 251;
THOMPSON, EUGENE FLA,PPTSS 255;
THOMPSON, EUGENE FLA,PPTSS 256;
THOMPSON, EUGENE FLA,PPTSS 257;
THOMPSON, EUGENE FLA,PPTSS 258;
THOMPSON, EUGENE FLA,PPTSS 259;
THOMPSON, EUGENE FLA,PPTSS 26;
THOMPSON, EUGENE FLA,PPTSS 260;
THOMPSON, EUGENE FLA,PPTSS 261;
THOMPSON, EUGENE FLA,PPTSS 28;
THOMPSON, EUGENE FLA,PPTSS 29;
THOMPSON, EUGENE FLA,PPTSS 3;
THOMPSON, EUGENE FLA,PPTSS 32;
THOMPSON, EUGENE FLA,PPTSS 5;
THOMPSON, EUGENE FLA,PPTSS 63;
THOMPSON, EUGENE FLA,PPTSS 7;
THOMPSON, EUGENE FLA,PPTSS 78;
THOMPSON, EUGENE FLA,PPTSS 8;
THOMPSON, EUGENE FLA,PPTSS 85;
THOMPSON, EUGENE FLA,PPTSS 91;
THOMPSON, EUGENE FLA,PPTSS 92;
THOMPSON, EUGENE FLA,PPTSS 9/3;
THOMPSON, EUGENE FLA,PPTSS 93;
THOMPSON, EUGENE FLA,PPTSS 94;
THOMPSON, EUGENE FLA,PPTSS 95;
THOMPSON, EUGENE FLA,PPTSS 96;
THOMPSON, EUGENE FLA,PPTSS 97;
THOMPSON, EUGENE FLA,PPTSS 98;
THOMPSON, EUGENE FLA,PPTSS 99;
THOMPSON, EUGENE FLA,SENSM 11;
THOMPSON, EUGENE FLA,SENSM 25;
THOMPSON, EUGENE FLA,SENSM 27;
THOMPSON, EUGENE FLA,SENSM 28;
THOMPSON, EUGENE FLA,SENSM 7;
THOMPSON, EUGENE FLA,SENSM '96;
THOMPSON, EUGENE FLA,S-M 23;
THOMPSON, EUGENE FLA,S-M 75;
THOMPSON, EUGENE FLA,S-M 76;
THOMPSON, EUGENE FLA,S-M 78;
THOMPSON, EUGENE FLA,SM:PL;
THOMPSON, EUGENE FLA,SM:R 1;
THOMPSON, EUGENE FLA,UTSM 1;
THOMPSON, EUGENE FLA,UTSM 10;
THOMPSON, EUGENE FLA,UTSM 11;
THOMPSON, EUGENE FLA,UTSM 13;
THOMPSON, EUGENE FLA,UTSM 15;
THOMPSON, EUGENE FLA,UTSM 16;
THOMPSON, EUGENE FLA,UTSM 18;
THOMPSON, EUGENE FLA,UTSM 19;
THOMPSON, EUGENE FLA,UTSM 2;
THOMPSON, EUGENE FLA,UTSM 20;
THOMPSON, EUGENE FLA,UTSM 21;
THOMPSON, EUGENE FLA,UTSM 22;
THOMPSON, EUGENE FLA,UTSM 23;
THOMPSON, EUGENE FLA,UTSM 24;
THOMPSON, EUGENE FLA,UTSM 25;
THOMPSON, EUGENE FLA,UTSM 3;
THOMPSON, EUGENE FLA,UTSM 4;
THOMPSON, EUGENE FLA,UTSM 5;
THOMPSON, EUGENE FLA,UTSM 6;
THOMPSON, EUGENE FLA,UTSM 7;
THOMPSON, EUGENE FLA,UTSM 8;
THOMPSON, EUGENE FLA,UTSM 9;
THOMPSON, EUGENE FLA,UTSM '96;
THOMPSON, EUGENE FLA,UTSM '97;
THOMPSON, EUGENE FLA,UTSM:SE;
THOMPSON, EUGENE FLA,WOSM 11;
THOMPSON, EUGENE FLA,WOSM 123;
THOMPSON, EUGENE FLA,WOSM 38;
THOMPSON, EUGENE FLA,WOSM 40;
THOMPSON, EUGENE FLA,WOSM 41;
THOMPSON, EUGENE FLA,WOSM 42;
THOMPSON, EUGENE FLA,WOSM 43;
THOMPSON, EUGENE FLA,WOSM 77;
THOMPSON, EUGENE FLA,WOSM 78;
THOMPSON, EUGENE FLA,WOSSSS 1/2;
THOMPSON, EUGENE FLA,WTS 1;
THOMPSON, EUGENE FLA,WTS 1/2;
THOMPSON, HARRISON,PPTSS 248;
THOMPSON, HARRISON,PPTSS 250;
THOMPSON, JESSICA JE,PPTSS 249;
THOMPSON, JESSICA JE,PPTSS 250;
THOMPSON, ROSIE,PPTSS 248;
THOMPSON, ROSIE,PPTSS 250;
THOR/DR. DONALD BLAK,A 1;
THOR/DR. DONALD BLAK,A 10;
THOR/DR. DONALD BLAK,A 100;
THOR/DR. DONALD BLAK,A 101;
THOR/DR. DONALD BLAK,A 102;
THOR/DR. DONALD BLAK,A 103;
THOR/DR. DONALD BLAK,A 104;
THOR/DR. DONALD BLAK,A 105;
THOR/DR. DONALD BLAK,A 108;
THOR/DR. DONALD BLAK,A 109;
THOR/DR. DONALD BLAK,A 11;
THOR/DR. DONALD BLAK,A 110;
THOR/DR. DONALD BLAK,A 111;
THOR/DR. DONALD BLAK,A 112;
THOR/DR. DONALD BLAK,A 113;
THOR/DR. DONALD BLAK,A 114;
THOR/DR. DONALD BLAK,A 115;
THOR/DR. DONALD BLAK,A 116;
THOR/DR. DONALD BLAK,A 118;
THOR/DR. DONALD BLAK,A 119;
THOR/DR. DONALD BLAK,A 12;
THOR/DR. DONALD BLAK,A 120;
THOR/DR. DONALD BLAK,A 121;
THOR/DR. DONALD BLAK,A 122;
THOR/DR. DONALD BLAK,A 123;
THOR/DR. DONALD BLAK,A 124;
THOR/DR. DONALD BLAK,A 125;
THOR/DR. DONALD BLAK,A 126;
THOR/DR. DONALD BLAK,A 127;
THOR/DR. DONALD BLAK,A 128;
THOR/DR. DONALD BLAK,A 129;
THOR/DR. DONALD BLAK,A 13;
THOR/DR. DONALD BLAK,A 130;
THOR/DR. DONALD BLAK,A 131;
THOR/DR. DONALD BLAK,A 132;
THOR/DR. DONALD BLAK,A 133;
THOR/DR. DONALD BLAK,A 134;
THOR/DR. DONALD BLAK,A 135;
THOR/DR. DONALD BLAK,A 137;
THOR/DR. DONALD BLAK,A 138;
THOR/DR. DONALD BLAK,A 139;
THOR/DR. DONALD BLAK,A 14;
THOR/DR. DONALD BLAK,A 140;
THOR/DR. DONALD BLAK,A 141;
THOR/DR. DONALD BLAK,A 142;
THOR/DR. DONALD BLAK,A 143;
THOR/DR. DONALD BLAK,A 144;
THOR/DR. DONALD BLAK,A 145;
THOR/DR. DONALD BLAK,A 146;
THOR/DR. DONALD BLAK,A 147;
THOR/DR. DONALD BLAK,A 148;
THOR/DR. DONALD BLAK,A 149;
THOR/DR. DONALD BLAK,A 1.5;
THOR/DR. DONALD BLAK,A 15;
THOR/DR. DONALD BLAK,A 150;
THOR/DR. DONALD BLAK,A 151;
THOR/DR. DONALD BLAK,A 159;
THOR/DR. DONALD BLAK,A 16;
THOR/DR. DONALD BLAK,A 160;
THOR/DR. DONALD BLAK,A 162;
THOR/DR. DONALD BLAK,A 165;
THOR/DR. DONALD BLAK,A 166;
THOR/DR. DONALD BLAK,A 167;
THOR/DR. DONALD BLAK,A 168;
THOR/DR. DONALD BLAK,A 170;
THOR/DR. DONALD BLAK,A 171;
THOR/DR. DONALD BLAK,A 172;
THOR/DR. DONALD BLAK,A 173;
THOR/DR. DONALD BLAK,A 174;
THOR/DR. DONALD BLAK,A 175;
THOR/DR. DONALD BLAK,A 176;
THOR/DR. DONALD BLAK,A 177;
THOR/DR. DONALD BLAK,A 179;
THOR/DR. DONALD BLAK,A 18;
THOR/DR. DONALD BLAK,A 180;
THOR/DR. DONALD BLAK,A 181;
THOR/DR. DONALD BLAK,A 18/2;
THOR/DR. DONALD BLAK,A 182;
THOR/DR. DONALD BLAK,A 189;
THOR/DR. DONALD BLAK,A 19;
THOR/DR. DONALD BLAK,A 19/3;
THOR/DR. DONALD BLAK,A 199;
THOR/DR. DONALD BLAK,A 2;
THOR/DR. DONALD BLAK,A 200;
THOR/DR. DONALD BLAK,A 201;
THOR/DR. DONALD BLAK,A 202;
THOR/DR. DONALD BLAK,A 20/4;
THOR/DR. DONALD BLAK,A 210;
THOR/DR. DONALD BLAK,A2 10;
THOR/DR. DONALD BLAK,A 211;
THOR/DR. DONALD BLAK,A2 11;
THOR/DR. DONALD BLAK,A 212;
THOR/DR. DONALD BLAK,A2 12;
THOR/DR. DONALD BLAK,A 213;
THOR/DR. DONALD BLAK,A 214;
THOR/DR. DONALD BLAK,A 215;
THOR/DR. DONALD BLAK,A 216;
THOR/DR. DONALD BLAK,A 217;
THOR/DR. DONALD BLAK,A 218;
THOR/DR. DONALD BLAK,A 219;
THOR/DR. DONALD BLAK,A 220;
THOR/DR. DONALD BLAK,A 221;
THOR/DR. DONALD BLAK,A 222;
THOR/DR. DONALD BLAK,A 224;
THOR/DR. DONALD BLAK,A 225;
THOR/DR. DONALD BLAK,A 226;
THOR/DR. DONALD BLAK,A 227;
THOR/DR. DONALD BLAK,A 228;
THOR/DR. DONALD BLAK,A 229;
THOR/DR. DONALD BLAK,A 230;
THOR/DR. DONALD BLAK,A 231;
THOR/DR. DONALD BLAK,A 232;
THOR/DR. DONALD BLAK,A 233;
THOR/DR. DONALD BLAK,A 234;
THOR/DR. DONALD BLAK,A 240;
THOR/DR. DONALD BLAK,A 242;
THOR/DR. DONALD BLAK,A 243;
THOR/DR. DONALD BLAK,A 249;
THOR/DR. DONALD BLAK,A 276;
THOR/DR. DONALD BLAK,A 277;
THOR/DR. DONALD BLAK,A 278;
THOR/DR. DONALD BLAK,A 279;
THOR/DR. DONALD BLAK,A 280;
THOR/DR. DONALD BLAK,A 281;
THOR/DR. DONALD BLAK,A 282;
THOR/DR. DONALD BLAK,A 283;
THOR/DR. DONALD BLAK,A 284;
THOR/DR. DONALD BLAK,A 285;
THOR/DR. DONALD BLAK,A2 9;
THOR/DR. DONALD BLAK,A 291;
THOR/DR. DONALD BLAK,A 292;
THOR/DR. DONALD BLAK,A 293;
THOR/DR. DONALD BLAK,A 294;
THOR/DR. DONALD BLAK,A 295;
THOR/DR. DONALD BLAK,A 296;
THOR/DR. DONALD BLAK,A 297;
THOR/DR. DONALD BLAK,A 3;
THOR/DR. DONALD BLAK,A 300;
THOR/DR. DONALD BLAK,A 301;
THOR/DR. DONALD BLAK,A 302;
THOR/DR. DONALD BLAK,A 303;
THOR/DR. DONALD BLAK,A 304;
THOR/DR. DONALD BLAK,A 305;
THOR/DR. DONALD BLAK,A 306;
THOR/DR. DONALD BLAK,A 307;
THOR/DR. DONALD BLAK,A 308;
THOR/DR. DONALD BLAK,A 309;
THOR/DR. DONALD BLAK,A3 1;
THOR/DR. DONALD BLAK,A 310;
THOR/DR. DONALD BLAK,A3 10;
THOR/DR. DONALD BLAK,A3 11;
THOR/DR. DONALD BLAK,A 313;
THOR/DR. DONALD BLAK,A3 13;
THOR/DR. DONALD BLAK,A 314;
THOR/DR. DONALD BLAK,A3 14;
THOR/DR. DONALD BLAK,A 315;
THOR/DR. DONALD BLAK,A3 15;
THOR/DR. DONALD BLAK,A 316;
THOR/DR. DONALD BLAK,A3 16;
THOR/DR. DONALD BLAK,A 317;
THOR/DR. DONALD BLAK,A3 17;
THOR/DR. DONALD BLAK,A 318;
THOR/DR. DONALD BLAK,A3 18;
THOR/DR. DONALD BLAK,A3 19;
THOR/DR. DONALD BLAK,A3 2;
THOR/DR. DONALD BLAK,A3 20;
THOR/DR. DONALD BLAK,A3 21;
THOR/DR. DONALD BLAK,A3 22;
THOR/DR. DONALD BLAK,A3 23;
THOR/DR. DONALD BLAK,A3 24;
THOR/DR. DONALD BLAK,A3 25;
THOR/DR. DONALD BLAK,A 326;
THOR/DR. DONALD BLAK,A 327;
THOR/DR. DONALD BLAK,A3 27;
THOR/DR. DONALD BLAK,A 328;
THOR/DR. DONALD BLAK,A 329;
THOR/DR. DONALD BLAK,A3 3;
THOR/DR. DONALD BLAK,A 330;
THOR/DR. DONALD BLAK,A 331;
THOR/DR. DONALD BLAK,A3 35;
THOR/DR. DONALD BLAK,A3 38;
THOR/DR. DONALD BLAK,A3 39;
THOR/DR. DONALD BLAK,A3 4;
THOR/DR. DONALD BLAK,A3 40;
THOR/DR. DONALD BLAK,A3 41;
THOR/DR. DONALD BLAK,A3 42;
THOR/DR. DONALD BLAK,A3 43;
THOR/DR. DONALD BLAK,A3 5;
THOR/DR. DONALD BLAK,A3 6;
THOR/DR. DONALD BLAK,A3 7;
THOR/DR. DONALD BLAK,A3 8;
THOR/DR. DONALD BLAK,A 396;
THOR/DR. DONALD BLAK,A 397;
THOR/DR. DONALD BLAK,A 398;
THOR/DR. DONALD BLAK,A 399;
THOR/DR. DONALD BLAK,A 4;
THOR/DR. DONALD BLAK,A 400;
THOR/DR. DONALD BLAK,A 401;
THOR/DR. DONALD BLAK,A 402;
THOR/DR. DONALD BLAK,A 45;
THOR/DR. DONALD BLAK,A 5;
THOR/DR. DONALD BLAK,A 51;
THOR/DR. DONALD BLAK,A 52;
THOR/DR. DONALD BLAK,A 58;
THOR/DR. DONALD BLAK,A 6;
THOR/DR. DONALD BLAK,A 66;
THOR/DR. DONALD BLAK,A 67;
THOR/DR. DONALD BLAK,A 68;
THOR/DR. DONALD BLAK,A 69;
THOR/DR. DONALD BLAK,A 7;
THOR/DR. DONALD BLAK,A 70;
THOR/DR. DONALD BLAK,A 71;
THOR/DR. DONALD BLAK,A 76;
THOR/DR. DONALD BLAK,A 79;
THOR/DR. DONALD BLAK,A 8;
THOR/DR. DONALD BLAK,A 80;
THOR/DR. DONALD BLAK,A 81;
THOR/DR. DONALD BLAK,A 82;
THOR/DR. DONALD BLAK,A 84;
THOR/DR. DONALD BLAK,A 85;
THOR/DR. DONALD BLAK,A 86;
THOR/DR. DONALD BLAK,A 87;
THOR/DR. DONALD BLAK,A 88;
THOR/DR. DONALD BLAK,A 9;
THOR/DR. DONALD BLAK,A 93;
THOR/DR. DONALD BLAK,A 94;
THOR/DR. DONALD BLAK,A 95;
THOR/DR. DONALD BLAK,A 96;
THOR/DR. DONALD BLAK,A 97;
THOR/DR. DONALD BLAK,A '98;
THOR/DR. DONALD BLAK,A 98;
THOR/DR. DONALD BLAK,A '99;
THOR/DR. DONALD BLAK,A 99;
THOR/DR. DONALD BLAK,AA2 8;
THOR/DR. DONALD BLAK,AF 61;
THOR/DR. DONALD BLAK,AI 1;
THOR/DR. DONALD BLAK,AI 2;
THOR/DR. DONALD BLAK,AI 3;
THOR/DR. DONALD BLAK,AI 4;
THOR/DR. DONALD BLAK,AOI;
THOR/DR. DONALD BLAK,AR 1;
THOR/DR. DONALD BLAK,AR 2;
THOR/DR. DONALD BLAK,ASM 1;
THOR/DR. DONALD BLAK,ASM 16;
THOR/DR. DONALD BLAK,ASM 18;
THOR/DR. DONALD BLAK,ASM2 1;
THOR/DR. DONALD BLAK,ASM 252;
THOR/DR. DONALD BLAK,ASM 3;
THOR/DR. DONALD BLAK,ASM 339;
THOR/DR. DONALD BLAK,ASM 348;
THOR/DR. DONALD BLAK,ASPOT 29/2;
THOR/DR. DONALD BLAK,A:T;
THOR/DR. DONALD BLAK,AWC 4;
THOR/DR. DONALD BLAK,AWC 55;
THOR/DR. DONALD BLAK,AWC 69;
THOR/DR. DONALD BLAK,BIZADV 32;
THOR/DR. DONALD BLAK,BP3 7;
THOR/DR. DONALD BLAK,BP3 8;
THOR/DR. DONALD BLAK,BP3 9;
THOR/DR. DONALD BLAK,C2 67;
THOR/DR. DONALD BLAK,C2 68;
THOR/DR. DONALD BLAK,CA 113;
THOR/DR. DONALD BLAK,CA 176;
THOR/DR. DONALD BLAK,CA2 12;
THOR/DR. DONALD BLAK,CA 221/2;
THOR/DR. DONALD BLAK,CA 224;
THOR/DR. DONALD BLAK,CA 228;
THOR/DR. DONALD BLAK,CA 229;
THOR/DR. DONALD BLAK,CA 289;
THOR/DR. DONALD BLAK,CA 292;
THOR/DR. DONALD BLAK,CA3 16;
THOR/DR. DONALD BLAK,CA3 28;
THOR/DR. DONALD BLAK,CA3 3;
THOR/DR. DONALD BLAK,CA3 34;
THOR/DR. DONALD BLAK,CA3 5;
THOR/DR. DONALD BLAK,CA3 6;
THOR/DR. DONALD BLAK,CA3 7;
THOR/DR. DONALD BLAK,CA 383;
THOR/DR. DONALD BLAK,CA 384;
THOR/DR. DONALD BLAK,CA 449;
THOR/DR. DONALD BLAK,C&D3 9;
THOR/DR. DONALD BLAK,CM 31;
THOR/DR. DONALD BLAK,CM 32;
THOR/DR. DONALD BLAK,CM 33;
THOR/DR. DONALD BLAK,CM5 17;
THOR/DR. DONALD BLAK,CM5 18;
THOR/DR. DONALD BLAK,CM5 19;
THOR/DR. DONALD BLAK,CM 57;
THOR/DR. DONALD BLAK,COC 1;
THOR/DR. DONALD BLAK,COC 3;
THOR/DR. DONALD BLAK,COH 3;
THOR/DR. DONALD BLAK,DAMCON2 1;
THOR/DR. DONALD BLAK,DAMCON2 4;
THOR/DR. DONALD BLAK,DAZZ 21;
THOR/DR. DONALD BLAK,DD 164;
THOR/DR. DONALD BLAK,DD2 16;
THOR/DR. DONALD BLAK,DD 233;
THOR/DR. DONALD BLAK,DD 30;
THOR/DR. DONALD BLAK,DD 99;
THOR/DR. DONALD BLAK,DEF 10;
THOR/DR. DONALD BLAK,DEF 107;
THOR/DR. DONALD BLAK,DEF 11;
THOR/DR. DONALD BLAK,DEF 15;
THOR/DR. DONALD BLAK,DEF 9;
THOR/DR. DONALD BLAK,DF 1.2;
THOR/DR. DONALD BLAK,DF 2.4;
THOR/DR. DONALD BLAK,DF 3.6;
THOR/DR. DONALD BLAK,DPOOL3 37;
THOR/DR. DONALD BLAK,E2 12;
THOR/DR. DONALD BLAK,FF 133;
THOR/DR. DONALD BLAK,FF 150;
THOR/DR. DONALD BLAK,FF2 12;
THOR/DR. DONALD BLAK,FF 22;
THOR/DR. DONALD BLAK,FF 225;
THOR/DR. DONALD BLAK,FF 230;
THOR/DR. DONALD BLAK,FF 242;
THOR/DR. DONALD BLAK,FF 243;
THOR/DR. DONALD BLAK,FF 244;
THOR/DR. DONALD BLAK,FF 25;
THOR/DR. DONALD BLAK,FF 256;
THOR/DR. DONALD BLAK,FF 26;
THOR/DR. DONALD BLAK,FF 3;
THOR/DR. DONALD BLAK,FF 31;
THOR/DR. DONALD BLAK,FF3 23;
THOR/DR. DONALD BLAK,FF3 27;
THOR/DR. DONALD BLAK,FF3 28;
THOR/DR. DONALD BLAK,FF 333;
THOR/DR. DONALD BLAK,FF 334;
THOR/DR. DONALD BLAK,FF 337;
THOR/DR. DONALD BLAK,FF 338;
THOR/DR. DONALD BLAK,FF 339;
THOR/DR. DONALD BLAK,FF3 39;
THOR/DR. DONALD BLAK,FF 340;
THOR/DR. DONALD BLAK,FF 341;
THOR/DR. DONALD BLAK,FF 36;
THOR/DR. DONALD BLAK,FF 400/2;
THOR/DR. DONALD BLAK,FF 401;
THOR/DR. DONALD BLAK,FF 402;
THOR/DR. DONALD BLAK,FF 416;
THOR/DR. DONALD BLAK,FF 73;
THOR/DR. DONALD BLAK,FFOR 9;
THOR/DR. DONALD BLAK,FFU 9;
THOR/DR. DONALD BLAK,FW 10/2;
THOR/DR. DONALD BLAK,GAL 1;
THOR/DR. DONALD BLAK,GAL 2;
THOR/DR. DONALD BLAK,GAL 3;
THOR/DR. DONALD BLAK,GAL 4;
THOR/DR. DONALD BLAK,GAL 5;
THOR/DR. DONALD BLAK,GAL 6;
THOR/DR. DONALD BLAK,GENX 59;
THOR/DR. DONALD BLAK,GSA 1;
THOR/DR. DONALD BLAK,GSA 2;
THOR/DR. DONALD BLAK,GSA 3;
THOR/DR. DONALD BLAK,GSA 4;
THOR/DR. DONALD BLAK,GZILL 23;
THOR/DR. DONALD BLAK,GZILL 24;
THOR/DR. DONALD BLAK,H 11;
THOR/DR. DONALD BLAK,H2 153;
THOR/DR. DONALD BLAK,H2 255;
THOR/DR. DONALD BLAK,H2 277;
THOR/DR. DONALD BLAK,H2 278;
THOR/DR. DONALD BLAK,H2 279;
THOR/DR. DONALD BLAK,H2 281;
THOR/DR. DONALD BLAK,H2 282;
THOR/DR. DONALD BLAK,H2 283;
THOR/DR. DONALD BLAK,H2 284;
THOR/DR. DONALD BLAK,H2 300;
THOR/DR. DONALD BLAK,H2 439;
THOR/DR. DONALD BLAK,H2 440;
THOR/DR. DONALD BLAK,H2 445;
THOR/DR. DONALD BLAK,H2 467;
THOR/DR. DONALD BLAK,HR:R 1;
THOR/DR. DONALD BLAK,HR:R 2;
THOR/DR. DONALD BLAK,HR:R 3;
THOR/DR. DONALD BLAK,HR:R 4;
THOR/DR. DONALD BLAK,IM 182;
THOR/DR. DONALD BLAK,IM2 12;
THOR/DR. DONALD BLAK,IM3 22;
THOR/DR. DONALD BLAK,IM 326;
THOR/DR. DONALD BLAK,IM 39;
THOR/DR. DONALD BLAK,IM 65;
THOR/DR. DONALD BLAK,IM 66;
THOR/DR. DONALD BLAK,IM 67;
THOR/DR. DONALD BLAK,IM 74;
THOR/DR. DONALD BLAK,IM '98;
THOR/DR. DONALD BLAK,INV 32;
THOR/DR. DONALD BLAK,INV 33;
THOR/DR. DONALD BLAK,JA 16;
THOR/DR. DONALD BLAK,J:ED;
THOR/DR. DONALD BLAK,JIM -1;
THOR/DR. DONALD BLAK,JIM 100;
THOR/DR. DONALD BLAK,JIM 100/2;
THOR/DR. DONALD BLAK,JIM 101;
THOR/DR. DONALD BLAK,JIM 101/2;
THOR/DR. DONALD BLAK,JIM 102;
THOR/DR. DONALD BLAK,JIM 102/2;
THOR/DR. DONALD BLAK,JIM 103;
THOR/DR. DONALD BLAK,JIM 103/2;
THOR/DR. DONALD BLAK,JIM 104;
THOR/DR. DONALD BLAK,JIM 105;
THOR/DR. DONALD BLAK,JIM 106;
THOR/DR. DONALD BLAK,JIM 107;
THOR/DR. DONALD BLAK,JIM 108;
THOR/DR. DONALD BLAK,JIM 108/2;
THOR/DR. DONALD BLAK,JIM 109;
THOR/DR. DONALD BLAK,JIM 109/2;
THOR/DR. DONALD BLAK,JIM 110;
THOR/DR. DONALD BLAK,JIM 110/2;
THOR/DR. DONALD BLAK,JIM 111;
THOR/DR. DONALD BLAK,JIM 111/2;
THOR/DR. DONALD BLAK,JIM 112;
THOR/DR. DONALD BLAK,JIM 113;
THOR/DR. DONALD BLAK,JIM 113/2;
THOR/DR. DONALD BLAK,JIM 114;
THOR/DR. DONALD BLAK,JIM 115;
THOR/DR. DONALD BLAK,JIM 115/2;
THOR/DR. DONALD BLAK,JIM 116;
THOR/DR. DONALD BLAK,JIM 116/2;
THOR/DR. DONALD BLAK,JIM 117;
THOR/DR. DONALD BLAK,JIM 117/2;
THOR/DR. DONALD BLAK,JIM 118;
THOR/DR. DONALD BLAK,JIM 118/2;
THOR/DR. DONALD BLAK,JIM 119;
THOR/DR. DONALD BLAK,JIM 119/2;
THOR/DR. DONALD BLAK,JIM 120;
THOR/DR. DONALD BLAK,JIM 120/2;
THOR/DR. DONALD BLAK,JIM 121;
THOR/DR. DONALD BLAK,JIM 121/2;
THOR/DR. DONALD BLAK,JIM 122;
THOR/DR. DONALD BLAK,JIM 122/2;
THOR/DR. DONALD BLAK,JIM 123;
THOR/DR. DONALD BLAK,JIM 123/2;
THOR/DR. DONALD BLAK,JIM 124;
THOR/DR. DONALD BLAK,JIM 124/2;
THOR/DR. DONALD BLAK,JIM 125;
THOR/DR. DONALD BLAK,JIM 125/2;
THOR/DR. DONALD BLAK,JIM 83;
THOR/DR. DONALD BLAK,JIM 84;
THOR/DR. DONALD BLAK,JIM 85;
THOR/DR. DONALD BLAK,JIM 86;
THOR/DR. DONALD BLAK,JIM 87;
THOR/DR. DONALD BLAK,JIM 88;
THOR/DR. DONALD BLAK,JIM 89;
THOR/DR. DONALD BLAK,JIM 90;
THOR/DR. DONALD BLAK,JIM 91;
THOR/DR. DONALD BLAK,JIM 92;
THOR/DR. DONALD BLAK,JIM 93;
THOR/DR. DONALD BLAK,JIM 94;
THOR/DR. DONALD BLAK,JIM 95;
THOR/DR. DONALD BLAK,JIM 96;
THOR/DR. DONALD BLAK,JIM 97;
THOR/DR. DONALD BLAK,JIM 98;
THOR/DR. DONALD BLAK,JIM 99;
THOR/DR. DONALD BLAK,KS;
THOR/DR. DONALD BLAK,MARVELS 2;
THOR/DR. DONALD BLAK,MAXSEC 2;
THOR/DR. DONALD BLAK,MAXSEC 3;
THOR/DR. DONALD BLAK,M/CP 4/4;
THOR/DR. DONALD BLAK,M/CP 44/2;
THOR/DR. DONALD BLAK,M/CP 45/2;
THOR/DR. DONALD BLAK,MEPHV. 4;
THOR/DR. DONALD BLAK,M/GN 1;
THOR/DR. DONALD BLAK,M/GN 17;
THOR/DR. DONALD BLAK,M/GN 30;
THOR/DR. DONALD BLAK,M/GN 33;
THOR/DR. DONALD BLAK,M/H&L '97;
THOR/DR. DONALD BLAK,MICRO 43;
THOR/DR. DONALD BLAK,M/:LG 5;
THOR/DR. DONALD BLAK,M/SH3 5;
THOR/DR. DONALD BLAK,M/SH3 9/2;
THOR/DR. DONALD BLAK,M/SHSW 1;
THOR/DR. DONALD BLAK,M/SHSW 10;
THOR/DR. DONALD BLAK,M/SHSW 11;
THOR/DR. DONALD BLAK,M/SHSW 12;
THOR/DR. DONALD BLAK,M/SHSW 2;
THOR/DR. DONALD BLAK,M/SHSW 3;
THOR/DR. DONALD BLAK,M/SHSW 4;
THOR/DR. DONALD BLAK,M/SHSW 5;
THOR/DR. DONALD BLAK,M/SHSW 6;
THOR/DR. DONALD BLAK,M/SHSW 7;
THOR/DR. DONALD BLAK,M/SHSW 8;
THOR/DR. DONALD BLAK,M/SHSW 9;
THOR/DR. DONALD BLAK,M/TIO 2;
THOR/DR. DONALD BLAK,M/TIO 22;
THOR/DR. DONALD BLAK,M/TIO 23;
THOR/DR. DONALD BLAK,M/TIO 7;
THOR/DR. DONALD BLAK,M/TIO 9;
THOR/DR. DONALD BLAK,M/TIO 96;
THOR/DR. DONALD BLAK,M/TU 10;
THOR/DR. DONALD BLAK,M/TU 11;
THOR/DR. DONALD BLAK,M/TU 115;
THOR/DR. DONALD BLAK,M/TU 116;
THOR/DR. DONALD BLAK,M/TU 148;
THOR/DR. DONALD BLAK,M/TU 26;
THOR/DR. DONALD BLAK,M/TU 69;
THOR/DR. DONALD BLAK,M/TU 7;
THOR/DR. DONALD BLAK,M/TU 70;
THOR/DR. DONALD BLAK,M/TU 9;
THOR/DR. DONALD BLAK,N 12;
THOR/DR. DONALD BLAK,N 13;
THOR/DR. DONALD BLAK,NF3 26;
THOR/DR. DONALD BLAK,NFV.S 2;
THOR/DR. DONALD BLAK,NM 38;
THOR/DR. DONALD BLAK,NO 4;
THOR/DR. DONALD BLAK,O:MU;
THOR/DR. DONALD BLAK,O:X;
THOR/DR. DONALD BLAK,PPSM2 11;
THOR/DR. DONALD BLAK,PPSM2 2;
THOR/DR. DONALD BLAK,PPTSS 168;
THOR/DR. DONALD BLAK,PPTSS 169;
THOR/DR. DONALD BLAK,PPTSS 170;
THOR/DR. DONALD BLAK,PUN2 29;
THOR/DR. DONALD BLAK,SENTRY 1;
THOR/DR. DONALD BLAK,S-H2 25;
THOR/DR. DONALD BLAK,SMTU 4;
THOR/DR. DONALD BLAK,SS3 146;
THOR/DR. DONALD BLAK,SS 4;
THOR/DR. DONALD BLAK,SS '98;
THOR/DR. DONALD BLAK,ST 123/2;
THOR/DR. DONALD BLAK,ST 156;
THOR/DR. DONALD BLAK,SUB-M 35;
THOR/DR. DONALD BLAK,SUB-M 59;
THOR/DR. DONALD BLAK,SVTU 14;
THOR/DR. DONALD BLAK,SWII 5;
THOR/DR. DONALD BLAK,SWII 9;
THOR/DR. DONALD BLAK,T '00;
THOR/DR. DONALD BLAK,T '00/2;
THOR/DR. DONALD BLAK,T '01;
THOR/DR. DONALD BLAK,T 10;
THOR/DR. DONALD BLAK,T 126;
THOR/DR. DONALD BLAK,T 126/2;
THOR/DR. DONALD BLAK,T 127;
THOR/DR. DONALD BLAK,T 127/2;
THOR/DR. DONALD BLAK,T 128;
THOR/DR. DONALD BLAK,T 128/2;
THOR/DR. DONALD BLAK,T 129;
THOR/DR. DONALD BLAK,T 129/2;
THOR/DR. DONALD BLAK,T 13;
THOR/DR. DONALD BLAK,T 130;
THOR/DR. DONALD BLAK,T 130/2;
THOR/DR. DONALD BLAK,T 131;
THOR/DR. DONALD BLAK,T 131/2;
THOR/DR. DONALD BLAK,T 132;
THOR/DR. DONALD BLAK,T 132/2;
THOR/DR. DONALD BLAK,T 133;
THOR/DR. DONALD BLAK,T 133/2;
THOR/DR. DONALD BLAK,T 134;
THOR/DR. DONALD BLAK,T 134/2;
THOR/DR. DONALD BLAK,T 135;
THOR/DR. DONALD BLAK,T 135/2;
THOR/DR. DONALD BLAK,T 136;
THOR/DR. DONALD BLAK,T 136/2;
THOR/DR. DONALD BLAK,T 137;
THOR/DR. DONALD BLAK,T 137/2;
THOR/DR. DONALD BLAK,T 138;
THOR/DR. DONALD BLAK,T 138/2;
THOR/DR. DONALD BLAK,T 139;
THOR/DR. DONALD BLAK,T 139/2;
THOR/DR. DONALD BLAK,T 14;
THOR/DR. DONALD BLAK,T 140;
THOR/DR. DONALD BLAK,T 140/2;
THOR/DR. DONALD BLAK,T 141;
THOR/DR. DONALD BLAK,T 141/2;
THOR/DR. DONALD BLAK,T 142;
THOR/DR. DONALD BLAK,T 142/2;
THOR/DR. DONALD BLAK,T 143;
THOR/DR. DONALD BLAK,T 143/2;
THOR/DR. DONALD BLAK,T 144;
THOR/DR. DONALD BLAK,T 144/2;
THOR/DR. DONALD BLAK,T 145;
THOR/DR. DONALD BLAK,T 145/2;
THOR/DR. DONALD BLAK,T 146;
THOR/DR. DONALD BLAK,T 147;
THOR/DR. DONALD BLAK,T 148;
THOR/DR. DONALD BLAK,T 149;
THOR/DR. DONALD BLAK,T 15;
THOR/DR. DONALD BLAK,T 150;
THOR/DR. DONALD BLAK,T 151;
THOR/DR. DONALD BLAK,T 152;
THOR/DR. DONALD BLAK,T 15/3;
THOR/DR. DONALD BLAK,T 153;
THOR/DR. DONALD BLAK,T 154;
THOR/DR. DONALD BLAK,T 155;
THOR/DR. DONALD BLAK,T 156;
THOR/DR. DONALD BLAK,T 157;
THOR/DR. DONALD BLAK,T 158;
THOR/DR. DONALD BLAK,T 159;
THOR/DR. DONALD BLAK,T 160;
THOR/DR. DONALD BLAK,T 161;
THOR/DR. DONALD BLAK,T 162;
THOR/DR. DONALD BLAK,T 163;
THOR/DR. DONALD BLAK,T 164;
THOR/DR. DONALD BLAK,T 165;
THOR/DR. DONALD BLAK,T 166;
THOR/DR. DONALD BLAK,T 167;
THOR/DR. DONALD BLAK,T 168;
THOR/DR. DONALD BLAK,T 169;
THOR/DR. DONALD BLAK,T 170;
THOR/DR. DONALD BLAK,T 171;
THOR/DR. DONALD BLAK,T 172;
THOR/DR. DONALD BLAK,T 173;
THOR/DR. DONALD BLAK,T 174;
THOR/DR. DONALD BLAK,T 175;
THOR/DR. DONALD BLAK,T 176;
THOR/DR. DONALD BLAK,T 177;
THOR/DR. DONALD BLAK,T 178;
THOR/DR. DONALD BLAK,T 179;
THOR/DR. DONALD BLAK,T 180;
THOR/DR. DONALD BLAK,T 181;
THOR/DR. DONALD BLAK,T 182;
THOR/DR. DONALD BLAK,T 183;
THOR/DR. DONALD BLAK,T 184;
THOR/DR. DONALD BLAK,T 185;
THOR/DR. DONALD BLAK,T 186;
THOR/DR. DONALD BLAK,T 187;
THOR/DR. DONALD BLAK,T 188;
THOR/DR. DONALD BLAK,T 189;
THOR/DR. DONALD BLAK,T 19;
THOR/DR. DONALD BLAK,T 190;
THOR/DR. DONALD BLAK,T 191;
THOR/DR. DONALD BLAK,T 19/2;
THOR/DR. DONALD BLAK,T 192;
THOR/DR. DONALD BLAK,T 193;
THOR/DR. DONALD BLAK,T 194;
THOR/DR. DONALD BLAK,T 195;
THOR/DR. DONALD BLAK,T 196;
THOR/DR. DONALD BLAK,T 197;
THOR/DR. DONALD BLAK,T 198;
THOR/DR. DONALD BLAK,T 199;
THOR/DR. DONALD BLAK,T 2;
THOR/DR. DONALD BLAK,T 200;
THOR/DR. DONALD BLAK,T 201;
THOR/DR. DONALD BLAK,T 202;
THOR/DR. DONALD BLAK,T 203;
THOR/DR. DONALD BLAK,T 204;
THOR/DR. DONALD BLAK,T 205;
THOR/DR. DONALD BLAK,T 206;
THOR/DR. DONALD BLAK,T 207;
THOR/DR. DONALD BLAK,T 208;
THOR/DR. DONALD BLAK,T 209;
THOR/DR. DONALD BLAK,T2 1;
THOR/DR. DONALD BLAK,T 210;
THOR/DR. DONALD BLAK,T2 10;
THOR/DR. DONALD BLAK,T 211;
THOR/DR. DONALD BLAK,T2 11;
THOR/DR. DONALD BLAK,T 212;
THOR/DR. DONALD BLAK,T2 12;
THOR/DR. DONALD BLAK,T 213;
THOR/DR. DONALD BLAK,T2 13;
THOR/DR. DONALD BLAK,T 214;
THOR/DR. DONALD BLAK,T2 14;
THOR/DR. DONALD BLAK,T 215;
THOR/DR. DONALD BLAK,T2 15;
THOR/DR. DONALD BLAK,T 216;
THOR/DR. DONALD BLAK,T2 16;
THOR/DR. DONALD BLAK,T 217;
THOR/DR. DONALD BLAK,T2 17;
THOR/DR. DONALD BLAK,T 218;
THOR/DR. DONALD BLAK,T2 18;
THOR/DR. DONALD BLAK,T 219;
THOR/DR. DONALD BLAK,T2 19;
THOR/DR. DONALD BLAK,T2 2;
THOR/DR. DONALD BLAK,T 220;
THOR/DR. DONALD BLAK,T2 20;
THOR/DR. DONALD BLAK,T 221;
THOR/DR. DONALD BLAK,T2 21;
THOR/DR. DONALD BLAK,T 222;
THOR/DR. DONALD BLAK,T2 22;
THOR/DR. DONALD BLAK,T 223;
THOR/DR. DONALD BLAK,T2 23;
THOR/DR. DONALD BLAK,T 224;
THOR/DR. DONALD BLAK,T2 24;
THOR/DR. DONALD BLAK,T 225;
THOR/DR. DONALD BLAK,T2 25;
THOR/DR. DONALD BLAK,T 226;
THOR/DR. DONALD BLAK,T2 26;
THOR/DR. DONALD BLAK,T 227;
THOR/DR. DONALD BLAK,T2 27;
THOR/DR. DONALD BLAK,T 228;
THOR/DR. DONALD BLAK,T2 28;
THOR/DR. DONALD BLAK,T 229;
THOR/DR. DONALD BLAK,T2 29;
THOR/DR. DONALD BLAK,T2 3;
THOR/DR. DONALD BLAK,T 230;
THOR/DR. DONALD BLAK,T2 30;
THOR/DR. DONALD BLAK,T 231;
THOR/DR. DONALD BLAK,T2 31;
THOR/DR. DONALD BLAK,T 232;
THOR/DR. DONALD BLAK,T2 32;
THOR/DR. DONALD BLAK,T 233;
THOR/DR. DONALD BLAK,T2 33;
THOR/DR. DONALD BLAK,T 234;
THOR/DR. DONALD BLAK,T2 34;
THOR/DR. DONALD BLAK,T 235;
THOR/DR. DONALD BLAK,T2 35;
THOR/DR. DONALD BLAK,T 236;
THOR/DR. DONALD BLAK,T2 36;
THOR/DR. DONALD BLAK,T 237;
THOR/DR. DONALD BLAK,T2 37;
THOR/DR. DONALD BLAK,T 238;
THOR/DR. DONALD BLAK,T2 38;
THOR/DR. DONALD BLAK,T 239;
THOR/DR. DONALD BLAK,T2 39;
THOR/DR. DONALD BLAK,T2 4;
THOR/DR. DONALD BLAK,T 240;
THOR/DR. DONALD BLAK,T 241;
THOR/DR. DONALD BLAK,T 242;
THOR/DR. DONALD BLAK,T 243;
THOR/DR. DONALD BLAK,T 244;
THOR/DR. DONALD BLAK,T 245;
THOR/DR. DONALD BLAK,T 246;
THOR/DR. DONALD BLAK,T 247;
THOR/DR. DONALD BLAK,T 248;
THOR/DR. DONALD BLAK,T 249;
THOR/DR. DONALD BLAK,T2 5;
THOR/DR. DONALD BLAK,T 250;
THOR/DR. DONALD BLAK,T 251;
THOR/DR. DONALD BLAK,T 252;
THOR/DR. DONALD BLAK,T 252/2;
THOR/DR. DONALD BLAK,T 253;
THOR/DR. DONALD BLAK,T 253/2;
THOR/DR. DONALD BLAK,T 255;
THOR/DR. DONALD BLAK,T 256;
THOR/DR. DONALD BLAK,T 257;
THOR/DR. DONALD BLAK,T 258;
THOR/DR. DONALD BLAK,T 259;
THOR/DR. DONALD BLAK,T2 6;
THOR/DR. DONALD BLAK,T 260;
THOR/DR. DONALD BLAK,T 261;
THOR/DR. DONALD BLAK,T 262;
THOR/DR. DONALD BLAK,T 263;
THOR/DR. DONALD BLAK,T 264;
THOR/DR. DONALD BLAK,T 265;
THOR/DR. DONALD BLAK,T 266;
THOR/DR. DONALD BLAK,T 267;
THOR/DR. DONALD BLAK,T 268;
THOR/DR. DONALD BLAK,T 269;
THOR/DR. DONALD BLAK,T2 7;
THOR/DR. DONALD BLAK,T 270;
THOR/DR. DONALD BLAK,T 271;
THOR/DR. DONALD BLAK,T 272;
THOR/DR. DONALD BLAK,T 273;
THOR/DR. DONALD BLAK,T 274;
THOR/DR. DONALD BLAK,T 275;
THOR/DR. DONALD BLAK,T 276;
THOR/DR. DONALD BLAK,T 277;
THOR/DR. DONALD BLAK,T 278;
THOR/DR. DONALD BLAK,T 279;
THOR/DR. DONALD BLAK,T2 8;
THOR/DR. DONALD BLAK,T 280;
THOR/DR. DONALD BLAK,T 281;
THOR/DR. DONALD BLAK,T 282;
THOR/DR. DONALD BLAK,T 283;
THOR/DR. DONALD BLAK,T 284;
THOR/DR. DONALD BLAK,T 285;
THOR/DR. DONALD BLAK,T 286;
THOR/DR. DONALD BLAK,T 287;
THOR/DR. DONALD BLAK,T 288;
THOR/DR. DONALD BLAK,T 289;
THOR/DR. DONALD BLAK,T2 9;
THOR/DR. DONALD BLAK,T 290;
THOR/DR. DONALD BLAK,T 291;
THOR/DR. DONALD BLAK,T 292;
THOR/DR. DONALD BLAK,T 293;
THOR/DR. DONALD BLAK,T 294;
THOR/DR. DONALD BLAK,T 295;
THOR/DR. DONALD BLAK,T 296;
THOR/DR. DONALD BLAK,T 297;
THOR/DR. DONALD BLAK,T 298;
THOR/DR. DONALD BLAK,T 299;
THOR/DR. DONALD BLAK,T 300;
THOR/DR. DONALD BLAK,T 301;
THOR/DR. DONALD BLAK,T 302;
THOR/DR. DONALD BLAK,T 303;
THOR/DR. DONALD BLAK,T 304;
THOR/DR. DONALD BLAK,T 305;
THOR/DR. DONALD BLAK,T 306;
THOR/DR. DONALD BLAK,T 307;
THOR/DR. DONALD BLAK,T 308;
THOR/DR. DONALD BLAK,T 309;
THOR/DR. DONALD BLAK,T 310;
THOR/DR. DONALD BLAK,T 311;
THOR/DR. DONALD BLAK,T 312;
THOR/DR. DONALD BLAK,T 313;
THOR/DR. DONALD BLAK,T 314;
THOR/DR. DONALD BLAK,T 315;
THOR/DR. DONALD BLAK,T 316;
THOR/DR. DONALD BLAK,T 317;
THOR/DR. DONALD BLAK,T 318;
THOR/DR. DONALD BLAK,T 319;
THOR/DR. DONALD BLAK,T 320;
THOR/DR. DONALD BLAK,T 321;
THOR/DR. DONALD BLAK,T 322;
THOR/DR. DONALD BLAK,T 323;
THOR/DR. DONALD BLAK,T 324;
THOR/DR. DONALD BLAK,T 325;
THOR/DR. DONALD BLAK,T 326;
THOR/DR. DONALD BLAK,T 327;
THOR/DR. DONALD BLAK,T 328;
THOR/DR. DONALD BLAK,T 329;
THOR/DR. DONALD BLAK,T 330;
THOR/DR. DONALD BLAK,T 331;
THOR/DR. DONALD BLAK,T 332;
THOR/DR. DONALD BLAK,T 333;
THOR/DR. DONALD BLAK,T 334;
THOR/DR. DONALD BLAK,T 335;
THOR/DR. DONALD BLAK,T 336;
THOR/DR. DONALD BLAK,T 336/2;
THOR/DR. DONALD BLAK,T 337;
THOR/DR. DONALD BLAK,T 338;
THOR/DR. DONALD BLAK,T 339;
THOR/DR. DONALD BLAK,T 340;
THOR/DR. DONALD BLAK,T 341;
THOR/DR. DONALD BLAK,T 342;
THOR/DR. DONALD BLAK,T 343;
THOR/DR. DONALD BLAK,T 344;
THOR/DR. DONALD BLAK,T 345;
THOR/DR. DONALD BLAK,T 346;
THOR/DR. DONALD BLAK,T 347;
THOR/DR. DONALD BLAK,T 348;
THOR/DR. DONALD BLAK,T 349;
THOR/DR. DONALD BLAK,T 350;
THOR/DR. DONALD BLAK,T 351;
THOR/DR. DONALD BLAK,T 353;
THOR/DR. DONALD BLAK,T 354;
THOR/DR. DONALD BLAK,T 355;
THOR/DR. DONALD BLAK,T 357;
THOR/DR. DONALD BLAK,T 358;
THOR/DR. DONALD BLAK,T 359;
THOR/DR. DONALD BLAK,T 360;
THOR/DR. DONALD BLAK,T 361;
THOR/DR. DONALD BLAK,T 362;
THOR/DR. DONALD BLAK,T 363;
THOR/DR. DONALD BLAK,T 364;
THOR/DR. DONALD BLAK,T 365;
THOR/DR. DONALD BLAK,T 366;
THOR/DR. DONALD BLAK,T 367;
THOR/DR. DONALD BLAK,T 368;
THOR/DR. DONALD BLAK,T 369;
THOR/DR. DONALD BLAK,T 370;
THOR/DR. DONALD BLAK,T 371;
THOR/DR. DONALD BLAK,T 372;
THOR/DR. DONALD BLAK,T 373;
THOR/DR. DONALD BLAK,T 374;
THOR/DR. DONALD BLAK,T 375;
THOR/DR. DONALD BLAK,T 376;
THOR/DR. DONALD BLAK,T 377;
THOR/DR. DONALD BLAK,T 378;
THOR/DR. DONALD BLAK,T 379;
THOR/DR. DONALD BLAK,T 380;
THOR/DR. DONALD BLAK,T 381;
THOR/DR. DONALD BLAK,T 382;
THOR/DR. DONALD BLAK,T 383;
THOR/DR. DONALD BLAK,T 386;
THOR/DR. DONALD BLAK,T 387;
THOR/DR. DONALD BLAK,T 388;
THOR/DR. DONALD BLAK,T 389;
THOR/DR. DONALD BLAK,T 390;
THOR/DR. DONALD BLAK,T 391;
THOR/DR. DONALD BLAK,T 392;
THOR/DR. DONALD BLAK,T 393;
THOR/DR. DONALD BLAK,T 395;
THOR/DR. DONALD BLAK,T 396;
THOR/DR. DONALD BLAK,T 397;
THOR/DR. DONALD BLAK,T 398;
THOR/DR. DONALD BLAK,T 399;
THOR/DR. DONALD BLAK,T 400;
THOR/DR. DONALD BLAK,T 402;
THOR/DR. DONALD BLAK,T 403;
THOR/DR. DONALD BLAK,T 404;
THOR/DR. DONALD BLAK,T 405;
THOR/DR. DONALD BLAK,T 406;
THOR/DR. DONALD BLAK,T 407;
THOR/DR. DONALD BLAK,T 408;
THOR/DR. DONALD BLAK,T 409;
THOR/DR. DONALD BLAK,T 410;
THOR/DR. DONALD BLAK,T 411;
THOR/DR. DONALD BLAK,T 412;
THOR/DR. DONALD BLAK,T 413;
THOR/DR. DONALD BLAK,T 414;
THOR/DR. DONALD BLAK,T 415;
THOR/DR. DONALD BLAK,T 416;
THOR/DR. DONALD BLAK,T 417;
THOR/DR. DONALD BLAK,T 418;
THOR/DR. DONALD BLAK,T 419;
THOR/DR. DONALD BLAK,T 420;
THOR/DR. DONALD BLAK,T 421;
THOR/DR. DONALD BLAK,T 422;
THOR/DR. DONALD BLAK,T 423;
THOR/DR. DONALD BLAK,T 424;
THOR/DR. DONALD BLAK,T 425;
THOR/DR. DONALD BLAK,T 426;
THOR/DR. DONALD BLAK,T 427;
THOR/DR. DONALD BLAK,T 428;
THOR/DR. DONALD BLAK,T 429;
THOR/DR. DONALD BLAK,T 430;
THOR/DR. DONALD BLAK,T 431;
THOR/DR. DONALD BLAK,T 432;
THOR/DR. DONALD BLAK,T 434;
THOR/DR. DONALD BLAK,T 473;
THOR/DR. DONALD BLAK,T 475;
THOR/DR. DONALD BLAK,T 476;
THOR/DR. DONALD BLAK,T 477;
THOR/DR. DONALD BLAK,T 478;
THOR/DR. DONALD BLAK,T 479;
THOR/DR. DONALD BLAK,T 480;
THOR/DR. DONALD BLAK,T 481;
THOR/DR. DONALD BLAK,T 482;
THOR/DR. DONALD BLAK,T 484;
THOR/DR. DONALD BLAK,T 485;
THOR/DR. DONALD BLAK,T 486;
THOR/DR. DONALD BLAK,T 487;
THOR/DR. DONALD BLAK,T 488;
THOR/DR. DONALD BLAK,T 489;
THOR/DR. DONALD BLAK,T 490;
THOR/DR. DONALD BLAK,T 491;
THOR/DR. DONALD BLAK,T 492;
THOR/DR. DONALD BLAK,T 493;
THOR/DR. DONALD BLAK,T 494;
THOR/DR. DONALD BLAK,T 495;
THOR/DR. DONALD BLAK,T 496;
THOR/DR. DONALD BLAK,T 497;
THOR/DR. DONALD BLAK,T 498;
THOR/DR. DONALD BLAK,T 5;
THOR/DR. DONALD BLAK,T 500;
THOR/DR. DONALD BLAK,T 501;
THOR/DR. DONALD BLAK,T 502;
THOR/DR. DONALD BLAK,T 6;
THOR/DR. DONALD BLAK,T 7;
THOR/DR. DONALD BLAK,T 9;
THOR/DR. DONALD BLAK,T '99;
THOR/DR. DONALD BLAK,TB 11;
THOR/DR. DONALD BLAK,TB 12;
THOR/DR. DONALD BLAK,TB 25;
THOR/DR. DONALD BLAK,TOS 49;
THOR/DR. DONALD BLAK,TOS 56;
THOR/DR. DONALD BLAK,TOS 59;
THOR/DR. DONALD BLAK,TOS 60;
THOR/DR. DONALD BLAK,TS 10;
THOR/DR. DONALD BLAK,TS 23;
THOR/DR. DONALD BLAK,TS 24;
THOR/DR. DONALD BLAK,TTA 59;
THOR/DR. DONALD BLAK,UTSM '97;
THOR/DR. DONALD BLAK,UX 335;
THOR/DR. DONALD BLAK,UX 336;
THOR/DR. DONALD BLAK,UX 9;
THOR/DR. DONALD BLAK,V&SW 3;
THOR/DR. DONALD BLAK,WCA 1;
THOR/DR. DONALD BLAK,WCA 2;
THOR/DR. DONALD BLAK,WCA2 2;
THOR/DR. DONALD BLAK,WOSM 75;
THOR/DR. DONALD BLAK,X 55;
THOR/DR. DONALD BLAK,XF 17;
THOR/DR. DONALD BLAK,XF 32;
THOR/DR. DONALD BLAK,XF 4/3;
THOR/DR. DONALD BLAK,XM 46;
THOR | EARTH 253,XM 71;
THOR | EARTH 253,XM 72;
THOR III DOPPELGANGE,FF 370;
THOR III DOPPELGANGE,IW 1;
THOR III DOPPELGANGE,WM2 15;
THOR II/ROGER RED NO,H2 421;
THOR II/ROGER RED NO,H2 422;
THOR II/ROGER RED NO,H2 423;
THOR II/ROGER RED NO,JIM 503;
THOR II/ROGER RED NO,JIM 508;
THOR II/ROGER RED NO,JIM 509;
THOR II/ROGER RED NO,JIM 510;
THOR II/ROGER RED NO,JIM 511;
THOR II/ROGER RED NO,JIM 512;
THOR II/ROGER RED NO,JIM 513;
THOR II/ROGER RED NO,T 274;
THOR II/ROGER RED NO,T 275;
THOR II/ROGER RED NO,T 276;
THOR II/ROGER RED NO,T 277;
THOR II/ROGER RED NO,T 278;
THOR II/ROGER RED NO,T 478;
THOR II/ROGER RED NO,T 479;
THOR II/ROGER RED NO,T 480;
THOR II/ROGER RED NO,T 482;
THOR II/ROGER RED NO,T 483;
THOR II/ROGER RED NO,T 501;
THOR II/ROGER RED NO,T 502;
THOR II/ROGER RED NO,TS 15;
THOR IV/DARGO,T 16;
THOR IV/DARGO,T 16/2;
THOR IV/DARGO,T 438;
THOR IV/DARGO,T 439;
THOR IV/DARGO,T 440;
THOR IV/DARGO,T 441;
THOR | MUTANT X-VERS,MX '01;
THORNN,A '00;
THORNN,FF 14;
THORNN,FF 186;
THORNN,FF 223;
THORNN II/LUCIA CALL,CABLE2 15;
THORNN II/LUCIA CALL,XFOR 11;
THORNN II/LUCIA CALL,XFOR 40;
THORNN II/LUCIA CALL,XFOR 41;
THORNN II/LUCIA CALL,XFOR 6;
THORNN II/LUCIA CALL,XFOR 7;
THORNN II/LUCIA CALL,XFOR 9;
THORNN,V&SW2 3;
THORNN,V&SW2 5;
THORPE, GAVIN,S-M 53;
THORPE, GAVIN,S-M 73;
THORPE, GAVIN,S-M 74;
THORPE, GORDON,XFOR 72;
THORPE, LUKE,S-M 11;
THORPE, LUKE,S-M 12;
THORPE, LUKE,S-M 9;
THOR REPLICOID,T 389;
THOR REPLICOID,T 416;
THOR REPLICOID,T 418;
THOR REPLICOID,T 419;
THOR REPLICOID,T 420;
THORSON, DR. WALTER,ASM2 1;
THORSON, DR. WALTER,PPSM2 3;
THOUSAND,TW 1;
THOUSAND,TW 2;
THOUSAND,TW 3;
THRAXON,FF 12;
THRAXON,INH 12;
THREADGOLD,XCAL 86;
THREADGOLD,XCAL 99;
THREE-FACE,S-H2 20;
THREETREES,RH2 6;
THRENODY,C2 29;
THRENODY,C2 30;
THRENODY,C2 31;
THRENODY,UX 325;
THRENODY,X 34;
THRENODY,XM 12;
THRENODY,XM 13;
THRENODY,XM 14;
THRENODY,XM 15;
THRENODY,XM 16;
THRENODY,XM 25;
THRENODY,XM 51;
THRENODY,XM 52;
THRENODY,XM 55;
THRENODY,XM 56;
THRENODY,XM 57;
THRENODY,XM 58;
THUG,FF3 6;
THUG,FF3 7;
THUG,FF3 8;
THUG,XCAL 125;
THUG,XCAL 42;
THUG,XCAL 43;
THUG,XCAL 44;
THUG,XCAL 45;
THUG,XCAL 46;
THUG,XCAL 47;
THUG,XCALSE;
THULE, GEN.,C&D3 15;
THULE, GEN.,C&D3 16;
THULE, GEN.,C&D3 17;
THUMBELLINA,NM 87;
THUMBELLINA,X 15;
THUMBELLINA,XF 77;
THUMBELLINA,XFOR 1;
THUMPER,BSHP2 10;
THUMPER,BSHP2 11;
THUNDERBALL/DR. ELIO,A 273;
THUNDERBALL/DR. ELIO,A 274;
THUNDERBALL/DR. ELIO,A 275;
THUNDERBALL/DR. ELIO,A 276;
THUNDERBALL/DR. ELIO,A 277;
THUNDERBALL/DR. ELIO,A3 15;
THUNDERBALL/DR. ELIO,A3 16;
THUNDERBALL/DR. ELIO,A3 17;
THUNDERBALL/DR. ELIO,A3 18;
THUNDERBALL/DR. ELIO,ASM 247;
THUNDERBALL/DR. ELIO,ASM 248;
THUNDERBALL/DR. ELIO,ASM 353;
THUNDERBALL/DR. ELIO,ASM 354;
THUNDERBALL/DR. ELIO,ASM 355;
THUNDERBALL/DR. ELIO,ASM 356;
THUNDERBALL/DR. ELIO,ASM 357;
THUNDERBALL/DR. ELIO,ASM 358;
THUNDERBALL/DR. ELIO,AUP 5;
THUNDERBALL/DR. ELIO,DAMCON 1;
THUNDERBALL/DR. ELIO,DAMCON2 1;
THUNDERBALL/DR. ELIO,DAMCON3 1;
THUNDERBALL/DR. ELIO,DEF 17;
THUNDERBALL/DR. ELIO,DEF 18;
THUNDERBALL/DR. ELIO,DEF 19;
THUNDERBALL/DR. ELIO,FF 335;
THUNDERBALL/DR. ELIO,FF 355;
THUNDERBALL/DR. ELIO,IF 11;
THUNDERBALL/DR. ELIO,IF 12;
THUNDERBALL/DR. ELIO,IM 171;
THUNDERBALL/DR. ELIO,JIM 505;
THUNDERBALL/DR. ELIO,M/SHSW 1;
THUNDERBALL/DR. ELIO,M/SHSW 10;
THUNDERBALL/DR. ELIO,M/SHSW 11;
THUNDERBALL/DR. ELIO,M/SHSW 12;
THUNDERBALL/DR. ELIO,M/SHSW 2;
THUNDERBALL/DR. ELIO,M/SHSW 3;
THUNDERBALL/DR. ELIO,M/SHSW 4;
THUNDERBALL/DR. ELIO,M/SHSW 5;
THUNDERBALL/DR. ELIO,M/SHSW 6;
THUNDERBALL/DR. ELIO,M/SHSW 7;
THUNDERBALL/DR. ELIO,M/SHSW 8;
THUNDERBALL/DR. ELIO,M/TU2 10;
THUNDERBALL/DR. ELIO,M/TU2 11;
THUNDERBALL/DR. ELIO,M/TU2 6;
THUNDERBALL/DR. ELIO,PPTSS 125;
THUNDERBALL/DR. ELIO,PPTSS 126;
THUNDERBALL/DR. ELIO,T2 28;
THUNDERBALL/DR. ELIO,T2 29;
THUNDERBALL/DR. ELIO,T 304;
THUNDERBALL/DR. ELIO,T 383;
THUNDERBALL/DR. ELIO,T 418;
THUNDERBALL/DR. ELIO,T 426;
THUNDERBALL/DR. ELIO,T 427;
THUNDERBALL/DR. ELIO,T 428;
THUNDERBALL/DR. ELIO,T 429;
THUNDERBALL/DR. ELIO,T 430;
THUNDERBALL/DR. ELIO,TB 1;
THUNDERBALL/DR. ELIO,W2 164;
THUNDERBIRD III/NEAL,MAXSEC 3;
THUNDERBIRD III/NEAL,UX 385;
THUNDERBIRD III/NEAL,UX 388;
THUNDERBIRD III/NEAL,UX 389;
THUNDERBIRD III/NEAL,X '00;
THUNDERBIRD III/NEAL,X 100;
THUNDERBIRD III/NEAL,X 101;
THUNDERBIRD III/NEAL,X 102;
THUNDERBIRD III/NEAL,X 103;
THUNDERBIRD III/NEAL,X 104;
THUNDERBIRD III/NEAL,X 105;
THUNDERBIRD III/NEAL,X 106;
THUNDERBIRD III/NEAL,X 107;
THUNDERBIRD III/NEAL,X 109;
THUNDERBIRD III/NEAL,XU 27;
THUNDERBIRD III/NEAL,XU 29;
THUNDERBIRD III/NEAL,XX 1;
THUNDERBIRD III/NEAL,XX 2;
THUNDERBIRD III/NEAL,XX 3;
THUNDERBIRD II/JAMES,C2 21;
THUNDERBIRD II/JAMES,C2 29;
THUNDERBIRD II/JAMES,C2 73;
THUNDERBIRD II/JAMES,C2 74;
THUNDERBIRD II/JAMES,C2 75;
THUNDERBIRD II/JAMES,CX 3/2;
THUNDERBIRD II/JAMES,DPOOL3 12;
THUNDERBIRD II/JAMES,DPOOL3 22;
THUNDERBIRD II/JAMES,FS 2;
THUNDERBIRD II/JAMES,FS 3;
THUNDERBIRD II/JAMES,NM 100;
THUNDERBIRD II/JAMES,NM 16;
THUNDERBIRD II/JAMES,NM 17;
THUNDERBIRD II/JAMES,NM 39;
THUNDERBIRD II/JAMES,NM 43;
THUNDERBIRD II/JAMES,NM 53;
THUNDERBIRD II/JAMES,NM 54;
THUNDERBIRD II/JAMES,NM 56;
THUNDERBIRD II/JAMES,NM 62;
THUNDERBIRD II/JAMES,NM 7;
THUNDERBIRD II/JAMES,NM 99;
THUNDERBIRD II/JAMES,NW 1;
THUNDERBIRD II/JAMES,Q 38;
THUNDERBIRD II/JAMES,S-M 16;
THUNDERBIRD II/JAMES,TB 25;
THUNDERBIRD II/JAMES,UX 15;
THUNDERBIRD II/JAMES,UX 193;
THUNDERBIRD II/JAMES,UX 294;
THUNDERBIRD II/JAMES,UX 295;
THUNDERBIRD II/JAMES,UX 296;
THUNDERBIRD II/JAMES,UX 331;
THUNDERBIRD II/JAMES,UX 388;
THUNDERBIRD II/JAMES,WM2 13;
THUNDERBIRD II/JAMES,X 14;
THUNDERBIRD II/JAMES,XCAL 82;
THUNDERBIRD II/JAMES,XF 106;
THUNDERBIRD II/JAMES,XF 84;
THUNDERBIRD II/JAMES,XF&C '95;
THUNDERBIRD II/JAMES,XFOR -1;
THUNDERBIRD II/JAMES,XFOR 1;
THUNDERBIRD II/JAMES,XFOR 10;
THUNDERBIRD II/JAMES,XFOR 100;
THUNDERBIRD II/JAMES,XFOR 101;
THUNDERBIRD II/JAMES,XFOR 102;
THUNDERBIRD II/JAMES,XFOR 103;
THUNDERBIRD II/JAMES,XFOR 104;
THUNDERBIRD II/JAMES,XFOR 105;
THUNDERBIRD II/JAMES,XFOR 106;
THUNDERBIRD II/JAMES,XFOR 107;
THUNDERBIRD II/JAMES,XFOR 108;
THUNDERBIRD II/JAMES,XFOR 109;
THUNDERBIRD II/JAMES,XFOR 11;
THUNDERBIRD II/JAMES,XFOR 110;
THUNDERBIRD II/JAMES,XFOR 111;
THUNDERBIRD II/JAMES,XFOR 112;
THUNDERBIRD II/JAMES,XFOR 113;
THUNDERBIRD II/JAMES,XFOR 114;
THUNDERBIRD II/JAMES,XFOR 115;
THUNDERBIRD II/JAMES,XFOR 117;
THUNDERBIRD II/JAMES,XFOR 12;
THUNDERBIRD II/JAMES,XFOR 1/3;
THUNDERBIRD II/JAMES,XFOR 13;
THUNDERBIRD II/JAMES,XFOR 14;
THUNDERBIRD II/JAMES,XFOR 15;
THUNDERBIRD II/JAMES,XFOR 16;
THUNDERBIRD II/JAMES,XFOR 17;
THUNDERBIRD II/JAMES,XFOR 2;
THUNDERBIRD II/JAMES,XFOR 3;
THUNDERBIRD II/JAMES,XFOR 35;
THUNDERBIRD II/JAMES,XFOR 36;
THUNDERBIRD II/JAMES,XFOR 37;
THUNDERBIRD II/JAMES,XFOR 38;
THUNDERBIRD II/JAMES,XFOR 39;
THUNDERBIRD II/JAMES,XFOR 4;
THUNDERBIRD II/JAMES,XFOR 40;
THUNDERBIRD II/JAMES,XFOR 41;
THUNDERBIRD II/JAMES,XFOR 42;
THUNDERBIRD II/JAMES,XFOR 43;
THUNDERBIRD II/JAMES,XFOR 44;
THUNDERBIRD II/JAMES,XFOR 45;
THUNDERBIRD II/JAMES,XFOR 46;
THUNDERBIRD II/JAMES,XFOR 47;
THUNDERBIRD II/JAMES,XFOR 48;
THUNDERBIRD II/JAMES,XFOR 49;
THUNDERBIRD II/JAMES,XFOR 5;
THUNDERBIRD II/JAMES,XFOR 50;
THUNDERBIRD II/JAMES,XFOR 51;
THUNDERBIRD II/JAMES,XFOR 52;
THUNDERBIRD II/JAMES,XFOR 53;
THUNDERBIRD II/JAMES,XFOR 57;
THUNDERBIRD II/JAMES,XFOR 6;
THUNDERBIRD II/JAMES,XFOR 69;
THUNDERBIRD II/JAMES,XFOR 7;
THUNDERBIRD II/JAMES,XFOR 70;
THUNDERBIRD II/JAMES,XFOR 71;
THUNDERBIRD II/JAMES,XFOR 72;
THUNDERBIRD II/JAMES,XFOR 73;
THUNDERBIRD II/JAMES,XFOR 74;
THUNDERBIRD II/JAMES,XFOR 75;
THUNDERBIRD II/JAMES,XFOR 76;
THUNDERBIRD II/JAMES,XFOR 77;
THUNDERBIRD II/JAMES,XFOR 78;
THUNDERBIRD II/JAMES,XFOR 79;
THUNDERBIRD II/JAMES,XFOR 80;
THUNDERBIRD II/JAMES,XFOR 81;
THUNDERBIRD II/JAMES,XFOR 82;
THUNDERBIRD II/JAMES,XFOR 83;
THUNDERBIRD II/JAMES,XFOR 84;
THUNDERBIRD II/JAMES,XFOR 85;
THUNDERBIRD II/JAMES,XFOR 86;
THUNDERBIRD II/JAMES,XFOR 87;
THUNDERBIRD II/JAMES,XFOR 89;
THUNDERBIRD II/JAMES,XFOR 9;
THUNDERBIRD II/JAMES,XFOR 90;
THUNDERBIRD II/JAMES,XFOR 91;
THUNDERBIRD II/JAMES,XFOR 92;
THUNDERBIRD II/JAMES,XFOR 93;
THUNDERBIRD II/JAMES,XFOR 94;
THUNDERBIRD II/JAMES,XFOR 95;
THUNDERBIRD II/JAMES,XFOR '97;
THUNDERBIRD II/JAMES,XFOR 97;
THUNDERBIRD II/JAMES,XFOR '98;
THUNDERBIRD II/JAMES,XFOR 98;
THUNDERBIRD II/JAMES,XFOR '99;
THUNDERBIRD II/JAMES,XFOR 99;
THUNDERBIRD II/JAMES,X:PRIME;
THUNDERBIRD II/JAMES,XU 23;
THUNDERBIRD/JOHN PRO,CX 2;
THUNDERBIRD/JOHN PRO,CX 3;
THUNDERBIRD/JOHN PRO,CX 3/2;
THUNDERBIRD/JOHN PRO,GSX 1;
THUNDERBIRD/JOHN PRO,UX 94;
THUNDERBIRD/JOHN PRO,UX 95;
THUNDERBIRD/JOHN PRO,XFOR -1;
THUNDERBIRD/JOHN PRO,X:L 2;
THUNDERBOLT/BILLY CA,DD 69;
THUNDERBOLT/BILLY CA,PM 41;
THUNDERBOLT/BILLY CA,PM 42;
THUNDERBOLT/BILLY CA,PM 43;
THUNDERBOLT/BILLY CA,PM&IF 61;
THUNDERBOLT/BILLY CA,PM&IF 62;
THUNDERBOLT II/LUIS,H 17/5;
THUNDERFIST/,INV 14;
THUNDERFIST/,INV 15;
THUNDERHEAD/,H2 437;
THUNDERHEAD/,H2 438;
THUNDERSTRIKE/ERIC K,A 21;
THUNDERSTRIKE/ERIC K,A 23;
THUNDERSTRIKE/ERIC K,A3 10;
THUNDERSTRIKE/ERIC K,A3 11;
THUNDERSTRIKE/ERIC K,A 343;
THUNDERSTRIKE/ERIC K,A 344;
THUNDERSTRIKE/ERIC K,A 345;
THUNDERSTRIKE/ERIC K,A 347;
THUNDERSTRIKE/ERIC K,A 349;
THUNDERSTRIKE/ERIC K,A 350;
THUNDERSTRIKE/ERIC K,A 351;
THUNDERSTRIKE/ERIC K,A 355;
THUNDERSTRIKE/ERIC K,A 356;
THUNDERSTRIKE/ERIC K,A 374;
THUNDERSTRIKE/ERIC K,A 375;
THUNDERSTRIKE/ERIC K,A 379;
THUNDERSTRIKE/ERIC K,A 383;
THUNDERSTRIKE/ERIC K,ASMU 6;
THUNDERSTRIKE/ERIC K,AWC 82;
THUNDERSTRIKE/ERIC K,CA 370;
THUNDERSTRIKE/ERIC K,CA 395;
THUNDERSTRIKE/ERIC K,CA 396;
THUNDERSTRIKE/ERIC K,CA 397;
THUNDERSTRIKE/ERIC K,CA 401;
THUNDERSTRIKE/ERIC K,DAMCON3 4;
THUNDERSTRIKE/ERIC K,FF 367;
THUNDERSTRIKE/ERIC K,FF 368;
THUNDERSTRIKE/ERIC K,FF 369;
THUNDERSTRIKE/ERIC K,FF 370;
THUNDERSTRIKE/ERIC K,FF 400/2;
THUNDERSTRIKE/ERIC K,FW 10/2;
THUNDERSTRIKE/ERIC K,IG 2;
THUNDERSTRIKE/ERIC K,IG 3;
THUNDERSTRIKE/ERIC K,IG 4;
THUNDERSTRIKE/ERIC K,IG 5;
THUNDERSTRIKE/ERIC K,IG 6;
THUNDERSTRIKE/ERIC K,IM 275;
THUNDERSTRIKE/ERIC K,IM 284;
THUNDERSTRIKE/ERIC K,IM 303;
THUNDERSTRIKE/ERIC K,IM 304;
THUNDERSTRIKE/ERIC K,IMSVS 2/3;
THUNDERSTRIKE/ERIC K,IW 2;
THUNDERSTRIKE/ERIC K,IW 3;
THUNDERSTRIKE/ERIC K,IW 4;
THUNDERSTRIKE/ERIC K,IW 5;
THUNDERSTRIKE/ERIC K,IW 6;
THUNDERSTRIKE/ERIC K,MK3 41;
THUNDERSTRIKE/ERIC K,M/SH3 9/2;
THUNDERSTRIKE/ERIC K,N 58;
THUNDERSTRIKE/ERIC K,NF3 26;
THUNDERSTRIKE/ERIC K,NW 27;
THUNDERSTRIKE/ERIC K,Q 28;
THUNDERSTRIKE/ERIC K,Q 33;
THUNDERSTRIKE/ERIC K,Q 38;
THUNDERSTRIKE/ERIC K,Q 41;
THUNDERSTRIKE/ERIC K,Q 42;
THUNDERSTRIKE/ERIC K,Q 60;
THUNDERSTRIKE/ERIC K,S-H2 30;
THUNDERSTRIKE/ERIC K,SS3 52;
THUNDERSTRIKE/ERIC K,SS3 54;
THUNDERSTRIKE/ERIC K,SS3 59;
THUNDERSTRIKE/ERIC K,SS3 60;
THUNDERSTRIKE/ERIC K,SSWP 4;
THUNDERSTRIKE/ERIC K,T 17;
THUNDERSTRIKE/ERIC K,T 17/2;
THUNDERSTRIKE/ERIC K,T 391;
THUNDERSTRIKE/ERIC K,T 392;
THUNDERSTRIKE/ERIC K,T 393;
THUNDERSTRIKE/ERIC K,T 402;
THUNDERSTRIKE/ERIC K,T 405;
THUNDERSTRIKE/ERIC K,T 406;
THUNDERSTRIKE/ERIC K,T 407;
THUNDERSTRIKE/ERIC K,T 408;
THUNDERSTRIKE/ERIC K,T 409;
THUNDERSTRIKE/ERIC K,T 410;
THUNDERSTRIKE/ERIC K,T 411;
THUNDERSTRIKE/ERIC K,T 412;
THUNDERSTRIKE/ERIC K,T 413;
THUNDERSTRIKE/ERIC K,T 414;
THUNDERSTRIKE/ERIC K,T 415;
THUNDERSTRIKE/ERIC K,T 416;
THUNDERSTRIKE/ERIC K,T 417;
THUNDERSTRIKE/ERIC K,T 418;
THUNDERSTRIKE/ERIC K,T 419;
THUNDERSTRIKE/ERIC K,T 421;
THUNDERSTRIKE/ERIC K,T 423;
THUNDERSTRIKE/ERIC K,T 424;
THUNDERSTRIKE/ERIC K,T 425;
THUNDERSTRIKE/ERIC K,T 427;
THUNDERSTRIKE/ERIC K,T 429;
THUNDERSTRIKE/ERIC K,T 430;
THUNDERSTRIKE/ERIC K,T 431;
THUNDERSTRIKE/ERIC K,T 432;
THUNDERSTRIKE/ERIC K,T 433;
THUNDERSTRIKE/ERIC K,T 434;
THUNDERSTRIKE/ERIC K,T 435;
THUNDERSTRIKE/ERIC K,T 436;
THUNDERSTRIKE/ERIC K,T 437;
THUNDERSTRIKE/ERIC K,T 438;
THUNDERSTRIKE/ERIC K,T 439;
THUNDERSTRIKE/ERIC K,T 440;
THUNDERSTRIKE/ERIC K,T 441;
THUNDERSTRIKE/ERIC K,T 442;
THUNDERSTRIKE/ERIC K,T 442/3;
THUNDERSTRIKE/ERIC K,T 443;
THUNDERSTRIKE/ERIC K,T 444;
THUNDERSTRIKE/ERIC K,T 445;
THUNDERSTRIKE/ERIC K,T 446;
THUNDERSTRIKE/ERIC K,T 447;
THUNDERSTRIKE/ERIC K,T 448;
THUNDERSTRIKE/ERIC K,T 449;
THUNDERSTRIKE/ERIC K,T 450;
THUNDERSTRIKE/ERIC K,T 451;
THUNDERSTRIKE/ERIC K,T 452;
THUNDERSTRIKE/ERIC K,T 453;
THUNDERSTRIKE/ERIC K,T 454;
THUNDERSTRIKE/ERIC K,T 455;
THUNDERSTRIKE/ERIC K,T 456;
THUNDERSTRIKE/ERIC K,T 477;
THUNDERSTRIKE/ERIC K,TS 10;
THUNDERSTRIKE/ERIC K,TS 11;
THUNDERSTRIKE/ERIC K,TS 12;
THUNDERSTRIKE/ERIC K,TS 13;
THUNDERSTRIKE/ERIC K,TS 14;
THUNDERSTRIKE/ERIC K,TS 15;
THUNDERSTRIKE/ERIC K,TS 16;
THUNDERSTRIKE/ERIC K,TS 17;
THUNDERSTRIKE/ERIC K,TS 18;
THUNDERSTRIKE/ERIC K,TS 19;
THUNDERSTRIKE/ERIC K,TS 20;
THUNDERSTRIKE/ERIC K,TS 20/2;
THUNDERSTRIKE/ERIC K,TS 21;
THUNDERSTRIKE/ERIC K,TS 21/2;
THUNDERSTRIKE/ERIC K,TS 22;
THUNDERSTRIKE/ERIC K,TS 23;
THUNDERSTRIKE/ERIC K,TS 24;
THUNDERSTRIKE/ERIC K,TS 9;
THUNDERSTRIKE/ERIC K,WM2 13;
THUNDERSTRIKE/ERIC K,WM2 14;
THUNDERSTRIKE/ERIC K,WM2 8;
THUNDERSTRIKE/ERIC K,WM2 9;
THUNDERSWORD,IM 197;
THUNDERSWORD,SWII 1;
THUNDRA,A3 17;
THUNDRA,A3 18;
THUNDRA,A 8;
THUNDRA,AWC 75;
THUNDRA,FF 129;
THUNDRA,FF 130;
THUNDRA,FF 133;
THUNDRA,FF 148;
THUNDRA,FF 149;
THUNDRA,FF 151;
THUNDRA,FF 152;
THUNDRA,FF 153;
THUNDRA,FF 177;
THUNDRA,FF 178;
THUNDRA,FF 179;
THUNDRA,FF 181;
THUNDRA,FF 182;
THUNDRA,FF 183;
THUNDRA,FF 184;
THUNDRA,FF 191;
THUNDRA,FF 303;
THUNDRA,GSSS 1;
THUNDRA,M/TIO 53;
THUNDRA,M/TIO 54;
THUNDRA,M/TIO 55;
THUNDRA,M/TIO 56;
THUNDRA,M/TIO 57;
THUNDRA,M/TIO 58;
THUNDRA,M/TIO 64;
THUNDRA,M/TIO 65;
THUNDRA,M/TIO 67;
THUNDRA,QS 2;
THUNDRA,QS 3;
THURM, ETHAN,CA 373/2;
THURM, ETHAN,CA 374/2;
THURM, ETHAN,CA 378/2;
THURM, ETHAN,CA 381/2;
THURM, ETHAN,TG 30;
TIAMAT,DPOOL3 23;
TIAMAT,DPOOL3 24;
TIAMAT,DPOOL3 25;
TICKTOCK,AWC 76;
TICKTOCK,AWC 77;
TICKTOCK,AWC 78;
TICKTOCK,AWC 79;
TICKTOCK,CA 330;
TICKTOCK,CA 331;
TICKTOCK,SOLOA 3/2;
TICKTOCK,S-W 50;
TICKTOCK,WCA2 40;
TIERS, MICHELLE,PPTSS 11/2;
TIERS, MICHELLE,WOSM 7/6;
TIGER SHARK/TODD ARL,A 222;
TIGER SHARK/TODD ARL,A 228;
TIGER SHARK/TODD ARL,A 229;
TIGER SHARK/TODD ARL,A 230;
TIGER SHARK/TODD ARL,A 273;
TIGER SHARK/TODD ARL,A 274;
TIGER SHARK/TODD ARL,DEF2 7;
TIGER SHARK/TODD ARL,H2 160;
TIGER SHARK/TODD ARL,M/CP 53/3;
TIGER SHARK/TODD ARL,M/CP 54/3;
TIGER SHARK/TODD ARL,M/CP 55/3;
TIGER SHARK/TODD ARL,M/CP 56/3;
TIGER SHARK/TODD ARL,M/CP 77/4;
TIGER SHARK/TODD ARL,MSM 15;
TIGER SHARK/TODD ARL,MSM 16;
TIGER SHARK/TODD ARL,M/TU 14;
TIGER SHARK/TODD ARL,N 54;
TIGER SHARK/TODD ARL,N 55;
TIGER SHARK/TODD ARL,N 56;
TIGER SHARK/TODD ARL,N 58;
TIGER SHARK/TODD ARL,SUB-M 15;
TIGER SHARK/TODD ARL,SUB-M 16;
TIGER SHARK/TODD ARL,SUB-M 24;
TIGER SHARK/TODD ARL,SUB-M 43;
TIGER SHARK/TODD ARL,SUB-M 44;
TIGER SHARK/TODD ARL,SUB-M 45;
TIGER SHARK/TODD ARL,SUB-M 46;
TIGER SHARK/TODD ARL,SUB-M 5;
TIGER SHARK/TODD ARL,SUB-M 6;
TIGER SHARK/TODD ARL,SUB-M 7;
TIGER SHARK/TODD ARL,SUB-M 9;
TIGER SHARK/TODD ARL,SVTU 1;
TIGER SHARK/TODD ARL,SVTU 2;
TIGER SHARK/TODD ARL,SVTU 3;
TIGER SHARK/TODD ARL,TB 18;
TIGER SHARK/TODD ARL,TB 19;
TIGER SHARK/TODD ARL,TB 20;
TIGER SHARK/TODD ARL,TB 23;
TIGER SHARK/TODD ARL,TB 24;
TIGER SHARK/TODD ARL,TB 25;
TIGER SHARK/TODD ARL,TB 3;
TIGER SHARK/TODD ARL,TB 33;
TIGER SHARK/TODD ARL,W2 19;
TIGER SHARK/TODD ARL,W2 20;
TIGER SHARK/TODD ARL,W2 21;
TIGER SHARK/TODD ARL,WCA2 16;
TIGER WYLDE,M/CP 118/4;
TIGRA/GREER NELSON,A 15;
TIGRA/GREER NELSON,A 16;
TIGRA/GREER NELSON,A 18;
TIGRA/GREER NELSON,A 18/2;
TIGRA/GREER NELSON,A 211;
TIGRA/GREER NELSON,A 212;
TIGRA/GREER NELSON,A 213;
TIGRA/GREER NELSON,A 214;
TIGRA/GREER NELSON,A 215;
TIGRA/GREER NELSON,A 216;
TIGRA/GREER NELSON,A 238;
TIGRA/GREER NELSON,A 240;
TIGRA/GREER NELSON,A 241;
TIGRA/GREER NELSON,A 250;
TIGRA/GREER NELSON,A 253;
TIGRA/GREER NELSON,A 254;
TIGRA/GREER NELSON,A 302;
TIGRA/GREER NELSON,A 303;
TIGRA/GREER NELSON,A 305;
TIGRA/GREER NELSON,A 306;
TIGRA/GREER NELSON,A 308;
TIGRA/GREER NELSON,A3 1;
TIGRA/GREER NELSON,A3 2;
TIGRA/GREER NELSON,A 329;
TIGRA/GREER NELSON,A3 3;
TIGRA/GREER NELSON,A 332;
TIGRA/GREER NELSON,A 333;
TIGRA/GREER NELSON,A3 35;
TIGRA/GREER NELSON,A3 4;
TIGRA/GREER NELSON,A 381/2;
TIGRA/GREER NELSON,A 382/3;
TIGRA/GREER NELSON,AI 1;
TIGRA/GREER NELSON,AI 2;
TIGRA/GREER NELSON,AI 3;
TIGRA/GREER NELSON,AI 4;
TIGRA/GREER NELSON,ASPOT 23/2;
TIGRA/GREER NELSON,ASPOT 30;
TIGRA/GREER NELSON,ASPOT 38;
TIGRA/GREER NELSON,AWC 47;
TIGRA/GREER NELSON,AWC 49;
TIGRA/GREER NELSON,AWC 50;
TIGRA/GREER NELSON,AWC 66;
TIGRA/GREER NELSON,AWC 67;
TIGRA/GREER NELSON,AWC 68;
TIGRA/GREER NELSON,AWC 69;
TIGRA/GREER NELSON,AWC 70;
TIGRA/GREER NELSON,AWC 71;
TIGRA/GREER NELSON,AWC 72;
TIGRA/GREER NELSON,AWC 73;
TIGRA/GREER NELSON,AWC 74;
TIGRA/GREER NELSON,AWC 83;
TIGRA/GREER NELSON,CA 267;
TIGRA/GREER NELSON,CA3 3;
TIGRA/GREER NELSON,CAT 1;
TIGRA/GREER NELSON,CAT 2;
TIGRA/GREER NELSON,CAT 3;
TIGRA/GREER NELSON,CAT 4;
TIGRA/GREER NELSON,COC 1;
TIGRA/GREER NELSON,DAMCON3 3;
TIGRA/GREER NELSON,E2 12;
TIGRA/GREER NELSON,FF 177;
TIGRA/GREER NELSON,FF 178;
TIGRA/GREER NELSON,FF 179;
TIGRA/GREER NELSON,FF 181;
TIGRA/GREER NELSON,FF 182;
TIGRA/GREER NELSON,FF 183;
TIGRA/GREER NELSON,FF 184;
TIGRA/GREER NELSON,FF 293;
TIGRA/GREER NELSON,FF 295;
TIGRA/GREER NELSON,FF 333;
TIGRA/GREER NELSON,GSCR 1;
TIGRA/GREER NELSON,H2 279;
TIGRA/GREER NELSON,H2 320;
TIGRA/GREER NELSON,H2 321;
TIGRA/GREER NELSON,H2 322;
TIGRA/GREER NELSON,H2 323;
TIGRA/GREER NELSON,IM 191;
TIGRA/GREER NELSON,IM 193;
TIGRA/GREER NELSON,IM 201;
TIGRA/GREER NELSON,IM 226;
TIGRA/GREER NELSON,IM 227;
TIGRA/GREER NELSON,IM 243;
TIGRA/GREER NELSON,IM 284;
TIGRA/GREER NELSON,IM 7;
TIGRA/GREER NELSON,MAXSEC 2;
TIGRA/GREER NELSON,MAXSEC 3;
TIGRA/GREER NELSON,M/CHL 3;
TIGRA/GREER NELSON,M/CHL 4;
TIGRA/GREER NELSON,M/CHL 5;
TIGRA/GREER NELSON,M/CHL 6;
TIGRA/GREER NELSON,M/CHL 7;
TIGRA/GREER NELSON,MEPHV. 4;
TIGRA/GREER NELSON,M/GN 1;
TIGRA/GREER NELSON,M/GN 16;
TIGRA/GREER NELSON,M/GN 27;
TIGRA/GREER NELSON,M/PRM 42;
TIGRA/GREER NELSON,M/PRV 21;
TIGRA/GREER NELSON,M/SH3 2/5;
TIGRA/GREER NELSON,M/TIO 19;
TIGRA/GREER NELSON,M/TU 125;
TIGRA/GREER NELSON,M/TU 61;
TIGRA/GREER NELSON,M/TU 67;
TIGRA/GREER NELSON,M/TU 8;
TIGRA/GREER NELSON,MU 10/3;
TIGRA/GREER NELSON,ROM 65;
TIGRA/GREER NELSON,ROM 66;
TIGRA/GREER NELSON,SS3 14;
TIGRA/GREER NELSON,S-W 49;
TIGRA/GREER NELSON,S-W 50;
TIGRA/GREER NELSON,SWII 5;
TIGRA/GREER NELSON,SWII 9;
TIGRA/GREER NELSON,T2 30;
TIGRA/GREER NELSON,T 381;
TIGRA/GREER NELSON,UX 155;
TIGRA/GREER NELSON,UX 156;
TIGRA/GREER NELSON,V&SW2 1;
TIGRA/GREER NELSON,V&SW2 2;
TIGRA/GREER NELSON,WCA 1;
TIGRA/GREER NELSON,WCA 2;
TIGRA/GREER NELSON,WCA2 1;
TIGRA/GREER NELSON,WCA2 10;
TIGRA/GREER NELSON,WCA2 11;
TIGRA/GREER NELSON,WCA2 12;
TIGRA/GREER NELSON,WCA2 13;
TIGRA/GREER NELSON,WCA2 14;
TIGRA/GREER NELSON,WCA2 15;
TIGRA/GREER NELSON,WCA2 16;
TIGRA/GREER NELSON,WCA2 17;
TIGRA/GREER NELSON,WCA2 18;
TIGRA/GREER NELSON,WCA2 19;
TIGRA/GREER NELSON,WCA2 2;
TIGRA/GREER NELSON,WCA2 20;
TIGRA/GREER NELSON,WCA2 21;
TIGRA/GREER NELSON,WCA2 23;
TIGRA/GREER NELSON,WCA2 24;
TIGRA/GREER NELSON,WCA2 26;
TIGRA/GREER NELSON,WCA2 27;
TIGRA/GREER NELSON,WCA2 28;
TIGRA/GREER NELSON,WCA2 29;
TIGRA/GREER NELSON,WCA2 3;
TIGRA/GREER NELSON,WCA2 30;
TIGRA/GREER NELSON,WCA2 31;
TIGRA/GREER NELSON,WCA2 32;
TIGRA/GREER NELSON,WCA2 33;
TIGRA/GREER NELSON,WCA2 34;
TIGRA/GREER NELSON,WCA2 35;
TIGRA/GREER NELSON,WCA2 36;
TIGRA/GREER NELSON,WCA2 37;
TIGRA/GREER NELSON,WCA2 38;
TIGRA/GREER NELSON,WCA2 39;
TIGRA/GREER NELSON,WCA2 4;
TIGRA/GREER NELSON,WCA2 40;
TIGRA/GREER NELSON,WCA2 41;
TIGRA/GREER NELSON,WCA2 42;
TIGRA/GREER NELSON,WCA2 43;
TIGRA/GREER NELSON,WCA2 44;
TIGRA/GREER NELSON,WCA2 45;
TIGRA/GREER NELSON,WCA2 46;
TIGRA/GREER NELSON,WCA2 5;
TIGRA/GREER NELSON,WCA2 6;
TIGRA/GREER NELSON,WCA2 7;
TIGRA/GREER NELSON,WCA2 8;
TIGRA/GREER NELSON,WCA2 9;
TIGRA/GREER NELSON,WCA 3;
TIGRA/GREER NELSON,WCA 3/2;
TIGRA/GREER NELSON,WCA 4;
TIGRA/GREER NELSON,XCAL 37;
TIGRA/GREER NELSON,XCAL 38;
TIGRA/GREER NELSON,XCAL 39;
TIKUAK,TB 13;
TIKUAK,TB 14;
TILBY, TRISH/PATRICI,A '99;
TILBY, TRISH/PATRICI,ASMU 22;
TILBY, TRISH/PATRICI,C2 22;
TILBY, TRISH/PATRICI,C&D3 1;
TILBY, TRISH/PATRICI,ELEK 19;
TILBY, TRISH/PATRICI,FF3 40;
TILBY, TRISH/PATRICI,H '97/2;
TILBY, TRISH/PATRICI,IM3 37;
TILBY, TRISH/PATRICI,IM3 38;
TILBY, TRISH/PATRICI,MR 1;
TILBY, TRISH/PATRICI,NAMOR 54;
TILBY, TRISH/PATRICI,NAMOR 56;
TILBY, TRISH/PATRICI,O:MU;
TILBY, TRISH/PATRICI,SENSM 10;
TILBY, TRISH/PATRICI,UX 232;
TILBY, TRISH/PATRICI,UX 234;
TILBY, TRISH/PATRICI,UX 270;
TILBY, TRISH/PATRICI,UX 274;
TILBY, TRISH/PATRICI,UX 285;
TILBY, TRISH/PATRICI,UX 294;
TILBY, TRISH/PATRICI,UX 323;
TILBY, TRISH/PATRICI,UX 341;
TILBY, TRISH/PATRICI,UX 342;
TILBY, TRISH/PATRICI,UX 343;
TILBY, TRISH/PATRICI,UX 344;
TILBY, TRISH/PATRICI,UX 345;
TILBY, TRISH/PATRICI,UX 347;
TILBY, TRISH/PATRICI,UX 348;
TILBY, TRISH/PATRICI,UX 349;
TILBY, TRISH/PATRICI,UX 350;
TILBY, TRISH/PATRICI,UX 366;
TILBY, TRISH/PATRICI,V:ACS 1;
TILBY, TRISH/PATRICI,V:ACS 2;
TILBY, TRISH/PATRICI,V:ACS 3;
TILBY, TRISH/PATRICI,V:F 1;
TILBY, TRISH/PATRICI,V:F 2;
TILBY, TRISH/PATRICI,V:OT 2;
TILBY, TRISH/PATRICI,V:OT 3;
TILBY, TRISH/PATRICI,W2 89;
TILBY, TRISH/PATRICI,W2 90;
TILBY, TRISH/PATRICI,X 109;
TILBY, TRISH/PATRICI,X 111;
TILBY, TRISH/PATRICI,X 57;
TILBY, TRISH/PATRICI,X 58;
TILBY, TRISH/PATRICI,X 70;
TILBY, TRISH/PATRICI,X 71;
TILBY, TRISH/PATRICI,X 87;
TILBY, TRISH/PATRICI,XF 10;
TILBY, TRISH/PATRICI,XF 11;
TILBY, TRISH/PATRICI,XF 14;
TILBY, TRISH/PATRICI,XF 17;
TILBY, TRISH/PATRICI,XF 19;
TILBY, TRISH/PATRICI,XF 20;
TILBY, TRISH/PATRICI,XF 21;
TILBY, TRISH/PATRICI,XF 22;
TILBY, TRISH/PATRICI,XF 26;
TILBY, TRISH/PATRICI,XF 27;
TILBY, TRISH/PATRICI,XF 29;
TILBY, TRISH/PATRICI,XF 33;
TILBY, TRISH/PATRICI,XF 36;
TILBY, TRISH/PATRICI,XF 51;
TILBY, TRISH/PATRICI,XF 52;
TILBY, TRISH/PATRICI,XF 56;
TILBY, TRISH/PATRICI,XF 57;
TILBY, TRISH/PATRICI,XF 59;
TILBY, TRISH/PATRICI,XF 65;
TILBY, TRISH/PATRICI,XF 7;
TILBY, TRISH/PATRICI,XF 8;
TILBY, TRISH/PATRICI,XF 9;
TILBY, TRISH/PATRICI,X:PRIME;
TILDA,T 454;
TILLIE THE HUN/MATIL,S-H2 15;
TILLIE THE HUN/MATIL,S-H2 16;
TILLIE THE HUN/MATIL,S-H2 17;
TILTON, ROLAND R.,M/TU2 10;
TILTON, ROLAND R.,M/TU2 11;
TILTON, ROLAND R.,M/TU2 9;
TIMBERIUS,A 334;
TIMBERIUS,AA2 1;
TIMBERIUS,AA2 2;
TIMBERIUS,AR 1;
TIMBERIUS,FF 131;
TIMBERIUS,FF 401;
TIMBERIUS,FF 83;
TIMBERIUS,H 1;
TIMBERIUS,H2 119;
TIMBERIUS,H2 120;
TIMBERIUS II,M/FAN 3;
TIMBERIUS II,M/FAN 4;
TIMBERIUS,INH2 7;
TIMBERIUS,INH2 8;
TIMBERIUS,INH 6;
TIMBERIUS,SS 18;
TIMEBOMB/LOUIS JOUBE,UX 261;
TIMESHADOW,XF 33;
TIMESHADOW,XF 5;
TIMESLIP/RINA PATEL,NW 59;
TIMESLIP/RINA PATEL,NW 60;
TIMESLIP/RINA PATEL,NW 61;
TIMESLIP/RINA PATEL,NW 62;
TIMESLIP/RINA PATEL,NW 63;
TIMESLIP/RINA PATEL,NW 65;
TIMESLIP/RINA PATEL,NW 67;
TIMESLIP/RINA PATEL,NW 68;
TIMESLIP/RINA PATEL,NW 69;
TIMESLIP/RINA PATEL,NW 70;
TIMESLIP/RINA PATEL,NW 71;
TIMESLIP/RINA PATEL,NW 72;
TIMESLIP/RINA PATEL,NW 73;
TIMESLIP/RINA PATEL,NW 74;
TIMESLIP/RINA PATEL,NW 75;
TIMESLOT,UX 16;
TIMMONS,GENX 36;
TIMMONS,GENX 37;
TIMMONS,GENX 38;
TINAC,SS3 124;
TINKERER,AF 79;
TINKERER,ASM 160;
TINKERER,ASM 183;
TINKERER,ASM 2;
TINKERER,ASM 310;
TINKERER,ASM 369;
TINKERER,ASM 370;
TINKERER,C2 65;
TINKERER,CA 324;
TINKERER,CA 369;
TINKERER,DFSM 1;
TINKERER,H2 238;
TINKERER,NM 86;
TINKERER,PPTSS 53;
TINKERER,SM:DMH;
TINKERER,WOSM 58;
TINKER, SHEA,PPSM2 19;
TINKER, SHEA,PPSM2 27;
TINKER, SHEA,PPSM2 28;
TITAN,AWC 82;
TITANIA/,DAZZ 13;
TITANIA II/MARY SKEE,A 270;
TITANIA II/MARY SKEE,A 273;
TITANIA II/MARY SKEE,A 275;
TITANIA II/MARY SKEE,ASM 283;
TITANIA II/MARY SKEE,ASM 429;
TITANIA II/MARY SKEE,ASPOT 26;
TITANIA II/MARY SKEE,ASPOT 29/2;
TITANIA II/MARY SKEE,AUP 4;
TITANIA II/MARY SKEE,CA 340;
TITANIA II/MARY SKEE,CA 390;
TITANIA II/MARY SKEE,CA 391;
TITANIA II/MARY SKEE,FF3 22;
TITANIA II/MARY SKEE,FF 326;
TITANIA II/MARY SKEE,FF 327;
TITANIA II/MARY SKEE,FF 328;
TITANIA II/MARY SKEE,FF 329;
TITANIA II/MARY SKEE,FF 330;
TITANIA II/MARY SKEE,FF 331;
TITANIA II/MARY SKEE,FF 332;
TITANIA II/MARY SKEE,FF 333;
TITANIA II/MARY SKEE,HFH 17;
TITANIA II/MARY SKEE,IM 228;
TITANIA II/MARY SKEE,M/SHSW 11;
TITANIA II/MARY SKEE,M/SHSW 12;
TITANIA II/MARY SKEE,M/SHSW 3;
TITANIA II/MARY SKEE,M/SHSW 4;
TITANIA II/MARY SKEE,M/SHSW 5;
TITANIA II/MARY SKEE,M/SHSW 6;
TITANIA II/MARY SKEE,M/SHSW 7;
TITANIA II/MARY SKEE,M/SHSW 8;
TITANIA II/MARY SKEE,M/VS 1/4;
TITANIA II/MARY SKEE,S-H2 49;
TITANIA II/MARY SKEE,SOLOA 14/2;
TITANIA II/MARY SKEE,SWII 7;
TITANIA II/MARY SKEE,T2 14;
TITANIA II/MARY SKEE,T2 25;
TITANIA II/MARY SKEE,T2 26;
TITANIA II/MARY SKEE,T2 27;
TITANIA II/MARY SKEE,T 436;
TITANIA II/MARY SKEE,T 447;
TITANIA II/MARY SKEE,T 448;
TITANIA II/MARY SKEE,TS 16;
TITANIA II/MARY SKEE,WOSM 59;
TITANIA II/MARY SKEE,WOSM 64;
TITANIA II/MARY SKEE,WOSM 65;
TITANIA/,M/TIO 54;
TITANIA/,M/TIO 55;
TITANIA/,M/TIO 56;
TITANIA/,M/TIO 96;
TITANIA/,TG 33;
TITAN,INH3 4;
TITANIUM MAN/BORIS B,A 130;
TITANIUM MAN/BORIS B,CHAMP 10;
TITANIUM MAN/BORIS B,CHAMP 7;
TITANIUM MAN/BORIS B,CHAMP 8;
TITANIUM MAN/BORIS B,CHAMP 9;
TITANIUM MAN/BORIS B,GSA 4;
TITANIUM MAN/BORIS B,IM 134;
TITANIUM MAN/BORIS B,IM 135;
TITANIUM MAN/BORIS B,IM 22;
TITANIUM MAN/BORIS B,IM 73;
TITANIUM MAN/BORIS B,IM 74;
TITANIUM MAN/BORIS B,T 357;
TITANIUM MAN/BORIS B,T 358;
TITANIUM MAN/BORIS B,TOS 69;
TITANIUM MAN/BORIS B,TOS 70;
TITANIUM MAN/BORIS B,TOS 71;
TITANIUM MAN/BORIS B,TOS 81;
TITANIUM MAN/BORIS B,TOS 82;
TITANIUM MAN/BORIS B,TOS 83;
TITANIUM MAN/BORIS B,TOS 93;
TITANIUM MAN/BORIS B,TOS 94;
TITANIUM MAN III/BOR,MASTERS OF EVIL;
TITAN,T 446;
TITAN, TRISH,AWC 71;
TITAN,UX 107;
TITAN,UX 108;
TITAN,UX 275;
TITAN,XSOS 2;
TITHE COLLECTOR,GAM3 12;
TIWAZ,NM 83;
TIWAZ,NM 84;
TIWAZ,T 355;
T'KYLL ALABAR,A 378;
T'KYLL ALABAR,A 379;
TOAD/MORTIMER TOYNBE,A 103;
TOAD/MORTIMER TOYNBE,A 137;
TOAD/MORTIMER TOYNBE,A 138;
TOAD/MORTIMER TOYNBE,A 139;
TOAD/MORTIMER TOYNBE,A 401;
TOAD/MORTIMER TOYNBE,A 47;
TOAD/MORTIMER TOYNBE,A 48;
TOAD/MORTIMER TOYNBE,A 49;
TOAD/MORTIMER TOYNBE,A 53;
TOAD/MORTIMER TOYNBE,A 75;
TOAD/MORTIMER TOYNBE,A 76;
TOAD/MORTIMER TOYNBE,ASM 266;
TOAD/MORTIMER TOYNBE,ASM 71;
TOAD/MORTIMER TOYNBE,BSHP2 16;
TOAD/MORTIMER TOYNBE,DEF 64;
TOAD/MORTIMER TOYNBE,DHAWK 19;
TOAD/MORTIMER TOYNBE,DHAWK 20;
TOAD/MORTIMER TOYNBE,JIM 109;
TOAD/MORTIMER TOYNBE,M/TIO 68;
TOAD/MORTIMER TOYNBE,NM 7;
TOAD/MORTIMER TOYNBE,NW 1;
TOAD/MORTIMER TOYNBE,SLEEP 17;
TOAD/MORTIMER TOYNBE,UX 11;
TOAD/MORTIMER TOYNBE,UX 15;
TOAD/MORTIMER TOYNBE,UX 18;
TOAD/MORTIMER TOYNBE,UX 363;
TOAD/MORTIMER TOYNBE,UX 364;
TOAD/MORTIMER TOYNBE,UX 379;
TOAD/MORTIMER TOYNBE,UX 388;
TOAD/MORTIMER TOYNBE,UX 4;
TOAD/MORTIMER TOYNBE,UX 43;
TOAD/MORTIMER TOYNBE,UX 44;
TOAD/MORTIMER TOYNBE,UX 45;
TOAD/MORTIMER TOYNBE,UX 5;
TOAD/MORTIMER TOYNBE,UX 59;
TOAD/MORTIMER TOYNBE,UX 6;
TOAD/MORTIMER TOYNBE,UX 60;
TOAD/MORTIMER TOYNBE,UX 7;
TOAD/MORTIMER TOYNBE,V&SW2 11;
TOAD/MORTIMER TOYNBE,V&SW2 6;
TOAD/MORTIMER TOYNBE,V&SW2 7;
TOAD/MORTIMER TOYNBE,X 106;
TOAD/MORTIMER TOYNBE,X51 2;
TOAD/MORTIMER TOYNBE,X 83;
TOAD/MORTIMER TOYNBE,XF 6;
TOAD/MORTIMER TOYNBE,XF 82;
TOAD/MORTIMER TOYNBE,XFOR 5;
TOAD/MORTIMER TOYNBE,XFOR 6;
TOAD/MORTIMER TOYNBE,XFOR 7;
TOAD/MORTIMER TOYNBE,XMF 1;
TOAD/MORTIMER TOYNBE,XMF 2;
TOAD/MORTIMER TOYNBE,XMF 3;
TOAD/MORTIMER TOYNBE,XMF 4;
TOAD/MORTIMER TOYNBE,XMF 5;
TOAD/MORTIMER TOYNBE,XMF 6;
TOBIAS,A 392;
TOBIAS,A 394;
TOBIAS,A:T;
TOBIAS,IM 325;
TODD, FISHER,FW 15;
TODD, FISHER,FW 16;
TODD, FISHER,FW 17;
TODD, FISHER,FW 18;
TODD, FISHER,FW 19;
TODD, FISHER,FW 21;
TODD, FISHER,FW 22;
TODD, FISHER,FW 4;
TODD, FISHER,FW 4/2;
TODD, FISHER,FW 5/2;
TODD, FISHER,FW 8;
TODD, FISHER,WARM 22;
TOFIELD, FRANCESCA,GR3 13;
TOI/REXEL TOIVEN,INH2 10;
TOI/REXEL TOIVEN,INH2 7;
TOI/REXEL TOIVEN,INH2 8;
TOKEN,GENX 36;
TOKEN,GENX 37;
TOKEN,GENX 38;
TOKEN,GENX 39;
TOKKOTS,PPSM2 2;
TOKKOTS,T2 10;
TOKKOTS,T2 11;
TOKKOTS,T2 12;
TOKKOTS,T2 8;
TOKKOTS,T2 9;
TOLLIVER, EMMA,H3 1;
TOLLIVER, EMMA,H3 2;
TOLLIVER, EMMA,H3 3;
TOLLIVER, MELBA,PPTSS 47;
TOLLIVER,NOM2 4;
TOLLIVER, REV. JACKS,PPTSS 107;
TOLLIVER, REV. JACKS,PPTSS 108;
TOLLIVER, REV. JACKS,PPTSS 109;
TOLLIVER, REV. JACKS,WOSM 41;
TOLLIVER, SHERIFF JO,H3 1;
TOLLIVER, SHERIFF JO,H3 11;
TOLLIVER, SHERIFF JO,H3 2;
TOLLIVER, SHERIFF JO,H3 3;
TOLLIVER, SHERIFF JO,H3 4;
TOLLIVER,XFOR 10;
TOLLIVER,XFOR 11;
TOLLIVER,XFOR 13;
TOLLIVER,XFOR 14;
TOLLIVER,XFOR 15;
TOLLIVER,XFOR 5;
TOL-NOK,I:GR;
TOLOC,UX 25;
TOLOC,UX 26;
TOMAZOOMA,FF 80;
TOMAZOOMA II,ASHEMA;
TOMAZOOMA,T 300;
TOMBSTONE/LONNIE THO,CAGE 2;
TOMBSTONE/LONNIE THO,CAGE 3;
TOMBSTONE/LONNIE THO,CAGE 4;
TOMBSTONE/LONNIE THO,DD 292;
TOMBSTONE/LONNIE THO,DD 293;
TOMBSTONE/LONNIE THO,DD 307;
TOMBSTONE/LONNIE THO,DD 308;
TOMBSTONE/LONNIE THO,DD 309;
TOMBSTONE/LONNIE THO,DHAWK 10;
TOMBSTONE/LONNIE THO,DHAWK 11;
TOMBSTONE/LONNIE THO,DHAWK 12;
TOMBSTONE/LONNIE THO,DHAWK 13;
TOMBSTONE/LONNIE THO,DHAWK 14;
TOMBSTONE/LONNIE THO,DHAWK 15;
TOMBSTONE/LONNIE THO,M/K 11;
TOMBSTONE/LONNIE THO,M/K 12;
TOMBSTONE/LONNIE THO,NOM2 4;
TOMBSTONE/LONNIE THO,PPTSS 137;
TOMBSTONE/LONNIE THO,PPTSS 138;
TOMBSTONE/LONNIE THO,PPTSS 139;
TOMBSTONE/LONNIE THO,PPTSS 140;
TOMBSTONE/LONNIE THO,PPTSS 141;
TOMBSTONE/LONNIE THO,PPTSS 142;
TOMBSTONE/LONNIE THO,PPTSS 149;
TOMBSTONE/LONNIE THO,PPTSS 150;
TOMBSTONE/LONNIE THO,PPTSS 151;
TOMBSTONE/LONNIE THO,PPTSS 152;
TOMBSTONE/LONNIE THO,PPTSS 153;
TOMBSTONE/LONNIE THO,PPTSS 155;
TOMBSTONE/LONNIE THO,PPTSS 156;
TOMBSTONE/LONNIE THO,PPTSS 157;
TOMBSTONE/LONNIE THO,PPTSS 161;
TOMBSTONE/LONNIE THO,PPTSS 163;
TOMBSTONE/LONNIE THO,PPTSS 165;
TOMBSTONE/LONNIE THO,PWJ 47;
TOMBSTONE/LONNIE THO,S-M 73;
TOMBSTONE/LONNIE THO,S-M 74;
TOMBSTONE/LONNIE THO,SM/P:FP 1;
TOMBSTONE/LONNIE THO,SM/P:FP 2;
TOMBSTONE/LONNIE THO,SMTU 5;
TOMBSTONE/LONNIE THO,WOSM 120;
TOMBSTONE/LONNIE THO,WOSM 36;
TOMBSTONE/LONNIE THO,WOSM 38;
TOMBSTONE/LONNIE THO,WOSM 66;
TOMBSTONE/LONNIE THO,WOSM 67;
TOMBSTONE/LONNIE THO,WOSM 68;
TOMMY LIGHTNING/,INV 14;
TOMMY LIGHTNING/,INV 15;
TOMORROW HAWK/CEYOTE,NEW ETERNALS;
TOM THUMB/THOMAS THO,A 148;
TOM THUMB/THOMAS THO,A 149;
TOM THUMB/THOMAS THO,A 85;
TOM THUMB/THOMAS THO,DEF 112;
TOM THUMB/THOMAS THO,DEF 113;
TOM THUMB/THOMAS THO,DEF 114;
TOM THUMB/THOMAS THO,SQS 1;
TOM THUMB/THOMAS THO,SQS 10;
TOM THUMB/THOMAS THO,SQS 2;
TOM THUMB/THOMAS THO,SQS 3;
TOM THUMB/THOMAS THO,SQS 4;
TOM THUMB/THOMAS THO,SQS 5;
TOM THUMB/THOMAS THO,SQS 6;
TOM THUMB/THOMAS THO,SQS 7;
TOM THUMB/THOMAS THO,SQS 8;
TOM THUMB/THOMAS THO,SQS 9;
TOM THUMB/THOMAS THO,T 280;
TOM THUMB/THOMAS THO,WOSM 5/6;
TONGAH,AT 3;
TONGAH,AT 4;
TONGAH,AT 5;
TONGAH,AT 6;
TONGAH,AT 7;
TONGAH,KZ2 13;
TONGAH,KZ2 14;
TONGAH,KZ2 20;
TONGAH,KZ3 5;
TONGAH,M/FAN 2;
TONGAH,M/TIO 6;
TONGAH,SENSM 13;
TONGAH,SENSM 14;
TONGAH,SVG TALES 11;
TONGAH,UX 114;
TONGAH,UX 115;
TOOTHGNASHER,T2 30;
TOOTHGRINDER,T2 30;
TOPAZ,ASMU 20;
TOPAZ,DRSTR2 75;
TOPAZ,DRSTR2 76;
TOPAZ,DRSTR2 77;
TOPAZ,DRSTR2 78;
TOPAZ,DRSTR2 79;
TOPAZ,DRSTR2 80;
TOPAZ,DRSTR2 81;
TOPAZ,DRSTR3 2;
TOPAZ,DRSTR3 26;
TOPAZ,DRSTR3 27;
TOPAZ,DRSTR3 28;
TOPAZ,DRSTR3 29;
TOPAZ,DRSTR3 30;
TOPAZ,DRSTR3 36;
TOPAZ,DRSTR3 6;
TOPAZ,DRSTR3 7;
TOPAZ,DRSTR3 8;
TOPAZ,DRSTR3 9;
TOPAZ,DRSTR4 1;
TOPAZ,DRSTR4 2;
TOPAZ,DRSTR4 3;
TOPAZ,DRSTR4 4;
TOPAZ,GR3 12;
TOPAZ,GSWBN 3;
TOPAZ,ST2 11/2;
TOPAZ,ST2 1/2;
TOPAZ,ST2 2/2;
TOPAZ,ST2 3/2;
TOPAZ,TOD 18;
TOPAZ,TOD 63;
TOPAZ,TOD 64;
TOPAZ,WBN 13;
TOPAZ,WBN 14;
TOPAZ,WBN 15;
TOPAZ,WBN 16;
TOPAZ,WBN 17;
TOPAZ,WBN 27;
TOPAZ,WBN 28;
TOPAZ,WBN 29;
TOPAZ,WBN 30;
TOPAZ,WBN 31;
TOPAZ,WBN 32;
TOPAZ,WBN 33;
TOPAZ,WBN 34;
TOPAZ,WBN 35;
TOPAZ,WBN 36;
TOPAZ,WBN 37;
TOPAZ,WBN 38;
TOPAZ,WBN 39;
TOPAZ,WBN 40;
TOPAZ,WBN 41;
TOPAZ,WBN 42;
TOPAZ,WBN 43;
TOPSPIN/DARREN MITCH,CV 1;
TOPSPIN/DARREN MITCH,CV 2;
TOPSPIN/DARREN MITCH,CV 3;
TOPSPIN/DARREN MITCH,TB 40;
TOPSPIN/DARREN MITCH,TB 41;
TOPSPIN/DARREN MITCH,TB 49;
TORES,GENX 25;
TORES,GENX 31;
TORG,A3 43;
TORGO,FF 173;
TORGO,FF 174;
TORGO,FF 91;
TORGO,FF 92;
TORGO,FF 93;
TORGO,H2 269;
TORGO,H2 270;
TORGO,M/TIO 45;
TORGO,W2 135;
TORGO,W2 136;
TORGO,W2 137;
TORGO,W2 138;
TORG,SUB-M 55;
TORK, LT.,ASM 418;
TORK, LT.,S-M 75;
TORK, SGT.,ASM 286;
TORK, SGT.,ASM 287;
TORK, SGT.,ASM 288;
TORK, SGT.,BP3 10;
TORK, SGT.,BP3 11;
TORK, SGT.,BP3 12;
TORK, SGT.,BP3 16;
TORK, SGT.,BP3 2;
TORK, SGT.,BP3 4;
TORK, SGT.,BP3 5;
TORK, SGT.,BP3 8;
TORK, SGT.,FALC 1;
TORK, SGT.,FALC 2;
TORK, SGT.,FALC 3;
TORK, SGT.,FALC 4;
TORK, SGT.,PPTSS 128;
TORO II/BENITO SERRA,TB 52;
TORO II/BENITO SERRA,YOUNG ALLIES;
TORO/TOM RAYMOND,A 134;
TORO/TOM RAYMOND,GSINV 1;
TORO/TOM RAYMOND,HUMAN TORCH 1;
TORO/TOM RAYMOND,INV 1;
TORO/TOM RAYMOND,INV 10;
TORO/TOM RAYMOND,INV 11;
TORO/TOM RAYMOND,INV 12;
TORO/TOM RAYMOND,INV 13;
TORO/TOM RAYMOND,INV 14;
TORO/TOM RAYMOND,INV 15;
TORO/TOM RAYMOND,INV 16;
TORO/TOM RAYMOND,INV 17;
TORO/TOM RAYMOND,INV 18;
TORO/TOM RAYMOND,INV 19;
TORO/TOM RAYMOND,INV 2;
TORO/TOM RAYMOND,INV 20;
TORO/TOM RAYMOND,INV 21;
TORO/TOM RAYMOND,INV 22;
TORO/TOM RAYMOND,INV 23;
TORO/TOM RAYMOND,INV 25;
TORO/TOM RAYMOND,INV 26;
TORO/TOM RAYMOND,INV 27;
TORO/TOM RAYMOND,INV 28;
TORO/TOM RAYMOND,INV 29;
TORO/TOM RAYMOND,INV 3;
TORO/TOM RAYMOND,INV 31;
TORO/TOM RAYMOND,INV 38;
TORO/TOM RAYMOND,INV 39;
TORO/TOM RAYMOND,INV 4;
TORO/TOM RAYMOND,INV 5;
TORO/TOM RAYMOND,INV 6;
TORO/TOM RAYMOND,INV 7;
TORO/TOM RAYMOND,INV 8;
TORO/TOM RAYMOND,INV 9;
TORO/TOM RAYMOND,M/PRM 30;
TORO/TOM RAYMOND,M/SH 16;
TORO/TOM RAYMOND,M/U 1;
TORO/TOM RAYMOND,PP 57;
TORO/TOM RAYMOND,PP 58;
TORO/TOM RAYMOND,PP 59;
TORO/TOM RAYMOND,PP 60;
TORO/TOM RAYMOND,PP 61;
TORO/TOM RAYMOND,PP 62;
TORO/TOM RAYMOND,SAGAHT 4;
TORO/TOM RAYMOND,SUB-M 14;
TORO/TOM RAYMOND,YOUNG ALLIES 1;
TORPEDO,DD 59;
TORPEDO III/BROCK JO,COC 1;
TORPEDO III/BROCK JO,DD 126;
TORPEDO III/BROCK JO,DD 127;
TORPEDO III/BROCK JO,DD 134;
TORPEDO III/BROCK JO,DEF 62;
TORPEDO III/BROCK JO,DEF 63;
TORPEDO III/BROCK JO,DEF 64;
TORPEDO III/BROCK JO,H2 279;
TORPEDO III/BROCK JO,MM 19;
TORPEDO III/BROCK JO,M/PRM 39;
TORPEDO III/BROCK JO,M/PRM 40;
TORPEDO III/BROCK JO,M/TU 3;
TORPEDO III/BROCK JO,ROM 21;
TORPEDO III/BROCK JO,ROM 22;
TORPEDO III/BROCK JO,ROM 23;
TORPEDO III/BROCK JO,ROM 24;
TORPEDO III/BROCK JO,ROM 25;
TORPEDO III/BROCK JO,ROM 26;
TORPEDO III/BROCK JO,ROM 27;
TORPEDO III/BROCK JO,ROM 28;
TORPEDO III/BROCK JO,ROM 29;
TORPEDO III/BROCK JO,ROM 30;
TORPEDO III/BROCK JO,ROM 31;
TORPEDO III/BROCK JO,ROM 32;
TORPEDO III/BROCK JO,ROM 33;
TORPEDO III/BROCK JO,ROM 37;
TORPEDO III/BROCK JO,ROM 40;
TORPEDO III/BROCK JO,ROM 41;
TORPEDO III/BROCK JO,ROM 42;
TORPEDO III/BROCK JO,ROM 49;
TORPEDO III/BROCK JO,ROM 50;
TORPEDO II/MICHAEL S,DD 126;
TORQUE II,X 105;
TOSHI,XF 63;
TOSHI,XF 64;
TOTEM,ASTONX2 1;
TOTEM,ASTONX2 2;
TOTEM,ASTONX2 3;
TOTEM,UX 372;
TOTEM,X 92;
TOUGH LOVE/,GENX 53;
TOUGH LOVE/,GENX 54;
TOWER, BLAKE,ASM 155;
TOWER, BLAKE,ASM 186;
TOWER, BLAKE,ASM 189;
TOWER, BLAKE,ASM 191;
TOWER, BLAKE,ASM 192;
TOWER, BLAKE,ASM 245;
TOWER, BLAKE,ASM 272;
TOWER, BLAKE,ASM 289;
TOWER, BLAKE,ASM 403;
TOWER, BLAKE,CA 251;
TOWER, BLAKE,DD 124;
TOWER, BLAKE,DD 129;
TOWER, BLAKE,DD 130;
TOWER, BLAKE,DD 131;
TOWER, BLAKE,DD 133;
TOWER, BLAKE,DD 134;
TOWER, BLAKE,DD 135;
TOWER, BLAKE,DD 136;
TOWER, BLAKE,DD 137;
TOWER, BLAKE,DD 138;
TOWER, BLAKE,DD 148;
TOWER, BLAKE,DD 163;
TOWER, BLAKE,DD 375;
TOWER, BLAKE,FF 13;
TOWER, BLAKE,M/FAN 24/2;
TOWER, BLAKE,M/TIO 51;
TOWER, BLAKE,PM&IF 125;
TOWER, BLAKE,PM&IF 53;
TOWER, BLAKE,PM&IF 69;
TOWER, BLAKE,PPTSS 110;
TOWER, BLAKE,PPTSS 73;
TOWER, BLAKE,S-H2 10;
TOWER, BLAKE,S-H2 2;
TOWER, BLAKE,S-H2 3;
TOWER, BLAKE,S-H2 33;
TOWER, BLAKE,S-H2 34;
TOWER, BLAKE,S-H2 35;
TOWER, BLAKE,S-H2 4;
TOWER, BLAKE,S-H2 8;
TOWER, BLAKE,S-M 60;
TOWER, BLAKE,WOSM 126;
TOWER,NM 7;
TOWER,XF 2;
TOWER,XF 3;
TOWER,XF 33;
TOWER,XF 4;
TOWER,XF 5;
TOWER,XF 6;
TOWER,XF 7;
TOWNSEND, CHRIS,SENSM 13;
TOWNSEND, CHRIS,SENSM 14;
TOY,ASM 159;
TOY,ASM 160;
TOY,ASM 183;
TOY,H2 238;
TOY,MM 11;
TOY,PPTSS 53;
TRACER,DLOK 2;
TRACER,PPTSS 211;
TRACKER,BSHP2 10;
TRACKER,BSHP2 11;
TRACKER,BSHP2 12;
TRACKER,BSHP2 13;
TRADER,SS3 15;
TRADER,SS3 16;
TRADER,SS3 17;
TRADER,SS3 4;
TRADER,SS3 7;
TRADER,SS3 9;
TRAINER, DR. SEWARD,ASM 401;
TRAINER, DR. SEWARD,ASM 405;
TRAINER, DR. SEWARD,ASM 406;
TRAINER, DR. SEWARD,ASM 407;
TRAINER, DR. SEWARD,ASM 409;
TRAINER, DR. SEWARD,ASM 410;
TRAINER, DR. SEWARD,ASM 411;
TRAINER, DR. SEWARD,ASM 412;
TRAINER, DR. SEWARD,ASMU 9;
TRAINER, DR. SEWARD,ASS 1;
TRAINER, DR. SEWARD,ASS 2;
TRAINER, DR. SEWARD,PPTSS 226;
TRAINER, DR. SEWARD,PPTSS 229;
TRAINER, DR. SEWARD,PPTSS 232;
TRAINER, DR. SEWARD,PPTSS 233;
TRAINER, DR. SEWARD,PPTSS 234;
TRAINER, DR. SEWARD,PPTSS 240;
TRAINER, DR. SEWARD,SCARSPI 1;
TRAINER, DR. SEWARD,SCARSPI 2;
TRAINER, DR. SEWARD,SENSM 5;
TRAINER, DR. SEWARD,S-M 54;
TRAINER, DR. SEWARD,S-M 55;
TRAINER, DR. SEWARD,S-M 62;
TRAINER, DR. SEWARD,S-M 63;
TRAINER, DR. SEWARD,S-M 68;
TRAINER, DR. SEWARD,SSCARSPI 1;
TRAINER, DR. SEWARD,SSCARSPI 2;
TRAINER, DR. SEWARD,WOSM 118;
TRAINER, DR. SEWARD,WOSM 124;
TRAINER, DR. SEWARD,WOSS 1;
TRAINER, DR. SEWARD,WOSS 2;
TRANTRA,Q 26;
TRANTRA,Q 27;
TRAPPER/VOLA,ROM 2;
TRAPPER/VOLA,ROM 4;
TRAPPER/VOLA,ROM 71;
TRAPPER/VOLA,ROM 73;
TRAPPER/VOLA,ROM 74;
TRAPPER/VOLA,ROM 75;
TRAPSTER II/LARRY CU,IM 12/3;
TRAPSTER/PETER PETRU,A 6;
TRAPSTER/PETER PETRU,ASM 214;
TRAPSTER/PETER PETRU,ASM 215;
TRAPSTER/PETER PETRU,ASM2 4;
TRAPSTER/PETER PETRU,ASM 24/3;
TRAPSTER/PETER PETRU,ASM '99;
TRAPSTER/PETER PETRU,AUP 4;
TRAPSTER/PETER PETRU,CA 108;
TRAPSTER/PETER PETRU,CA 191;
TRAPSTER/PETER PETRU,CA 319;
TRAPSTER/PETER PETRU,CA 324;
TRAPSTER/PETER PETRU,DD 35;
TRAPSTER/PETER PETRU,DD 36;
TRAPSTER/PETER PETRU,FF 129;
TRAPSTER/PETER PETRU,FF 130;
TRAPSTER/PETER PETRU,FF 133;
TRAPSTER/PETER PETRU,FF 148;
TRAPSTER/PETER PETRU,FF 176;
TRAPSTER/PETER PETRU,FF 177;
TRAPSTER/PETER PETRU,FF 178;
TRAPSTER/PETER PETRU,FF 218;
TRAPSTER/PETER PETRU,FF 265;
TRAPSTER/PETER PETRU,FF3 10;
TRAPSTER/PETER PETRU,FF3 29;
TRAPSTER/PETER PETRU,FF3 38;
TRAPSTER/PETER PETRU,FF3 39;
TRAPSTER/PETER PETRU,FF3 40;
TRAPSTER/PETER PETRU,FF3 41;
TRAPSTER/PETER PETRU,FF3 43;
TRAPSTER/PETER PETRU,FF3 44;
TRAPSTER/PETER PETRU,FF 36;
TRAPSTER/PETER PETRU,FF 38;
TRAPSTER/PETER PETRU,FF 41;
TRAPSTER/PETER PETRU,FF 42;
TRAPSTER/PETER PETRU,FF 43;
TRAPSTER/PETER PETRU,FF 45;
TRAPSTER/PETER PETRU,FF 94;
TRAPSTER/PETER PETRU,GR2 13;
TRAPSTER/PETER PETRU,JIM 116;
TRAPSTER/PETER PETRU,M/CP 97/4;
TRAPSTER/PETER PETRU,M/SH 15;
TRAPSTER/PETER PETRU,M/TU 2;
TRAPSTER/PETER PETRU,M/TU 58;
TRAPSTER/PETER PETRU,PPTSS 10/3;
TRAPSTER/PETER PETRU,PPTSS 158;
TRAPSTER/PETER PETRU,PPTSS 39;
TRAPSTER/PETER PETRU,PPTSS 40;
TRAPSTER/PETER PETRU,PPTSS 42;
TRAPSTER/PETER PETRU,SENSM 12;
TRAPSTER/PETER PETRU,S-M 86;
TRAPSTER/PETER PETRU,S-M 87;
TRAPSTER/PETER PETRU,S-M 91;
TRAPSTER/PETER PETRU,S-M 92;
TRAPSTER/PETER PETRU,ST 104;
TRAPSTER/PETER PETRU,ST 110;
TRAPSTER/PETER PETRU,ST 124;
TRAPSTER/PETER PETRU,WOSM 64;
TRAPSTER/PETER PETRU,WOSM 65;
TRASK, DR. BOLIVAR,UX -1;
TRASK, DR. BOLIVAR,UX 14;
TRASK, DR. BOLIVAR,UX 15;
TRASK, DR. BOLIVAR,UX 16;
TRASK, DR. BOLIVAR,UX 57;
TRASK, DR. BOLIVAR,UX 58;
TRASK, DR. DONALD TR,X 114;
TRASK, DR. DONALD TR,X 115;
TRASK, LAWRENCE LARR,A 103;
TRASK, LAWRENCE LARR,A 104;
TRASK, LAWRENCE LARR,UX -1;
TRASK, LAWRENCE LARR,UX 57;
TRASK, LAWRENCE LARR,UX 58;
TRASK, LAWRENCE LARR,UX 59;
TRASK, LAWRENCE LARR,UX 60;
TRASK, RAYMOND,ASM 25/5;
TRASK, RAYMOND,ASM 336;
TRASK, RAYMOND,ASM 349;
TRASK,UX '95;
TRAUMA,H2 394;
TRAUMA,H2 464;
TRAVELER,XFOR 108;
TRAVELLER, DR. JUDAS,ASM 394;
TRAVELLER, DR. JUDAS,ASM 400;
TRAVELLER, DR. JUDAS,ASM 401;
TRAVELLER, DR. JUDAS,ASM 402;
TRAVELLER, DR. JUDAS,ASM 403;
TRAVELLER, DR. JUDAS,ASM 416;
TRAVELLER, DR. JUDAS,ASM 417;
TRAVELLER, DR. JUDAS,PPTSS 217;
TRAVELLER, DR. JUDAS,PPTSS 224;
TRAVELLER, DR. JUDAS,S-M 51;
TRAVELLER, DR. JUDAS,S-M 57;
TRAVELLER, DR. JUDAS,S-M 59;
TRAVELLER, DR. JUDAS,WOSM 117;
TRAVELLER, DR. JUDAS,WOSM 126;
TRAVERS, MIKE,AT 26;
TRAVERS, MIKE,AT 27;
TRAVERS, MIKE,AT 28;
TRAVERS, MIKE,AT 30;
TRAVERS, MIKE,AT 31;
TRAVERS, MIKE,AT 32;
TRAVERS, MIKE,AT 33;
TRAVERS, MIKE,AT 34;
TRAYNOR, HARLEY,NW2 4;
TRAYNOR, HARLEY,NW2 5;
T-RAY/WADE WILSON,DPOOL3 12;
T-RAY/WADE WILSON,DPOOL3 13;
T-RAY/WADE WILSON,DPOOL3 14;
T-RAY/WADE WILSON,DPOOL3 30;
T-RAY/WADE WILSON,DPOOL3 31;
T-RAY/WADE WILSON,DPOOL3 32;
T-RAY/WADE WILSON,DPOOL3 33;
T-RAY/WADE WILSON,DPOOL3 5;
TREMELO/,XF 80;
TREMELO/,XF 81;
TREMONT, JONATHAN,A '01;
TREMONT, JONATHAN,A3 15;
TREMONT, JONATHAN,A3 26;
TREMONT, JONATHAN,A3 27;
TREMONT, JONATHAN,A3 32;
TREMONT, JONATHAN,A3 36;
TREMONT, JONATHAN,A3 37;
TREVANE, DET. CONNOR,ASM 400;
TREVANE, DET. CONNOR,ASM 410;
TREVANE, DET. CONNOR,ASM 418;
TREVANE, DET. CONNOR,ASMU 22;
TREVANE, DET. CONNOR,PPTSS 222;
TREVANE, DET. CONNOR,PPTSS 223;
TREVANE, DET. CONNOR,SENSM 11;
TREVANE, DET. CONNOR,S-M 59;
TREVANE, DET. CONNOR,S-M 75;
TREVANE, DET. CONNOR,WOSM 121;
TREVANE, DET. CONNOR,WOSM 123;
TREVANE, DET. CONNOR,WOSM 124;
TREVANI, DANIKA,GR3 8;
TREVORIK,PM 26;
TREVORIK,PM&IF 76/2;
TREVOR, STEVE,INV 41;
TRIATHLON/DELROY GAR,A '01;
TRIATHLON/DELROY GAR,A3 15;
TRIATHLON/DELROY GAR,A3 26;
TRIATHLON/DELROY GAR,A3 27;
TRIATHLON/DELROY GAR,A3 28;
TRIATHLON/DELROY GAR,A3 29;
TRIATHLON/DELROY GAR,A3 30;
TRIATHLON/DELROY GAR,A3 31;
TRIATHLON/DELROY GAR,A3 32;
TRIATHLON/DELROY GAR,A3 33;
TRIATHLON/DELROY GAR,A3 34;
TRIATHLON/DELROY GAR,A3 35;
TRIATHLON/DELROY GAR,A3 36;
TRIATHLON/DELROY GAR,A3 37;
TRIATHLON/DELROY GAR,A3 38;
TRIATHLON/DELROY GAR,A3 39;
TRIATHLON/DELROY GAR,A3 40;
TRIATHLON/DELROY GAR,A3 41;
TRIATHLON/DELROY GAR,A3 42;
TRIATHLON/DELROY GAR,A3 43;
TRIATHLON/DELROY GAR,A3 8;
TRIATHLON/DELROY GAR,A3 9;
TRIATHLON/DELROY GAR,BP3 23;
TRIATHLON/DELROY GAR,DPOOL3 44;
TRIATHLON/DELROY GAR,FF3 39;
TRIATHLON/DELROY GAR,H '00;
TRIATHLON/DELROY GAR,IFW 2;
TRIATHLON/DELROY GAR,MAXSEC 1;
TRIATHLON/DELROY GAR,MAXSEC 2;
TRIATHLON/DELROY GAR,MAXSEC 3;
TRIATHLON/DELROY GAR,M:DS 2;
TRIATHLON/DELROY GAR,M:DS 3;
TRIATHLON/DELROY GAR,M:DS 4;
TRIATHLON/DELROY GAR,TB 43;
TRIATHLON/DELROY GAR,TB 44;
TRIAX,WIW 3;
TRIAX,WIW 4;
TRIAX,WIW 5;
TRIAX,WIW 6;
TRICKSHOT,ASPOT 23;
TRICKSHOT,ASPOT 24;
TRICKSHOT,ASPOT 25;
TRICKSHOT,SOLOA 1;
TRICKSHOT,SOLOA 1/2;
TRICKSHOT,SOLOA 2;
TRICKSHOT,SOLOA 4;
TRICKSHOT,SOLOA 5;
TRICKSTER,BSHP2 7;
TRIMPE, HERB,SUB-M 19;
TRION,UX 368;
TRION,X 88;
TRI-SENTINEL,ASM 351;
TRI-SENTINEL,ASM 352;
TRITON,A 118;
TRITON,A 12;
TRITON,A 127;
TRITON,A 334;
TRITON,A 94;
TRITON,A 95;
TRITON,AA2 1;
TRITON,AA2 2;
TRITON,AA2 3;
TRITON,AA2 4;
TRITON,AA2 5;
TRITON,AA2 6;
TRITON,AA2 7;
TRITON,AR 1;
TRITON,AR 2;
TRITON,BIZADV 28/4;
TRITON,CM 53;
TRITON,COC 1;
TRITON,DAZZ 32;
TRITON DOPPELGANGER,AF 111;
TRITON DOPPELGANGER,IW 1;
TRITON,FF 12;
TRITON,FF 130;
TRITON,FF 131;
TRITON,FF 132;
TRITON,FF 148;
TRITON,FF 149;
TRITON,FF 150;
TRITON,FF 158;
TRITON,FF 159;
TRITON,FF 18;
TRITON,FF2 10;
TRITON,FF 21/2;
TRITON,FF 240;
TRITON,FF 248;
TRITON,FF2 8;
TRITON,FF2 9;
TRITON,FF 402;
TRITON,FF 45;
TRITON,FF 46;
TRITON,FF 47;
TRITON,FF 48;
TRITON,FF 5;
TRITON,FF 54;
TRITON,FF 57;
TRITON,FF 59;
TRITON,FF 60;
TRITON,FF 61;
TRITON,FF 62;
TRITON,FF 63;
TRITON,FF 64;
TRITON,FF 82;
TRITON,FF 83;
TRITON,FF 99;
TRITON,FFOR 9;
TRITON,H2 175;
TRITON,H2 279;
TRITON,HR:R 4;
TRITON,IG 2;
TRITON,INH 1;
TRITON,INH 10;
TRITON,INH 11;
TRITON,INH 12;
TRITON,INH 2;
TRITON,INH2 1;
TRITON,INH2 10;
TRITON,INH2 11;
TRITON,INH2 12;
TRITON,INH2 3;
TRITON,INH2 4;
TRITON,INH2 6;
TRITON,INH2 7;
TRITON,INH2 8;
TRITON,INH2 9;
TRITON,INH 3;
TRITON,INH3 1;
TRITON,INH3 2;
TRITON,INH3 3;
TRITON,INH3 4;
TRITON,INH 4;
TRITON,INH 5;
TRITON,INH 6;
TRITON,INH 7;
TRITON,INH 8;
TRITON,INHUMANS GRAPHIC NOV;
TRITON,I:US 1;
TRITON,M/CP 28/4;
TRITON,M/GN 1;
TRITON,M/TIO 65;
TRITON,M/TIO 66;
TRITON,M/TIO 71;
TRITON,M/TU 11;
TRITON | MUTANT X-VE,MX 32;
TRITON,N 55;
TRITON,N 56;
TRITON,N 58;
TRITON,N 59;
TRITON,N 60;
TRITON,N 61;
TRITON,N 62;
TRITON,NW 6;
TRITON,PPTSS 11;
TRITON,QS 4;
TRITON,QS 5;
TRITON,QS 6;
TRITON,SS 18;
TRITON,SUB-M 18;
TRITON,SUB-M 19;
TRITON,SUB-M 2;
TRITON,SUB-M 20;
TRITON,SUB-M 3;
TRITON,SUB-M 31;
TRITON,SUB-M 36;
TRITON,SUB-M 67;
TRITON,T 150/2;
TRITON,T 151/2;
TRITON,T 152/2;
TRITON,T 400;
TRITON,TG 3;
TRITON,V&SW 4;
TRITON,XF 2;
TRITON,XF 67;
TROLL/,GR3 23;
TROLL/,GR3 24;
TROLL/,SOV 4;
TROLL/,SOV 5;
TROLL/,SOV 6;
TROLL/,WOSM 94;
TROLL/,WOSM 95;
TRUMP/,CA 371;
TRUTH,FFU 10;
TRUTH II,NW 50;
TRUTH II,NW 65;
TRUTH,Q 14;
TRUTH,Q 20;
TRUTH,Q 21;
TRUTH,Q 22;
TRUTH,Q 23;
TRUTH,Q 25;
TRYKUR,SS3 121;
TSERRON,T2 9;
TSKAROV, GENERAL,DD 368;
TSKAROV, GENERAL,DD 369;
TSKAROV, GENERAL,DD 370;
TSO, JASON,ASS 1;
TSO, JASON,ASS 2;
TSO, JASON,SCARSPI 1;
TSO, JASON,SCARSPI 2;
TSO, JASON,SSCARSPI 1;
TSO, JASON,SSCARSPI 2;
TSO, JASON,WOSS 1;
TSO, JASON,WOSS 2;
TSUNG, MARCUS,XFOR 106;
TSUNG, MARCUS,XFOR 107;
TSUNG, MARCUS,XFOR 108;
TSUNG, MARCUS,XFOR 109;
TSURAYABA, MATSUO,UX 255;
TSURAYABA, MATSUO,UX 256;
TSURAYABA, MATSUO,UX 257;
TSURAYABA, MATSUO,UX 258;
TSURAYABA, MATSUO,UX 268;
TSURAYABA, MATSUO,W2 127;
TSURAYABA, MATSUO,W2 128;
TSURAYABA, MATSUO,W2 55;
TSURAYABA, MATSUO,W2 56;
TSURAYABA, MATSUO,W2 57;
TSURAYABA, MATSUO,W2 60;
TSURAYABA, MATSUO,X 2;
TSURAYABA, MATSUO,X 31;
TSURAYABA, MATSUO,X 4;
TSURAYABA, MATSUO,X 5;
TSURAYABA, MATSUO,X 6;
TSURAYABA, MATSUO,X 7;
TUATARA/COMMANDER AR,IM3 6;
TUC,A 390;
TUC,A 393;
TUC,A 395;
TULAK,A 31;
TULAK,H2 239;
TULL,BSHP2 9;
TULLY, DEREK,DD 295;
TULLY, DEREK,DD 296;
TUMBLER/JOHN ROBERT,CA 169;
TUMBLER/JOHN ROBERT,TOS 83/2;
TUMOLO, DR. JOANNE,CAT 1;
TUMOLO, DR. JOANNE,CAT 2;
TUMOLO, DR. JOANNE,GSCR 1;
TUMOLO, DR. JOANNE,MU 10/3;
TUNDRA,XM 39;
TUNGSTEN,TB 7;
TUPA,W2 151;
TUPA,W2 152;
TURBO II (A)/MICHIKO,GENX 59;
TURBO II (A)/MICHIKO,GG 2;
TURBO II (A)/MICHIKO,MAXSEC 1;
TURBO II (A)/MICHIKO,MC:A;
TURBO II (A)/MICHIKO,NO2 14;
TURBO II (A)/MICHIKO,NO2 7;
TURBO II (A)/MICHIKO,NW2 1;
TURBO II (A)/MICHIKO,NW2 10;
TURBO II (A)/MICHIKO,NW2 2;
TURBO II (A)/MICHIKO,NW2 3;
TURBO II (A)/MICHIKO,NW2 4;
TURBO II (A)/MICHIKO,NW2 5;
TURBO II (A)/MICHIKO,NW2 6;
TURBO II (A)/MICHIKO,NW2 7;
TURBO II (A)/MICHIKO,NW 28;
TURBO II (A)/MICHIKO,NW2 8;
TURBO II (A)/MICHIKO,NW2 9;
TURBO II (A)/MICHIKO,NW 48;
TURBO II (A)/MICHIKO,NW 49;
TURBO II (A)/MICHIKO,NW 50;
TURBO II (A)/MICHIKO,NW 51;
TURBO II (A)/MICHIKO,NW 55;
TURBO II (A)/MICHIKO,NW 56;
TURBO II (A)/MICHIKO,NW 57;
TURBO II (A)/MICHIKO,NW 59;
TURBO II (A)/MICHIKO,NW 60;
TURBO II (A)/MICHIKO,NW 61;
TURBO II (A)/MICHIKO,NW 62;
TURBO II (A)/MICHIKO,NW 63;
TURBO II (A)/MICHIKO,NW 64;
TURBO II (A)/MICHIKO,NW 65;
TURBO II (A)/MICHIKO,NW 67;
TURBO II (A)/MICHIKO,NW 68;
TURBO II (A)/MICHIKO,NW 69;
TURBO II (A)/MICHIKO,NW 70;
TURBO II (A)/MICHIKO,NW 71;
TURBO II (A)/MICHIKO,NW 72;
TURBO II (A)/MICHIKO,NW 73;
TURBO II (A)/MICHIKO,NW 74;
TURBO II (A)/MICHIKO,NW 75;
TURBO II (A)/MICHIKO,PPTSS 227;
TURBO II (A)/MICHIKO,PPTSS 228;
TURBO II (A)/MICHIKO,TB 10;
TURBO II (A)/MICHIKO,TB 25;
TURBO II (A)/MICHIKO,W2 149;
TURBO II (A)/MICHIKO,WOSM 129;
TURBO II (A)/MICHIKO,WOSS 3;
TURBO II (A)/MICHIKO,WOSS 4;
TURBO II (B)/MIKE JE,NW 55;
TURBO II (B)/MIKE JE,NW 61;
TURBO II (B)/MIKE JE,NW 68;
TURBO II (B)/MIKE JE,NW 69;
TURBO II (B)/MIKE JE,NW 71;
TURBO II (B)/MIKE JE,NW 73;
TURK,DD 159;
TURK,DD 160;
TURK,DD 161;
TURK,DD 168;
TURK,DD 170;
TURK,DD 171;
TURK,DD 172;
TURK,DD 176;
TURK,DD 178;
TURK,DD 180;
TURK,DD 182;
TURK,DD 185;
TURK,DD 186;
TURK,DD 190;
TURK,DD 196;
TURK,DD 200;
TURK,DD 203;
TURK,DD 229;
TURK,DD2 6;
TURK,DD 69;
TURK II,GR3 29;
TURK II,SSWP 7;
TURK,M/CP 19/4;
TURK,M/CP 5/4;
TURK,M/FAN 23;
TURK,M/GN 24;
TURMOIL,IM 311;
TUSK,UX 296;
TUSK,X 14;
TUSK,X 15;
TUSK,X 16;
TUSK,XF 65;
TUSK,XF 66;
TUSK,XF 68;
TUSK,XFOR 17;
TUSK,XM 46;
TUTINAX,E 1;
TUTINAX,Q 12;
TUTINAX,T 7;
TU,UX 358;
TUVO,DOOM2 1;
TUVO,DOOM2 2;
T,W2 159;
T,W2 160;
T,W2 161;
TWAKI, DR. TED,ASM2 1;
TWAKI, DR. TED,ASM2 10;
TWAKI, DR. TED,ASM2 16;
TWAKI, DR. TED,ASM2 2;
TWAKI, DR. TED,ASM2 3;
TWEEDLEDOPE,XCAL -1;
TWEEDLEDOPE,XCAL 52;
TWEEDLEDOPE,XCAL 54;
TWIT,WOSM 79;
TWO-GUN KID,A 142;
TWO-GUN KID,A 143;
TWO-GUN KID,A 144;
TWO-GUN KID,A 147;
TWO-GUN KID,A 161;
TWO-GUN KID,A 162;
TWO-GUN KID,A 168;
TWO-GUN KID,A 172;
TWO-GUN KID,A 174;
TWO-GUN KID,A 175;
TWO-GUN KID,CHAMPS 11;
TWO-GUN KID,GR2 27;
TWO-GUN KID,KID COLT OUTLAW 141;
TWO-GUN KID,M/CP 116/4;
TWO-GUN KID,M/TALES 100/2;
TWO-GUN KID,WCA2 18;
TYCHO,SS3 52;
TYGER, LORD,HFH 15;
TYGER, LORD,HFH 16;
TYGER, LORD,HFH 17;
TYGER, LORD,HFH '98;
TYGER, LORD,QS 1;
TYGER, LORD,QS 10;
TYGER, LORD,QS 11;
TYGER, LORD,QS 12;
TYGER, LORD,QS 2;
TYGER, LORD,QS 3;
TYGER, LORD,QS 4;
TYGER, LORD,QS 5;
TYGER, LORD,QS 6;
TYGER, LORD,QS 7;
TYGER, LORD,QS 8;
TYGER, LORD,QS 9;
TYGERSTRYKE/,XFOR 11;
TYGERSTRYKE/,XFOR 12;
TYGERSTRYKE/,XFOR 13;
TYGER TIGER/JESSAN H,M/CP 10;
TYGER TIGER/JESSAN H,M/CP 2;
TYGER TIGER/JESSAN H,M/CP 3;
TYGER TIGER/JESSAN H,M/CP 4;
TYGER TIGER/JESSAN H,M/CP 5;
TYGER TIGER/JESSAN H,M/CP 6;
TYGER TIGER/JESSAN H,M/CP 62;
TYGER TIGER/JESSAN H,M/CP 63;
TYGER TIGER/JESSAN H,M/CP 7;
TYGER TIGER/JESSAN H,M/CP 8;
TYGER TIGER/JESSAN H,M/CP 85;
TYGER TIGER/JESSAN H,M/CP 86;
TYGER TIGER/JESSAN H,M/CP 87;
TYGER TIGER/JESSAN H,M/CP 88;
TYGER TIGER/JESSAN H,M/CP 89;
TYGER TIGER/JESSAN H,M/CP 9;
TYGER TIGER/JESSAN H,M/CP 90;
TYGER TIGER/JESSAN H,M/CP 91;
TYGER TIGER/JESSAN H,M/CP 92;
TYGER TIGER/JESSAN H,UX 229;
TYGER TIGER/JESSAN H,W2 125;
TYGER TIGER/JESSAN H,W2 126;
TYGER TIGER/JESSAN H,W2 128;
TYGER TIGER/JESSAN H,W2 17;
TYGER TIGER/JESSAN H,W2 18;
TYGER TIGER/JESSAN H,W2 27;
TYGER TIGER/JESSAN H,W2 31;
TYGER TIGER/JESSAN H,W2 32;
TYGER TIGER/JESSAN H,W2 33;
TYGER TIGER/JESSAN H,W2 35;
TYGER TIGER/JESSAN H,W2 4;
TYGER TIGER/JESSAN H,W2 5;
TYGER TIGER/JESSAN H,W2 6;
TYGER TIGER/JESSAN H,W2 7;
TYGER TIGER/JESSAN H,W2 8;
TYGER TIGER/JESSAN H,W2 87;
TYGER TIGER/JESSAN H,W2 98;
TYGER TIGER/JESSAN H,W2 99;
TYNDAR,A 21;
TYNDAR,AVF 3;
TYNDAR,FF 25;
TYN-DARMUTH,SS3 115;
TYNE, ELIZABETH/JANI,SM:LY 1;
TYNE, ELIZABETH/JANI,SM:LY 2;
TYNE, ELIZABETH/JANI,SM:LY 3;
TYNE, ELIZABETH/JANI,SM:R 1;
TYNE, ELIZABETH/JANI,SM:R 2;
TYNE, ELIZABETH/JANI,SM:R 3;
TYNE, ELIZABETH/JANI,SM:R 4;
TYPEFACE/GORDON THOM,PPSM2 23;
TYPEFACE/GORDON THOM,PPSM2 24;
TYPHOID MARY/MARY ME,CA 373;
TYPHOID MARY/MARY ME,CA 374;
TYPHOID MARY/MARY ME,CA 375;
TYPHOID MARY/MARY ME,CA 376;
TYPHOID MARY/MARY ME,CA 377;
TYPHOID MARY/MARY ME,C&D3 9;
TYPHOID MARY/MARY ME,DD 254;
TYPHOID MARY/MARY ME,DD 255;
TYPHOID MARY/MARY ME,DD 256;
TYPHOID MARY/MARY ME,DD 257;
TYPHOID MARY/MARY ME,DD 259;
TYPHOID MARY/MARY ME,DD 260;
TYPHOID MARY/MARY ME,DD 261;
TYPHOID MARY/MARY ME,DD 262;
TYPHOID MARY/MARY ME,DD 263;
TYPHOID MARY/MARY ME,DD 292;
TYPHOID MARY/MARY ME,DD 294;
TYPHOID MARY/MARY ME,DD 295;
TYPHOID MARY/MARY ME,DD 297;
TYPHOID MARY/MARY ME,DD 350;
TYPHOID MARY/MARY ME,DD 6/4;
TYPHOID MARY/MARY ME,DD '97;
TYPHOID MARY/MARY ME,DPOOL3 10;
TYPHOID MARY/MARY ME,DPOOL3 12;
TYPHOID MARY/MARY ME,DPOOL3 13;
TYPHOID MARY/MARY ME,DPOOL3 14;
TYPHOID MARY/MARY ME,DPOOL3 38;
TYPHOID MARY/MARY ME,M/CP 110;
TYPHOID MARY/MARY ME,M/CP 111;
TYPHOID MARY/MARY ME,M/CP 112;
TYPHOID MARY/MARY ME,M/CP 113;
TYPHOID MARY/MARY ME,M/CP 114;
TYPHOID MARY/MARY ME,M/CP 115;
TYPHOID MARY/MARY ME,M/CP 116;
TYPHOID MARY/MARY ME,PP 53;
TYPHOID MARY/MARY ME,PPTSS 213;
TYPHOID MARY/MARY ME,PPTSS 214;
TYPHOID MARY | MUTAN,MX 30;
TYPHOID MARY | MUTAN,MX 31;
TYPHON,A 163;
TYPHON,A 23;
TYPHON,A 49;
TYPHON,A 50;
TYPHON,M/PM 26;
TYPHOON/,M/:LG 6;
TYRAK,A 18;
TYRAK,A 278;
TYRAK,A 319;
TYRAK,A 320;
TYRAK,A 321;
TYRAK,A 322;
TYRAK,A 323;
TYRAK,A 324;
TYRANNUS,A 20;
TYRANNUS,A 20/2;
TYRANNUS,ASM 23;
TYRANNUS,AWC 6;
TYRANNUS,DD 5;
TYRANNUS,FF 127;
TYRANNUS,FF 128;
TYRANNUS,H 15;
TYRANNUS,H 17/2;
TYRANNUS,H 18;
TYRANNUS,H2 127;
TYRANNUS,H2 209;
TYRANNUS,H2 238;
TYRANNUS,H2 239;
TYRANNUS,H2 240;
TYRANNUS,H2 241;
TYRANNUS,H2 242;
TYRANNUS,H2 243;
TYRANNUS,H3 10;
TYRANNUS,H3 3;
TYRANNUS,H3 4;
TYRANNUS,H3 6;
TYRANNUS,H3 7;
TYRANNUS,H3 8;
TYRANNUS,H3 9;
TYRANNUS,H 5;
TYRANNUS,NO 5;
TYRANNUS,PPTSS 9;
TYRANNUS,SOLOA 12;
TYRANNUS,TTA 80;
TYRANNUS,TTA 81;
TYRANNUS,UX 34;
TYRANNUS,WCA2 25;
TYRANT,CP 5;
TYRANT,CPU 3;
TYRANT,SS3 102;
TYRANT,SS3 106;
TYRANT,SS3 107;
TYRANT,SS3 108;
TYRANT,SS3 109;
TYR,JIM 106/2;
TYR,JIM 85;
TYR,M/SH3 9/2;
TYR,T 2;
TYR,T 312;
TYR,T 313;
TYR,T 324/2;
TYR,T 325/2;
TYR,T 326/2;
TYR,T 350;
TYR,T 351;
TYR,T 352;
TYR,T 399;
TYR,T 400;
TYR,T 454;
TYR,T 477;
TYRUS KRILL,W '00;
TYRUS,T 440;
UATU,A 101;
UATU,A 118;
UATU,A 14;
UATU,A 173;
UATU,A 177;
UATU,A 18/4;
UATU,A 2;
UATU,A 20;
UATU,A 334;
UATU,A 337;
UATU,A 338;
UATU,A 339;
UATU,A 344;
UATU,A 357;
UATU,ASM 246;
UATU,C2 35;
UATU,CM 36;
UATU,CM 37;
UATU,CM 38;
UATU,CM 39;
UATU,CM 40;
UATU,DAMCON3 4;
UATU,DD 5/4;
UATU,DPOOL3 24;
UATU,FF '01;
UATU,FF 11;
UATU,FF 113;
UATU,FF 114;
UATU,FF 115;
UATU,FF 116;
UATU,FF 13;
UATU,FF 18;
UATU,FF 188;
UATU,FF 20;
UATU,FF 204;
UATU,FF 205;
UATU,FF 21;
UATU,FF 211;
UATU,FF 212;
UATU,FF 213;
UATU,FF 22/2;
UATU,FF 240;
UATU,FF 261;
UATU,FF 262;
UATU,FF 29;
UATU,FF 3;
UATU,FF 369;
UATU,FF3 7;
UATU,FF 371;
UATU,FF 373;
UATU,FF 397;
UATU,FF 400;
UATU,FF 415;
UATU,FF 416/2;
UATU,FF 48;
UATU,FF 49;
UATU,FF 50;
UATU,FF 60;
UATU,FF 72;
UATU,FFOR 7;
UATU,GSFF 2;
UATU,H2 115;
UATU,H2 279;
UATU,IG 3;
UATU,IG 4;
UATU,IG 5;
UATU,IMSVS 2;
UATU,IW 4;
UATU,IW 5;
UATU,IW 6;
UATU,KZ4 10;
UATU,MARVELS 3;
UATU,M/CP 17/3;
UATU,M/GN 1;
UATU,M/GN 29;
UATU,M/H&L 1;
UATU,M/:LG 12;
UATU,M/TIO 1;
UATU,M/TIO 20;
UATU,M/TU 127;
UATU,M/TU2 5;
UATU,M/TU 7;
UATU | MUTANT X-VERS,MX 12;
UATU,NM 5/3;
UATU,NW 6;
UATU,O:MU;
UATU,PHOENIX 1;
UATU,Q 25;
UATU,Q 30;
UATU,Q 31;
UATU,Q 6;
UATU,S-M 94;
UATU,ST 134;
UATU,SWII 6;
UATU,T 165;
UATU,T 168;
UATU,T 169;
UATU,T2 37;
UATU,T2 38;
UATU,TOS 53/2;
UATU,TOS 55/2;
UATU,TOS 56/2;
UATU,TOS 57/2;
UATU,TOS 58/2;
UATU,TTA 73/2;
UATU,TTA 74/2;
UATU,UX 137;
UATU,UX 201;
UATU,UX 203;
UATU,UX 335;
UATU,UX 336;
UATU,WIW 1;
UATU,WOSM 34;
UATU,X 40;
UATU,XCAL 25;
UATU,XF 68;
UGLY JOHN/STEVE,X 114;
UGLY JOHN/STEVE,X 115;
U-GO GIRL/EDIE,XFOR 116;
U-GO GIRL/EDIE,XFOR 117;
ULARA,W '00;
ULIK,JIM 504;
ULIK,JIM 505;
ULIK,JIM 508;
ULIK,JIM 509;
ULIK,JIM 510;
ULIK,JIM 511;
ULIK,JIM 512;
ULIK,JIM 513;
ULIK,M/K 1;
ULIK,M/K 2;
ULIK,M/K 3;
ULIK,T 13;
ULIK,T 137;
ULIK,T 138;
ULIK,T 139;
ULIK,T 151;
ULIK,T 152;
ULIK,T 153;
ULIK,T 154;
ULIK,T 17/3;
ULIK,T 173;
ULIK,T 210;
ULIK,T 211;
ULIK,T2 14;
ULIK,T2 20;
ULIK,T2 22;
ULIK,T2 25;
ULIK,T2 34;
ULIK,T2 35;
ULIK,T 237;
ULIK,T 238;
ULIK,T 239;
ULIK,T 252;
ULIK,T 253;
ULIK,T 279;
ULIK,T 414;
ULIK,T 418;
ULIK,T 426;
ULIK,T 427;
ULIK,T 430;
ULIK,T 431;
ULIK,T 433;
ULIK,T 449;
ULIK,T 450;
ULIK,T 500;
ULTARNT,INH2 3;
ULTIMA,M/TIO 89;
ULTIMA,S-H 10;
ULTIMATOR/,A '99;
ULTIMO,A 1;
ULTIMO,IM3 23;
ULTIMO,IM3 24;
ULTIMO,IM3 25;
ULTIMO,IM 69;
ULTIMO,IM 70;
ULTIMO,IM 95;
ULTIMO,IM 96;
ULTIMO,TOS 76;
ULTIMO,TOS 77;
ULTIMO,TOS 78;
ULTIMUS,A 346;
ULTIMUS,A 347;
ULTIMUS,AWC 82;
ULTIMUS,CA 399;
ULTIMUS,Q 35;
ULTIMUS,T 209;
ULTIMUS,T 446;
ULTIMUS,WM2 7;
ULTIMUS,XCAL 20;
ULTRA-MAX,DD 2;
ULTRA-MAX,WM 1;
ULTRON 2010,FW 21;
ULTRON 2010,FW 22;
ULTRON,A 127;
ULTRON,A 134;
ULTRON,A 135;
ULTRON,A 161;
ULTRON,A 162;
ULTRON,A 171;
ULTRON,A 202;
ULTRON,A 280;
ULTRON,A3 10;
ULTRON,A3 14;
ULTRON,A3 15;
ULTRON,A3 19;
ULTRON,A3 20;
ULTRON,A3 21;
ULTRON,A3 22;
ULTRON,A3 6;
ULTRON,A 54;
ULTRON,A 55;
ULTRON,A 57;
ULTRON,A 58;
ULTRON,A 66;
ULTRON,A 67;
ULTRON,A 68;
ULTRON,ASM 25;
ULTRON,AWC 65;
ULTRON,AWC 66;
ULTRON,AWC 67;
ULTRON,AWC 68;
ULTRON,AWC 89;
ULTRON,AWC 90;
ULTRON,AWC 91;
ULTRON,DD 275;
ULTRON,DD 276;
ULTRON,DLOK2 2;
ULTRON,DLOK2 5;
ULTRON,FF 150;
ULTRON,FF 277;
ULTRON,M/GN 27;
ULTRON,M/SHSW 1;
ULTRON,M/SHSW 12;
ULTRON,M/SHSW 2;
ULTRON,M/SHSW 3;
ULTRON,M/SHSW 4;
ULTRON,M/SHSW 5;
ULTRON,M/SHSW 6;
ULTRON,M/SHSW 7;
ULTRON,M/SHSW 8;
ULTRON,M/TIO 92;
ULTRON,M/TIO 93;
ULTRON,PPTSS 11;
ULTRON,T 383;
ULTRON,TG 21;
ULTRON,TG 22;
ULTRON,V 1;
ULTRON,V 2;
ULTRON,V 3;
ULTRON,V 4;
ULTRON,V&SW2 1;
ULTRON,V&SW2 2;
ULTRON,WCA2 1;
ULTRON,WCA2 2;
ULTRON,WCA2 4;
ULTRON,WCA2 5;
ULTRON,WCA2 6;
ULTRON,WCA2 7;
ULTRON,WOSM 7;
ULYSSES II,DRSTR 2;
ULYSSES II,H 17/5;
ULYSSES II,H 18/2;
ULYSSES II,H 18/3;
ULYSSES II,H2 379;
ULYSSES II,H2 381;
ULYSSES II,H2 382;
ULYSSES II,H2 383;
ULYSSES II,H2 386;
ULYSSES II,H2 388;
ULYSSES II,H2 390;
ULYSSES II,H2 391;
ULYSSES II,H2 392;
ULYSSES II,H2 393;
ULYSSES II,H2 394;
ULYSSES II,H2 395;
ULYSSES II,H2 396;
ULYSSES II,H2 397;
ULYSSES II,H2 398;
ULYSSES II,H2 399;
ULYSSES II,H2 420;
ULYSSES II,H2 421;
ULYSSES II,H2 423;
ULYSSES II,H2 424;
ULYSSES II,H2 425;
ULYSSES II,XF 76;
ULYSSES,T 8;
U-MAN/MERRANO,A 18;
U-MAN/MERRANO,A 319;
U-MAN/MERRANO,A 320;
U-MAN/MERRANO,A 321;
U-MAN/MERRANO,A 322;
U-MAN/MERRANO,A 323;
U-MAN/MERRANO,A 324;
U-MAN/MERRANO,INV 3;
U-MAN/MERRANO,INV 37;
U-MAN/MERRANO,INV 38;
U-MAN/MERRANO,INV 39;
U-MAN/MERRANO,INV 4;
U-MAN/MERRANO,INV 40;
U-MAN/MERRANO,INV 41;
UMAR,DRSTR 172;
UMAR,DRSTR 173;
UMAR,DRSTR2 35;
UMAR,DRSTR2 58;
UMAR,DRSTR2 6;
UMAR,DRSTR2 68;
UMAR,DRSTR2 69;
UMAR,DRSTR2 7;
UMAR,DRSTR2 71;
UMAR,DRSTR2 72;
UMAR,DRSTR2 73;
UMAR,DRSTR2 74;
UMAR,DRSTR2 8;
UMAR,DRSTR2 9;
UMAR,DRSTR3 21/2;
UMAR,DRSTR3 22;
UMAR,DRSTR3 22/2;
UMAR,DRSTR3 23;
UMAR,DRSTR3 24;
UMAR,DRSTR3 48;
UMAR,GSA 4;
UMAR,HCAT 2;
UMAR,MGK2 3;
UMAR,MGK2 4;
UMAR,ST 150/2;
UMAR,ST 151/2;
UMAR,ST 152/2;
UMAR,ST 153/2;
UMAR,ST 154/2;
UMAR,ST 155/2;
UMAR,ST 156/2;
UMAR,ST 158/2;
UMAR,T 9;
UNA,CM5 12;
UNA,CM5 13;
UNBEING/BILLY BETELH,Q 18;
UNBEING/BILLY BETELH,Q 24;
UNCEGILA,M/CP 98;
UNCLE PYKO,H2 271;
UNCLE PYKO,ROCRAC 1;
UNCLE PYKO,ROCRAC 2;
UNCLE PYKO,ROCRAC 3;
UNCLE PYKO,ROCRAC 4;
UNCLE SAM,CA 383;
UNDERTAKER/CONRAD EI,AAF 16;
UNDERTOW,AWC 5/3;
UNICORN III/,DPOOL3 39;
UNICORN II/,SSS 1;
UNICORN/MYLOS MASARY,FF 3;
UNICORN/MYLOS MASARY,IM 113;
UNICORN/MYLOS MASARY,IM 114;
UNICORN/MYLOS MASARY,IM 115;
UNICORN/MYLOS MASARY,IM 15;
UNICORN/MYLOS MASARY,IM 154;
UNICORN/MYLOS MASARY,IM 16;
UNICORN/MYLOS MASARY,IM 4;
UNICORN/MYLOS MASARY,IM 57;
UNICORN/MYLOS MASARY,IM 58;
UNICORN/MYLOS MASARY,IM 68;
UNICORN/MYLOS MASARY,TOS 56;
UNICORN/MYLOS MASARY,UX 22;
UNICORN/MYLOS MASARY,UX 23;
UNI-LORD,SS3 112;
UNI-LORD,SS3 113;
UNI-LORD,SS3 117;
UNI-LORD,SS3 118;
UNI-LORD,SS3 119;
UNI-LORD,SS3 120;
UNI-LORD,SS3 121;
UNION JACK II/BRIAN,C2 50;
UNION JACK II/BRIAN,INV 18;
UNION JACK II/BRIAN,INV 19;
UNION JACK II/BRIAN,INV 20;
UNION JACK II/BRIAN,INV 21;
UNION JACK II/BRIAN,INV 22;
UNION JACK II/BRIAN,INV 23;
UNION JACK II/BRIAN,INV 25;
UNION JACK II/BRIAN,INV 26;
UNION JACK II/BRIAN,INV 29;
UNION JACK II/BRIAN,INV 30;
UNION JACK II/BRIAN,INV 32;
UNION JACK II/BRIAN,INV 33;
UNION JACK II/BRIAN,INV 34;
UNION JACK II/BRIAN,INV 39;
UNION JACK II/BRIAN,INV 40;
UNION JACK II/BRIAN,INV 41;
UNION JACK II/BRIAN,M/U 1;
UNION JACK II/BRIAN,MYSTIC COMICS 1;
UNION JACK II/BRIAN,N 27;
UNION JACK III/JOEY,CA 254;
UNION JACK III/JOEY,COC 3;
UNION JACK III/JOEY,MAXSEC 2;
UNION JACK III/JOEY,MAXSEC 3;
UNION JACK III/JOEY,N 12;
UNION JACK III/JOEY,TB 25;
UNION JACK III/JOEY,X:HC 3;
UNION JACK/LORD MONT,CA 254;
UNION JACK/LORD MONT,INV 10;
UNION JACK/LORD MONT,INV 11;
UNION JACK/LORD MONT,INV 12;
UNION JACK/LORD MONT,INV 14;
UNION JACK/LORD MONT,INV 15;
UNION JACK/LORD MONT,INV 18;
UNION JACK/LORD MONT,INV 19;
UNION JACK/LORD MONT,INV 21;
UNION JACK/LORD MONT,INV 22;
UNION JACK/LORD MONT,INV 23;
UNION JACK/LORD MONT,INV 26;
UNION JACK/LORD MONT,INV 34;
UNION JACK/LORD MONT,INV 41;
UNION JACK/LORD MONT,INV 7;
UNION JACK/LORD MONT,INV 8;
UNION JACK/LORD MONT,INV 9;
UNION JACK/LORD MONT,X:HC 3;
UNIT 101101,SS3 116;
UNIT 101101,SS3 117;
UNIT 101101,SS3 118;
UNIT 101101,SS3 119;
UNIT 101101,SS3 120;
UNIT,ABOM 1;
UNSEEN/UNAM,ROM 2;
UNSEEN/UNAM,ROM 70;
UNSEEN/UNAM,ROM 71;
UNUSCIONE,HFH 16;
UNUSCIONE,HFH 8;
UNUSCIONE,QS 1;
UNUSCIONE,QS 11;
UNUSCIONE,UX 315;
UNUSCIONE,UX 366;
UNUSCIONE,UX 367;
UNUSCIONE,X 43;
UNUSCIONE,X 44;
UNUSCIONE,X 86;
UNUSCIONE,XCAL 106;
UNUSCIONE,X:MW 1;
UNUS THE UNTOUCHABLE,AA2 12;
UNUS THE UNTOUCHABLE,AA2 13;
UNUS THE UNTOUCHABLE,CA 174;
UNUS THE UNTOUCHABLE,CHAMP 17;
UNUS THE UNTOUCHABLE,DEF 15;
UNUS THE UNTOUCHABLE,DEF 16;
UNUS THE UNTOUCHABLE,H 11/2;
UNUS THE UNTOUCHABLE,M/FAN 7;
UNUS THE UNTOUCHABLE,PM&IF 90;
UNUS THE UNTOUCHABLE,PPTSS 91;
UNUS THE UNTOUCHABLE,TB 33;
UNUS THE UNTOUCHABLE,UX 20;
UNUS THE UNTOUCHABLE,UX 37;
UNUS THE UNTOUCHABLE,UX 38;
UNUS THE UNTOUCHABLE,UX 39;
UNUS THE UNTOUCHABLE,UX 59;
UNUS THE UNTOUCHABLE,UX 60;
UNUS THE UNTOUCHABLE,UX 8;
UNUS THE UNTOUCHABLE,X:HY 11;
UNUS THE UNTOUCHABLE,X:HY 12;
UNUS THE UNTOUCHABLE,X:HY 13;
UNUS THE UNTOUCHABLE,X:HY 14;
UPLINK/HECTOR FUENTE,SLEEP 19;
UPLINK/HECTOR FUENTE,SLEEP 7;
URANIUM,TB 8;
URCHALLA,XM 61;
URCHALLA,XM 62;
URICH, BEN,ASM 15;
URICH, BEN,ASM 18;
URICH, BEN,ASM 21;
URICH, BEN,ASM2 11;
URICH, BEN,ASM2 18;
URICH, BEN,ASM 22;
URICH, BEN,ASM2 24;
URICH, BEN,ASM 233;
URICH, BEN,ASM 234;
URICH, BEN,ASM 243;
URICH, BEN,ASM 262;
URICH, BEN,ASM 273;
URICH, BEN,ASM 284;
URICH, BEN,ASM 285;
URICH, BEN,ASM 288;
URICH, BEN,ASM 335;
URICH, BEN,ASM 348;
URICH, BEN,ASM 359;
URICH, BEN,ASM 360;
URICH, BEN,ASM 368;
URICH, BEN,ASM 400;
URICH, BEN,ASM 409;
URICH, BEN,ASM 413;
URICH, BEN,ASM 419;
URICH, BEN,ASM 420;
URICH, BEN,ASM 423;
URICH, BEN,ASM 424;
URICH, BEN,ASM 425;
URICH, BEN,ASM 432;
URICH, BEN,ASM 433;
URICH, BEN,ASM 434;
URICH, BEN,ASM '98;
URICH, BEN,ASMU 13;
URICH, BEN,ASMU 16;
URICH, BEN,ASMU 18;
URICH, BEN,ASMU 22;
URICH, BEN,ASMU 8;
URICH, BEN,DB 1;
URICH, BEN,DB 3;
URICH, BEN,DD 153;
URICH, BEN,DD 159;
URICH, BEN,DD 160;
URICH, BEN,DD 161;
URICH, BEN,DD 163;
URICH, BEN,DD 164;
URICH, BEN,DD 177;
URICH, BEN,DD 179;
URICH, BEN,DD 180;
URICH, BEN,DD 192;
URICH, BEN,DD 198;
URICH, BEN,DD 203;
URICH, BEN,DD 207;
URICH, BEN,DD2 16;
URICH, BEN,DD2 17;
URICH, BEN,DD2 18;
URICH, BEN,DD2 19;
URICH, BEN,DD 227;
URICH, BEN,DD 228;
URICH, BEN,DD 229;
URICH, BEN,DD 230;
URICH, BEN,DD 231;
URICH, BEN,DD 232;
URICH, BEN,DD 233;
URICH, BEN,DD 242;
URICH, BEN,DD2 8;
URICH, BEN,DD 286;
URICH, BEN,DD 287;
URICH, BEN,DD 288;
URICH, BEN,DD 289;
URICH, BEN,DD 291;
URICH, BEN,DD 294;
URICH, BEN,DD 301;
URICH, BEN,DD 339;
URICH, BEN,DD 341;
URICH, BEN,DD 342;
URICH, BEN,DD 346;
URICH, BEN,DD 380;
URICH, BEN,DD 5/4;
URICH, BEN,DD 6;
URICH, BEN,DD 7;
URICH, BEN,DD 7/2;
URICH, BEN,DFSM 2;
URICH, BEN,GG 1;
URICH, BEN,GG 2;
URICH, BEN,GG 3;
URICH, BEN,GG 4;
URICH, BEN,H 16;
URICH, BEN,MARVELS 3;
URICH, BEN,M/FAN 32/2;
URICH, BEN,M/TU 140;
URICH, BEN,M/TU 141;
URICH, BEN,NW2 10;
URICH, BEN,OE 1;
URICH, BEN,PPSM2 11;
URICH, BEN,PPSM2 14;
URICH, BEN,PPSM2 16;
URICH, BEN,PPSM2 19;
URICH, BEN,PPSM2 3;
URICH, BEN,PPTSS 104;
URICH, BEN,PPTSS 133;
URICH, BEN,PPTSS 137;
URICH, BEN,PPTSS 139;
URICH, BEN,PPTSS 140;
URICH, BEN,PPTSS 141;
URICH, BEN,PPTSS 142;
URICH, BEN,PPTSS 144;
URICH, BEN,PPTSS 145;
URICH, BEN,PPTSS 146;
URICH, BEN,PPTSS 147;
URICH, BEN,PPTSS 150;
URICH, BEN,PPTSS 157;
URICH, BEN,PPTSS 161;
URICH, BEN,PPTSS 174;
URICH, BEN,PPTSS 175;
URICH, BEN,PPTSS 176;
URICH, BEN,PPTSS 225;
URICH, BEN,PPTSS 225/2;
URICH, BEN,PPTSS 226;
URICH, BEN,PPTSS 240;
URICH, BEN,PPTSS 254;
URICH, BEN,PPTSS 255;
URICH, BEN,PPTSS 259;
URICH, BEN,PPTSS 263;
URICH, BEN,PPTSS 73;
URICH, BEN,PPTSS 80;
URICH, BEN,PPTSS 83;
URICH, BEN,PPTSS 9/3;
URICH, BEN,PPTSS 95;
URICH, BEN,SENSM 12;
URICH, BEN,SENSM 7;
URICH, BEN,S-M 23;
URICH, BEN,S-M 66;
URICH, BEN,S-M 69;
URICH, BEN,S-M 70;
URICH, BEN,S-M 71;
URICH, BEN,S-M 75;
URICH, BEN,S-M 88;
URICH, BEN,S-M 98;
URICH, BEN,SM:FA 1;
URICH, BEN,SM:FA 2;
URICH, BEN,SM:FA 4;
URICH, BEN,SMMM;
URICH, BEN,UX 346;
URICH, BEN,WOSM 114;
URICH, BEN,WOSM 116;
URICH, BEN,WOSM 13;
URICH, BEN,WOSM 27;
URICH, BEN,WOSM 40;
URICH, BEN,WOSM 41;
URICH, BEN,WOSM 42;
URICH, BEN,WOSM 43;
URICH, BEN,WOSM 47;
URICH, BEN,WOSM 48;
URICH, BEN,WOSM 59;
URICH, BEN,WOSM 64;
URICH, BEN,WOSM 77;
URICH, BEN,WOSM 78;
URICH, BEN,WOSM 82;
URICH, DORIS,ASM 433;
URICH, DORIS,DD 179;
URICH, DORIS,DD 192;
URICH, DORIS,DD2 16;
URICH, DORIS,DD2 19;
URICH, DORIS,DD 230;
URICH, DORIS,DD 231;
URICH, DORIS,DD 339;
URICH, DORIS,DD 7/2;
URICH, DORIS,GG 1;
URICH, DORIS,SMMM;
URICH, DORIS,WOSM 82;
UR-LINI,SS3 116;
UR-LINI,SS3 117;
UR-LINI,SS3 118;
UR-LINI,SS3 119;
UR-LINI,SS3 120;
UR-LINI,SS3 121;
UROC,T 440;
UROC,T 447;
UROC,T 447/2;
UROC,T 448;
UROC,T 449;
UROC,T 450;
UROC,W2 137;
URSA MAJOR/MIKHAIL U,CA 352;
URSA MAJOR/MIKHAIL U,CA 353;
URSA MAJOR/MIKHAIL U,COC 1;
URSA MAJOR/MIKHAIL U,DD 369;
URSA MAJOR/MIKHAIL U,DD 370;
URSA MAJOR/MIKHAIL U,H2 250;
URSA MAJOR/MIKHAIL U,H2 258;
URSA MAJOR/MIKHAIL U,H2 259;
URSA MAJOR/MIKHAIL U,H2 277;
URSA MAJOR/MIKHAIL U,H2 279;
URSA MAJOR/MIKHAIL U,M/CP 25/4;
URSA MAJOR/MIKHAIL U,ROM 45;
URSA MAJOR/MIKHAIL U,ROM 46;
URSA MAJOR/MIKHAIL U,ROM 65;
URSA MAJOR/MIKHAIL U,XV.A 1;
URSA MAJOR/MIKHAIL U,XV.A 2;
URSA MAJOR/MIKHAIL U,XV.A 3;
URSON-WELLZ,T 480;
URSULA,AF 108;
URSULA, LADY,HFH 15;
URSULA, LADY,HFH 16;
URSULA, LADY,QS 1;
URSULA, LADY,QS 10;
URSULA, LADY,QS 11;
URSULA, LADY,QS 12;
URSULA, LADY,QS 2;
URSULA, LADY,QS 3;
URSULA, LADY,QS 5;
URSULA, LADY,QS 6;
URSULA, LADY,QS 7;
URSULA, LADY,QS 8;
URSULA, LADY,QS 9;
URSULA, LADY,XCAL 113;
URTHONA,DRSTR2 80;
URTHONA,DRSTR2 81;
USAGENT/CAPTAIN JOHN,A 19;
USAGENT/CAPTAIN JOHN,A3 1;
USAGENT/CAPTAIN JOHN,A3 2;
USAGENT/CAPTAIN JOHN,A 329;
USAGENT/CAPTAIN JOHN,A3 3;
USAGENT/CAPTAIN JOHN,A 333;
USAGENT/CAPTAIN JOHN,A3 35;
USAGENT/CAPTAIN JOHN,A 345;
USAGENT/CAPTAIN JOHN,A:C;
USAGENT/CAPTAIN JOHN,AF 102;
USAGENT/CAPTAIN JOHN,AF 103;
USAGENT/CAPTAIN JOHN,ASPOT 23/2;
USAGENT/CAPTAIN JOHN,ASPOT 30;
USAGENT/CAPTAIN JOHN,ASPOT 31;
USAGENT/CAPTAIN JOHN,ASPOT 31/2;
USAGENT/CAPTAIN JOHN,ASPOT 32/2;
USAGENT/CAPTAIN JOHN,ASPOT 33/2;
USAGENT/CAPTAIN JOHN,ASPOT 34/2;
USAGENT/CAPTAIN JOHN,ASPOT 36;
USAGENT/CAPTAIN JOHN,AWC 4/2;
USAGENT/CAPTAIN JOHN,AWC 47;
USAGENT/CAPTAIN JOHN,AWC 5;
USAGENT/CAPTAIN JOHN,AWC 50;
USAGENT/CAPTAIN JOHN,AWC 51;
USAGENT/CAPTAIN JOHN,AWC 52;
USAGENT/CAPTAIN JOHN,AWC 5/4;
USAGENT/CAPTAIN JOHN,AWC 54;
USAGENT/CAPTAIN JOHN,AWC 5/5;
USAGENT/CAPTAIN JOHN,AWC 55;
USAGENT/CAPTAIN JOHN,AWC 56;
USAGENT/CAPTAIN JOHN,AWC 57;
USAGENT/CAPTAIN JOHN,AWC 58;
USAGENT/CAPTAIN JOHN,AWC 6;
USAGENT/CAPTAIN JOHN,AWC 60;
USAGENT/CAPTAIN JOHN,AWC 61;
USAGENT/CAPTAIN JOHN,AWC 62;
USAGENT/CAPTAIN JOHN,AWC 63;
USAGENT/CAPTAIN JOHN,AWC 65;
USAGENT/CAPTAIN JOHN,AWC 66;
USAGENT/CAPTAIN JOHN,AWC 67;
USAGENT/CAPTAIN JOHN,AWC 68;
USAGENT/CAPTAIN JOHN,AWC 69;
USAGENT/CAPTAIN JOHN,AWC 7;
USAGENT/CAPTAIN JOHN,AWC 71;
USAGENT/CAPTAIN JOHN,AWC 72;
USAGENT/CAPTAIN JOHN,AWC 7/4;
USAGENT/CAPTAIN JOHN,AWC 74;
USAGENT/CAPTAIN JOHN,AWC 75;
USAGENT/CAPTAIN JOHN,AWC 76;
USAGENT/CAPTAIN JOHN,AWC 77;
USAGENT/CAPTAIN JOHN,AWC 78;
USAGENT/CAPTAIN JOHN,AWC 79;
USAGENT/CAPTAIN JOHN,AWC 80;
USAGENT/CAPTAIN JOHN,AWC 81;
USAGENT/CAPTAIN JOHN,AWC 82;
USAGENT/CAPTAIN JOHN,AWC 84;
USAGENT/CAPTAIN JOHN,AWC 85;
USAGENT/CAPTAIN JOHN,AWC 87;
USAGENT/CAPTAIN JOHN,AWC 88;
USAGENT/CAPTAIN JOHN,AWC 89;
USAGENT/CAPTAIN JOHN,AWC 90;
USAGENT/CAPTAIN JOHN,AWC 91;
USAGENT/CAPTAIN JOHN,CA3 10;
USAGENT/CAPTAIN JOHN,CA3 20;
USAGENT/CAPTAIN JOHN,CA 321;
USAGENT/CAPTAIN JOHN,CA 323;
USAGENT/CAPTAIN JOHN,CA 327;
USAGENT/CAPTAIN JOHN,CA 332;
USAGENT/CAPTAIN JOHN,CA 333;
USAGENT/CAPTAIN JOHN,CA3 33;
USAGENT/CAPTAIN JOHN,CA 334;
USAGENT/CAPTAIN JOHN,CA3 34;
USAGENT/CAPTAIN JOHN,CA 335;
USAGENT/CAPTAIN JOHN,CA3 35;
USAGENT/CAPTAIN JOHN,CA 336;
USAGENT/CAPTAIN JOHN,CA 338;
USAGENT/CAPTAIN JOHN,CA 339;
USAGENT/CAPTAIN JOHN,CA 341;
USAGENT/CAPTAIN JOHN,CA 343;
USAGENT/CAPTAIN JOHN,CA 344;
USAGENT/CAPTAIN JOHN,CA 345;
USAGENT/CAPTAIN JOHN,CA 346;
USAGENT/CAPTAIN JOHN,CA 347;
USAGENT/CAPTAIN JOHN,CA 348;
USAGENT/CAPTAIN JOHN,CA 349;
USAGENT/CAPTAIN JOHN,CA 350;
USAGENT/CAPTAIN JOHN,CA 351;
USAGENT/CAPTAIN JOHN,CA 354;
USAGENT/CAPTAIN JOHN,CA 358/2;
USAGENT/CAPTAIN JOHN,CA 359/2;
USAGENT/CAPTAIN JOHN,CA 360/2;
USAGENT/CAPTAIN JOHN,CA 361/2;
USAGENT/CAPTAIN JOHN,CA 362/2;
USAGENT/CAPTAIN JOHN,CA 372/2;
USAGENT/CAPTAIN JOHN,CA 373/2;
USAGENT/CAPTAIN JOHN,CA 376/2;
USAGENT/CAPTAIN JOHN,CA 377/2;
USAGENT/CAPTAIN JOHN,CA 380/2;
USAGENT/CAPTAIN JOHN,CA 381/2;
USAGENT/CAPTAIN JOHN,CA 382/2;
USAGENT/CAPTAIN JOHN,CA 383/3;
USAGENT/CAPTAIN JOHN,CA 386;
USAGENT/CAPTAIN JOHN,CA 400/2;
USAGENT/CAPTAIN JOHN,CA 401;
USAGENT/CAPTAIN JOHN,CA 437;
USAGENT/CAPTAIN JOHN,CAGE 6;
USAGENT/CAPTAIN JOHN,CAGE 7;
USAGENT/CAPTAIN JOHN,CAGE 8;
USAGENT/CAPTAIN JOHN,DHAWK 1;
USAGENT/CAPTAIN JOHN,FF 367;
USAGENT/CAPTAIN JOHN,FW 1;
USAGENT/CAPTAIN JOHN,FW 10;
USAGENT/CAPTAIN JOHN,FW 10/2;
USAGENT/CAPTAIN JOHN,FW 11;
USAGENT/CAPTAIN JOHN,FW 12;
USAGENT/CAPTAIN JOHN,FW 13;
USAGENT/CAPTAIN JOHN,FW 14;
USAGENT/CAPTAIN JOHN,FW 15;
USAGENT/CAPTAIN JOHN,FW 16;
USAGENT/CAPTAIN JOHN,FW 17;
USAGENT/CAPTAIN JOHN,FW 18;
USAGENT/CAPTAIN JOHN,FW 19;
USAGENT/CAPTAIN JOHN,FW 2;
USAGENT/CAPTAIN JOHN,FW 21;
USAGENT/CAPTAIN JOHN,FW 22;
USAGENT/CAPTAIN JOHN,FW 3;
USAGENT/CAPTAIN JOHN,FW 4;
USAGENT/CAPTAIN JOHN,FW 5;
USAGENT/CAPTAIN JOHN,FW 5/2;
USAGENT/CAPTAIN JOHN,FW 6;
USAGENT/CAPTAIN JOHN,FW 7;
USAGENT/CAPTAIN JOHN,FW 8;
USAGENT/CAPTAIN JOHN,FW 9;
USAGENT/CAPTAIN JOHN,FW 9/2;
USAGENT/CAPTAIN JOHN,H2 434;
USAGENT/CAPTAIN JOHN,IM 13;
USAGENT/CAPTAIN JOHN,IM 284;
USAGENT/CAPTAIN JOHN,IM 311;
USAGENT/CAPTAIN JOHN,IM 312;
USAGENT/CAPTAIN JOHN,IM 317/2;
USAGENT/CAPTAIN JOHN,IM 319;
USAGENT/CAPTAIN JOHN,IM 322;
USAGENT/CAPTAIN JOHN,IM 324;
USAGENT/CAPTAIN JOHN,IW 1;
USAGENT/CAPTAIN JOHN,IW 2;
USAGENT/CAPTAIN JOHN,IW 3;
USAGENT/CAPTAIN JOHN,IW 4;
USAGENT/CAPTAIN JOHN,MAXSEC 1;
USAGENT/CAPTAIN JOHN,MAXSEC 2;
USAGENT/CAPTAIN JOHN,MAXSEC 3;
USAGENT/CAPTAIN JOHN,M/CP 104/4;
USAGENT/CAPTAIN JOHN,M/CP 161;
USAGENT/CAPTAIN JOHN,MK3 41;
USAGENT/CAPTAIN JOHN,MK3 43;
USAGENT/CAPTAIN JOHN,MK3 44;
USAGENT/CAPTAIN JOHN,M/SH3 9;
USAGENT/CAPTAIN JOHN,NOM2 2;
USAGENT/CAPTAIN JOHN,NOM2 3;
USAGENT/CAPTAIN JOHN,P:NE;
USAGENT/CAPTAIN JOHN,PPTSS 137;
USAGENT/CAPTAIN JOHN,PPTSS 138;
USAGENT/CAPTAIN JOHN,Q 11;
USAGENT/CAPTAIN JOHN,Q 28;
USAGENT/CAPTAIN JOHN,TB 23;
USAGENT/CAPTAIN JOHN,TB 28;
USAGENT/CAPTAIN JOHN,TB 32;
USAGENT/CAPTAIN JOHN,USA2 1;
USAGENT/CAPTAIN JOHN,USA2 2;
USAGENT/CAPTAIN JOHN,W2 134;
USAGENT/CAPTAIN JOHN,WARM 10;
USAGENT/CAPTAIN JOHN,WARM 20;
USAGENT/CAPTAIN JOHN,WARM 21;
USAGENT/CAPTAIN JOHN,WARM 22;
USAGENT/CAPTAIN JOHN,WARM 4;
USAGENT/CAPTAIN JOHN,WARM 9;
USAGENT/CAPTAIN JOHN,WCA2 44;
USAGENT/CAPTAIN JOHN,WCA2 45;
USAGENT/CAPTAIN JOHN,WCA2 46;
USAGENT/CAPTAIN JOHN,WM2 12;
USAGENT/CAPTAIN JOHN,WM2 13;
USAGENT/CAPTAIN JOHN,WM2 16;
USAGENT/CAPTAIN JOHN,WM2 17;
USAGENT/CAPTAIN JOHN,WM2 18;
USAGENT/CAPTAIN JOHN,WM2 2;
USAGENT DOPPELGANGER,IW 3;
USAGENT DOPPELGANGER,IW 4;
UTGARD-LOKI,BLDR 2;
UTGARD-LOKI,BLDR 3;
UTGARD-LOKI,BLDR 4;
UTGARD-LOKI,T 381;
UTGARD-LOKI,T 382;
VACUUM,UTSM 4;
VAGABOND/PRISCILLA L,CA 325;
VAGABOND/PRISCILLA L,CA 336;
VAGABOND/PRISCILLA L,CA 337;
VAGABOND/PRISCILLA L,CA 339;
VAGABOND/PRISCILLA L,CA 340;
VAGABOND/PRISCILLA L,CA 342;
VAGABOND/PRISCILLA L,CA 345;
VAGABOND/PRISCILLA L,CA 358/2;
VAGABOND/PRISCILLA L,CA 359/2;
VAGABOND/PRISCILLA L,CA 360/2;
VAGABOND/PRISCILLA L,CA 361/2;
VAGABOND/PRISCILLA L,CA 362/2;
VAGABOND/PRISCILLA L,CA 363/2;
VAGABOND/PRISCILLA L,CA 364/2;
VAGUE/,XF 80;
VAGUE/,XF 81;
VAKUME,A '00;
VAKUME,FF 14;
VAKUME,FF 186;
VAKUME,FF 223;
VAKUME,V&SW2 3;
VAKUME,V&SW2 5;
VALERIA,FF 159;
VALERIA,FF 161;
VALERIA,FF 162;
VALERIA,ST 103;
VALINOR,A 225;
VALINOR,A 226;
VALINOR,A 343;
VALINOR,A 344;
VALINOR,ASPOT 39;
VALINOR,BK2 1;
VALINOR,BK2 2;
VALINOR,BK2 3;
VALINOR,BK2 4;
VALINOR,COC 1;
VALINOR,M/FAN 52;
VALINOR,M/FAN 53;
VALINOR,M/FAN 54;
VALINOR,N 60;
VALKIN,A 248;
VALKIN,E 11;
VALKIN,E2 2;
VALKIN,IM 6;
VALKIN,M/U 6;
VALKIN,T 291;
VALKIN,T 300;
VALKIN,T 7;
VALKYRIE II | MUTANT,MX '01;
VALKYRIE IV,BP3 34;
VALKYRIE IV,DEF2 2;
VALKYRIE IV,DEF2 3;
VALKYRIE IV,DEF2 4;
VALKYRIE IV,DEF2 5;
VALKYRIE IV,DEF2 6;
VALKYRIE IV,DEF2 7;
VALTORR,DRSTR3 49;
VAMP,CA 217;
VAMP,CA 218;
VAMP,CA 222;
VAMP,CA 223;
VAMP,CA 228;
VAMP,CA 229;
VAMP,CA 230;
VAMP,CA 231;
VAMP,CA 319;
VANADIUM,TB 7;
VANCE REBUS/,W2 154;
VANDERGILL, GEORGE,ASMU 14;
VANE, ROGER,IM 8;
VANESSA,W2 88;
VANGUARD/NICOLAI KRY,A3 42;
VANGUARD/NICOLAI KRY,A3 43;
VANGUARD/NICOLAI KRY,CA 352;
VANGUARD/NICOLAI KRY,CA 353;
VANGUARD/NICOLAI KRY,COC 1;
VANGUARD/NICOLAI KRY,COC 3;
VANGUARD/NICOLAI KRY,DD 369;
VANGUARD/NICOLAI KRY,DD 370;
VANGUARD/NICOLAI KRY,H2 250;
VANGUARD/NICOLAI KRY,H2 258;
VANGUARD/NICOLAI KRY,H2 259;
VANGUARD/NICOLAI KRY,H2 277;
VANGUARD/NICOLAI KRY,H2 279;
VANGUARD/NICOLAI KRY,IM 109;
VANGUARD/NICOLAI KRY,IM 110;
VANGUARD/NICOLAI KRY,IM 111;
VANGUARD/NICOLAI KRY,IM 112;
VANGUARD/NICOLAI KRY,IM3 10;
VANGUARD/NICOLAI KRY,IM3 9;
VANGUARD/NICOLAI KRY,MAXSEC 1;
VANGUARD/NICOLAI KRY,M/TU 2;
VANGUARD/NICOLAI KRY,Q 28;
VANGUARD/NICOLAI KRY,ROM 45;
VANGUARD/NICOLAI KRY,ROM 46;
VANGUARD/NICOLAI KRY,ROM 65;
VANGUARD/NICOLAI KRY,TB 25;
VANGUARD/NICOLAI KRY,XV.A 1;
VANGUARD/NICOLAI KRY,XV.A 2;
VANGUARD/NICOLAI KRY,XV.A 3;
VAN HELSING, RACHEL,TOD 11;
VAN HELSING, RACHEL,TOD 12;
VAN HELSING, RACHEL,TOD 13;
VAN HELSING, RACHEL,TOD 14;
VAN HELSING, RACHEL,TOD 17;
VAN HELSING, RACHEL,TOD 19;
VAN HELSING, RACHEL,TOD 20;
VAN HELSING, RACHEL,TOD 21;
VAN HELSING, RACHEL,TOD 24;
VAN HELSING, RACHEL,TOD 27;
VAN HELSING, RACHEL,TOD 28;
VAN HELSING, RACHEL,TOD 3;
VAN HELSING, RACHEL,TOD 31;
VAN HELSING, RACHEL,TOD 32;
VAN HELSING, RACHEL,TOD 33;
VAN HELSING, RACHEL,TOD 34;
VAN HELSING, RACHEL,TOD 36;
VAN HELSING, RACHEL,TOD 37;
VAN HELSING, RACHEL,TOD 38;
VAN HELSING, RACHEL,TOD 39;
VAN HELSING, RACHEL,TOD 4;
VAN HELSING, RACHEL,TOD 40;
VAN HELSING, RACHEL,TOD 41;
VAN HELSING, RACHEL,TOD 42;
VAN HELSING, RACHEL,TOD 43;
VAN HELSING, RACHEL,TOD 45;
VAN HELSING, RACHEL,TOD 47;
VAN HELSING, RACHEL,TOD 5;
VAN HELSING, RACHEL,TOD 50;
VAN HELSING, RACHEL,TOD 51;
VAN HELSING, RACHEL,TOD 52;
VAN HELSING, RACHEL,TOD 53;
VAN HELSING, RACHEL,TOD 54;
VAN HELSING, RACHEL,TOD 55;
VAN HELSING, RACHEL,TOD 56;
VAN HELSING, RACHEL,TOD 57;
VAN HELSING, RACHEL,TOD 58;
VAN HELSING, RACHEL,TOD 59;
VAN HELSING, RACHEL,TOD 6;
VAN HELSING, RACHEL,TOD 60;
VAN HELSING, RACHEL,TOD 61;
VAN HELSING, RACHEL,TOD 62;
VAN HELSING, RACHEL,TOD 63;
VAN HELSING, RACHEL,TOD 64;
VAN HELSING, RACHEL,TOD 65;
VAN HELSING, RACHEL,TOD 68;
VAN HELSING, RACHEL,TOD 69;
VAN HELSING, RACHEL,TOD 7;
VAN HELSING, RACHEL,TOD 70;
VAN HELSING, RACHEL,TOD 8;
VAN HELSING, RACHEL,UX 6;
VAN HELSING, RACHEL,WBN 15;
VANISHER,A 103;
VANISHER,BIZADV 27/3;
VANISHER,CHAMP 17;
VANISHER,FA 2;
VANISHER,FA 3;
VANISHER,FA 4;
VANISHER,FA 5;
VANISHER,FA 6;
VANISHER,FA 7;
VANISHER,FA 8;
VANISHER,FF 335;
VANISHER,SWII 7;
VANISHER,TB 33;
VANISHER,UX 100;
VANISHER,UX 2;
VANISHER,UX 37;
VANISHER,UX 38;
VANISHER,UX 60;
VANISHER,XF 11;
VANISHER,XF 12;
VANISHER,XFOR 69;
VANISHER,XFOR 70;
VANISHER,XFOR 71;
VANISHER,XFOR 81;
VANIUM,SK 3;
VANIUM,SK 4;
VANIUM,SK 5;
VANKIN, JONATHAN,MK4 4;
VAN NUYS, PROF. RODE,BFF:RR 1;
VAPOR,A 304;
VAPOR,AWC 53;
VAPOR,CA 389;
VAPOR,CA 390;
VAPOR,DHAWK 6;
VAPOR,H2 254;
VAPOR,H2 275;
VAPOR,H2 276;
VAPOR,H2 277;
VAPOR,H2 278;
VAPOR,H2 304;
VAPOR,H2 305;
VAPOR,H2 397;
VAPOR,HFH 1;
VAPOR,HFH 12;
VAPOR,HFH 2;
VAPOR,HFH 4;
VAPOR,TB '97;
VARGAS,XX 1;
VARGAS,XX 2;
VARUA/MIRA,M/CP 101/2;
VARUA/MIRA,M/CP 102/2;
VARUA/MIRA,M/CP 106/2;
VARUA/MIRA,M/CP 107/2;
VARUA/MIRA,M/CP 108/2;
VARUA/MIRA,M/CP 109/2;
VARUA/MIRA,PPTSS 8;
VARUA/MIRA,PPTSS 8/2;
VARUA/MIRA,T 300;
VASHTI,A 40;
VASHTI,AF 35;
VASHTI,AF 36;
VASHTI,AF 40;
VASHTI,AR 1;
VASHTI,AR 2;
VASHTI,ASM 215;
VASHTI,DEF2 1;
VASHTI,DEF 74;
VASHTI,DEF 84;
VASHTI,DEF 93;
VASHTI,FF 195;
VASHTI,FF 402;
VASHTI,FFU 11/2;
VASHTI,H2 118;
VASHTI,H2 277;
VASHTI,H '98;
VASHTI,M/TU2 11;
VASHTI,M/TU2 8;
VASHTI,M/TU2 9;
VASHTI,N 1;
VASHTI,N 14;
VASHTI,N 15;
VASHTI,N 19;
VASHTI,N 21;
VASHTI,N 55;
VASHTI,N 57;
VASHTI,N 61;
VASHTI,N 62;
VASHTI,ROM 34;
VASHTI,ROM 35;
VASHTI,ROM 36;
VASHTI,SM:L 2;
VASHTI,SUB-M 15;
VASHTI,SUB-M 16;
VASHTI,SUB-M 17;
VASHTI,SUB-M 18;
VASHTI,SUB-M 2;
VASHTI,SUB-M 20;
VASHTI,SUB-M 21;
VASHTI,SUB-M2 1;
VASHTI,SUB-M2 2;
VASHTI,SUB-M2 3;
VASHTI,SUB-M 24;
VASHTI,SUB-M2 4;
VASHTI,SUB-M 25;
VASHTI,SUB-M 27;
VASHTI,SUB-M 29;
VASHTI,SUB-M 3;
VASHTI,SUB-M 31;
VASHTI,SUB-M 33;
VASHTI,SUB-M 34;
VASHTI,SUB-M 37;
VASHTI,SUB-M 4;
VASHTI,SUB-M 5;
VASHTI,SUB-M 56;
VASHTI,SUB-M 58;
VASHTI,SUB-M 59;
VASHTI,SUB-M 6;
VASHTI,SUB-M 60;
VASHTI,SUB-M 61;
VASHTI,SUB-M 62;
VASHTI,SUB-M 63;
VASHTI,SUB-M 64;
VASHTI,SUB-M 66;
VASHTI,SUB-M 9;
VASHTI,SVTU 13;
VASHTI,TTA 71;
VASHTI,TTA 74;
VASHTI,TTA 75;
VASHTI,TTA 76;
VASHTI,TTA 77;
VASHTI,TTA 79;
VASHTI,TTA 80;
VASHTI,TTA 81;
VASHTI,TTA 87;
VASHTI,TTA 88;
VASHTI,TTA 89;
VASHTI,TTA 90;
VASHTI,TTA 91;
VASHTI,TTA 94;
VASHTI,TTA 96;
VASHTI,TTA 97;
VASHTI,TTA 98;
VAUGHAN, GAYLE,Q 18;
VAUGHAN, GAYLE,Q 21;
VAUGHAN, MRS.,Q 18;
VAUGHAN, MRS.,Q 21;
VAUGHAN, MRS.,Q 26;
VAVELLA,CM4 1;
VAZHIN, ALEXEI MIKHA,UX 263;
VAZHIN, ALEXEI MIKHA,UX 264;
VAZHIN, ALEXEI MIKHA,UX 280;
VAZHIN, ALEXEI MIKHA,UX 383;
VAZHIN, ALEXEI MIKHA,UX 384;
VAZHIN, ALEXEI MIKHA,X 17;
VAZHIN, ALEXEI MIKHA,XCAL 33;
VAZHIN, ALEXEI MIKHA,XF 69;
VAZIR, DR.,H3 15;
VECTOR,A 304;
VECTOR,AWC 53;
VECTOR,DHAWK 6;
VECTOR,H2 254;
VECTOR,H2 275;
VECTOR,H2 276;
VECTOR,H2 277;
VECTOR,H2 278;
VECTOR,H2 304;
VECTOR,H2 305;
VECTOR,H2 398;
VECTOR,H2 399;
VECTOR,H3 397;
VECTOR,HFH 1;
VECTOR,HFH 12;
VECTOR,HFH 2;
VECTOR,HFH 4;
VECTOR,TB '97;
VEDA,CA 213;
VEDA,CA 217;
VEDA,CA 218;
VEDA,CA 220;
VEDA,CA 222;
VEDA,CA 223;
VEDA,CA 225;
VEEG,XFOR 97;
VEGA, ROBIN,S-M 82;
VEGA, ROBIN,S-M 83;
VEGA-SUPERIOR,XCAL 31;
VEIL,NM 7/2;
VEIL,UX 15/2;
VEIL,XF 6/2;
VENDETTA | MUTANT X-,MX '99;
VENOM/EDDIE BROCK,ASM2 12;
VENOM/EDDIE BROCK,ASM2 19;
VENOM/EDDIE BROCK,ASM2 22;
VENOM/EDDIE BROCK,ASM2 23;
VENOM/EDDIE BROCK,ASM 25/4;
VENOM/EDDIE BROCK,ASM 258;
VENOM/EDDIE BROCK,ASM 259;
VENOM/EDDIE BROCK,ASM 260;
VENOM/EDDIE BROCK,ASM 261;
VENOM/EDDIE BROCK,ASM 26/2;
VENOM/EDDIE BROCK,ASM 298;
VENOM/EDDIE BROCK,ASM 299;
VENOM/EDDIE BROCK,ASM 300;
VENOM/EDDIE BROCK,ASM 315;
VENOM/EDDIE BROCK,ASM 316;
VENOM/EDDIE BROCK,ASM 317;
VENOM/EDDIE BROCK,ASM 330;
VENOM/EDDIE BROCK,ASM 331;
VENOM/EDDIE BROCK,ASM 332;
VENOM/EDDIE BROCK,ASM 333;
VENOM/EDDIE BROCK,ASM 344;
VENOM/EDDIE BROCK,ASM 345;
VENOM/EDDIE BROCK,ASM 346;
VENOM/EDDIE BROCK,ASM 347;
VENOM/EDDIE BROCK,ASM 362;
VENOM/EDDIE BROCK,ASM 363;
VENOM/EDDIE BROCK,ASM 373/2;
VENOM/EDDIE BROCK,ASMSS 1;
VENOM/EDDIE BROCK,DHAWK 13;
VENOM/EDDIE BROCK,DHAWK 14;
VENOM/EDDIE BROCK,FF 274;
VENOM/EDDIE BROCK,M/CP 117;
VENOM/EDDIE BROCK,M/CP 118;
VENOM/EDDIE BROCK,M/TU 148;
VENOM/EDDIE BROCK,PPSM2 10;
VENOM/EDDIE BROCK,PPSM2 12;
VENOM/EDDIE BROCK,PPSM2 13;
VENOM/EDDIE BROCK,PPSM2 16;
VENOM/EDDIE BROCK,PPSM2 17;
VENOM/EDDIE BROCK,PPSM2 9;
VENOM/EDDIE BROCK,PPTSS 100;
VENOM/EDDIE BROCK,PPTSS 12/2;
VENOM/EDDIE BROCK,PPTSS 97;
VENOM/EDDIE BROCK,PPTSS 98;
VENOM/EDDIE BROCK,PPTSS 99;
VENOM/EDDIE BROCK,PPTSSSS 1;
VENOM/EDDIE BROCK,Q 6;
VENOM/EDDIE BROCK,S-H2 29;
VENOM/EDDIE BROCK,S-M 52;
VENOM/EDDIE BROCK,S-M 53;
VENOM/EDDIE BROCK,S-MSS 1;
VENOM/EDDIE BROCK,SM:VA;
VENOM/EDDIE BROCK,SOV 4;
VENOM/EDDIE BROCK,SOV 5;
VENOM/EDDIE BROCK,SOV 6;
VENOM/EDDIE BROCK,V:ACS 1;
VENOM/EDDIE BROCK,V:ACS 2;
VENOM/EDDIE BROCK,V:ACS 3;
VENOM/EDDIE BROCK,V:ACS 4;
VENOM/EDDIE BROCK,V:F 1;
VENOM/EDDIE BROCK,V:F 2;
VENOM/EDDIE BROCK,V:F 3;
VENOM/EDDIE BROCK,V:OT 1;
VENOM/EDDIE BROCK,V:OT 2;
VENOM/EDDIE BROCK,V:OT 3;
VENOM/EDDIE BROCK,VSS 1;
VENOM/EDDIE BROCK,VSS 1/2;
VENOM/EDDIE BROCK,WOSM 1;
VENOM/EDDIE BROCK,WOSM 118;
VENOM/EDDIE BROCK,WOSM 119;
VENOM/EDDIE BROCK,WOSM 8/2;
VENOM/EDDIE BROCK,WOSM 94;
VENOM/EDDIE BROCK,WOSM 95;
VENOM/EDDIE BROCK,WOSM 96;
VENOM/EDDIE BROCK,WOSMSS 1;
VENOMM,JA 14;
VENOMM,JA 17;
VENOMM,JA 18;
VENOMM,JA 7;
VENOMM,JA 8;
VENUS/APHRODITE/VICT,A 283;
VENUS/APHRODITE/VICT,A 284;
VENUS/APHRODITE/VICT,CHAMP 1;
VENUS/APHRODITE/VICT,CHAMP 2;
VENUS/APHRODITE/VICT,CHAMP 3;
VENUS/APHRODITE/VICT,M/:LG 5;
VENUS/APHRODITE/VICT,M/SH3 9;
VENUS/APHRODITE/VICT,M/VS 1/3;
VENUS/APHRODITE/VICT,S-H2 36;
VENUS/APHRODITE/VICT,SUB-M 57;
VENUS/APHRODITE/VICT,VENUS 1;
VENUS/APHRODITE/VICT,VENUS 10;
VENUS/APHRODITE/VICT,VENUS 11;
VENUS/APHRODITE/VICT,VENUS 12;
VENUS/APHRODITE/VICT,VENUS 13;
VENUS/APHRODITE/VICT,VENUS 14;
VENUS/APHRODITE/VICT,VENUS 15;
VENUS/APHRODITE/VICT,VENUS 16;
VENUS/APHRODITE/VICT,VENUS 17;
VENUS/APHRODITE/VICT,VENUS 18;
VENUS/APHRODITE/VICT,VENUS 19;
VENUS/APHRODITE/VICT,VENUS 2;
VENUS/APHRODITE/VICT,VENUS 3;
VENUS/APHRODITE/VICT,VENUS 4;
VENUS/APHRODITE/VICT,VENUS 5;
VENUS/APHRODITE/VICT,VENUS 6;
VENUS/APHRODITE/VICT,VENUS 7;
VENUS/APHRODITE/VICT,VENUS 8;
VENUS/APHRODITE/VICT,VENUS 9;
VENUS II,AVF 4;
VENUS II,AVF 5;
VENUS II,WI? 9;
VERITUS,INH2 6;
VERMICELLI, GIANNI,S-M 97;
VERMIN/EDWARD WHELAN,ASM 293;
VERMIN/EDWARD WHELAN,ASM 294;
VERMIN/EDWARD WHELAN,ASM 394;
VERMIN/EDWARD WHELAN,ASM 403;
VERMIN/EDWARD WHELAN,CA 272;
VERMIN/EDWARD WHELAN,CA 275;
VERMIN/EDWARD WHELAN,CA 276;
VERMIN/EDWARD WHELAN,CA 277;
VERMIN/EDWARD WHELAN,CA 278;
VERMIN/EDWARD WHELAN,M/TU 128;
VERMIN/EDWARD WHELAN,PPTSS 131;
VERMIN/EDWARD WHELAN,PPTSS 132;
VERMIN/EDWARD WHELAN,PPTSS 178;
VERMIN/EDWARD WHELAN,PPTSS 179;
VERMIN/EDWARD WHELAN,PPTSS 180;
VERMIN/EDWARD WHELAN,PPTSS 181;
VERMIN/EDWARD WHELAN,PPTSS 182;
VERMIN/EDWARD WHELAN,PPTSS 183;
VERMIN/EDWARD WHELAN,PPTSS 184;
VERMIN/EDWARD WHELAN,PPTSS 194;
VERMIN/EDWARD WHELAN,PPTSS 195;
VERMIN/EDWARD WHELAN,PPTSS 196;
VERMIN/EDWARD WHELAN,PPTSS 217;
VERMIN/EDWARD WHELAN,PPTSS 230;
VERMIN/EDWARD WHELAN,WOSM 117;
VERMIN/EDWARD WHELAN,WOSM 32;
VERMIN II,ST2 5;
VERMIN, LADY,HFH 15;
VERMIN, LADY,HFH 16;
VERMIN, LADY,HFH 17;
VERMIN, LADY,QS 1;
VERMIN, LADY,QS 11;
VERMIN, LADY,QS 12;
VERMIN, LADY,QS 2;
VERMIN, LADY,QS 3;
VERMIN, LADY,QS 4;
VERMIN, LADY,QS 5;
VERMIN, LADY,QS 6;
VERMIN, LADY,QS 7;
VERMIN, LADY,QS 8;
VERMIN, LADY,QS 9;
VERPOORTEN, JOHN,FF 176;
VERPOORTEN, JOHN,NO 5;
VERSCHLAGEN, FRAU,XFOR 42;
VERTIGO,A '00;
VERTIGO,FF 14;
VERTIGO,FF 186;
VERTIGO,FF 223;
VERTIGO II,CA 389;
VERTIGO II,CA 390;
VERTIGO II,CA 391;
VERTIGO II,M/FAN 2;
VERTIGO II,M/FAN 3;
VERTIGO II,T 373;
VERTIGO II,T 374;
VERTIGO II,UX 210;
VERTIGO II,UX 211;
VERTIGO II,UX 213;
VERTIGO II,UX 221;
VERTIGO II,UX 222;
VERTIGO II,UX 240;
VERTIGO II,UX 241;
VERTIGO II,XF 10;
VERTIGO II,XM 13;
VERTIGO,V&SW2 3;
VERTIGO,V&SW2 5;
VESPER,M/CP 113/3;
VESPER,M/CP 114/3;
VESPER,M/CP 115/3;
VESPER,M/CP 116/3;
VESPER,M/CP 117/3;
VESPER,M/CP 118/3;
VESSEL,GENX 50;
VESSEL,UX 323;
VESSEL,UX 324;
VESSEL,UX 325;
VESSEL,XM 50;
VESTA,T 301;
VIBRANIA/SHARA,M/SH3 4/5;
VIBRATO/,NW 20;
VIBRAVORE,FFOR 14;
VIBRAVORE,FFOR 15;
VIBRAXAS/N'KANO,AR 2;
VIBRAXAS/N'KANO,BP3 24;
VIBRAXAS/N'KANO,BP3 25;
VIBRAXAS/N'KANO,BP3 26;
VIBRAXAS/N'KANO,BP3 27;
VIBRAXAS/N'KANO,BP3 28;
VIBRAXAS/N'KANO,BP3 29;
VIBRAXAS/N'KANO,BP3 31;
VIBRAXAS/N'KANO,BP3 32;
VIBRAXAS/N'KANO,BP3 33;
VIBRAXAS/N'KANO,BP3 34;
VIBRAXAS/N'KANO,FF 391;
VIBRAXAS/N'KANO,FF 392;
VIBRAXAS/N'KANO,FF 400;
VIBRAXAS/N'KANO,FF 416;
VIBRAXAS/N'KANO,FFOR 1;
VIBRAXAS/N'KANO,FFOR 10;
VIBRAXAS/N'KANO,FFOR 10/2;
VIBRAXAS/N'KANO,FFOR 11;
VIBRAXAS/N'KANO,FFOR 12;
VIBRAXAS/N'KANO,FFOR 13;
VIBRAXAS/N'KANO,FFOR 14;
VIBRAXAS/N'KANO,FFOR 15;
VIBRAXAS/N'KANO,FFOR 16;
VIBRAXAS/N'KANO,FFOR 17;
VIBRAXAS/N'KANO,FFOR 2;
VIBRAXAS/N'KANO,FFOR 3;
VIBRAXAS/N'KANO,FFOR 4;
VIBRAXAS/N'KANO,FFOR 5;
VIBRAXAS/N'KANO,FFOR 6;
VIBRAXAS/N'KANO,FFOR 7;
VIBRAXAS/N'KANO,FFOR 8;
VIBRAXAS/N'KANO,FFOR 9;
VIBRO/DR. FRANCIS VI,AWC 58;
VIBRO/DR. FRANCIS VI,CA 340;
VIBRO/DR. FRANCIS VI,IM 186;
VIBRO/DR. FRANCIS VI,IM 187;
VIBRO/DR. FRANCIS VI,IM 191;
VIBRO/DR. FRANCIS VI,IM 192;
VIBRO/DR. FRANCIS VI,IM 267;
VICTORIUS/PROF. VICT,AT 18;
VICTORIUS/PROF. VICT,AT 19;
VICTORIUS/PROF. VICT,AT 20;
VIDAR,M/SH3 5;
VIENNA,MOKF 121;
VIENNA,PM&IF 101;
VIENNA,PM&IF 91;
VIENNEAU, JACQUES,AF2 6;
VIGILANT/PSTUN-RAGE,AA2 26;
VIGIL,M/CP 105/4;
VILIVEN,MGK2 3;
VILLA-LOBOS, GETULIO,XFOR 78;
VILLA-LOBOS, GETULIO,XFOR 80;
VINCENT, DANNY,BP3 10;
VINCENT, DANNY,BP3 9;
VINCENTE/,GENX 13;
VINCENTE/,GENX 14;
VINDALOO/,UX 366;
VINDALOO/,UX 367;
VINDALOO/,UX 379;
VINDALOO/,X 86;
VINDALOO/,X:MW 1;
VINDICATOR II DOPPEL,FF 370;
VINDICATOR II DOPPEL,IW 6;
VINDICATOR II DOPPEL,WM2 15;
VINDIKTOR/,S&L 1;
VINYL, MILO,S-H2 31;
VIOLENCE/,NF3 33;
VIOLENCE/,NF3 34;
VIOLENCE/,NF3 35;
VIOLENCE/,NF3 40;
VIOLENCE/,NF3 41;
VIOLENCE/,NF3 42;
VIPER II,A 107;
VIPER II,A 18;
VIPER II,ASM 23;
VIPER II,ASM 366;
VIPER II,ASM 367;
VIPER II,BEAST 1;
VIPER II,BEAST 2;
VIPER II,BEAST 3;
VIPER II,CA 110;
VIPER II,CA 111;
VIPER II,CA 113;
VIPER II,CA 180;
VIPER II,CA 181;
VIPER II,CA 182;
VIPER II,CA 281;
VIPER II,CA 282;
VIPER II,CA 283;
VIPER II,CA 341;
VIPER II,CA 342;
VIPER II,CA 343;
VIPER II,CA 344;
VIPER II,CA 345;
VIPER II,CA 394;
VIPER II,CA 395;
VIPER II,CA 396;
VIPER II,CA 397;
VIPER II,CA 398/2;
VIPER II,DD 5;
VIPER II,GENX 54;
VIPER II,M/TU 83;
VIPER II,M/TU 84;
VIPER II,M/TU 85;
VIPER II,NM 5;
VIPER II,NM 53;
VIPER II,NM 54;
VIPER II,NM 6;
VIPER II,PUN 2;
VIPER II,PWJ 45;
VIPER II,PWJ 46;
VIPER II,PWJ 47;
VIPER II,S-W 42;
VIPER II,S-W 43;
VIPER II,S-W 44;
VIPER II,UX 172;
VIPER II,UX 173;
VIPER II,W2 125;
VIPER II,W2 126;
VIPER II,W2 128;
VIPER II,W2 131;
VIPER II,W2 139;
VIPER II,X 109;
VIPER/JORDON DIXON,CA 157;
VIPER/JORDON DIXON,CA 158;
VIPER/JORDON DIXON,CA 159;
VIPER/JORDON DIXON,CA 163;
VIPER/JORDON DIXON,CA 170;
VIPER/JORDON DIXON,CA 180;
VIRA,E 1;
VIRA,E 3;
VIRA,E 8;
VIRAGO,SUB-M 64;
VIRAGO,SUB-M 65;
VIRAGO,SUB-M 66;
VIRAGO,SUB-M 67;
VIRA,IM 6;
VIRAKO,NEW ETERNALS;
VIRAKO,T 7;
VIRGO/ELAINE MCLAUGH,A 120;
VIRGO/ELAINE MCLAUGH,A 121;
VIRGO/ELAINE MCLAUGH,A 122;
VIRGO/ELAINE MCLAUGH,A 123;
VIRGO/ELAINE MCLAUGH,A 72;
VIRGO/ELAINE MCLAUGH,GR2 7;
VIRGO/ELAINE MCLAUGH,IM 184;
VIRGO/ELAINE MCLAUGH,WCA2 26;
VIRGO II,AF2 1;
VIRGO II,AF2 10;
VIRGO II,AF2 12;
VIRGO II,AF2 5;
VIRTUAL REALITY,SS3 57;
VIRTUAL REALITY,SS3 58;
VISALIA,CM5 5;
VISALIA,CM5 6;
VISARA,E:HEROD;
VISE/,XM 44;
VISE/,XM 51;
VISE/,XM 52;
VISION,A 10;
VISION,A 100;
VISION,A 101;
VISION,A 102;
VISION,A 103;
VISION,A 104;
VISION,A 105;
VISION,A 106;
VISION,A 107;
VISION,A 108;
VISION,A 109;
VISION,A 110;
VISION,A 111;
VISION,A 112;
VISION,A 113;
VISION,A 114;
VISION,A 115;
VISION,A 116;
VISION,A 117;
VISION,A 118;
VISION,A 119;
VISION,A 12;
VISION,A 120;
VISION,A 121;
VISION,A 122;
VISION,A 123;
VISION,A 124;
VISION,A 125;
VISION,A 126;
VISION,A 127;
VISION,A 128;
VISION,A 129;
VISION,A 13;
VISION,A 130;
VISION,A 131;
VISION,A 132;
VISION,A 133;
VISION,A 134;
VISION,A 135;
VISION,A 137;
VISION,A 138;
VISION,A 139;
VISION,A 140;
VISION,A 141;
VISION,A 142;
VISION,A 143;
VISION,A 144;
VISION,A 145;
VISION,A 146;
VISION,A 147;
VISION,A 148;
VISION,A 149;
VISION,A 150;
VISION,A 151;
VISION,A 152;
VISION,A 153;
VISION,A 154;
VISION,A 155;
VISION,A 156;
VISION,A 157;
VISION,A 158;
VISION,A 159;
VISION,A 160;
VISION,A 161;
VISION,A 165;
VISION,A 166;
VISION,A 167;
VISION,A 168;
VISION,A 170;
VISION,A 171;
VISION,A 172;
VISION,A 174;
VISION,A 175;
VISION,A 176;
VISION,A 177;
VISION,A 179;
VISION,A 18;
VISION,A 180;
VISION,A 181;
VISION,A 182;
VISION,A 183;
VISION,A 184;
VISION,A 185;
VISION,A 186;
VISION,A 188;
VISION,A 189;
VISION,A 19;
VISION,A 190;
VISION,A 191;
VISION,A 192;
VISION,A 19/3;
VISION,A 193;
VISION,A 194;
VISION,A 195;
VISION,A 196;
VISION,A 197;
VISION,A 198;
VISION,A 199;
VISION,A 20;
VISION,A 200;
VISION,A 201;
VISION,A 202;
VISION,A 20/3;
VISION,A 203;
VISION,A 204;
VISION,A 205;
VISION,A 206;
VISION,A 207;
VISION,A 208;
VISION,A 209;
VISION,A 21;
VISION,A2 1;
VISION,A 210;
VISION,A 211;
VISION,A2 12;
VISION,A 228;
VISION,A 23;
VISION,A2 3;
VISION,A 231;
VISION,A 23/2;
VISION,A 233;
VISION,A 234;
VISION,A 235;
VISION,A 236;
VISION,A 238;
VISION,A 239;
VISION,A2 4;
VISION,A 240;
VISION,A 241;
VISION,A 242;
VISION,A 243;
VISION,A 244;
VISION,A 245;
VISION,A 246;
VISION,A 247;
VISION,A 248;
VISION,A 249;
VISION,A2 5;
VISION,A 250;
VISION,A 251;
VISION,A 252;
VISION,A 253;
VISION,A 254;
VISION,A 255;
VISION,A2 7;
VISION,A2 8;
VISION,A 280;
VISION,A2 9;
VISION,A 305;
VISION,A 306;
VISION,A 308;
VISION,A3 1;
VISION,A3 10;
VISION,A3 11;
VISION,A 312;
VISION,A3 12;
VISION,A 313;
VISION,A3 13;
VISION,A 314;
VISION,A3 14;
VISION,A3 15;
VISION,A 316;
VISION,A3 16;
VISION,A 317;
VISION,A3 17;
VISION,A 318;
VISION,A3 18;
VISION,A 319;
VISION,A3 19;
VISION,A3 2;
VISION,A 320;
VISION,A3 20;
VISION,A 321;
VISION,A3 21;
VISION,A 322;
VISION,A3 22;
VISION,A 323;
VISION,A3 23;
VISION,A 324;
VISION,A 325;
VISION,A 328;
VISION,A 329;
VISION,A3 3;
VISION,A 330;
VISION,A 331;
VISION,A3 31;
VISION,A 332;
VISION,A3 32;
VISION,A 333;
VISION,A3 33;
VISION,A 334;
VISION,A3 34;
VISION,A 335;
VISION,A3 35;
VISION,A 336;
VISION,A3 36;
VISION,A 337;
VISION,A3 37;
VISION,A 338;
VISION,A3 38;
VISION,A 339;
VISION,A3 39;
VISION,A3 4;
VISION,A3 40;
VISION,A 341;
VISION,A3 41;
VISION,A 342;
VISION,A3 42;
VISION,A 343;
VISION,A3 43;
VISION,A 344;
VISION,A 345;
VISION,A 347;
VISION,A 348;
VISION,A 349;
VISION,A3 5;
VISION,A 350;
VISION,A 350/2;
VISION,A 351;
VISION,A 352;
VISION,A 353;
VISION,A 354;
VISION,A 355;
VISION,A 356;
VISION,A 357;
VISION,A3 6;
VISION,A3 7;
VISION,A 378;
VISION,A 379;
VISION,A3 8;
VISION,A 380;
VISION,A 382/3;
VISION,A 383;
VISION,A3 9;
VISION,A 391;
VISION,A 392;
VISION,A 393;
VISION,A 394;
VISION,A 395;
VISION,A 397;
VISION,A 398;
VISION,A 399;
VISION,A 400;
VISION,A 401;
VISION,A 57;
VISION,A 58;
VISION,A 59;
VISION,A 6;
VISION,A 60;
VISION,A 61;
VISION,A 6/2;
VISION,A 62;
VISION,A 63;
VISION,A 64;
VISION,A 65;
VISION,A 66;
VISION,A 67;
VISION,A 68;
VISION,A 69;
VISION,A 7;
VISION,A 70;
VISION,A 71;
VISION,A 72;
VISION,A 73;
VISION,A 74;
VISION,A 75;
VISION,A 76;
VISION,A 77;
VISION,A 78;
VISION,A 79;
VISION,A 8;
VISION,A 80;
VISION,A 81;
VISION,A 82;
VISION,A 83;
VISION,A 84;
VISION,A 85;
VISION,A 86;
VISION,A 87;
VISION,A 88;
VISION,A 89;
VISION,A 9;
VISION,A 90;
VISION,A 91;
VISION,A 92;
VISION,A 93;
VISION,A 94;
VISION,A 95;
VISION,A 96;
VISION,A 97;
VISION,A '98;
VISION,A 98;
VISION,A '99;
VISION,A 99;
VISION,AA2 8;
VISION,A:C;
VISION,A:DV;
VISION,AF 100;
VISION,AF 101;
VISION,AF 111;
VISION,AF 98;
VISION,AF 99;
VISION,AOI;
VISION,ASM2 1;
VISION,ASM 348;
VISION,ASPOT 22/2;
VISION,ASPOT 23/2;
VISION,ASPOT 29/2;
VISION,ASPOT 30;
VISION,ASPOT 40;
VISION,A:T;
VISION,AUP 1;
VISION,AUP 2;
VISION,AUP 4;
VISION,AUP 5;
VISION,AUP 6;
VISION,AVF 8;
VISION,AWC 4;
VISION,AWC 47;
VISION,AWC 48;
VISION,AWC 49;
VISION,AWC 5;
VISION,AWC 50;
VISION,AWC 51;
VISION,AWC 52;
VISION,AWC 53;
VISION,AWC 5/4;
VISION,AWC 54;
VISION,AWC 55;
VISION,AWC 56;
VISION,AWC 6;
VISION,AWC 63;
VISION,AWC 82;
VISION,AWC 89;
VISION,AWC 90;
VISION,AWC 91;
VISION,BP 14;
VISION,BP 15;
VISION,BP3 7;
VISION,BP3 8;
VISION,C2 66;
VISION,C2 67;
VISION,C2 68;
VISION,CA 11;
VISION,CA 113;
VISION,CA 114;
VISION,CA 116;
VISION,CA 154;
VISION,CA 176;
VISION,CA 224;
VISION,CA 228;
VISION,CA 237;
VISION,CA 250;
VISION,CA 261;
VISION,CA 292;
VISION,CA 299;
VISION,CA 301;
VISION,CA 383;
VISION,CA 389;
VISION,CA 392;
VISION,CA 401;
VISION,CA 434;
VISION,CM 27;
VISION,CM 28;
VISION,CM 31;
VISION,CM 32;
VISION,CM 33;
VISION,CM 34;
VISION,CM 50;
VISION,CM 51;
VISION,COC 1;
VISION,COC 3;
VISION,COH 2;
VISION,COH 4;
VISION,DAMCON3 4;
VISION,DAZZ 21;
VISION,DD 164;
VISION,DD 52;
VISION,DD 99;
VISION,DEF 10;
VISION,DEF 11;
VISION,DEF 112;
VISION,DEF 113;
VISION,DEF 114;
VISION,DEF 115;
VISION,DEF 116;
VISION,DEF 123;
VISION,DEF 124;
VISION,DEF 15;
VISION,DEF 44;
VISION,DEF 9;
VISION,DF 1.2;
VISION,DF 3.6;
VISION,DF 4.7;
VISION,DF 4.8;
VISION,DLOK2 4;
VISION,DLOK2 5;
VISION DOPPELGANGER,FF 369;
VISION DOPPELGANGER,IW 1;
VISION DOPPELGANGER,IW 6;
VISION DOPPELGANGER,WM2 15;
VISION,FF 14;
VISION,FF 150;
VISION,FF 215;
VISION,FF 22;
VISION,FF 220;
VISION,FF 230;
VISION,FF 256;
VISION,FF 257;
VISION,FF 261;
VISION,FF 263;
VISION,FF 265;
VISION,FF3 13;
VISION,FF 367;
VISION,FF 368;
VISION,FF 369;
VISION,FF 370;
VISION,FF 416;
VISION,FW 1;
VISION,FW 10/2;
VISION,FW 2;
VISION,GAL 1;
VISION,GAL 2;
VISION,GAL 3;
VISION,GAL 5;
VISION,GAL 6;
VISION,GSA 1;
VISION,GSA 2;
VISION,GSA 3;
VISION,GSA 4;
VISION,GZIL 23;
VISION,GZIL 24;
VISION,H '00;
VISION,H 11;
VISION,H2 128;
VISION,H2 153;
VISION,H2 278;
VISION,H2 279;
VISION,H2 300;
VISION,H2 323;
VISION,H2 434;
VISION,H2 440;
VISION,H2 445;
VISION,H3 3;
VISION,H3 5;
VISION,H3 7;
VISION,HR:R 3;
VISION,HR:R 4;
VISION,IFW 2;
VISION,IG 2;
VISION,IG 3;
VISION,IG 4;
VISION,IG 6;
VISION,IM 114;
VISION,IM 115;
VISION,IM 125;
VISION,IM 18;
VISION,IM 190;
VISION,IM2 12;
VISION,IM 3;
VISION,IM 322;
VISION,IM 323;
VISION,IM 324;
VISION,IM 325;
VISION,IM3 25;
VISION,IM3 9;
VISION,IM 7;
VISION,IM 74;
VISION,IM '98;
VISION,IW 1;
VISION,IW 2;
VISION,IW 3;
VISION,IW 4;
VISION,IW 5;
VISION,IW 6;
VISION,JA 16;
VISION,KS;
VISION,KZ 1/2;
VISION,MAXSEC 1;
VISION,MAXSEC 2;
VISION,MAXSEC 3;
VISION,M/CP 160/4;
VISION,M/CP 38/2;
VISION,M/CP 45/2;
VISION,M/FAN 14;
VISION,M/FAN 23;
VISION,M/FAN 32/2;
VISION,M/FAN 48/3;
VISION,M/FAN 58/2;
VISION,M/FEA 10;
VISION,M/GN 1;
VISION,M/GN 27;
VISION,MICRO 28;
VISION,MK3 41;
VISION,M/SH3 10;
VISION,M/SH3 9;
VISION,MSM 18;
VISION,MSM 5;
VISION,M/SS 1;
VISION,M/TE 13;
VISION,M/TIO 2;
VISION,M/TIO 39;
VISION,M/TIO 69;
VISION,M/TIO 7;
VISION,M/TIO 96;
VISION,M/TU 10;
VISION,M/TU 11;
VISION,M/TU 129;
VISION,M/TU 130;
VISION,M/TU 41;
VISION,M/TU 42;
VISION,M/TU 43;
VISION,M/TU 44;
VISION,M/TU 5;
VISION,M/TU 9;
VISION,N 12;
VISION,N 58;
VISION,NFV.S 2;
VISION,NW 26;
VISION,NW 27;
VISION,NW 72;
VISION,O:MU;
VISION,O:X;
VISION,PM&IF 102;
VISION,PPTSS 90;
VISION,Q 38;
VISION,Q 39;
VISION,Q 40;
VISION,Q 41;
VISION,Q 60;
VISION,ROM 65;
VISION,ROM 66;
VISION,SENTRY 2;
VISION,SMTU 4;
VISION,SOLOA 5/2;
VISION,SS3 54;
VISION,SUB-M 14;
VISION,SUB-M 35;
VISION,SUB-M 8;
VISION,SVTU 14;
VISION,SVTU 9;
VISION,SWII 9;
VISION,T 14;
VISION,T 208;
VISION,T 233;
VISION,T 271;
VISION,T 351;
VISION,T 352;
VISION,T 353;
VISION,T 445;
VISION,T 446;
VISION,TB 10;
VISION,TB 43;
VISION,TB 44;
VISION,TB '97;
VISION,TS 10;
VISION,TTA2 12/2;
VISION,UX 191;
VISION,UX 335;
VISION,UX 336;
VISION,V 1;
VISION,V 2;
VISION,V 3;
VISION,V 4;
VISION,V&SW 1;
VISION,V&SW 2;
VISION,V&SW2 1;
VISION,V&SW2 10;
VISION,V&SW2 11;
VISION,V&SW2 12;
VISION,V&SW2 2;
VISION,V&SW2 3;
VISION,V&SW2 4;
VISION,V&SW2 5;
VISION,V&SW2 6;
VISION,V&SW2 7;
VISION,V&SW2 8;
VISION,V&SW2 9;
VISION,V&SW 3;
VISION,V&SW 4;
VISION,W2 134;
VISION,W2 9;
VISION,WCA 1;
VISION,WCA2 2;
VISION,WCA2 3;
VISION,WCA2 30;
VISION,WCA2 33;
VISION,WCA2 34;
VISION,WCA2 35;
VISION,WCA2 36;
VISION,WCA2 37;
VISION,WCA2 38;
VISION,WCA2 39;
VISION,WCA2 40;
VISION,WCA2 42;
VISION,WCA2 43;
VISION,WCA2 44;
VISION,WCA2 45;
VISION,WCA 3;
VISION,WCA 4;
VISION,WIW 8;
VISION,WM 1;
VISION,WM2 13;
VISION,WM2 14;
VISION,WM2 8;
VISION,WOSM 46;
VISION,X 55;
VITCHEN,MGK2 1;
VITCHEN,MGK2 2;
VITCHEN,MGK2 4;
VIVISECTOR/MYLES ALF,XFOR 117;
VIXEN,XCAL 21;
VIXEN,XCAL 27;
VIXEN,XCAL 32;
VIXEN,XCAL 55;
VIZIER,A 310;
VIZIER,DAZZ 16;
VIZIER,JIM -1;
VIZIER,JIM 504;
VIZIER,JIM 505;
VIZIER,JIM 508;
VIZIER,JIM 509;
VIZIER,JIM 510;
VIZIER,JIM 511;
VIZIER,JIM 512;
VIZIER,JIM 513;
VIZIER,M/GN 30;
VIZIER,M/GN 33;
VIZIER,M/SH3 9/2;
VIZIER,NM 83;
VIZIER,T 15/3;
VIZIER,T 17/3;
VIZIER,T 180;
VIZIER,T 181;
VIZIER,T 184;
VIZIER,T 185;
VIZIER,T 186;
VIZIER,T 187;
VIZIER,T 188;
VIZIER,T 189;
VIZIER,T 194;
VIZIER,T 195;
VIZIER,T 198;
VIZIER,T 199;
VIZIER,T 201;
VIZIER,T 202;
VIZIER,T 203;
VIZIER,T 204;
VIZIER,T 206;
VIZIER,T 209;
VIZIER,T 218;
VIZIER,T 220;
VIZIER,T 221;
VIZIER,T 222;
VIZIER,T 230;
VIZIER,T 232;
VIZIER,T 233;
VIZIER,T 235;
VIZIER,T 236;
VIZIER,T 237;
VIZIER,T 238;
VIZIER,T 240;
VIZIER,T 243;
VIZIER,T 244;
VIZIER,T 248;
VIZIER,T 249;
VIZIER,T 250;
VIZIER,T 251;
VIZIER,T 252;
VIZIER,T 255;
VIZIER,T 259;
VIZIER,T2 9;
VIZIER,T 312;
VIZIER,T 320;
VIZIER,T 321;
VIZIER,T 386;
VIZIER,T 391;
VIZIER,T 392;
VIZIER,T 393;
VIZIER,T 394;
VIZIER,T 395;
VIZIER,T 396;
VIZIER,T 398;
VIZIER,T 400;
VIZIER,T 400/4;
VIZIER,T 402;
VIZIER,T 403;
VIZIER,T 404;
VIZIER,T 405;
VIZIER,T 408;
VIZIER,T 417;
VIZIER,T 417/2;
VIZIER,T 418/2;
VIZIER,T 419/2;
VIZIER,T 420/2;
VIZIER,T 421/2;
VIZIER,T 422/2;
VIZIER,T 423/2;
VIZIER,T 424/2;
VIZIER,T 425;
VIZIER,T 426;
VIZIER,T 432;
VIZIER,T 434;
VIZIER,T 447;
VIZIER,T 449;
VIZIER,T 450;
VIZIER,T 454;
VIZIER,T 475;
VIZIER,T 482/2;
VIZIER,T 484;
VIZIER,T 487;
VIZIER,T 490;
VIZIER,TS 15;
VIZIER,TS 23;
VOGEL,XFOR 106;
VOGE, TULLAMORE,UX 383;
VOGE, TULLAMORE,UX 384;
VOGE, TULLAMORE,UX 385;
VOGHT, AMELIA,HFH '98;
VOGHT, AMELIA,M:DS 1;
VOGHT, AMELIA,M:DS 2;
VOGHT, AMELIA,M:DS 3;
VOGHT, AMELIA,M:DS 4;
VOGHT, AMELIA,MR 1;
VOGHT, AMELIA,QS 11;
VOGHT, AMELIA,QS 12;
VOGHT, AMELIA,UX '00;
VOGHT, AMELIA,UX 309;
VOGHT, AMELIA,UX 315;
VOGHT, AMELIA,UX 380;
VOGHT, AMELIA,UX 393;
VOGHT, AMELIA,UX '99;
VOGHT, AMELIA,X -1;
VOGHT, AMELIA,X 112;
VOGHT, AMELIA,X 42;
VOGHT, AMELIA,X 43;
VOGHT, AMELIA,X 44;
VOGHT, AMELIA,XFOR 94;
VOGHT, AMELIA,XFOR 95;
VOGHT, AMELIA,X:MW 1;
VOGHT, AMELIA,X:PRIME;
VOGHT, AMELIA,XU 24/2;
VOICE,CA 369;
VOICE,CA 370;
VOICE,TTA 42;
VOICE,WCA 36;
VOICE,WCA 37;
VOID-EATER,SENSM '96/2;
VOID,SENTRY 1;
VOLCANA ASH,AA2 27;
VOLCANA ASH,AA2 28;
VOLCANA ASH,AA2 29;
VOLCANA ASH,AA2 31;
VOLCANA/MARSHA ROSEN,A 266;
VOLCANA/MARSHA ROSEN,AUP 4;
VOLCANA/MARSHA ROSEN,FF 23/2;
VOLCANA/MARSHA ROSEN,FF 24/2;
VOLCANA/MARSHA ROSEN,FF 318;
VOLCANA/MARSHA ROSEN,FF 319;
VOLCANA/MARSHA ROSEN,H2 442;
VOLCANA/MARSHA ROSEN,M/CP 88/4;
VOLCANA/MARSHA ROSEN,M/SHSW 11;
VOLCANA/MARSHA ROSEN,M/SHSW 12;
VOLCANA/MARSHA ROSEN,M/SHSW 3;
VOLCANA/MARSHA ROSEN,M/SHSW 4;
VOLCANA/MARSHA ROSEN,M/SHSW 5;
VOLCANA/MARSHA ROSEN,M/SHSW 6;
VOLCANA/MARSHA ROSEN,M/SHSW 7;
VOLCANA/MARSHA ROSEN,M/SHSW 8;
VOLCANA/MARSHA ROSEN,SWII 1;
VOLCANA/MARSHA ROSEN,SWII 3;
VOLCANA/MARSHA ROSEN,SWII 4;
VOLCANA/MARSHA ROSEN,SWII 6;
VOLCANA/MARSHA ROSEN,SWII 7;
VOLCANA/MARSHA ROSEN,SWII 8;
VOLCANA/MARSHA ROSEN,SWII 9;
VOLGA BELLE/,DHAWK 16;
VOLGA BELLE/,DHAWK 17;
VOLGA BELLE/,DHAWK 18;
VOLKHVY,FW 11;
VOLKHVY,FW 12;
VOLK/ILYA DUBROMOVIT,W2 '97;
VOLLA,T2 1;
VOLLA,T2 2;
VOLLA,T2 29;
VOLLA,T2 32;
VOLLA,T2 35;
VOLLA,T 277;
VOLSTAGG,A 249;
VOLSTAGG,A 310;
VOLSTAGG,BIZADV 32;
VOLSTAGG,DAZZ 16;
VOLSTAGG,H2 102;
VOLSTAGG,H2 422;
VOLSTAGG,H2 423;
VOLSTAGG,IG 2;
VOLSTAGG,IMSVS 2/3;
VOLSTAGG,JIM -1;
VOLSTAGG,JIM 119/2;
VOLSTAGG,JIM 122/2;
VOLSTAGG,JIM 123/2;
VOLSTAGG,JIM 124/2;
VOLSTAGG,JIM 125/2;
VOLSTAGG,JIM 504;
VOLSTAGG,JIM 505;
VOLSTAGG,JIM 509;
VOLSTAGG,JIM 510;
VOLSTAGG,JIM 512;
VOLSTAGG,JIM 513;
VOLSTAGG,M/CP 66/4;
VOLSTAGG,M/:LG 5;
VOLSTAGG,M/SH3 5;
VOLSTAGG,M/SH3 9/2;
VOLSTAGG,M/SPT 30;
VOLSTAGG | MUTANT X-,MX '01;
VOLSTAGG,NM 84;
VOLSTAGG,NM 85;
VOLSTAGG,NM 86;
VOLSTAGG,NM 87;
VOLSTAGG,NMSE 1;
VOLSTAGG,PP 15;
VOLSTAGG,SS3 111;
VOLSTAGG,SS 4;
VOLSTAGG,T 10;
VOLSTAGG,T 126/2;
VOLSTAGG,T 128;
VOLSTAGG,T 128/2;
VOLSTAGG,T 129/2;
VOLSTAGG,T 130/2;
VOLSTAGG,T 131/2;
VOLSTAGG,T 132/2;
VOLSTAGG,T 133/2;
VOLSTAGG,T 134/2;
VOLSTAGG,T 135/2;
VOLSTAGG,T 136/2;
VOLSTAGG,T 137/2;
VOLSTAGG,T 138/2;
VOLSTAGG,T 139/2;
VOLSTAGG,T 140/2;
VOLSTAGG,T 141/2;
VOLSTAGG,T 142/2;
VOLSTAGG,T 143/2;
VOLSTAGG,T 144/2;
VOLSTAGG,T 145/2;
VOLSTAGG,T 15/3;
VOLSTAGG,T 155;
VOLSTAGG,T 156;
VOLSTAGG,T 157;
VOLSTAGG,T 158;
VOLSTAGG,T 159;
VOLSTAGG,T 162;
VOLSTAGG,T 168;
VOLSTAGG,T 169;
VOLSTAGG,T 170;
VOLSTAGG,T 17/3;
VOLSTAGG,T 175;
VOLSTAGG,T 176;
VOLSTAGG,T 177;
VOLSTAGG,T 180;
VOLSTAGG,T 181;
VOLSTAGG,T 184;
VOLSTAGG,T 185;
VOLSTAGG,T 186;
VOLSTAGG,T 187;
VOLSTAGG,T 188;
VOLSTAGG,T 189;
VOLSTAGG,T 191;
VOLSTAGG,T 192;
VOLSTAGG,T 194;
VOLSTAGG,T 195;
VOLSTAGG,T 196;
VOLSTAGG,T 197;
VOLSTAGG,T 198;
VOLSTAGG,T 199;
VOLSTAGG,T 2;
VOLSTAGG,T 200;
VOLSTAGG,T 201;
VOLSTAGG,T 202;
VOLSTAGG,T 203;
VOLSTAGG,T 204;
VOLSTAGG,T 205;
VOLSTAGG,T 206;
VOLSTAGG,T 208;
VOLSTAGG,T 211;
VOLSTAGG,T2 11;
VOLSTAGG,T 212;
VOLSTAGG,T2 12;
VOLSTAGG,T2 13;
VOLSTAGG,T2 14;
VOLSTAGG,T2 15;
VOLSTAGG,T 216;
VOLSTAGG,T2 16;
VOLSTAGG,T 217;
VOLSTAGG,T 218;
VOLSTAGG,T2 18;
VOLSTAGG,T2 21;
VOLSTAGG,T2 28;
VOLSTAGG,T2 29;
VOLSTAGG,T2 30;
VOLSTAGG,T2 31;
VOLSTAGG,T2 32;
VOLSTAGG,T2 35;
VOLSTAGG,T2 36;
VOLSTAGG,T2 39;
VOLSTAGG,T 240;
VOLSTAGG,T 242;
VOLSTAGG,T 243;
VOLSTAGG,T 244;
VOLSTAGG,T 245;
VOLSTAGG,T 246;
VOLSTAGG,T 247;
VOLSTAGG,T 248;
VOLSTAGG,T 249;
VOLSTAGG,T 250;
VOLSTAGG,T 251;
VOLSTAGG,T 255;
VOLSTAGG,T 256;
VOLSTAGG,T 257;
VOLSTAGG,T 258;
VOLSTAGG,T 259;
VOLSTAGG,T 260;
VOLSTAGG,T 261;
VOLSTAGG,T 262;
VOLSTAGG,T 263;
VOLSTAGG,T 264;
VOLSTAGG,T 265;
VOLSTAGG,T 266;
VOLSTAGG,T 267;
VOLSTAGG,T 269;
VOLSTAGG,T 273;
VOLSTAGG,T 274;
VOLSTAGG,T 275;
VOLSTAGG,T 276;
VOLSTAGG,T 277;
VOLSTAGG,T 278;
VOLSTAGG,T 286;
VOLSTAGG,T 287;
VOLSTAGG,T 288;
VOLSTAGG,T 291;
VOLSTAGG,T 301;
VOLSTAGG,T 302;
VOLSTAGG,T 313;
VOLSTAGG,T 323;
VOLSTAGG,T 325/2;
VOLSTAGG,T 326/2;
VOLSTAGG,T 327;
VOLSTAGG,T 328;
VOLSTAGG,T 337;
VOLSTAGG,T 338;
VOLSTAGG,T 339;
VOLSTAGG,T 340;
VOLSTAGG,T 341;
VOLSTAGG,T 347;
VOLSTAGG,T 348;
VOLSTAGG,T 349;
VOLSTAGG,T 350;
VOLSTAGG,T 351;
VOLSTAGG,T 352;
VOLSTAGG,T 354;
VOLSTAGG,T 355;
VOLSTAGG,T 357;
VOLSTAGG,T 358;
VOLSTAGG,T 359;
VOLSTAGG,T 360;
VOLSTAGG,T 361;
VOLSTAGG,T 364;
VOLSTAGG,T 365;
VOLSTAGG,T 366;
VOLSTAGG,T 367;
VOLSTAGG,T 368;
VOLSTAGG,T 371;
VOLSTAGG,T 372;
VOLSTAGG,T 373;
VOLSTAGG,T 374;
VOLSTAGG,T 376;
VOLSTAGG,T 378;
VOLSTAGG,T 381;
VOLSTAGG,T 382;
VOLSTAGG,T 386;
VOLSTAGG,T 390;
VOLSTAGG,T 391;
VOLSTAGG,T 392;
VOLSTAGG,T 393;
VOLSTAGG,T 394;
VOLSTAGG,T 395;
VOLSTAGG,T 396;
VOLSTAGG,T 397;
VOLSTAGG,T 398;
VOLSTAGG,T 400;
VOLSTAGG,T 400/2;
VOLSTAGG,T 404;
VOLSTAGG,T 417/2;
VOLSTAGG,T 420/2;
VOLSTAGG,T 421/2;
VOLSTAGG,T 422/2;
VOLSTAGG,T 423/2;
VOLSTAGG,T 424/2;
VOLSTAGG,T 425;
VOLSTAGG,T 426;
VOLSTAGG,T 432;
VOLSTAGG,T 434;
VOLSTAGG,T 447;
VOLSTAGG,T 447/2;
VOLSTAGG,T 450;
VOLSTAGG,T 451;
VOLSTAGG,T 453;
VOLSTAGG,T 453/2;
VOLSTAGG,T 454;
VOLSTAGG,T 454/2;
VOLSTAGG,T 455;
VOLSTAGG,T 456;
VOLSTAGG,T 477;
VOLSTAGG,T 479;
VOLSTAGG,T 482;
VOLSTAGG,T 482/2;
VOLSTAGG,T 487;
VOLSTAGG,T 488;
VOLSTAGG,T 489;
VOLSTAGG,T 490;
VOLSTAGG,T 9;
VOLSTAGG,TS 18/2;
VOLSTAGG,TTA 101;
VOLX,NW 73;
VOLX,NW 74;
VOLX,NW 75;
VON DOOM, CYNTHIA,DSDDGB;
VON DOOM, CYNTHIA,DSDDGN;
VON FRANKENSTEIN, BA,DRSTR3 37;
VON FRANKENSTEIN, BA,FRANK MON 18;
VON FRANKENSTEIN, BA,IM 102;
VON RICHTOFEN, LT. M,PUN5 10;
VON RICHTOFEN, LT. M,PUN5 11;
VON RICHTOFEN, LT. M,PUN5 12;
VON RICHTOFEN, LT. M,PUN5 4;
VON RICHTOFEN, LT. M,PUN5 5;
VON RICHTOFEN, LT. M,PUN5 8;
VON RICHTOFEN, LT. M,PUN5 9;
VON STRUCKER, WERNER,DD 307;
VON STRUCKER, WERNER,DD 308;
VON STRUCKER, WERNER,DD 309;
VON STRUCKER, WERNER,NF3 14;
VON STRUCKER, WERNER,NOM2 4;
VON STRUCKER, WERNER,NOM2 5;
VON VOLTZMANN, FRITZ,M/:LG 3;
VONYA, DR. ANATOLY,DHAWK 16;
VONYA, DR. ANATOLY,DHAWK 17;
VONYA, DR. ANATOLY,DHAWK 18;
VOR/TEX,IM 307;
VOR/TEX,IM 308;
VOR/TEX,IM 309;
VORZEN,SS3 116;
VORZEN,SS3 117;
VORZEN,SS3 118;
VORZEN,SS3 120;
VORZEN,SS3 121;
VOSTOK,A 319;
VOSTOK,A 320;
VOSTOK,A 321;
VOSTOK,A 322;
VOSTOK,A 323;
VOSTOK,A 324;
VOSTOK,CA 352;
VOSTOK,CA 353;
VOSTOK,H2 393;
VOSTOK,IM3 10;
VOSTOK,IM3 9;
VOSTOK,MAXSEC 3;
VOSTOK,SSS 1;
VOYAGER,Q 33;
VRIES, KALI,USA2 1;
VRIES, KALI,USA2 2;
VULCAN/,M/:LG 7;
VULTURE/ADRIAN TOOME,ASM 1;
VULTURE/ADRIAN TOOME,ASM 18;
VULTURE/ADRIAN TOOME,ASM 2;
VULTURE/ADRIAN TOOME,ASM2 12;
VULTURE/ADRIAN TOOME,ASM 224;
VULTURE/ADRIAN TOOME,ASM 240;
VULTURE/ADRIAN TOOME,ASM 241;
VULTURE/ADRIAN TOOME,ASM 336;
VULTURE/ADRIAN TOOME,ASM 337;
VULTURE/ADRIAN TOOME,ASM 338;
VULTURE/ADRIAN TOOME,ASM 339;
VULTURE/ADRIAN TOOME,ASM 396;
VULTURE/ADRIAN TOOME,ASM 48;
VULTURE/ADRIAN TOOME,ASM 63;
VULTURE/ADRIAN TOOME,ASM 64;
VULTURE/ADRIAN TOOME,ASM 7;
VULTURE/ADRIAN TOOME,ASM:FO 1;
VULTURE/ADRIAN TOOME,ASM:FO 2;
VULTURE/ADRIAN TOOME,ASMU 10;
VULTURE/ADRIAN TOOME,ASMU 9;
VULTURE/ADRIAN TOOME,DD 225;
VULTURE/ADRIAN TOOME,NM 83;
VULTURE/ADRIAN TOOME,NM 84;
VULTURE/ADRIAN TOOME,NM 85;
VULTURE/ADRIAN TOOME,NM 86;
VULTURE/ADRIAN TOOME,PP 33;
VULTURE/ADRIAN TOOME,PPSM2 12;
VULTURE/ADRIAN TOOME,PPTSS 186;
VULTURE/ADRIAN TOOME,PPTSS 187;
VULTURE/ADRIAN TOOME,PPTSS 188;
VULTURE/ADRIAN TOOME,PPTSS 219;
VULTURE/ADRIAN TOOME,PPTSS 4;
VULTURE/ADRIAN TOOME,PPTSS 44;
VULTURE/ADRIAN TOOME,PPTSS 45;
VULTURE/ADRIAN TOOME,PPTSS 5;
VULTURE/ADRIAN TOOME,PPTSS 56;
VULTURE/ADRIAN TOOME,PROWL 1;
VULTURE/ADRIAN TOOME,SENSM 16;
VULTURE/ADRIAN TOOME,SENSM 17;
VULTURE/ADRIAN TOOME,SENSM 18;
VULTURE/ADRIAN TOOME,SENSM 26;
VULTURE/ADRIAN TOOME,SENSM 27;
VULTURE/ADRIAN TOOME,SENSM 28;
VULTURE/ADRIAN TOOME,S-M 18;
VULTURE/ADRIAN TOOME,S-M 19;
VULTURE/ADRIAN TOOME,S-M 20;
VULTURE/ADRIAN TOOME,S-M 21;
VULTURE/ADRIAN TOOME,S-M 22;
VULTURE/ADRIAN TOOME,S-M 23;
VULTURE/ADRIAN TOOME,S-M 62;
VULTURE/ADRIAN TOOME,SWII 7;
VULTURE/ADRIAN TOOME,W/C;
VULTURE/ADRIAN TOOME,WOSM 23;
VULTURE/ADRIAN TOOME,WOSM 24;
VULTURE/ADRIAN TOOME,WOSM 3;
VULTURE/ADRIAN TOOME,WOSM 45;
VULTURE II/BLACKIE D,ASM 48;
VULTURE II/BLACKIE D,ASM 49;
VULTURE II/BLACKIE D,ASM 63;
VULTURE III/DR. CLIF,ASM 127;
VULTURE III/DR. CLIF,ASM 128;
VYREK,M/:LG 3;
VYREK,N 19;
VYREK,N 20;
VYREK,SS3 119;
VYREK,VYRRA;
WADE, AGENT JOE,ASS 1;
WADE, AGENT JOE,ASS 2;
WADE, AGENT JOE,NW 67;
WADE, AGENT JOE,SCARSPI 2;
WADE, AGENT JOE,SSCARSPI 1;
WADE, AGENT JOE,SSCARSPI 2;
WADE, AGENT JOE,WOSS 2;
WADE, AGENT JOE,WOSS 3;
WADE, AGENT JOE,WOSS 4;
WAGNER, ERNIE WHACK,DD 338;
WAGNER, ERNIE WHACK,DD 339;
WALDERS, BEATRICE,IM3 39;
WALDERS, BEATRICE,IM3 40;
WALDO,A 351;
WALDO,CX 14;
WALDO,CX 15;
WALDO,NM 19;
WALDO,UX 108;
WALDO,UX 156;
WALDO,UX 157;
WALDO,UX 201;
WALDO,XSOS 1;
WALKABOUT,M/:LG 10;
WALKABOUT,M/:LG 11;
WALKABOUT,M/:LG 12;
WALKER,CM5 17;
WALKER,CM5 18;
WALKER, JILL,H 18/2;
WALKER, MICKEY,A '00;
WALKER, SHERIFF CHAN,N 26;
WALKER, SHERIFF CHAN,N 27;
WALKER, SHERIFF CHAN,N 29;
WALKER, TESS,N 26;
WALKER, TESS,N 27;
WALKER, TESS,N 28;
WALKER, TESS,N 29;
WALL/,C2 79;
WALL/,C2 81;
WALL/,C2 82;
WALL/,C2 83;
WALL/,C2 84;
WALLOP/WALTER DESTIN,X&CD 1;
WALLOP/WALTER DESTIN,X&CD 2;
WALRUS,PPTSS 185;
WALRUSS,H2 271;
WALRUSS,ROCRAC 1;
WALRUSS,ROCRAC 2;
WALRUSS,ROCRAC 3;
WALRUSS,ROCRAC 4;
WALSH, CAPT. ALEXAND,M/TU 97;
WALSH, CAPT. ALEXAND,S-W 21;
WALSH, CAPT. ALEXAND,S-W 23;
WALSH, CAPT. ALEXAND,S-W 24;
WALSH, CAPT. ALEXAND,S-W 25;
WALSH, CAPT. ALEXAND,S-W 28;
WALSH, CAPT. ALEXAND,S-W 30;
WALSH, LYNN,GG 1;
WALSH, LYNN,GG 2;
WALSH, LYNN,GG 3;
WALSH, LYNN,GG 4;
WALTERS, BILLY,ASM 430;
WALTERS, BILLY,ASM 432;
WALTERS, BILLY,ASM 433;
WALTERS, BILLY,PPTSS 235;
WALTERS, BILLY,PPTSS 257;
WALTERS, BILLY,PPTSS 258;
WALTERS, BILLY,PPTSS 260;
WALTERS, BILLY,SENSM 11;
WALTERS, BILLY,SENSM 16;
WALTERS, BILLY,SENSM 17;
WALTERS, BILLY,SENSM 18;
WALTERS, BILLY,SENSM 21;
WALTERS, BILLY,SENSM 22;
WALTERS, BILLY,SENSM 24;
WALTERS, BILLY,SENSM 25;
WALTERS, BILLY,SENSM 26;
WALTERS, BILLY,SENSM 27;
WALTERS, BILLY,SENSM 28;
WALTERS, BILLY,SENSM 29;
WALTERS, BILLY,SENSM 30;
WALTERS, BILLY,SENSM 31;
WALTERS, BILLY,S-M 85;
WALTERS, CHAP,IM 326;
WALTERS, SHERIFF MOR,M/FAN 48;
WALTERS, SHERIFF MOR,S-H 11;
WALTERS, SHERIFF MOR,S-H 12;
WALTERS, SHERIFF MOR,S-H 15;
WALTERS, SHERIFF MOR,S-H 16;
WALTERS, SHERIFF MOR,S-H 17;
WALTERS, SHERIFF MOR,S-H 18;
WALTERS, SHERIFF MOR,S-H 19;
WALTERS, SHERIFF MOR,S-H 2;
WALTERS, SHERIFF MOR,S-H 20;
WALTERS, SHERIFF MOR,S-H 21;
WALTERS, SHERIFF MOR,S-H 22;
WALTERS, SHERIFF MOR,S-H 23;
WALTERS, SHERIFF MOR,S-H2 36;
WALTERS, SHERIFF MOR,S-H2 38;
WALTERS, SHERIFF MOR,S-H 24;
WALTERS, SHERIFF MOR,S-H2 49;
WALTERS, SHERIFF MOR,S-H 25;
WALTERS, SHERIFF MOR,S-H 3;
WALTERS, SHERIFF MOR,S-H 4;
WALTERS, SHERIFF MOR,S-H 5;
WALTERS, SHERIFF MOR,S-H 6;
WANDERER,UX 385;
WANDERER,X 103;
WANG, LI,IM 270;
WANG, LI,IM 271;
WANG, LI,IM 273;
WANG, VICTORIA VICKY,XF 77;
WANG, VICTORIA VICKY,XF 78;
WAR/ABRAHAM LINCOLN,DD 252;
WAR/ABRAHAM LINCOLN,MX '00;
WAR/ABRAHAM LINCOLN,MX 19;
WAR/ABRAHAM LINCOLN,MX 22;
WAR/ABRAHAM LINCOLN,UX 294;
WAR/ABRAHAM LINCOLN,UX 295;
WAR/ABRAHAM LINCOLN,W2 147;
WAR/ABRAHAM LINCOLN,XF 11;
WAR/ABRAHAM LINCOLN,XF 15;
WAR/ABRAHAM LINCOLN,XF 17;
WAR/ABRAHAM LINCOLN,XF 19;
WAR/ABRAHAM LINCOLN,XF 21;
WAR/ABRAHAM LINCOLN,XF 22;
WAR/ABRAHAM LINCOLN,XF 23;
WAR/ABRAHAM LINCOLN,XF 24;
WAR/ABRAHAM LINCOLN,XF 25;
WAR/ABRAHAM LINCOLN,XF 26;
WAR/ABRAHAM LINCOLN,XF 27;
WAR/ABRAHAM LINCOLN,XF 84;
WARBOW/,NW2 4;
WARBOW/,NW2 7;
WARD, SEN. STEWART,ASM2 12;
WARD, SEN. STEWART,ASM2 20;
WARD, SEN. STEWART,ASM2 21;
WARD, SEN. STEWART,ASM2 22;
WARD, SEN. STEWART,ASM2 23;
WARD, SEN. STEWART,ASM2 24;
WARD, SEN. STEWART,ASM2 4;
WARD, SEN. STEWART,ASM '99;
WARD, SEN. STEWART,PPSM2 1;
WARD, SEN. STEWART,PPSM2 4;
WARD, SEN. STEWART,PPSM2 6;
WARFARE/,WOSM 92;
WARFIST,FW 6;
WARFIST,FW 7;
WARFIST,WARM 9;
WARGOD/MORA HAGER,M/CP 80/2;
WARGOD/MORA HAGER,M/CP 81/2;
WARHAWK II,BG 2;
WARHAWK II,BG 3;
WARHAWK III/TOM NAKA,UX 261;
WARHAWK II,M/PRM 23;
WARHAWK II,PM&IF 76;
WARHAWK II,PM&IF 83;
WARHAWK II,UX 110;
WARHEAD/GREGORY SLIV,NO2 13;
WARHEAD/GREGORY SLIV,NO2 14;
WARHEAD/GREGORY SLIV,NO2 8;
WARHEAD/GREGORY SLIV,NO2 9;
WARKOVSKY, SEN.,USA2 1;
WARKOVSKY, SEN.,USA2 2;
WARLOCK II/ADAM WARL,A 118;
WARLOCK II/ADAM WARL,A 7;
WARLOCK II/ADAM WARL,AF 111;
WARLOCK II/ADAM WARL,CPU 1;
WARLOCK II/ADAM WARL,DRSTR3 32;
WARLOCK II/ADAM WARL,DRSTR3 36;
WARLOCK II/ADAM WARL,FF 369;
WARLOCK II/ADAM WARL,FF 370;
WARLOCK II/ADAM WARL,FF 67;
WARLOCK II/ADAM WARL,H2 158;
WARLOCK II/ADAM WARL,H2 176;
WARLOCK II/ADAM WARL,H2 177;
WARLOCK II/ADAM WARL,H2 178;
WARLOCK II/ADAM WARL,IG 1;
WARLOCK II/ADAM WARL,IG 2;
WARLOCK II/ADAM WARL,IG 3;
WARLOCK II/ADAM WARL,IG 4;
WARLOCK II/ADAM WARL,IG 5;
WARLOCK II/ADAM WARL,IG 6;
WARLOCK II/ADAM WARL,IW 1;
WARLOCK II/ADAM WARL,IW 2;
WARLOCK II/ADAM WARL,IW 3;
WARLOCK II/ADAM WARL,IW 4;
WARLOCK II/ADAM WARL,IW 5;
WARLOCK II/ADAM WARL,IW 6;
WARLOCK II/ADAM WARL,M/CP 108/4;
WARLOCK II/ADAM WARL,M/CP 111/4;
WARLOCK II/ADAM WARL,MK3 44;
WARLOCK II/ADAM WARL,M/PRM 1;
WARLOCK II/ADAM WARL,M/PRM 2;
WARLOCK II/ADAM WARL,M/TIO 2;
WARLOCK II/ADAM WARL,M/TIO 62;
WARLOCK II/ADAM WARL,M/TIO 63;
WARLOCK II/ADAM WARL,M/TU 55;
WARLOCK II/ADAM WARL,Q 27;
WARLOCK II/ADAM WARL,Q 38;
WARLOCK II/ADAM WARL,SS3 46;
WARLOCK II/ADAM WARL,SS3 47;
WARLOCK II/ADAM WARL,SS3 48;
WARLOCK II/ADAM WARL,SS3 52;
WARLOCK II/ADAM WARL,SS3 54;
WARLOCK II/ADAM WARL,SS3 55;
WARLOCK II/ADAM WARL,SS3 56;
WARLOCK II/ADAM WARL,SS3 58;
WARLOCK II/ADAM WARL,SS3 59;
WARLOCK II/ADAM WARL,SS3 60;
WARLOCK II/ADAM WARL,SS3 94;
WARLOCK II/ADAM WARL,SS/RUNE/2;
WARLOCK II/ADAM WARL,ST 178;
WARLOCK II/ADAM WARL,ST 179;
WARLOCK II/ADAM WARL,ST 180;
WARLOCK II/ADAM WARL,ST 181;
WARLOCK II/ADAM WARL,T 165;
WARLOCK II/ADAM WARL,T 166;
WARLOCK II/ADAM WARL,WIW 1;
WARLOCK II/ADAM WARL,WIW 10;
WARLOCK II/ADAM WARL,WIW 2;
WARLOCK II/ADAM WARL,WIW 3;
WARLOCK II/ADAM WARL,WIW 4;
WARLOCK II/ADAM WARL,WIW 5;
WARLOCK II/ADAM WARL,WIW 6;
WARLOCK II/ADAM WARL,WIW 7;
WARLOCK II/ADAM WARL,WIW 8;
WARLOCK II/ADAM WARL,WLOCK 1;
WARLOCK II/ADAM WARL,WLOCK 10;
WARLOCK II/ADAM WARL,WLOCK 11;
WARLOCK II/ADAM WARL,WLOCK 12;
WARLOCK II/ADAM WARL,WLOCK 13;
WARLOCK II/ADAM WARL,WLOCK 14;
WARLOCK II/ADAM WARL,WLOCK 15;
WARLOCK II/ADAM WARL,WLOCK 2;
WARLOCK II/ADAM WARL,WLOCK2 1;
WARLOCK II/ADAM WARL,WLOCK2 2;
WARLOCK II/ADAM WARL,WLOCK2 3;
WARLOCK II/ADAM WARL,WLOCK2 4;
WARLOCK II/ADAM WARL,WLOCK 3;
WARLOCK II/ADAM WARL,WLOCK 4;
WARLOCK II/ADAM WARL,WLOCK 5;
WARLOCK II/ADAM WARL,WLOCK 6;
WARLOCK II/ADAM WARL,WLOCK 7;
WARLOCK II/ADAM WARL,WLOCK 8;
WARLOCK II/ADAM WARL,WLOCK 9;
WARLOCK II/ADAM WARL,WM2 14;
WARLOCK III,A 299;
WARLOCK III,C&D3 4;
WARLOCK III,FA 1;
WARLOCK III,FA 2;
WARLOCK III,FA 3;
WARLOCK III,FA 4;
WARLOCK III,FA 5;
WARLOCK III,FA 6;
WARLOCK III,FA 7;
WARLOCK III,FA 8;
WARLOCK III,M/AGE 4;
WARLOCK III,M/CP 71;
WARLOCK III,M/CP 71/4;
WARLOCK III,M/FAN 55;
WARLOCK III,M/TU 7;
WARLOCK III,NM 1;
WARLOCK III,NM 18;
WARLOCK III,NM 2;
WARLOCK III,NM 21;
WARLOCK III,NM 22;
WARLOCK III,NM 26;
WARLOCK III,NM 27;
WARLOCK III,NM 3;
WARLOCK III,NM 32;
WARLOCK III,NM 33;
WARLOCK III,NM 34;
WARLOCK III,NM 35;
WARLOCK III,NM 36;
WARLOCK III,NM 37;
WARLOCK III,NM 38;
WARLOCK III,NM 39;
WARLOCK III,NM 4;
WARLOCK III,NM 40;
WARLOCK III,NM 4/2;
WARLOCK III,NM 43;
WARLOCK III,NM 44;
WARLOCK III,NM 45;
WARLOCK III,NM 46;
WARLOCK III,NM 47;
WARLOCK III,NM 49;
WARLOCK III,NM 5;
WARLOCK III,NM 50;
WARLOCK III,NM 51;
WARLOCK III,NM 52;
WARLOCK III,NM 59;
WARLOCK III,NM 6;
WARLOCK III,NM 60;
WARLOCK III,NM 61;
WARLOCK III,NM 62;
WARLOCK III,NM 64;
WARLOCK III,NM 65;
WARLOCK III,NM 66;
WARLOCK III,NM 67;
WARLOCK III,NM 68;
WARLOCK III,NM 69;
WARLOCK III,NM 70;
WARLOCK III,NM 71;
WARLOCK III,NM 72;
WARLOCK III,NM 73;
WARLOCK III,NM 74;
WARLOCK III,NM 75;
WARLOCK III,NM 76;
WARLOCK III,NM 77;
WARLOCK III,NM 78;
WARLOCK III,NM 79;
WARLOCK III,NM 80;
WARLOCK III,NM 81;
WARLOCK III,NM 82;
WARLOCK III,NM 83;
WARLOCK III,NM 84;
WARLOCK III,NM 85;
WARLOCK III,NM 86;
WARLOCK III,NM 87;
WARLOCK III,NM 88;
WARLOCK III,NM 89;
WARLOCK III,NM 90;
WARLOCK III,NM 91;
WARLOCK III,NM 93;
WARLOCK III,NM 94;
WARLOCK III,NM 95;
WARLOCK III,NM 97;
WARLOCK III,NMSE 1;
WARLOCK III,NMSS 1;
WARLOCK III,NM:TD 1;
WARLOCK III,NM:TD 2;
WARLOCK III,NM:TD 3;
WARLOCK III,PP 33;
WARLOCK III,PP 40;
WARLOCK III,PP 42;
WARLOCK III,PP 44;
WARLOCK III,Q 8;
WARLOCK III,SPELL 4;
WARLOCK III,SWII 1;
WARLOCK III,SWII 5;
WARLOCK III,SWII 7;
WARLOCK III,SWII 8;
WARLOCK III,SWII 9;
WARLOCK III,UX 10;
WARLOCK III,UX 14;
WARLOCK III,UX 190;
WARLOCK III,UX 191;
WARLOCK III,UX 200;
WARLOCK III,UX 201;
WARLOCK III,UX 230;
WARLOCK III,UX 231;
WARLOCK III,UX 270;
WARLOCK III,UX 8;
WARLOCK III,UX 9;
WARLOCK III,WOSM 2;
WARLOCK III,XCAL 8;
WARLOCK III,XF 41;
WARLOCK III,XF 5;
WARLOCK III,XF 62;
WARLOCK III,XTERM 4;
WARLORD,AA2 18;
WARLORD,AA2 20;
WARLORD,AA2 21;
WAR MACHINE II/PARNE,IM3 11;
WAR MACHINE II/PARNE,IM3 12;
WAR MACHINE II/PARNE,IM3 18;
WAR MACHINE II/PARNE,IM3 19;
WAR MACHINE II/PARNE,IM3 20;
WARP SAVANT,UX 394;
WARPY,GENX 40;
WARPY,GENX 42;
WARPY,GENX 43;
WARPY,GENX 44;
WARR,AA2 37;
WARREN, MR.,AAF 15;
WARREN, MR.,ASM 15;
WARREN, MR.,ASM 2;
WARREN, MR.,ASM 2/2;
WARREN, MR.,ASM 8;
WARRIOR WOMAN/JULIA,INV 16;
WARRIOR WOMAN/JULIA,INV 17;
WARRIOR WOMAN/JULIA,INV 18;
WARRIOR WOMAN/JULIA,INV 19;
WARRIOR WOMAN/JULIA,INV 20;
WARRIOR WOMAN/JULIA,INV 21;
WARRIOR WOMAN/JULIA,INV 40;
WARRIOR WOMAN/JULIA,INV 41;
WARRIOR WOMAN/JULIA,N 10;
WARRIOR WOMAN/JULIA,N 11;
WARRIOR WOMAN/JULIA,N 12;
WARRIOR WOMAN/JULIA,N 8;
WARSTAR,AWC 80;
WARSTAR,AWC 81;
WARSTAR,CA 398;
WARSTAR,INH3 3;
WARSTAR,INH3 4;
WARSTAR,Q 33;
WARSTAR,ROM 4;
WARSTAR,UX 137;
WARSTAR,UX 157;
WARSTAR,UX 275;
WARSTAR,UX 387;
WARSTAR,XSOS 2;
WARTON/WARBECK,TB 40;
WARTON/WARBECK,TB 45;
WARTON/WARBECK,TB 47;
WARTON/WARBECK,TB 48;
WARTON/WARBECK,TB 49;
WARTON/WARBECK,TB 50;
WAR TOY/ALKHEMA,A3 19;
WAR TOY/ALKHEMA,A3 20;
WAR TOY/ALKHEMA,A3 21;
WAR TOY/ALKHEMA,A3 22;
WAR TOY/ALKHEMA,AWC 90;
WAR TOY/ALKHEMA,AWC 91;
WASP/JANET VAN DYNE,A '01;
WASP/JANET VAN DYNE,A 1;
WASP/JANET VAN DYNE,A 10;
WASP/JANET VAN DYNE,A 100;
WASP/JANET VAN DYNE,A 11;
WASP/JANET VAN DYNE,A 12;
WASP/JANET VAN DYNE,A 13;
WASP/JANET VAN DYNE,A 135;
WASP/JANET VAN DYNE,A 137;
WASP/JANET VAN DYNE,A 139;
WASP/JANET VAN DYNE,A 14;
WASP/JANET VAN DYNE,A 140;
WASP/JANET VAN DYNE,A 141;
WASP/JANET VAN DYNE,A 146;
WASP/JANET VAN DYNE,A 148;
WASP/JANET VAN DYNE,A 1.5;
WASP/JANET VAN DYNE,A 15;
WASP/JANET VAN DYNE,A 150;
WASP/JANET VAN DYNE,A 151;
WASP/JANET VAN DYNE,A 152;
WASP/JANET VAN DYNE,A 153;
WASP/JANET VAN DYNE,A 154;
WASP/JANET VAN DYNE,A 155;
WASP/JANET VAN DYNE,A 156;
WASP/JANET VAN DYNE,A 157;
WASP/JANET VAN DYNE,A 158;
WASP/JANET VAN DYNE,A 159;
WASP/JANET VAN DYNE,A 16;
WASP/JANET VAN DYNE,A 160;
WASP/JANET VAN DYNE,A 161;
WASP/JANET VAN DYNE,A 162;
WASP/JANET VAN DYNE,A 164;
WASP/JANET VAN DYNE,A 166;
WASP/JANET VAN DYNE,A 167;
WASP/JANET VAN DYNE,A 168;
WASP/JANET VAN DYNE,A 170;
WASP/JANET VAN DYNE,A 171;
WASP/JANET VAN DYNE,A 172;
WASP/JANET VAN DYNE,A 173;
WASP/JANET VAN DYNE,A 174;
WASP/JANET VAN DYNE,A 175;
WASP/JANET VAN DYNE,A 176;
WASP/JANET VAN DYNE,A 177;
WASP/JANET VAN DYNE,A 178;
WASP/JANET VAN DYNE,A 179;
WASP/JANET VAN DYNE,A 18;
WASP/JANET VAN DYNE,A 180;
WASP/JANET VAN DYNE,A 181;
WASP/JANET VAN DYNE,A 182;
WASP/JANET VAN DYNE,A 183;
WASP/JANET VAN DYNE,A 184;
WASP/JANET VAN DYNE,A 185;
WASP/JANET VAN DYNE,A 186;
WASP/JANET VAN DYNE,A 187;
WASP/JANET VAN DYNE,A 188;
WASP/JANET VAN DYNE,A 19;
WASP/JANET VAN DYNE,A 190;
WASP/JANET VAN DYNE,A 191;
WASP/JANET VAN DYNE,A 192;
WASP/JANET VAN DYNE,A 19/3;
WASP/JANET VAN DYNE,A 193;
WASP/JANET VAN DYNE,A 19/4;
WASP/JANET VAN DYNE,A 194;
WASP/JANET VAN DYNE,A 195;
WASP/JANET VAN DYNE,A 196;
WASP/JANET VAN DYNE,A 197;
WASP/JANET VAN DYNE,A 198;
WASP/JANET VAN DYNE,A 199;
WASP/JANET VAN DYNE,A 2;
WASP/JANET VAN DYNE,A 200;
WASP/JANET VAN DYNE,A 201;
WASP/JANET VAN DYNE,A 202;
WASP/JANET VAN DYNE,A 203;
WASP/JANET VAN DYNE,A 204;
WASP/JANET VAN DYNE,A 205;
WASP/JANET VAN DYNE,A 206;
WASP/JANET VAN DYNE,A 207;
WASP/JANET VAN DYNE,A 208;
WASP/JANET VAN DYNE,A2 1;
WASP/JANET VAN DYNE,A 210;
WASP/JANET VAN DYNE,A2 10;
WASP/JANET VAN DYNE,A 211;
WASP/JANET VAN DYNE,A2 11;
WASP/JANET VAN DYNE,A 212;
WASP/JANET VAN DYNE,A2 12;
WASP/JANET VAN DYNE,A 213;
WASP/JANET VAN DYNE,A 214;
WASP/JANET VAN DYNE,A 217;
WASP/JANET VAN DYNE,A 218;
WASP/JANET VAN DYNE,A 219;
WASP/JANET VAN DYNE,A2 2;
WASP/JANET VAN DYNE,A 220;
WASP/JANET VAN DYNE,A 221;
WASP/JANET VAN DYNE,A 222;
WASP/JANET VAN DYNE,A 223;
WASP/JANET VAN DYNE,A 224;
WASP/JANET VAN DYNE,A 225;
WASP/JANET VAN DYNE,A 226;
WASP/JANET VAN DYNE,A 227;
WASP/JANET VAN DYNE,A 228;
WASP/JANET VAN DYNE,A 229;
WASP/JANET VAN DYNE,A 230;
WASP/JANET VAN DYNE,A 231;
WASP/JANET VAN DYNE,A 232;
WASP/JANET VAN DYNE,A 233;
WASP/JANET VAN DYNE,A 234;
WASP/JANET VAN DYNE,A 235;
WASP/JANET VAN DYNE,A 236;
WASP/JANET VAN DYNE,A 237;
WASP/JANET VAN DYNE,A 238;
WASP/JANET VAN DYNE,A 240;
WASP/JANET VAN DYNE,A 241;
WASP/JANET VAN DYNE,A 242;
WASP/JANET VAN DYNE,A 243;
WASP/JANET VAN DYNE,A 244;
WASP/JANET VAN DYNE,A 245;
WASP/JANET VAN DYNE,A 246;
WASP/JANET VAN DYNE,A 247;
WASP/JANET VAN DYNE,A 248;
WASP/JANET VAN DYNE,A 249;
WASP/JANET VAN DYNE,A 250;
WASP/JANET VAN DYNE,A 251;
WASP/JANET VAN DYNE,A 255;
WASP/JANET VAN DYNE,A 256;
WASP/JANET VAN DYNE,A 257;
WASP/JANET VAN DYNE,A 258;
WASP/JANET VAN DYNE,A 259;
WASP/JANET VAN DYNE,A 26;
WASP/JANET VAN DYNE,A 260;
WASP/JANET VAN DYNE,A 261;
WASP/JANET VAN DYNE,A 262;
WASP/JANET VAN DYNE,A 263;
WASP/JANET VAN DYNE,A 264;
WASP/JANET VAN DYNE,A 266;
WASP/JANET VAN DYNE,A 267;
WASP/JANET VAN DYNE,A 268;
WASP/JANET VAN DYNE,A 269;
WASP/JANET VAN DYNE,A 270;
WASP/JANET VAN DYNE,A 271;
WASP/JANET VAN DYNE,A 272;
WASP/JANET VAN DYNE,A 273;
WASP/JANET VAN DYNE,A 274;
WASP/JANET VAN DYNE,A 275;
WASP/JANET VAN DYNE,A 276;
WASP/JANET VAN DYNE,A 277;
WASP/JANET VAN DYNE,A 278;
WASP/JANET VAN DYNE,A 28;
WASP/JANET VAN DYNE,A2 8;
WASP/JANET VAN DYNE,A 280;
WASP/JANET VAN DYNE,A 283;
WASP/JANET VAN DYNE,A 284;
WASP/JANET VAN DYNE,A 285;
WASP/JANET VAN DYNE,A 29;
WASP/JANET VAN DYNE,A2 9;
WASP/JANET VAN DYNE,A 3;
WASP/JANET VAN DYNE,A 30;
WASP/JANET VAN DYNE,A 305;
WASP/JANET VAN DYNE,A 306;
WASP/JANET VAN DYNE,A 308;
WASP/JANET VAN DYNE,A 31;
WASP/JANET VAN DYNE,A3 1;
WASP/JANET VAN DYNE,A3 10;
WASP/JANET VAN DYNE,A3 11;
WASP/JANET VAN DYNE,A 312;
WASP/JANET VAN DYNE,A 314;
WASP/JANET VAN DYNE,A3 16;
WASP/JANET VAN DYNE,A3 17;
WASP/JANET VAN DYNE,A3 18;
WASP/JANET VAN DYNE,A3 19;
WASP/JANET VAN DYNE,A 32;
WASP/JANET VAN DYNE,A3 2;
WASP/JANET VAN DYNE,A3 20;
WASP/JANET VAN DYNE,A3 21;
WASP/JANET VAN DYNE,A3 22;
WASP/JANET VAN DYNE,A3 23;
WASP/JANET VAN DYNE,A3 25;
WASP/JANET VAN DYNE,A3 27;
WASP/JANET VAN DYNE,A3 28;
WASP/JANET VAN DYNE,A 329;
WASP/JANET VAN DYNE,A3 29;
WASP/JANET VAN DYNE,A 33;
WASP/JANET VAN DYNE,A3 3;
WASP/JANET VAN DYNE,A3 30;
WASP/JANET VAN DYNE,A3 31;
WASP/JANET VAN DYNE,A 332;
WASP/JANET VAN DYNE,A3 32;
WASP/JANET VAN DYNE,A3 33;
WASP/JANET VAN DYNE,A3 34;
WASP/JANET VAN DYNE,A3 35;
WASP/JANET VAN DYNE,A3 36;
WASP/JANET VAN DYNE,A3 37;
WASP/JANET VAN DYNE,A3 38;
WASP/JANET VAN DYNE,A3 39;
WASP/JANET VAN DYNE,A 34;
WASP/JANET VAN DYNE,A3 4;
WASP/JANET VAN DYNE,A 340;
WASP/JANET VAN DYNE,A3 40;
WASP/JANET VAN DYNE,A3 41;
WASP/JANET VAN DYNE,A3 42;
WASP/JANET VAN DYNE,A3 43;
WASP/JANET VAN DYNE,A 345;
WASP/JANET VAN DYNE,A 35;
WASP/JANET VAN DYNE,A 36;
WASP/JANET VAN DYNE,A 37;
WASP/JANET VAN DYNE,A 379/2;
WASP/JANET VAN DYNE,A 38;
WASP/JANET VAN DYNE,A 380/2;
WASP/JANET VAN DYNE,A 381/2;
WASP/JANET VAN DYNE,A 382/3;
WASP/JANET VAN DYNE,A 39;
WASP/JANET VAN DYNE,A 390;
WASP/JANET VAN DYNE,A 391;
WASP/JANET VAN DYNE,A 393;
WASP/JANET VAN DYNE,A 394;
WASP/JANET VAN DYNE,A 395;
WASP/JANET VAN DYNE,A 396;
WASP/JANET VAN DYNE,A 397;
WASP/JANET VAN DYNE,A 398;
WASP/JANET VAN DYNE,A 399;
WASP/JANET VAN DYNE,A 4;
WASP/JANET VAN DYNE,A 40;
WASP/JANET VAN DYNE,A 400;
WASP/JANET VAN DYNE,A 401;
WASP/JANET VAN DYNE,A 402;
WASP/JANET VAN DYNE,A 41;
WASP/JANET VAN DYNE,A 42;
WASP/JANET VAN DYNE,A 43;
WASP/JANET VAN DYNE,A 44;
WASP/JANET VAN DYNE,A 45;
WASP/JANET VAN DYNE,A 46;
WASP/JANET VAN DYNE,A 47;
WASP/JANET VAN DYNE,A 48;
WASP/JANET VAN DYNE,A 49;
WASP/JANET VAN DYNE,A 5;
WASP/JANET VAN DYNE,A 50;
WASP/JANET VAN DYNE,A 51;
WASP/JANET VAN DYNE,A 52;
WASP/JANET VAN DYNE,A 53;
WASP/JANET VAN DYNE,A 54;
WASP/JANET VAN DYNE,A 55;
WASP/JANET VAN DYNE,A 56;
WASP/JANET VAN DYNE,A 57;
WASP/JANET VAN DYNE,A 58;
WASP/JANET VAN DYNE,A 59;
WASP/JANET VAN DYNE,A 6;
WASP/JANET VAN DYNE,A 60;
WASP/JANET VAN DYNE,A 63;
WASP/JANET VAN DYNE,A 64;
WASP/JANET VAN DYNE,A 65;
WASP/JANET VAN DYNE,A 66;
WASP/JANET VAN DYNE,A 67;
WASP/JANET VAN DYNE,A 68;
WASP/JANET VAN DYNE,A 69;
WASP/JANET VAN DYNE,A 7;
WASP/JANET VAN DYNE,A 70;
WASP/JANET VAN DYNE,A 71;
WASP/JANET VAN DYNE,A 72;
WASP/JANET VAN DYNE,A 73;
WASP/JANET VAN DYNE,A 74;
WASP/JANET VAN DYNE,A 75;
WASP/JANET VAN DYNE,A 8;
WASP/JANET VAN DYNE,A 83;
WASP/JANET VAN DYNE,A 9;
WASP/JANET VAN DYNE,A 90;
WASP/JANET VAN DYNE,A 91;
WASP/JANET VAN DYNE,A:C;
WASP/JANET VAN DYNE,ASM 1;
WASP/JANET VAN DYNE,ASM 16;
WASP/JANET VAN DYNE,ASM 18;
WASP/JANET VAN DYNE,ASM 252;
WASP/JANET VAN DYNE,ASM 270;
WASP/JANET VAN DYNE,ASM 283;
WASP/JANET VAN DYNE,ASM 3;
WASP/JANET VAN DYNE,ASPOT 23/2;
WASP/JANET VAN DYNE,ASPOT 28/2;
WASP/JANET VAN DYNE,ASPOT 29/2;
WASP/JANET VAN DYNE,ASPOT 30;
WASP/JANET VAN DYNE,A:T;
WASP/JANET VAN DYNE,AUP 6;
WASP/JANET VAN DYNE,AVF 1;
WASP/JANET VAN DYNE,AVF 10;
WASP/JANET VAN DYNE,AVF 11;
WASP/JANET VAN DYNE,AVF 12;
WASP/JANET VAN DYNE,AVF 2;
WASP/JANET VAN DYNE,AVF 3;
WASP/JANET VAN DYNE,AVF 4;
WASP/JANET VAN DYNE,AVF 5;
WASP/JANET VAN DYNE,AVF 6;
WASP/JANET VAN DYNE,AVF 7;
WASP/JANET VAN DYNE,AVF 8;
WASP/JANET VAN DYNE,AWC 4;
WASP/JANET VAN DYNE,AWC 47;
WASP/JANET VAN DYNE,AWC 48;
WASP/JANET VAN DYNE,AWC 49;
WASP/JANET VAN DYNE,AWC 5;
WASP/JANET VAN DYNE,AWC 50;
WASP/JANET VAN DYNE,AWC 51;
WASP/JANET VAN DYNE,AWC 52;
WASP/JANET VAN DYNE,AWC 5/3;
WASP/JANET VAN DYNE,AWC 53;
WASP/JANET VAN DYNE,AWC 54;
WASP/JANET VAN DYNE,AWC 5/5;
WASP/JANET VAN DYNE,AWC 55;
WASP/JANET VAN DYNE,AWC 56;
WASP/JANET VAN DYNE,AWC 57;
WASP/JANET VAN DYNE,AWC 58;
WASP/JANET VAN DYNE,AWC 60;
WASP/JANET VAN DYNE,AWC 61;
WASP/JANET VAN DYNE,AWC 62;
WASP/JANET VAN DYNE,AWC 6/3;
WASP/JANET VAN DYNE,AWC 63;
WASP/JANET VAN DYNE,AWC 65;
WASP/JANET VAN DYNE,AWC 66;
WASP/JANET VAN DYNE,AWC 67;
WASP/JANET VAN DYNE,AWC 68;
WASP/JANET VAN DYNE,AWC 69;
WASP/JANET VAN DYNE,AWC 70;
WASP/JANET VAN DYNE,AWC 71;
WASP/JANET VAN DYNE,AWC 72;
WASP/JANET VAN DYNE,AWC 73;
WASP/JANET VAN DYNE,AWC 74;
WASP/JANET VAN DYNE,AWC 76;
WASP/JANET VAN DYNE,AWC 81;
WASP/JANET VAN DYNE,AWC 82;
WASP/JANET VAN DYNE,AWC 83;
WASP/JANET VAN DYNE,BG 1;
WASP/JANET VAN DYNE,BIZADV 27/2;
WASP/JANET VAN DYNE,BP3 23;
WASP/JANET VAN DYNE,BP3 27;
WASP/JANET VAN DYNE,CA 114;
WASP/JANET VAN DYNE,CA 116;
WASP/JANET VAN DYNE,CA 121;
WASP/JANET VAN DYNE,CA 221/2;
WASP/JANET VAN DYNE,CA 224;
WASP/JANET VAN DYNE,CA 237;
WASP/JANET VAN DYNE,CA 250;
WASP/JANET VAN DYNE,CA 289;
WASP/JANET VAN DYNE,CA 290;
WASP/JANET VAN DYNE,CA 292;
WASP/JANET VAN DYNE,CA 295;
WASP/JANET VAN DYNE,CA 296;
WASP/JANET VAN DYNE,CA 299;
WASP/JANET VAN DYNE,CA 301;
WASP/JANET VAN DYNE,CA 314;
WASP/JANET VAN DYNE,CA 318;
WASP/JANET VAN DYNE,CA3 21;
WASP/JANET VAN DYNE,CA3 3;
WASP/JANET VAN DYNE,CA 383;
WASP/JANET VAN DYNE,CA 400/2;
WASP/JANET VAN DYNE,CA 401;
WASP/JANET VAN DYNE,C&D3 9;
WASP/JANET VAN DYNE,CM 35;
WASP/JANET VAN DYNE,CM 37;
WASP/JANET VAN DYNE,COC 1;
WASP/JANET VAN DYNE,COC 3;
WASP/JANET VAN DYNE,COH 3;
WASP/JANET VAN DYNE,DAMCON2 3;
WASP/JANET VAN DYNE,DAMCON3 3;
WASP/JANET VAN DYNE,DAZZ 1;
WASP/JANET VAN DYNE,DAZZ 2;
WASP/JANET VAN DYNE,DAZZ 21;
WASP/JANET VAN DYNE,DEF 76;
WASP/JANET VAN DYNE,DEF 77;
WASP/JANET VAN DYNE,DEF 78;
WASP/JANET VAN DYNE,DEF 79;
WASP/JANET VAN DYNE,DEF 80;
WASP/JANET VAN DYNE,DEF 81;
WASP/JANET VAN DYNE,DHOLD 3;
WASP/JANET VAN DYNE,DPOOL3 44;
WASP/JANET VAN DYNE,FF 16;
WASP/JANET VAN DYNE,FF 19;
WASP/JANET VAN DYNE,FF2 12;
WASP/JANET VAN DYNE,FF 22;
WASP/JANET VAN DYNE,FF 243;
WASP/JANET VAN DYNE,FF 244;
WASP/JANET VAN DYNE,FF 25;
WASP/JANET VAN DYNE,FF 254;
WASP/JANET VAN DYNE,FF 256;
WASP/JANET VAN DYNE,FF 26;
WASP/JANET VAN DYNE,FF 287;
WASP/JANET VAN DYNE,FF 288;
WASP/JANET VAN DYNE,FF 31;
WASP/JANET VAN DYNE,FF3 27;
WASP/JANET VAN DYNE,FF 333;
WASP/JANET VAN DYNE,FF 36;
WASP/JANET VAN DYNE,FF3 6;
WASP/JANET VAN DYNE,FF 367;
WASP/JANET VAN DYNE,FF 368;
WASP/JANET VAN DYNE,FF 415;
WASP/JANET VAN DYNE,GSDEF 4;
WASP/JANET VAN DYNE,GZILL 17;
WASP/JANET VAN DYNE,GZILL 23;
WASP/JANET VAN DYNE,GZILL 24;
WASP/JANET VAN DYNE,H '00;
WASP/JANET VAN DYNE,H 11;
WASP/JANET VAN DYNE,H2 277;
WASP/JANET VAN DYNE,H2 278;
WASP/JANET VAN DYNE,H2 279;
WASP/JANET VAN DYNE,H2 281;
WASP/JANET VAN DYNE,H2 282;
WASP/JANET VAN DYNE,H2 283;
WASP/JANET VAN DYNE,H2 284;
WASP/JANET VAN DYNE,H2 300;
WASP/JANET VAN DYNE,H2 320;
WASP/JANET VAN DYNE,H2 321;
WASP/JANET VAN DYNE,H2 322;
WASP/JANET VAN DYNE,H2 323;
WASP/JANET VAN DYNE,HR:R 4;
WASP/JANET VAN DYNE,IFW 2;
WASP/JANET VAN DYNE,IM 115;
WASP/JANET VAN DYNE,IM 125;
WASP/JANET VAN DYNE,IM 170;
WASP/JANET VAN DYNE,IM 18;
WASP/JANET VAN DYNE,IM 182;
WASP/JANET VAN DYNE,IM2 12;
WASP/JANET VAN DYNE,IM 284;
WASP/JANET VAN DYNE,IM 285;
WASP/JANET VAN DYNE,IM 286;
WASP/JANET VAN DYNE,IM 322;
WASP/JANET VAN DYNE,IM 323;
WASP/JANET VAN DYNE,IM 325;
WASP/JANET VAN DYNE,IM 326;
WASP/JANET VAN DYNE,IM 327;
WASP/JANET VAN DYNE,IM3 37;
WASP/JANET VAN DYNE,IM '98;
WASP/JANET VAN DYNE,IMSVS 1/4;
WASP/JANET VAN DYNE,IW 2;
WASP/JANET VAN DYNE,IW 3;
WASP/JANET VAN DYNE,IW 4;
WASP/JANET VAN DYNE,JA 16;
WASP/JANET VAN DYNE,JIM 101;
WASP/JANET VAN DYNE,JIM 105;
WASP/JANET VAN DYNE,JIM 108;
WASP/JANET VAN DYNE,JIM 116;
WASP/JANET VAN DYNE,KS;
WASP/JANET VAN DYNE,MARVELS 2;
WASP/JANET VAN DYNE,MAXSEC 1;
WASP/JANET VAN DYNE,MAXSEC 2;
WASP/JANET VAN DYNE,MAXSEC 3;
WASP/JANET VAN DYNE,M/CP 160/4;
WASP/JANET VAN DYNE,M/CP 42/2;
WASP/JANET VAN DYNE,M/CP 43/2;
WASP/JANET VAN DYNE,M/CP 44/2;
WASP/JANET VAN DYNE,M/CP 45/2;
WASP/JANET VAN DYNE,M/CP 48/3;
WASP/JANET VAN DYNE,M:DS 2;
WASP/JANET VAN DYNE,M:DS 3;
WASP/JANET VAN DYNE,M:DS 4;
WASP/JANET VAN DYNE,M/FEA 10;
WASP/JANET VAN DYNE,M/FEA 5;
WASP/JANET VAN DYNE,M/FEA 6;
WASP/JANET VAN DYNE,M/FEA 7;
WASP/JANET VAN DYNE,M/FEA 8;
WASP/JANET VAN DYNE,M/FEA 9;
WASP/JANET VAN DYNE,M/GN 1;
WASP/JANET VAN DYNE,M/GN 16;
WASP/JANET VAN DYNE,M/GN 27;
WASP/JANET VAN DYNE,M/H&L '97;
WASP/JANET VAN DYNE,MICRO 42;
WASP/JANET VAN DYNE,MICRO 43;
WASP/JANET VAN DYNE,MK3 41;
WASP/JANET VAN DYNE,M/SH3 3/2;
WASP/JANET VAN DYNE,M/SH3 9;
WASP/JANET VAN DYNE,M/SHSW 1;
WASP/JANET VAN DYNE,M/SHSW 10;
WASP/JANET VAN DYNE,M/SHSW 11;
WASP/JANET VAN DYNE,M/SHSW 12;
WASP/JANET VAN DYNE,M/SHSW 2;
WASP/JANET VAN DYNE,M/SHSW 3;
WASP/JANET VAN DYNE,M/SHSW 4;
WASP/JANET VAN DYNE,M/SHSW 6;
WASP/JANET VAN DYNE,M/SHSW 7;
WASP/JANET VAN DYNE,M/SHSW 8;
WASP/JANET VAN DYNE,M/SHSW 9;
WASP/JANET VAN DYNE,MSM 18;
WASP/JANET VAN DYNE,M/SS 1;
WASP/JANET VAN DYNE,M/TE 13;
WASP/JANET VAN DYNE,M/TIO 7;
WASP/JANET VAN DYNE,M/TIO 75;
WASP/JANET VAN DYNE,M/TIO 96;
WASP/JANET VAN DYNE,M/TU 59;
WASP/JANET VAN DYNE,M/TU 60;
WASP/JANET VAN DYNE,M/TU 88;
WASP/JANET VAN DYNE,NM 40;
WASP/JANET VAN DYNE,O:MU;
WASP/JANET VAN DYNE,O:X;
WASP/JANET VAN DYNE,PM&IF 110;
WASP/JANET VAN DYNE,PM&IF 125;
WASP/JANET VAN DYNE,PPTSS 105;
WASP/JANET VAN DYNE,PPTSS 106;
WASP/JANET VAN DYNE,PPTSS 89;
WASP/JANET VAN DYNE,SENSM 28;
WASP/JANET VAN DYNE,SENSM 3;
WASP/JANET VAN DYNE,SENTRY 1;
WASP/JANET VAN DYNE,S-H2 2;
WASP/JANET VAN DYNE,SMTU 4;
WASP/JANET VAN DYNE,SOLOA 12/2;
WASP/JANET VAN DYNE,SOLOA 15/2;
WASP/JANET VAN DYNE,ST 156;
WASP/JANET VAN DYNE,SUB-M 14;
WASP/JANET VAN DYNE,SVTU 14;
WASP/JANET VAN DYNE,SVTU 9;
WASP/JANET VAN DYNE,SWII 5;
WASP/JANET VAN DYNE,SWII 9;
WASP/JANET VAN DYNE,T 324;
WASP/JANET VAN DYNE,T 334;
WASP/JANET VAN DYNE,T 350;
WASP/JANET VAN DYNE,TB 11;
WASP/JANET VAN DYNE,TB 12;
WASP/JANET VAN DYNE,TB 43;
WASP/JANET VAN DYNE,TB 44;
WASP/JANET VAN DYNE,TOS 49;
WASP/JANET VAN DYNE,TOS 56;
WASP/JANET VAN DYNE,TOS 58;
WASP/JANET VAN DYNE,TOS 59;
WASP/JANET VAN DYNE,TOS 60;
WASP/JANET VAN DYNE,TOS 84/2;
WASP/JANET VAN DYNE,TOS 91/2;
WASP/JANET VAN DYNE,TOS 92/2;
WASP/JANET VAN DYNE,TTA3;
WASP/JANET VAN DYNE,TTA 44;
WASP/JANET VAN DYNE,TTA 45;
WASP/JANET VAN DYNE,TTA 46;
WASP/JANET VAN DYNE,TTA 47;
WASP/JANET VAN DYNE,TTA 48;
WASP/JANET VAN DYNE,TTA 49;
WASP/JANET VAN DYNE,TTA 50;
WASP/JANET VAN DYNE,TTA 51;
WASP/JANET VAN DYNE,TTA 51/2;
WASP/JANET VAN DYNE,TTA 52;
WASP/JANET VAN DYNE,TTA 52/2;
WASP/JANET VAN DYNE,TTA 53;
WASP/JANET VAN DYNE,TTA 53/2;
WASP/JANET VAN DYNE,TTA 54;
WASP/JANET VAN DYNE,TTA 54/2;
WASP/JANET VAN DYNE,TTA 55;
WASP/JANET VAN DYNE,TTA 55/2;
WASP/JANET VAN DYNE,TTA 56;
WASP/JANET VAN DYNE,TTA 56/2;
WASP/JANET VAN DYNE,TTA 57;
WASP/JANET VAN DYNE,TTA 57/2;
WASP/JANET VAN DYNE,TTA 58;
WASP/JANET VAN DYNE,TTA 58/2;
WASP/JANET VAN DYNE,TTA 59;
WASP/JANET VAN DYNE,TTA 60;
WASP/JANET VAN DYNE,TTA 61;
WASP/JANET VAN DYNE,TTA 62;
WASP/JANET VAN DYNE,TTA 63;
WASP/JANET VAN DYNE,TTA 64;
WASP/JANET VAN DYNE,TTA 65;
WASP/JANET VAN DYNE,TTA 66;
WASP/JANET VAN DYNE,TTA 67;
WASP/JANET VAN DYNE,TTA 68;
WASP/JANET VAN DYNE,TTA 69;
WASP/JANET VAN DYNE,TTA 77;
WASP/JANET VAN DYNE,TTA 78;
WASP/JANET VAN DYNE,UTSM 3;
WASP/JANET VAN DYNE,UTSM '97;
WASP/JANET VAN DYNE,UX 108;
WASP/JANET VAN DYNE,UX 190;
WASP/JANET VAN DYNE,UX 191;
WASP/JANET VAN DYNE,UX 45;
WASP/JANET VAN DYNE,UX 9;
WASP/JANET VAN DYNE,V&SW2 1;
WASP/JANET VAN DYNE,V&SW2 6;
WASP/JANET VAN DYNE,V&SW 3;
WASP/JANET VAN DYNE,WCA 1;
WASP/JANET VAN DYNE,WCA 2;
WASP/JANET VAN DYNE,WCA2 1;
WASP/JANET VAN DYNE,WCA2 10;
WASP/JANET VAN DYNE,WCA2 17;
WASP/JANET VAN DYNE,WCA2 32;
WASP/JANET VAN DYNE,WCA2 35;
WASP/JANET VAN DYNE,WCA2 36;
WASP/JANET VAN DYNE,WCA2 37;
WASP/JANET VAN DYNE,WCA2 42;
WASP/JANET VAN DYNE,WCA2 43;
WASP/JANET VAN DYNE,WCA2 44;
WASP/JANET VAN DYNE,WCA2 45;
WASP/JANET VAN DYNE,WM 1;
WASP/JANET VAN DYNE,X 55;
WATANABE, EMMALINE B,M/CP 70;
WATANABE, EMMALINE B,M/CP 71;
WATANABE, YUJI,M/CP 67;
WATANABE, YUJI,M/CP 68;
WATANABE, YUJI,M/CP 69;
WATANABE, YUJI,M/CP 70;
WATANABE, YUJI,M/CP 71;
WATCHDOG,SENTRY 1;
WATCHFIRE/,TB 31;
WATCHFIRE/,TB 32;
WATCHLORD/,AA2 8/2;
WATERS, SETH,C2 58;
WATERS, SETH,C2 60;
WATERS, SETH,C2 61;
WATERS, SETH,C2 62;
WATER WITCH/,IM 12;
WATER WITCH/,ROM 28;
WATER WIZARD/PETE,A 19/5;
WATER WIZARD/PETE,CA 320;
WATER WIZARD/PETE,FF 336;
WATER WIZARD/PETE,GR2 23;
WATER WIZARD/PETE,GR2 24;
WATER WIZARD/PETE,GR2 59;
WATER WIZARD/PETE,GR2 61;
WATER WIZARD/PETE,GR2 62;
WATER WIZARD/PETE,IM 126;
WATER WIZARD/PETE,IM 127;
WATER WIZARD/PETE,NW 29;
WATER WIZARD/PETE,NW 30;
WATER WIZARD/PETE,NW 7;
WATER WIZARD/PETE,NW 8;
WATER WIZARD/PETE,NW 9;
WATER WIZARD/PETE,TB 24;
WATER WIZARD/PETE,TB 25;
WATKINS, MELODY,XU 11;
WATKINS, STEVIE,XU 11;
WATOOMB,DRSTR3 49;
WATSON, ANNA,ASM 11;
WATSON, ANNA,ASM 112;
WATSON, ANNA,ASM 123;
WATSON, ANNA,ASM 134;
WATSON, ANNA,ASM 144;
WATSON, ANNA,ASM 145;
WATSON, ANNA,ASM 147;
WATSON, ANNA,ASM 15;
WATSON, ANNA,ASM 156;
WATSON, ANNA,ASM 167;
WATSON, ANNA,ASM 177;
WATSON, ANNA,ASM 178;
WATSON, ANNA,ASM 179;
WATSON, ANNA,ASM 18;
WATSON, ANNA,ASM 19;
WATSON, ANNA,ASM 196;
WATSON, ANNA,ASM 200;
WATSON, ANNA,ASM 208;
WATSON, ANNA,ASM 21;
WATSON, ANNA,ASM2 1/3;
WATSON, ANNA,ASM2 18;
WATSON, ANNA,ASM2 19;
WATSON, ANNA,ASM2 2;
WATSON, ANNA,ASM 220/2;
WATSON, ANNA,ASM 238;
WATSON, ANNA,ASM 241;
WATSON, ANNA,ASM 247;
WATSON, ANNA,ASM 259;
WATSON, ANNA,ASM 274;
WATSON, ANNA,ASM 28;
WATSON, ANNA,ASM 297;
WATSON, ANNA,ASM 30;
WATSON, ANNA,ASM 34;
WATSON, ANNA,ASM 365/3;
WATSON, ANNA,ASM 39;
WATSON, ANNA,ASM 394;
WATSON, ANNA,ASM 400;
WATSON, ANNA,ASM 403;
WATSON, ANNA,ASM 41;
WATSON, ANNA,ASM 417;
WATSON, ANNA,ASM 418;
WATSON, ANNA,ASM 419;
WATSON, ANNA,ASM 42;
WATSON, ANNA,ASM 420;
WATSON, ANNA,ASM 424;
WATSON, ANNA,ASM 425;
WATSON, ANNA,ASM 43;
WATSON, ANNA,ASM 437;
WATSON, ANNA,ASM 45;
WATSON, ANNA,ASM 46;
WATSON, ANNA,ASM 47;
WATSON, ANNA,ASM 48;
WATSON, ANNA,ASM 49;
WATSON, ANNA,ASM 50;
WATSON, ANNA,ASM 53;
WATSON, ANNA,ASM 55;
WATSON, ANNA,ASM 56;
WATSON, ANNA,ASM 57;
WATSON, ANNA,ASM 60;
WATSON, ANNA,ASM 64;
WATSON, ANNA,ASM 66;
WATSON, ANNA,ASM 67;
WATSON, ANNA,ASM 68;
WATSON, ANNA,ASM 72;
WATSON, ANNA,ASM 82;
WATSON, ANNA,ASM 86;
WATSON, ANNA,ASM 94;
WATSON, ANNA,ASM 95;
WATSON, ANNA,ASM 96;
WATSON, ANNA,DHKF 9/2;
WATSON, ANNA,FF 61;
WATSON, ANNA,GSS-M 1;
WATSON, ANNA,GSS-M 5;
WATSON, ANNA,HR:R 1;
WATSON, ANNA,PPSM2 1/2;
WATSON, ANNA,PPSM2 14;
WATSON, ANNA,PPSM2 29;
WATSON, ANNA,PPTSS 112;
WATSON, ANNA,PPTSS 113;
WATSON, ANNA,PPTSS 2;
WATSON, ANNA,PPTSS 218;
WATSON, ANNA,PPTSS 220;
WATSON, ANNA,PPTSS 225/2;
WATSON, ANNA,PPTSS 240;
WATSON, ANNA,PPTSS 241;
WATSON, ANNA,PPTSS 250;
WATSON, ANNA,PPTSS 251;
WATSON, ANNA,PPTSS 252;
WATSON, ANNA,PPTSS 253;
WATSON, ANNA,PPTSS 255;
WATSON, ANNA,PPTSS 256;
WATSON, ANNA,PPTSS 257;
WATSON, ANNA,PPTSS 263;
WATSON, ANNA,PPTSS 38;
WATSON, ANNA,PPTSS 7;
WATSON, ANNA,PPTSS 9/3;
WATSON, ANNA,SENSM 0;
WATSON, ANNA,SENSM 11;
WATSON, ANNA,SENSM 12;
WATSON, ANNA,SENSM 16;
WATSON, ANNA,SENSM 18;
WATSON, ANNA,SENSM 21;
WATSON, ANNA,SENSM 22;
WATSON, ANNA,SENSM 24;
WATSON, ANNA,SENSM 26;
WATSON, ANNA,SENSM 28;
WATSON, ANNA,SENSM 29;
WATSON, ANNA,SENSM 31;
WATSON, ANNA,SENSM 32;
WATSON, ANNA,S-M 75;
WATSON, ANNA,S-M 76;
WATSON, ANNA,S-M 77;
WATSON, ANNA,S-M 83;
WATSON, ANNA,S-M 85;
WATSON, ANNA,S-M 86;
WATSON, ANNA,S-M 87;
WATSON, ANNA,S-M 92;
WATSON, ANNA,SM:PL;
WATSON, ANNA,SPECSM 1;
WATSON, ANNA,UTSM 16;
WATSON, ANNA,UTSM 19;
WATSON, ANNA,UTSM 20;
WATSON, ANNA,UTSM 22;
WATSON, ANNA,UTSM 25;
WATSON, ANNA,UTSM:SE;
WATSON, ANNA,WOSM 117;
WATSON, ANNA,WOSM 118;
WATSON, ANNA,WOSM 122;
WATSON, ANNA,WOSM 126;
WATSON, ANNA,WOSM 127;
WATSON, ANNA,WOSM 38;
WATSON, KEVIN,ASM 347;
WATSON, KEVIN,PPTSS 218;
WATSON, KRISTY,ASM 313;
WATSON, KRISTY,ASM 314;
WATSON, KRISTY,ASM 315;
WATSON, KRISTY,PPSM2 19;
WATSON, KRISTY,PPTSS 145;
WATSON, KRISTY,PPTSS 146;
WATSON, KRISTY,PPTSS 152;
WATSON, KRISTY,PPTSS 153;
WATSON, KRISTY,PPTSS 154;
WATSON, KRISTY,PPTSS 156;
WATSON, KRISTY,PPTSS 169;
WATSON, KRISTY,PPTSS 173;
WATSON, KRISTY,PPTSS 9/3;
WATSON, KRISTY,S-M 23;
WATSON, KRISTY,WOSM 47;
WATSON, KRISTY,WOSM 48;
WATSON, KRISTY,WOSM 50;
WATSON, KRISTY,WOSM 51;
WATSON, KRISTY,WOSM 53;
WATSON, KRISTY,WOSM 54;
WATSON, KRISTY,WOSM 57;
WATSON, KRISTY,WOSM 58;
WATSON, KRISTY,WOSM 61;
WATSON, KRISTY,WOSM 62;
WATSON, KRISTY,WOSM 69;
WATSON, KRISTY,WOSM 73;
WATSON, KRISTY,WOSM 74;
WATSON, KRISTY,WOSM 84;
WATSON, MADELINE,ASM 259;
WATSON, MADELINE,SM:PL;
WATSON-PARKER, MARY,A 168;
WATSON-PARKER, MARY,ASM '01;
WATSON-PARKER, MARY,ASM 105;
WATSON-PARKER, MARY,ASM 106;
WATSON-PARKER, MARY,ASM 11;
WATSON-PARKER, MARY,ASM 11/2;
WATSON-PARKER, MARY,ASM 112;
WATSON-PARKER, MARY,ASM 116;
WATSON-PARKER, MARY,ASM 117;
WATSON-PARKER, MARY,ASM 118;
WATSON-PARKER, MARY,ASM 121;
WATSON-PARKER, MARY,ASM 122;
WATSON-PARKER, MARY,ASM 123;
WATSON-PARKER, MARY,ASM 124;
WATSON-PARKER, MARY,ASM 125;
WATSON-PARKER, MARY,ASM 126;
WATSON-PARKER, MARY,ASM 127;
WATSON-PARKER, MARY,ASM 128;
WATSON-PARKER, MARY,ASM 129;
WATSON-PARKER, MARY,ASM 130;
WATSON-PARKER, MARY,ASM 131;
WATSON-PARKER, MARY,ASM 132;
WATSON-PARKER, MARY,ASM 133;
WATSON-PARKER, MARY,ASM 134;
WATSON-PARKER, MARY,ASM 135;
WATSON-PARKER, MARY,ASM 136;
WATSON-PARKER, MARY,ASM 137;
WATSON-PARKER, MARY,ASM 141;
WATSON-PARKER, MARY,ASM 142;
WATSON-PARKER, MARY,ASM 143;
WATSON-PARKER, MARY,ASM 145;
WATSON-PARKER, MARY,ASM 147;
WATSON-PARKER, MARY,ASM 148;
WATSON-PARKER, MARY,ASM 149;
WATSON-PARKER, MARY,ASM 151;
WATSON-PARKER, MARY,ASM 152;
WATSON-PARKER, MARY,ASM 153;
WATSON-PARKER, MARY,ASM 156;
WATSON-PARKER, MARY,ASM 158;
WATSON-PARKER, MARY,ASM 160;
WATSON-PARKER, MARY,ASM 161;
WATSON-PARKER, MARY,ASM 162;
WATSON-PARKER, MARY,ASM 163;
WATSON-PARKER, MARY,ASM 165;
WATSON-PARKER, MARY,ASM 166;
WATSON-PARKER, MARY,ASM 167;
WATSON-PARKER, MARY,ASM 168;
WATSON-PARKER, MARY,ASM 170;
WATSON-PARKER, MARY,ASM 173;
WATSON-PARKER, MARY,ASM 176;
WATSON-PARKER, MARY,ASM 177;
WATSON-PARKER, MARY,ASM 178;
WATSON-PARKER, MARY,ASM 179;
WATSON-PARKER, MARY,ASM 182;
WATSON-PARKER, MARY,ASM 183;
WATSON-PARKER, MARY,ASM 188;
WATSON-PARKER, MARY,ASM 19;
WATSON-PARKER, MARY,ASM 191;
WATSON-PARKER, MARY,ASM 192;
WATSON-PARKER, MARY,ASM 193;
WATSON-PARKER, MARY,ASM 20;
WATSON-PARKER, MARY,ASM 201;
WATSON-PARKER, MARY,ASM 21;
WATSON-PARKER, MARY,ASM2 1;
WATSON-PARKER, MARY,ASM2 10;
WATSON-PARKER, MARY,ASM2 11;
WATSON-PARKER, MARY,ASM2 12;
WATSON-PARKER, MARY,ASM2 1/3;
WATSON-PARKER, MARY,ASM2 13;
WATSON-PARKER, MARY,ASM2 15;
WATSON-PARKER, MARY,ASM 22;
WATSON-PARKER, MARY,ASM2 2;
WATSON-PARKER, MARY,ASM2 28;
WATSON-PARKER, MARY,ASM2 29;
WATSON-PARKER, MARY,ASM 23;
WATSON-PARKER, MARY,ASM 238;
WATSON-PARKER, MARY,ASM 24;
WATSON-PARKER, MARY,ASM2 4;
WATSON-PARKER, MARY,ASM 241;
WATSON-PARKER, MARY,ASM 242;
WATSON-PARKER, MARY,ASM 243;
WATSON-PARKER, MARY,ASM 244;
WATSON-PARKER, MARY,ASM 245;
WATSON-PARKER, MARY,ASM 246;
WATSON-PARKER, MARY,ASM 247;
WATSON-PARKER, MARY,ASM 249;
WATSON-PARKER, MARY,ASM 25;
WATSON-PARKER, MARY,ASM2 5;
WATSON-PARKER, MARY,ASM 256;
WATSON-PARKER, MARY,ASM 257;
WATSON-PARKER, MARY,ASM 258;
WATSON-PARKER, MARY,ASM 259;
WATSON-PARKER, MARY,ASM 25 ASM 259;
WATSON-PARKER, MARY,ASM2 6;
WATSON-PARKER, MARY,ASM 260;
WATSON-PARKER, MARY,ASM 261;
WATSON-PARKER, MARY,ASM 263;
WATSON-PARKER, MARY,ASM 265;
WATSON-PARKER, MARY,ASM 271;
WATSON-PARKER, MARY,ASM 273;
WATSON-PARKER, MARY,ASM 274;
WATSON-PARKER, MARY,ASM 275;
WATSON-PARKER, MARY,ASM 276;
WATSON-PARKER, MARY,ASM 277;
WATSON-PARKER, MARY,ASM 279;
WATSON-PARKER, MARY,ASM2 8;
WATSON-PARKER, MARY,ASM 280;
WATSON-PARKER, MARY,ASM 282;
WATSON-PARKER, MARY,ASM 283;
WATSON-PARKER, MARY,ASM 284;
WATSON-PARKER, MARY,ASM 286;
WATSON-PARKER, MARY,ASM 287;
WATSON-PARKER, MARY,ASM 288;
WATSON-PARKER, MARY,ASM2 9;
WATSON-PARKER, MARY,ASM 290;
WATSON-PARKER, MARY,ASM 291;
WATSON-PARKER, MARY,ASM 292;
WATSON-PARKER, MARY,ASM 293;
WATSON-PARKER, MARY,ASM 297;
WATSON-PARKER, MARY,ASM 298;
WATSON-PARKER, MARY,ASM 299;
WATSON-PARKER, MARY,ASM 300;
WATSON-PARKER, MARY,ASM 301;
WATSON-PARKER, MARY,ASM 302;
WATSON-PARKER, MARY,ASM 303;
WATSON-PARKER, MARY,ASM 304;
WATSON-PARKER, MARY,ASM 305;
WATSON-PARKER, MARY,ASM 306;
WATSON-PARKER, MARY,ASM 307;
WATSON-PARKER, MARY,ASM 308;
WATSON-PARKER, MARY,ASM 309;
WATSON-PARKER, MARY,ASM 310;
WATSON-PARKER, MARY,ASM 311;
WATSON-PARKER, MARY,ASM 312;
WATSON-PARKER, MARY,ASM 313;
WATSON-PARKER, MARY,ASM 314;
WATSON-PARKER, MARY,ASM 315;
WATSON-PARKER, MARY,ASM 316;
WATSON-PARKER, MARY,ASM 317;
WATSON-PARKER, MARY,ASM 318;
WATSON-PARKER, MARY,ASM 319;
WATSON-PARKER, MARY,ASM 320;
WATSON-PARKER, MARY,ASM 321;
WATSON-PARKER, MARY,ASM 322;
WATSON-PARKER, MARY,ASM 323;
WATSON-PARKER, MARY,ASM 324;
WATSON-PARKER, MARY,ASM 325;
WATSON-PARKER, MARY,ASM 326;
WATSON-PARKER, MARY,ASM 327;
WATSON-PARKER, MARY,ASM 328;
WATSON-PARKER, MARY,ASM 329;
WATSON-PARKER, MARY,ASM 330;
WATSON-PARKER, MARY,ASM 331;
WATSON-PARKER, MARY,ASM 332;
WATSON-PARKER, MARY,ASM 333;
WATSON-PARKER, MARY,ASM 334;
WATSON-PARKER, MARY,ASM 335;
WATSON-PARKER, MARY,ASM 336;
WATSON-PARKER, MARY,ASM 337;
WATSON-PARKER, MARY,ASM 338;
WATSON-PARKER, MARY,ASM 339;
WATSON-PARKER, MARY,ASM 340;
WATSON-PARKER, MARY,ASM 341;
WATSON-PARKER, MARY,ASM 342;
WATSON-PARKER, MARY,ASM 343;
WATSON-PARKER, MARY,ASM 344;
WATSON-PARKER, MARY,ASM 345;
WATSON-PARKER, MARY,ASM 346;
WATSON-PARKER, MARY,ASM 347;
WATSON-PARKER, MARY,ASM 348;
WATSON-PARKER, MARY,ASM 349;
WATSON-PARKER, MARY,ASM 350;
WATSON-PARKER, MARY,ASM 351;
WATSON-PARKER, MARY,ASM 353;
WATSON-PARKER, MARY,ASM 354;
WATSON-PARKER, MARY,ASM 357;
WATSON-PARKER, MARY,ASM 359;
WATSON-PARKER, MARY,ASM 360;
WATSON-PARKER, MARY,ASM 361;
WATSON-PARKER, MARY,ASM 365;
WATSON-PARKER, MARY,ASM 365/3;
WATSON-PARKER, MARY,ASM 366;
WATSON-PARKER, MARY,ASM 367;
WATSON-PARKER, MARY,ASM 368;
WATSON-PARKER, MARY,ASM 369;
WATSON-PARKER, MARY,ASM 370;
WATSON-PARKER, MARY,ASM 371;
WATSON-PARKER, MARY,ASM 371/2;
WATSON-PARKER, MARY,ASM 373;
WATSON-PARKER, MARY,ASM 38;
WATSON-PARKER, MARY,ASM 391;
WATSON-PARKER, MARY,ASM 392;
WATSON-PARKER, MARY,ASM 393;
WATSON-PARKER, MARY,ASM 394;
WATSON-PARKER, MARY,ASM 395;
WATSON-PARKER, MARY,ASM 396;
WATSON-PARKER, MARY,ASM 397;
WATSON-PARKER, MARY,ASM 398;
WATSON-PARKER, MARY,ASM 400;
WATSON-PARKER, MARY,ASM 401;
WATSON-PARKER, MARY,ASM 402;
WATSON-PARKER, MARY,ASM 403;
WATSON-PARKER, MARY,ASM 405;
WATSON-PARKER, MARY,ASM 406;
WATSON-PARKER, MARY,ASM 410;
WATSON-PARKER, MARY,ASM 411;
WATSON-PARKER, MARY,ASM 412;
WATSON-PARKER, MARY,ASM 413;
WATSON-PARKER, MARY,ASM 414;
WATSON-PARKER, MARY,ASM 415;
WATSON-PARKER, MARY,ASM 416;
WATSON-PARKER, MARY,ASM 417;
WATSON-PARKER, MARY,ASM 418;
WATSON-PARKER, MARY,ASM 419;
WATSON-PARKER, MARY,ASM 42;
WATSON-PARKER, MARY,ASM 420;
WATSON-PARKER, MARY,ASM 421/2;
WATSON-PARKER, MARY,ASM 422;
WATSON-PARKER, MARY,ASM 425;
WATSON-PARKER, MARY,ASM 426;
WATSON-PARKER, MARY,ASM 427;
WATSON-PARKER, MARY,ASM 428;
WATSON-PARKER, MARY,ASM 429;
WATSON-PARKER, MARY,ASM 43;
WATSON-PARKER, MARY,ASM 430;
WATSON-PARKER, MARY,ASM 431;
WATSON-PARKER, MARY,ASM 432;
WATSON-PARKER, MARY,ASM 433;
WATSON-PARKER, MARY,ASM 434;
WATSON-PARKER, MARY,ASM 435;
WATSON-PARKER, MARY,ASM 436;
WATSON-PARKER, MARY,ASM 437;
WATSON-PARKER, MARY,ASM 439;
WATSON-PARKER, MARY,ASM 44;
WATSON-PARKER, MARY,ASM 441;
WATSON-PARKER, MARY,ASM 45;
WATSON-PARKER, MARY,ASM 46;
WATSON-PARKER, MARY,ASM 47;
WATSON-PARKER, MARY,ASM 48;
WATSON-PARKER, MARY,ASM 49;
WATSON-PARKER, MARY,ASM 50;
WATSON-PARKER, MARY,ASM 51;
WATSON-PARKER, MARY,ASM 52;
WATSON-PARKER, MARY,ASM 53;
WATSON-PARKER, MARY,ASM 54;
WATSON-PARKER, MARY,ASM 55;
WATSON-PARKER, MARY,ASM 56;
WATSON-PARKER, MARY,ASM 59;
WATSON-PARKER, MARY,ASM 60;
WATSON-PARKER, MARY,ASM 61;
WATSON-PARKER, MARY,ASM 62;
WATSON-PARKER, MARY,ASM 64;
WATSON-PARKER, MARY,ASM 65;
WATSON-PARKER, MARY,ASM 82;
WATSON-PARKER, MARY,ASM 83;
WATSON-PARKER, MARY,ASM 87;
WATSON-PARKER, MARY,ASM 95;
WATSON-PARKER, MARY,ASM '96;
WATSON-PARKER, MARY,ASM 96;
WATSON-PARKER, MARY,ASM '96/2;
WATSON-PARKER, MARY,ASM '97;
WATSON-PARKER, MARY,ASM 97;
WATSON-PARKER, MARY,ASM:FO 1;
WATSON-PARKER, MARY,ASMSS 1;
WATSON-PARKER, MARY,ASMU 11/2;
WATSON-PARKER, MARY,ASMU 12;
WATSON-PARKER, MARY,ASMU 16;
WATSON-PARKER, MARY,ASMU 17;
WATSON-PARKER, MARY,ASMU 18;
WATSON-PARKER, MARY,ASMU 20;
WATSON-PARKER, MARY,ASMU 22;
WATSON-PARKER, MARY,ASMU 7/3;
WATSON-PARKER, MARY,ASMU 8;
WATSON-PARKER, MARY,ASMU 9;
WATSON-PARKER, MARY,ASMV.W 1;
WATSON-PARKER, MARY,BCAT 1;
WATSON-PARKER, MARY,DD 160;
WATSON-PARKER, MARY,DD2 8;
WATSON-PARKER, MARY,DD 300;
WATSON-PARKER, MARY,DD 77;
WATSON-PARKER, MARY,GSSH 1;
WATSON-PARKER, MARY,GSS-M 5;
WATSON-PARKER, MARY,H2 346;
WATSON-PARKER, MARY,IG 6;
WATSON-PARKER, MARY,IM 275;
WATSON-PARKER, MARY,JIM 513;
WATSON-PARKER, MARY,MC:A;
WATSON-PARKER, MARY,MC:O;
WATSON-PARKER, MARY,M/CP 39/4;
WATSON-PARKER, MARY,M/CP 50;
WATSON-PARKER, MARY,MORBIUS 3;
WATSON-PARKER, MARY,M/SH 14;
WATSON-PARKER, MARY,MSM 1;
WATSON-PARKER, MARY,MSM 2;
WATSON-PARKER, MARY,MSM 3;
WATSON-PARKER, MARY,M/TIO 17;
WATSON-PARKER, MARY,M/TU 15;
WATSON-PARKER, MARY,M/TU 20;
WATSON-PARKER, MARY,M/TU2 1;
WATSON-PARKER, MARY,M/TU2 6;
WATSON-PARKER, MARY,M/TU2 7;
WATSON-PARKER, MARY,M/TU 45;
WATSON-PARKER, MARY,M/TU 52;
WATSON-PARKER, MARY,M/TU 58;
WATSON-PARKER, MARY,M/TU 68;
WATSON-PARKER, MARY,M/TU 74;
WATSON-PARKER, MARY,M/TU 75;
WATSON-PARKER, MARY,M/TU 76;
WATSON-PARKER, MARY,M/TU 79;
WATSON-PARKER, MARY,M/TU 96;
WATSON-PARKER, MARY,M/VS 1;
WATSON-PARKER, MARY,PPSM2 1;
WATSON-PARKER, MARY,PPSM2 10;
WATSON-PARKER, MARY,PPSM2 11;
WATSON-PARKER, MARY,PPSM2 1/2;
WATSON-PARKER, MARY,PPSM2 12;
WATSON-PARKER, MARY,PPSM2 29;
WATSON-PARKER, MARY,PPSM2 3;
WATSON-PARKER, MARY,PPSM2 4;
WATSON-PARKER, MARY,PPSM2 5;
WATSON-PARKER, MARY,PPSM2 6;
WATSON-PARKER, MARY,PPSM '99;
WATSON-PARKER, MARY,PPTSS 1;
WATSON-PARKER, MARY,PPTSS 10;
WATSON-PARKER, MARY,PPTSS 11;
WATSON-PARKER, MARY,PPTSS 112;
WATSON-PARKER, MARY,PPTSS 11/3;
WATSON-PARKER, MARY,PPTSS 113;
WATSON-PARKER, MARY,PPTSS 116;
WATSON-PARKER, MARY,PPTSS 119;
WATSON-PARKER, MARY,PPTSS 121;
WATSON-PARKER, MARY,PPTSS 123;
WATSON-PARKER, MARY,PPTSS 131;
WATSON-PARKER, MARY,PPTSS 132;
WATSON-PARKER, MARY,PPTSS 134;
WATSON-PARKER, MARY,PPTSS 135;
WATSON-PARKER, MARY,PPTSS 136;
WATSON-PARKER, MARY,PPTSS 137;
WATSON-PARKER, MARY,PPTSS 138;
WATSON-PARKER, MARY,PPTSS 14;
WATSON-PARKER, MARY,PPTSS 140;
WATSON-PARKER, MARY,PPTSS 141;
WATSON-PARKER, MARY,PPTSS 142;
WATSON-PARKER, MARY,PPTSS 143;
WATSON-PARKER, MARY,PPTSS 144;
WATSON-PARKER, MARY,PPTSS 145;
WATSON-PARKER, MARY,PPTSS 146;
WATSON-PARKER, MARY,PPTSS 147;
WATSON-PARKER, MARY,PPTSS 149;
WATSON-PARKER, MARY,PPTSS 150;
WATSON-PARKER, MARY,PPTSS 151;
WATSON-PARKER, MARY,PPTSS 152;
WATSON-PARKER, MARY,PPTSS 153;
WATSON-PARKER, MARY,PPTSS 154;
WATSON-PARKER, MARY,PPTSS 155;
WATSON-PARKER, MARY,PPTSS 156;
WATSON-PARKER, MARY,PPTSS 157;
WATSON-PARKER, MARY,PPTSS 158;
WATSON-PARKER, MARY,PPTSS 160;
WATSON-PARKER, MARY,PPTSS 161;
WATSON-PARKER, MARY,PPTSS 162;
WATSON-PARKER, MARY,PPTSS 163;
WATSON-PARKER, MARY,PPTSS 164;
WATSON-PARKER, MARY,PPTSS 165;
WATSON-PARKER, MARY,PPTSS 166;
WATSON-PARKER, MARY,PPTSS 167;
WATSON-PARKER, MARY,PPTSS 168;
WATSON-PARKER, MARY,PPTSS 169;
WATSON-PARKER, MARY,PPTSS 171;
WATSON-PARKER, MARY,PPTSS 172;
WATSON-PARKER, MARY,PPTSS 173;
WATSON-PARKER, MARY,PPTSS 174;
WATSON-PARKER, MARY,PPTSS 175;
WATSON-PARKER, MARY,PPTSS 176;
WATSON-PARKER, MARY,PPTSS 177;
WATSON-PARKER, MARY,PPTSS 178;
WATSON-PARKER, MARY,PPTSS 179;
WATSON-PARKER, MARY,PPTSS 184;
WATSON-PARKER, MARY,PPTSS 185;
WATSON-PARKER, MARY,PPTSS 186;
WATSON-PARKER, MARY,PPTSS 187;
WATSON-PARKER, MARY,PPTSS 188;
WATSON-PARKER, MARY,PPTSS 189;
WATSON-PARKER, MARY,PPTSS 191;
WATSON-PARKER, MARY,PPTSS 193;
WATSON-PARKER, MARY,PPTSS 194;
WATSON-PARKER, MARY,PPTSS 21;
WATSON-PARKER, MARY,PPTSS 211;
WATSON-PARKER, MARY,PPTSS 213;
WATSON-PARKER, MARY,PPTSS 214;
WATSON-PARKER, MARY,PPTSS 217;
WATSON-PARKER, MARY,PPTSS 217/2;
WATSON-PARKER, MARY,PPTSS 218;
WATSON-PARKER, MARY,PPTSS 219;
WATSON-PARKER, MARY,PPTSS 220;
WATSON-PARKER, MARY,PPTSS 221;
WATSON-PARKER, MARY,PPTSS 222;
WATSON-PARKER, MARY,PPTSS 223;
WATSON-PARKER, MARY,PPTSS 224;
WATSON-PARKER, MARY,PPTSS 225;
WATSON-PARKER, MARY,PPTSS 226;
WATSON-PARKER, MARY,PPTSS 227;
WATSON-PARKER, MARY,PPTSS 228;
WATSON-PARKER, MARY,PPTSS 23;
WATSON-PARKER, MARY,PPTSS 232;
WATSON-PARKER, MARY,PPTSS 234;
WATSON-PARKER, MARY,PPTSS 236;
WATSON-PARKER, MARY,PPTSS 237;
WATSON-PARKER, MARY,PPTSS 239;
WATSON-PARKER, MARY,PPTSS 24;
WATSON-PARKER, MARY,PPTSS 240;
WATSON-PARKER, MARY,PPTSS 241;
WATSON-PARKER, MARY,PPTSS 242;
WATSON-PARKER, MARY,PPTSS 244;
WATSON-PARKER, MARY,PPTSS 245;
WATSON-PARKER, MARY,PPTSS 247;
WATSON-PARKER, MARY,PPTSS 249;
WATSON-PARKER, MARY,PPTSS 250;
WATSON-PARKER, MARY,PPTSS 251;
WATSON-PARKER, MARY,PPTSS 252;
WATSON-PARKER, MARY,PPTSS 253;
WATSON-PARKER, MARY,PPTSS 254;
WATSON-PARKER, MARY,PPTSS 255;
WATSON-PARKER, MARY,PPTSS 256;
WATSON-PARKER, MARY,PPTSS 257;
WATSON-PARKER, MARY,PPTSS 258;
WATSON-PARKER, MARY,PPTSS 259;
WATSON-PARKER, MARY,PPTSS 26;
WATSON-PARKER, MARY,PPTSS 260;
WATSON-PARKER, MARY,PPTSS 261;
WATSON-PARKER, MARY,PPTSS 262;
WATSON-PARKER, MARY,PPTSS 263;
WATSON-PARKER, MARY,PPTSS 27;
WATSON-PARKER, MARY,PPTSS 28;
WATSON-PARKER, MARY,PPTSS 29;
WATSON-PARKER, MARY,PPTSS 38;
WATSON-PARKER, MARY,PPTSS 5;
WATSON-PARKER, MARY,PPTSS 7;
WATSON-PARKER, MARY,PPTSS 8;
WATSON-PARKER, MARY,PPTSS 85;
WATSON-PARKER, MARY,PPTSS 9/3;
WATSON-PARKER, MARY,PPTSS 96;
WATSON-PARKER, MARY,PPTSSSS 1;
WATSON-PARKER, MARY,PPTSSSS 1/2;
WATSON-PARKER, MARY,PWJ 14;
WATSON-PARKER, MARY,PWJ 15;
WATSON-PARKER, MARY,SENSM 10;
WATSON-PARKER, MARY,SENSM 11;
WATSON-PARKER, MARY,SENSM 12;
WATSON-PARKER, MARY,SENSM 16;
WATSON-PARKER, MARY,SENSM 18;
WATSON-PARKER, MARY,SENSM 19;
WATSON-PARKER, MARY,SENSM 20;
WATSON-PARKER, MARY,SENSM 21;
WATSON-PARKER, MARY,SENSM 24;
WATSON-PARKER, MARY,SENSM 25;
WATSON-PARKER, MARY,SENSM 26;
WATSON-PARKER, MARY,SENSM 27;
WATSON-PARKER, MARY,SENSM 28;
WATSON-PARKER, MARY,SENSM 29;
WATSON-PARKER, MARY,SENSM 3;
WATSON-PARKER, MARY,SENSM 30;
WATSON-PARKER, MARY,SENSM 31;
WATSON-PARKER, MARY,SENSM 32;
WATSON-PARKER, MARY,SENSM 33;
WATSON-PARKER, MARY,SENSM 7;
WATSON-PARKER, MARY,SENSM 8;
WATSON-PARKER, MARY,SENSM 9;
WATSON-PARKER, MARY,S-M 1;
WATSON-PARKER, MARY,S-M 13;
WATSON-PARKER, MARY,S-M 15;
WATSON-PARKER, MARY,S-M 18;
WATSON-PARKER, MARY,S-M 19/2;
WATSON-PARKER, MARY,S-M 2;
WATSON-PARKER, MARY,S-M 20;
WATSON-PARKER, MARY,S-M 21;
WATSON-PARKER, MARY,S-M 22;
WATSON-PARKER, MARY,S-M 23;
WATSON-PARKER, MARY,S-M 24;
WATSON-PARKER, MARY,S-M 26;
WATSON-PARKER, MARY,S-M 26/2;
WATSON-PARKER, MARY,S-M 29;
WATSON-PARKER, MARY,S-M 3;
WATSON-PARKER, MARY,S-M 30;
WATSON-PARKER, MARY,S-M 31;
WATSON-PARKER, MARY,S-M 4;
WATSON-PARKER, MARY,S-M 48;
WATSON-PARKER, MARY,S-M 5;
WATSON-PARKER, MARY,S-M 50;
WATSON-PARKER, MARY,S-M 54;
WATSON-PARKER, MARY,S-M 56;
WATSON-PARKER, MARY,S-M 57;
WATSON-PARKER, MARY,S-M 58;
WATSON-PARKER, MARY,S-M 59;
WATSON-PARKER, MARY,S-M 6;
WATSON-PARKER, MARY,S-M 60;
WATSON-PARKER, MARY,S-M 61;
WATSON-PARKER, MARY,S-M 62;
WATSON-PARKER, MARY,S-M 63;
WATSON-PARKER, MARY,S-M 66;
WATSON-PARKER, MARY,S-M 67;
WATSON-PARKER, MARY,S-M 68;
WATSON-PARKER, MARY,S-M 69;
WATSON-PARKER, MARY,S-M 70;
WATSON-PARKER, MARY,S-M 71;
WATSON-PARKER, MARY,S-M 75;
WATSON-PARKER, MARY,S-M 76;
WATSON-PARKER, MARY,S-M 77;
WATSON-PARKER, MARY,S-M 78;
WATSON-PARKER, MARY,S-M 79;
WATSON-PARKER, MARY,S-M 8;
WATSON-PARKER, MARY,S-M 81;
WATSON-PARKER, MARY,S-M 82;
WATSON-PARKER, MARY,S-M 83;
WATSON-PARKER, MARY,S-M 84;
WATSON-PARKER, MARY,S-M 85;
WATSON-PARKER, MARY,S-M 86;
WATSON-PARKER, MARY,S-M 87;
WATSON-PARKER, MARY,S-M 88;
WATSON-PARKER, MARY,S-M 89;
WATSON-PARKER, MARY,S-M 9;
WATSON-PARKER, MARY,S-M 90;
WATSON-PARKER, MARY,S-M 91;
WATSON-PARKER, MARY,S-M 92;
WATSON-PARKER, MARY,S-M 93;
WATSON-PARKER, MARY,S-M 94;
WATSON-PARKER, MARY,S-M 95;
WATSON-PARKER, MARY,S-M 96;
WATSON-PARKER, MARY,S-M 97;
WATSON-PARKER, MARY,S-M '98;
WATSON-PARKER, MARY,S-M 98;
WATSON-PARKER, MARY,SM:DMH;
WATSON-PARKER, MARY,SM:FA 1;
WATSON-PARKER, MARY,SM:FA 2;
WATSON-PARKER, MARY,SM:FA 3;
WATSON-PARKER, MARY,SM:FA 4;
WATSON-PARKER, MARY,SM:PL;
WATSON-PARKER, MARY,SM:PY;
WATSON-PARKER, MARY,S-MSS 1;
WATSON-PARKER, MARY,SMTU 7;
WATSON-PARKER, MARY,SM:VA;
WATSON-PARKER, MARY,SPECSM 2;
WATSON-PARKER, MARY,UTSM:SE;
WATSON-PARKER, MARY,V:F 1;
WATSON-PARKER, MARY,V:F 2;
WATSON-PARKER, MARY,VSS 1;
WATSON-PARKER, MARY,VSS 1/2;
WATSON-PARKER, MARY,WOSM 1;
WATSON-PARKER, MARY,WOSM 11;
WATSON-PARKER, MARY,WOSM 115;
WATSON-PARKER, MARY,WOSM 116;
WATSON-PARKER, MARY,WOSM 117;
WATSON-PARKER, MARY,WOSM 12;
WATSON-PARKER, MARY,WOSM 120;
WATSON-PARKER, MARY,WOSM 122;
WATSON-PARKER, MARY,WOSM 124;
WATSON-PARKER, MARY,WOSM 125;
WATSON-PARKER, MARY,WOSM 126;
WATSON-PARKER, MARY,WOSM 127;
WATSON-PARKER, MARY,WOSM 128;
WATSON-PARKER, MARY,WOSM 129;
WATSON-PARKER, MARY,WOSM 13;
WATSON-PARKER, MARY,WOSM 14;
WATSON-PARKER, MARY,WOSM 15;
WATSON-PARKER, MARY,WOSM 18;
WATSON-PARKER, MARY,WOSM 2;
WATSON-PARKER, MARY,WOSM 21;
WATSON-PARKER, MARY,WOSM 2/2;
WATSON-PARKER, MARY,WOSM 28;
WATSON-PARKER, MARY,WOSM 3;
WATSON-PARKER, MARY,WOSM 32;
WATSON-PARKER, MARY,WOSM 36;
WATSON-PARKER, MARY,WOSM 37;
WATSON-PARKER, MARY,WOSM 38;
WATSON-PARKER, MARY,WOSM 39;
WATSON-PARKER, MARY,WOSM 4;
WATSON-PARKER, MARY,WOSM 41;
WATSON-PARKER, MARY,WOSM 43;
WATSON-PARKER, MARY,WOSM 47;
WATSON-PARKER, MARY,WOSM 48;
WATSON-PARKER, MARY,WOSM 49;
WATSON-PARKER, MARY,WOSM 5;
WATSON-PARKER, MARY,WOSM 50;
WATSON-PARKER, MARY,WOSM 51;
WATSON-PARKER, MARY,WOSM 53;
WATSON-PARKER, MARY,WOSM 54;
WATSON-PARKER, MARY,WOSM 55;
WATSON-PARKER, MARY,WOSM 56;
WATSON-PARKER, MARY,WOSM 57;
WATSON-PARKER, MARY,WOSM 58;
WATSON-PARKER, MARY,WOSM 59;
WATSON-PARKER, MARY,WOSM 6;
WATSON-PARKER, MARY,WOSM 61;
WATSON-PARKER, MARY,WOSM 6/2;
WATSON-PARKER, MARY,WOSM 62;
WATSON-PARKER, MARY,WOSM 6/3;
WATSON-PARKER, MARY,WOSM 63;
WATSON-PARKER, MARY,WOSM 64;
WATSON-PARKER, MARY,WOSM 65;
WATSON-PARKER, MARY,WOSM 66;
WATSON-PARKER, MARY,WOSM 67;
WATSON-PARKER, MARY,WOSM 73;
WATSON-PARKER, MARY,WOSM 75;
WATSON-PARKER, MARY,WOSM 76;
WATSON-PARKER, MARY,WOSM 77;
WATSON-PARKER, MARY,WOSM 78;
WATSON-PARKER, MARY,WOSM 79;
WATSON-PARKER, MARY,WOSM 80;
WATSON-PARKER, MARY,WOSM 82;
WATSON-PARKER, MARY,WOSM 83;
WATSON-PARKER, MARY,WOSM 84;
WATSON-PARKER, MARY,WOSM 85;
WATSON-PARKER, MARY,WOSM 87;
WATSON-PARKER, MARY,WOSM 88;
WATSON-PARKER, MARY,WOSM 89;
WATSON-PARKER, MARY,WOSM 90;
WATSON-PARKER, MARY,WOSM 91;
WATSON-PARKER, MARY,WOSM 93;
WATSON-PARKER, MARY,WOSM 94;
WATSON-PARKER, MARY,WOSMSS 1;
WATSON-PARKER, MARY,WTS 1/2;
WATSON-PARKER, MARY,XCAL 53;
WATSON, PHILIP,ASM 259;
WATSON, PHILIP,ASM 292;
WATSON, PHILIP,PPTSS 219;
WATSON, PHILIP,SM:PL;
WATSON, TOMMY,ASM 347;
WATTS,ABOM 3;
WAXWORK,FF3 6;
WAXWORK,FF3 7;
WAXWORK,FF3 8;
WAXWORK,XCAL 125;
WAXWORK,XCAL 42;
WAXWORK,XCAL 43;
WAXWORK,XCAL 44;
WAXWORK,XCAL 45;
WAXWORK,XCAL 46;
WAXWORK,XCAL 47;
WAXWORK,XCALSE;
WAYFINDER,DEF2 7;
WAYOPEX,Q 35;
WEAK LINK/ERNIE MILL,SLEEP 19;
WEAK LINK/ERNIE MILL,SLEEP 7;
WEALS, MELVIN J.,XU 21;
WEAPON X II/GARRISON,C 1;
WEAPON X II/GARRISON,C 2;
WEAPON X II/GARRISON,C2 38;
WEAPON X II/GARRISON,C2 39;
WEAPON X II/GARRISON,W2 142;
WEAPON X II/GARRISON,W2 143;
WEAPON X II/GARRISON,W2 88;
WEAPON X II/GARRISON,XFOR 10;
WEAPON X II/GARRISON,XFOR 11;
WEAPON X II/GARRISON,XFOR 12;
WEAPON X II/GARRISON,XFOR 13;
WEAPON X II/GARRISON,XFOR 14;
WEAPON X II/GARRISON,XFOR 2;
WEAPON X II/GARRISON,XFOR 7/2;
WEAPON X II/GARRISON,XFOR 8;
WEAPON X II/GARRISON,XFOR 9/2;
WEAPON X III,AF2 17;
WEAPON X III,AF2 18;
WEAPON X III,AF2 19;
WEAPON X III,AF2 20;
WEASEL/JACK HAMMER,DD '97;
WEASEL/JACK HAMMER,DPOOL3 10;
WEASEL/JACK HAMMER,DPOOL3 11;
WEASEL/JACK HAMMER,DPOOL3 12;
WEASEL/JACK HAMMER,DPOOL3 13;
WEASEL/JACK HAMMER,DPOOL3 14;
WEASEL/JACK HAMMER,DPOOL3 5;
WEASON, SENATOR,M/CP 80/2;
WEASON, SENATOR,M/CP 81/2;
WEAVER, ZEKE,XFOR 82;
WEBSTER, NORM,FF 311;
WEBSTER, NORM,V&SW2 1;
WEBSTER, NORM,V&SW2 10;
WEBSTER, NORM,V&SW2 11;
WEBSTER, NORM,V&SW2 12;
WEBSTER, NORM,V&SW2 4;
WEBSTER, NORM,V&SW2 6;
WEBSTER, NORM,V&SW2 7;
WEBSTER, NORM,V&SW2 8;
WEBSTER, NORM,V&SW2 9;
WEBWING,UX 387;
WEED,N 24;
WEI, LINDA,GR3 21;
WEI, LINDA,GR3 22;
WEI, LINDA,GR3 23;
WEI, LINDA,GR3 5;
WEI, LINDA,GR3 6;
WEI, LINDA,GR3 7;
WEI, LINDA,GR3 8;
WEI, LINDA,GR3 9;
WEIN, GLYNIS,AA2 16;
WEIN, GLYNIS,T 207;
WEIN, GLYNIS,UX 123;
WEIN, LEN,AA2 16;
WEIN, LEN,FF 176;
WEIN, LEN,GSX 1;
WEIN, LEN,M/PRM 24;
WEIN, LEN,PPTSS 48;
WEIN, LEN,T 207;
WEIN, LEN,UX 123;
WEISENTHAL, DR. JACO,MORBIUS 1;
WEISENTHAL, DR. JACO,MORBIUS 2;
WEISENTHAL, DR. JACO,MORBIUS 3;
WEISENTHAL, DR. JONA,ASMU 20;
WEISMAN, DR.,XFOR 46;
WEISMAN, DR.,XFOR 47;
WEISS, KONRAD KONNIE,ELEK 1;
WEISS, KONRAD KONNIE,ELEK 12;
WEISS, KONRAD KONNIE,ELEK 13;
WENDIGO II/GEORGES B,H2 162;
WENDIGO II/GEORGES B,H2 180;
WENDIGO II/GEORGES B,H2 181;
WENDIGO II/GEORGES B,MU 9/3;
WENDIGO II/GEORGES B,UX 139;
WENDIGO II/GEORGES B,UX 140;
WENDIGO III/FRANCOIS,H2 272;
WENDIGO III/FRANCOIS,H2 273;
WENDIGO III/FRANCOIS,M/CP 113/4;
WENDIGO III/FRANCOIS,S-M 10;
WENDIGO III/FRANCOIS,S-M 11;
WENDIGO III/FRANCOIS,S-M 8;
WENDIGO III/FRANCOIS,S-M 9;
WENDIGO III/FRANCOIS,XFOR 11;
WENDIGO III/FRANCOIS,XFOR 12;
WENDIGO III/FRANCOIS,XFOR 13;
WENDIGO IV/MICHAEL F,M/FAN2 3;
WENDIGO/PAUL CARTIER,H2 162;
WENDIGO/PAUL CARTIER,H2 180;
WENDIGO/PAUL CARTIER,H2 181;
WENDIGO V/ANDRE,CM5 3;
WENDIGO V/ANDRE,W2 129;
WENDIGO V/ANDRE,W2 130;
WENDIGO VI/LARRY,CM5 1;
WENDIGO VI/LARRY,CM5 2;
WENDIGO VI/LARRY,CM5 3;
WENDY,C2 92;
WENTWORTH, JENNIFER,XFOR 111;
WEREWOLF BY NIGHT/JA,A 240;
WEREWOLF BY NIGHT/JA,CA 330;
WEREWOLF BY NIGHT/JA,CA 331;
WEREWOLF BY NIGHT/JA,CA 406;
WEREWOLF BY NIGHT/JA,CA 407;
WEREWOLF BY NIGHT/JA,COC 1;
WEREWOLF BY NIGHT/JA,DRSTR3 26;
WEREWOLF BY NIGHT/JA,DRSTR3 27;
WEREWOLF BY NIGHT/JA,GR2 55;
WEREWOLF BY NIGHT/JA,GSCR 1;
WEREWOLF BY NIGHT/JA,GSWBN 2;
WEREWOLF BY NIGHT/JA,GSWBN 3;
WEREWOLF BY NIGHT/JA,GSWBN 4;
WEREWOLF BY NIGHT/JA,GSWBN 5;
WEREWOLF BY NIGHT/JA,H2 362;
WEREWOLF BY NIGHT/JA,IM 209;
WEREWOLF BY NIGHT/JA,M/CP 107/3;
WEREWOLF BY NIGHT/JA,M/CP 108/3;
WEREWOLF BY NIGHT/JA,M/CP 109/3;
WEREWOLF BY NIGHT/JA,M/CP 110/3;
WEREWOLF BY NIGHT/JA,M/CP 111/3;
WEREWOLF BY NIGHT/JA,M/CP 112/3;
WEREWOLF BY NIGHT/JA,M/CP 113/4;
WEREWOLF BY NIGHT/JA,M/CP 54/2;
WEREWOLF BY NIGHT/JA,M/CP 55/2;
WEREWOLF BY NIGHT/JA,M/CP 56/2;
WEREWOLF BY NIGHT/JA,M/CP 57/2;
WEREWOLF BY NIGHT/JA,M/CP 58/2;
WEREWOLF BY NIGHT/JA,M/CP 59/2;
WEREWOLF BY NIGHT/JA,M/CP 87/4;
WEREWOLF BY NIGHT/JA,M/CP 98/2;
WEREWOLF BY NIGHT/JA,MK 29;
WEREWOLF BY NIGHT/JA,MK 30;
WEREWOLF BY NIGHT/JA,M/PRM 28;
WEREWOLF BY NIGHT/JA,M/PRM 59;
WEREWOLF BY NIGHT/JA,M/SPT 2;
WEREWOLF BY NIGHT/JA,M/SPT 3;
WEREWOLF BY NIGHT/JA,M/SPT 4;
WEREWOLF BY NIGHT/JA,M/TU 12;
WEREWOLF BY NIGHT/JA,M/TU 93;
WEREWOLF BY NIGHT/JA,S&L 3/2;
WEREWOLF BY NIGHT/JA,SOLOA 3/2;
WEREWOLF BY NIGHT/JA,ST5 1/2;
WEREWOLF BY NIGHT/JA,ST5 2/2;
WEREWOLF BY NIGHT/JA,S-W 19;
WEREWOLF BY NIGHT/JA,S-W 32;
WEREWOLF BY NIGHT/JA,S-W 48;
WEREWOLF BY NIGHT/JA,S-W 49;
WEREWOLF BY NIGHT/JA,S-W 50;
WEREWOLF BY NIGHT/JA,S-W 6;
WEREWOLF BY NIGHT/JA,TOD 18;
WEREWOLF BY NIGHT/JA,WBN 1;
WEREWOLF BY NIGHT/JA,WBN 10;
WEREWOLF BY NIGHT/JA,WBN 11;
WEREWOLF BY NIGHT/JA,WBN 12;
WEREWOLF BY NIGHT/JA,WBN 13;
WEREWOLF BY NIGHT/JA,WBN 14;
WEREWOLF BY NIGHT/JA,WBN 15;
WEREWOLF BY NIGHT/JA,WBN 16;
WEREWOLF BY NIGHT/JA,WBN 17;
WEREWOLF BY NIGHT/JA,WBN 18;
WEREWOLF BY NIGHT/JA,WBN 19;
WEREWOLF BY NIGHT/JA,WBN 2;
WEREWOLF BY NIGHT/JA,WBN 20;
WEREWOLF BY NIGHT/JA,WBN 21;
WEREWOLF BY NIGHT/JA,WBN 22;
WEREWOLF BY NIGHT/JA,WBN 23;
WEREWOLF BY NIGHT/JA,WBN 24;
WEREWOLF BY NIGHT/JA,WBN 25;
WEREWOLF BY NIGHT/JA,WBN 26;
WEREWOLF BY NIGHT/JA,WBN 27;
WEREWOLF BY NIGHT/JA,WBN 28;
WEREWOLF BY NIGHT/JA,WBN 29;
WEREWOLF BY NIGHT/JA,WBN 3;
WEREWOLF BY NIGHT/JA,WBN 30;
WEREWOLF BY NIGHT/JA,WBN 31;
WEREWOLF BY NIGHT/JA,WBN 32;
WEREWOLF BY NIGHT/JA,WBN 33;
WEREWOLF BY NIGHT/JA,WBN 34;
WEREWOLF BY NIGHT/JA,WBN 35;
WEREWOLF BY NIGHT/JA,WBN 36;
WEREWOLF BY NIGHT/JA,WBN 37;
WEREWOLF BY NIGHT/JA,WBN 38;
WEREWOLF BY NIGHT/JA,WBN 39;
WEREWOLF BY NIGHT/JA,WBN 4;
WEREWOLF BY NIGHT/JA,WBN 40;
WEREWOLF BY NIGHT/JA,WBN 41;
WEREWOLF BY NIGHT/JA,WBN 42;
WEREWOLF BY NIGHT/JA,WBN 43;
WEREWOLF BY NIGHT/JA,WBN 5;
WEREWOLF BY NIGHT/JA,WBN 6;
WEREWOLF BY NIGHT/JA,WBN 7;
WEREWOLF BY NIGHT/JA,WBN 8;
WEREWOLF BY NIGHT/JA,WBN 9;
WEREWOLF BY NIGHT/JA,WCA2 40;
WEREWOLF BY NIGHT/JA,WCA2 5;
WERNER, P.D.Q.,M/PRS 1;
WERNER, P.D.Q.,NFAOS 2;
WESSEL, HARRY,W/P 1;
WEST, DALE,BG 2;
WEST, DALE,M/TIO 85;
WESTON, SALLY,DD 64;
WESTON, SALLY,DD 65;
WESTON, SALLY,DD 66;
WESTPHAL, SIMON,X 111;
WETHERELL, MANOLI,FF3 11;
WETHERELL, MANOLI,FF3 27;
WETHERELL, MANOLI,FF3 9;
WETHERELL, MANOLI,UX 226;
WETHERELL, MANOLI,UX 227;
WEYING, ANN,ASM2 19;
WEYING, ANN,V:ACS 1;
WEYING, ANN,V:ACS 2;
WEYING, ANN,V:ACS 3;
WEYING, ANN,V:ACS 4;
WHEELER,BP3 31;
WHEELER,DD 245;
WHEELER, M'KONI MARY,BP3 31;
WHEELER, M'KONI MARY,BP3 33;
WHIPLASH II/,ASM 340;
WHIPLASH II/,ASM 343;
WHIPLASH II/,CA 389;
WHIPLASH II/,CA 390;
WHIPLASH II/,CA 391;
WHIPLASH II/,HFH 4;
WHIPLASH II/,M/CP 49;
WHIPLASH II/,M/CP 50;
WHIPLASH/MARK SCARLO,ASM 319;
WHIPLASH/MARK SCARLO,CA 319;
WHIPLASH/MARK SCARLO,DPOOL3 40;
WHIPLASH/MARK SCARLO,H 17/5;
WHIPLASH/MARK SCARLO,IM 1;
WHIPLASH/MARK SCARLO,IM 123;
WHIPLASH/MARK SCARLO,IM 124;
WHIPLASH/MARK SCARLO,IM 126;
WHIPLASH/MARK SCARLO,IM 127;
WHIPLASH/MARK SCARLO,IM 146;
WHIPLASH/MARK SCARLO,IM 147;
WHIPLASH/MARK SCARLO,IM 223;
WHIPLASH/MARK SCARLO,IM 224;
WHIPLASH/MARK SCARLO,IM 239;
WHIPLASH/MARK SCARLO,IM 240;
WHIPLASH/MARK SCARLO,IM 285;
WHIPLASH/MARK SCARLO,IM 286;
WHIPLASH/MARK SCARLO,IM3 26;
WHIPLASH/MARK SCARLO,IM3 28;
WHIPLASH/MARK SCARLO,IM3 8;
WHIPLASH/MARK SCARLO,IM 62;
WHIPLASH/MARK SCARLO,IM 72;
WHIPLASH/MARK SCARLO,IM '99;
WHIPLASH/MARK SCARLO,IM&SM 1;
WHIPLASH/MARK SCARLO,M/CP 97/4;
WHIPLASH/MARK SCARLO,M/SH3 12/3;
WHIPLASH/MARK SCARLO,M/TIO 96;
WHIPLASH/MARK SCARLO,M/TU 145;
WHIPLASH/MARK SCARLO,M/TU 72;
WHIPLASH/MARK SCARLO,NW 2;
WHIPLASH/MARK SCARLO,PPTSS 101;
WHIPLASH/MARK SCARLO,PPTSS 12;
WHIPLASH/MARK SCARLO,TB 35;
WHIPLASH/MARK SCARLO,TB 36;
WHIPLASH/MARK SCARLO,TOS 97;
WHIPLASH/MARK SCARLO,TOS 98/2;
WHIPLASH/MARK SCARLO,TOS 99;
WHIPLASH/MARK SCARLO,WOSM 8;
WHIRLWIND/DAVID CANN,A 139;
WHIRLWIND/DAVID CANN,A 164;
WHIRLWIND/DAVID CANN,A 166;
WHIRLWIND/DAVID CANN,A 222;
WHIRLWIND/DAVID CANN,A3 4;
WHIRLWIND/DAVID CANN,A 46;
WHIRLWIND/DAVID CANN,A 47;
WHIRLWIND/DAVID CANN,A 54;
WHIRLWIND/DAVID CANN,A 55;
WHIRLWIND/DAVID CANN,A 6/2;
WHIRLWIND/DAVID CANN,A 83;
WHIRLWIND/DAVID CANN,AF 102;
WHIRLWIND/DAVID CANN,ASPOT 26/2;
WHIRLWIND/DAVID CANN,CA 130;
WHIRLWIND/DAVID CANN,CA 132;
WHIRLWIND/DAVID CANN,CA 324;
WHIRLWIND/DAVID CANN,DEF 63;
WHIRLWIND/DAVID CANN,DEF 64;
WHIRLWIND/DAVID CANN,DEF 65;
WHIRLWIND/DAVID CANN,FF 3;
WHIRLWIND/DAVID CANN,FF 336;
WHIRLWIND/DAVID CANN,IM 11/4;
WHIRLWIND/DAVID CANN,M/CP 97/4;
WHIRLWIND/DAVID CANN,M/FEA 6;
WHIRLWIND/DAVID CANN,M/FEA 9;
WHIRLWIND/DAVID CANN,PM&IF 106;
WHIRLWIND/DAVID CANN,S-H2 24;
WHIRLWIND/DAVID CANN,TB 26;
WHIRLWIND/DAVID CANN,TTA 50;
WHIRLWIND/DAVID CANN,TTA 51;
WHIRLWIND/DAVID CANN,TTA 55;
WHIRLWIND/DAVID CANN,TTA 59;
WHIRLWIND/DAVID CANN,TTA 68;
WHIRLWIND/DAVID CANN,TTA 69;
WHIRLWIND/DAVID CANN,WCA2 16;
WHIRLWIND II/DAVID C,MASTERS OF EVIL;
WHISPER II/,WOSM 92;
WHISPER/,WOSM 91;
WHITE BIRD/AMARA,XM 72;
WHITECLOUD, MICHAEL,XFOR -1;
WHITECLOUD, MICHAEL,XFOR 72;
WHITE DRAGON II,ASM 185;
WHITE DRAGON II,M/TU 144;
WHITE DRAGON II,PPTSS 12/3;
WHITE DRAGON,IM 39;
WHITE DRAGON,IM 40;
WHITE, JONATHAN,DRSTR4 1;
WHITE, JONATHAN,DRSTR4 3;
WHITE, JONATHAN,DRSTR4 4;
WHITE KING,CX 6;
WHITE KING,CX 7/2;
WHITE KING,P-M 1;
WHITE KING,UX 100;
WHITE KING,UX 97;
WHITEOUT,CA 389;
WHITEOUT,CA 390;
WHITEOUT,CA 391;
WHITEOUT,CA 392;
WHITEOUT,UX 249;
WHITEOUT,UX 274;
WHITEOUT,XU 6;
WHITE, PROFESSOR,SM:LY 2;
WHITE QUEEN/EMMA FRO,CX 34/2;
WHITE QUEEN/EMMA FRO,CX 7/2;
WHITE QUEEN/EMMA FRO,FS 1;
WHITE QUEEN/EMMA FRO,FS 2;
WHITE QUEEN/EMMA FRO,FS 3;
WHITE QUEEN/EMMA FRO,FS 4;
WHITE QUEEN/EMMA FRO,GENX 1;
WHITE QUEEN/EMMA FRO,GENX 10;
WHITE QUEEN/EMMA FRO,GENX 11;
WHITE QUEEN/EMMA FRO,GENX 12;
WHITE QUEEN/EMMA FRO,GENX 13;
WHITE QUEEN/EMMA FRO,GENX 14;
WHITE QUEEN/EMMA FRO,GENX 15;
WHITE QUEEN/EMMA FRO,GENX 17;
WHITE QUEEN/EMMA FRO,GENX 2;
WHITE QUEEN/EMMA FRO,GENX 23;
WHITE QUEEN/EMMA FRO,GENX 24;
WHITE QUEEN/EMMA FRO,GENX 25;
WHITE QUEEN/EMMA FRO,GENX 29;
WHITE QUEEN/EMMA FRO,GENX 3;
WHITE QUEEN/EMMA FRO,GENX 31;
WHITE QUEEN/EMMA FRO,GENX 32;
WHITE QUEEN/EMMA FRO,GENX 33;
WHITE QUEEN/EMMA FRO,GENX 34;
WHITE QUEEN/EMMA FRO,GENX 35;
WHITE QUEEN/EMMA FRO,GENX 36;
WHITE QUEEN/EMMA FRO,GENX 37;
WHITE QUEEN/EMMA FRO,GENX 38;
WHITE QUEEN/EMMA FRO,GENX 39;
WHITE QUEEN/EMMA FRO,GENX 4;
WHITE QUEEN/EMMA FRO,GENX 40;
WHITE QUEEN/EMMA FRO,GENX 42;
WHITE QUEEN/EMMA FRO,GENX 43;
WHITE QUEEN/EMMA FRO,GENX 44;
WHITE QUEEN/EMMA FRO,GENX 45;
WHITE QUEEN/EMMA FRO,GENX 46;
WHITE QUEEN/EMMA FRO,GENX 47;
WHITE QUEEN/EMMA FRO,GENX 48;
WHITE QUEEN/EMMA FRO,GENX 49;
WHITE QUEEN/EMMA FRO,GENX 50;
WHITE QUEEN/EMMA FRO,GENX 51;
WHITE QUEEN/EMMA FRO,GENX 52;
WHITE QUEEN/EMMA FRO,GENX 53;
WHITE QUEEN/EMMA FRO,GENX 54;
WHITE QUEEN/EMMA FRO,GENX 56;
WHITE QUEEN/EMMA FRO,GENX 57;
WHITE QUEEN/EMMA FRO,GENX 58;
WHITE QUEEN/EMMA FRO,GENX 59;
WHITE QUEEN/EMMA FRO,GENX 6;
WHITE QUEEN/EMMA FRO,GENX 60;
WHITE QUEEN/EMMA FRO,GENX 61;
WHITE QUEEN/EMMA FRO,GENX 63;
WHITE QUEEN/EMMA FRO,GENX 64;
WHITE QUEEN/EMMA FRO,GENX 67;
WHITE QUEEN/EMMA FRO,GENX 68;
WHITE QUEEN/EMMA FRO,GENX 69;
WHITE QUEEN/EMMA FRO,GENX 7;
WHITE QUEEN/EMMA FRO,GENX 70;
WHITE QUEEN/EMMA FRO,GENX 71;
WHITE QUEEN/EMMA FRO,GENX 74;
WHITE QUEEN/EMMA FRO,GENX 75;
WHITE QUEEN/EMMA FRO,GENX 8;
WHITE QUEEN/EMMA FRO,GENX 9;
WHITE QUEEN/EMMA FRO,GENX '95;
WHITE QUEEN/EMMA FRO,GENX '97;
WHITE QUEEN/EMMA FRO,GENX '98;
WHITE QUEEN/EMMA FRO,GENX '99;
WHITE QUEEN/EMMA FRO,IM3 37;
WHITE QUEEN/EMMA FRO,M/CP 78/4;
WHITE QUEEN/EMMA FRO,M/CP 82/2;
WHITE QUEEN/EMMA FRO,NM 15;
WHITE QUEEN/EMMA FRO,NM 16;
WHITE QUEEN/EMMA FRO,NM 17;
WHITE QUEEN/EMMA FRO,NM 26;
WHITE QUEEN/EMMA FRO,NM 38;
WHITE QUEEN/EMMA FRO,NM 39;
WHITE QUEEN/EMMA FRO,NM 4;
WHITE QUEEN/EMMA FRO,NM 40;
WHITE QUEEN/EMMA FRO,NM 51;
WHITE QUEEN/EMMA FRO,NM 53;
WHITE QUEEN/EMMA FRO,NM 54;
WHITE QUEEN/EMMA FRO,NM 56;
WHITE QUEEN/EMMA FRO,NM 57;
WHITE QUEEN/EMMA FRO,NM 62;
WHITE QUEEN/EMMA FRO,NM 69;
WHITE QUEEN/EMMA FRO,NM 70;
WHITE QUEEN/EMMA FRO,NM 71;
WHITE QUEEN/EMMA FRO,NM 73;
WHITE QUEEN/EMMA FRO,NM 74;
WHITE QUEEN/EMMA FRO,NM 75;
WHITE QUEEN/EMMA FRO,NW 10;
WHITE QUEEN/EMMA FRO,NW 1/5;
WHITE QUEEN/EMMA FRO,NW2 5;
WHITE QUEEN/EMMA FRO,NW 5;
WHITE QUEEN/EMMA FRO,NW 8;
WHITE QUEEN/EMMA FRO,NW 9;
WHITE QUEEN/EMMA FRO,SWII 7;
WHITE QUEEN/EMMA FRO,UX 129;
WHITE QUEEN/EMMA FRO,UX 130;
WHITE QUEEN/EMMA FRO,UX 131;
WHITE QUEEN/EMMA FRO,UX 151;
WHITE QUEEN/EMMA FRO,UX 152;
WHITE QUEEN/EMMA FRO,UX 169;
WHITE QUEEN/EMMA FRO,UX 180;
WHITE QUEEN/EMMA FRO,UX 182;
WHITE QUEEN/EMMA FRO,UX 210;
WHITE QUEEN/EMMA FRO,UX 219;
WHITE QUEEN/EMMA FRO,UX 281;
WHITE QUEEN/EMMA FRO,UX 282;
WHITE QUEEN/EMMA FRO,UX 283;
WHITE QUEEN/EMMA FRO,UX 284;
WHITE QUEEN/EMMA FRO,UX 311;
WHITE QUEEN/EMMA FRO,UX 314;
WHITE QUEEN/EMMA FRO,UX 316;
WHITE QUEEN/EMMA FRO,UX 317;
WHITE QUEEN/EMMA FRO,UX 318;
WHITE QUEEN/EMMA FRO,UX 324;
WHITE QUEEN/EMMA FRO,UX 331;
WHITE QUEEN/EMMA FRO,UX 7;
WHITE QUEEN/EMMA FRO,UX '95;
WHITE QUEEN/EMMA FRO,W2 141;
WHITE QUEEN/EMMA FRO,W2 94;
WHITE QUEEN/EMMA FRO,X 115;
WHITE QUEEN/EMMA FRO,X 36;
WHITE QUEEN/EMMA FRO,X 37;
WHITE QUEEN/EMMA FRO,X 77;
WHITE QUEEN/EMMA FRO,XCAL 115;
WHITE QUEEN/EMMA FRO,XF 3;
WHITE QUEEN/EMMA FRO,XFOR 42;
WHITE QUEEN/EMMA FRO,XFOR 75;
WHITE QUEEN/EMMA FRO,XFOR 87;
WHITE QUEEN/EMMA FRO,X:HC 4;
WHITE QUEEN/EMMA FRO,XM 50;
WHITE QUEEN/EMMA FRO,XU 16;
WHITE QUEEN/EMMA FRO,XU 23;
WHITE RABBIT,M/TU 131;
WHITE RABBIT,PPTSS 185;
WHITE RABBIT,PPTSS 253;
WHITE RABBIT,PPTSS 256;
WHITE TIGER/HECTOR A,DEF 62;
WHITE TIGER/HECTOR A,DEF 63;
WHITE TIGER/HECTOR A,DEF 64;
WHITE TIGER/HECTOR A,DHKF 19/2;
WHITE TIGER/HECTOR A,DHKF 20/2;
WHITE TIGER/HECTOR A,DHKF 21/2;
WHITE TIGER/HECTOR A,DHKF 22/2;
WHITE TIGER/HECTOR A,DHKF 23/2;
WHITE TIGER/HECTOR A,DHKF 24/2;
WHITE TIGER/HECTOR A,DHKF 26;
WHITE TIGER/HECTOR A,DHKF 27;
WHITE TIGER/HECTOR A,DHKF 29/2;
WHITE TIGER/HECTOR A,DHKF 30;
WHITE TIGER/HECTOR A,DHKF 31;
WHITE TIGER/HECTOR A,DHKF 32/2;
WHITE TIGER/HECTOR A,HFLY 8;
WHITE TIGER/HECTOR A,HFLY 9;
WHITE TIGER/HECTOR A,PPTSS 10;
WHITE TIGER/HECTOR A,PPTSS 18;
WHITE TIGER/HECTOR A,PPTSS 19;
WHITE TIGER/HECTOR A,PPTSS 20;
WHITE TIGER/HECTOR A,PPTSS 21;
WHITE TIGER/HECTOR A,PPTSS 22;
WHITE TIGER/HECTOR A,PPTSS 23;
WHITE TIGER/HECTOR A,PPTSS 25;
WHITE TIGER/HECTOR A,PPTSS 26;
WHITE TIGER/HECTOR A,PPTSS 28;
WHITE TIGER/HECTOR A,PPTSS 29;
WHITE TIGER/HECTOR A,PPTSS 30;
WHITE TIGER/HECTOR A,PPTSS 31;
WHITE TIGER/HECTOR A,PPTSS 32;
WHITE TIGER/HECTOR A,PPTSS 49/2;
WHITE TIGER/HECTOR A,PPTSS 50/2;
WHITE TIGER/HECTOR A,PPTSS 51/2;
WHITE TIGER/HECTOR A,PPTSS 52;
WHITE TIGER/HECTOR A,PPTSS 9;
WHITE TIGER II/,HFH 1;
WHITE TIGER II/,HFH 11;
WHITE TIGER II/,HFH 12;
WHITE TIGER II/,HFH 13;
WHITE TIGER II/,HFH 14;
WHITE TIGER II/,HFH 15;
WHITE TIGER II/,HFH 16;
WHITE TIGER II/,HFH 2;
WHITE TIGER II/,HFH 3;
WHITE TIGER II/,HFH 4;
WHITE TIGER II/,HFH 5;
WHITE TIGER II/,HFH 6;
WHITE TIGER II/,HFH 7;
WHITE TIGER II/,HFH 8;
WHITE TIGER II/,HFH 9;
WHITE TIGER II/,HFH '98;
WHITE TIGER II/,QS 11;
WHITE TIGER II/,QS 12;
WHITE TIGER II/,TB 8;
WHITE WOLF/HUNTER,BP3 10;
WHITE WOLF/HUNTER,BP3 11;
WHITE WOLF/HUNTER,BP3 12;
WHITE WOLF/HUNTER,BP3 22;
WHITE WOLF/HUNTER,BP3 24;
WHITE WOLF/HUNTER,BP3 25;
WHITE WOLF/HUNTER,BP3 26;
WHITE WOLF/HUNTER,BP3 27;
WHITE WOLF/HUNTER,BP3 28;
WHITE WOLF/HUNTER,BP3 4;
WHITE WOLF/HUNTER,BP3 5;
WHITE WOLF/HUNTER,BP3 7;
WHITE WOLF/HUNTER,BP3 9;
WHITMAN, DEBRA,ASM 14;
WHITMAN, DEBRA,ASM 196;
WHITMAN, DEBRA,ASM 207;
WHITMAN, DEBRA,ASM 209;
WHITMAN, DEBRA,ASM 210;
WHITMAN, DEBRA,ASM 211;
WHITMAN, DEBRA,ASM 212;
WHITMAN, DEBRA,ASM 213;
WHITMAN, DEBRA,ASM 215;
WHITMAN, DEBRA,ASM 216;
WHITMAN, DEBRA,ASM 217;
WHITMAN, DEBRA,ASM 218;
WHITMAN, DEBRA,ASM 221;
WHITMAN, DEBRA,ASM 225;
WHITMAN, DEBRA,ASM 227;
WHITMAN, DEBRA,ASM 228;
WHITMAN, DEBRA,ASM 231;
WHITMAN, DEBRA,ASM 232;
WHITMAN, DEBRA,M/TIO 90;
WHITMAN, DEBRA,M/TU 106;
WHITMAN, DEBRA,M/TU 4;
WHITMAN, DEBRA,PPTSS 36;
WHITMAN, DEBRA,PPTSS 42;
WHITMAN, DEBRA,PPTSS 43;
WHITMAN, DEBRA,PPTSS 46;
WHITMAN, DEBRA,PPTSS 47;
WHITMAN, DEBRA,PPTSS 48;
WHITMAN, DEBRA,PPTSS 50;
WHITMAN, DEBRA,PPTSS 51;
WHITMAN, DEBRA,PPTSS 55;
WHITMAN, DEBRA,PPTSS 56;
WHITMAN, DEBRA,PPTSS 58;
WHITMAN, DEBRA,PPTSS 60;
WHITMAN, DEBRA,PPTSS 61;
WHITMAN, DEBRA,PPTSS 62;
WHITMAN, DEBRA,PPTSS 65;
WHITMAN, DEBRA,PPTSS 66;
WHITMAN, DEBRA,PPTSS 67;
WHITMAN, DEBRA,PPTSS 68;
WHITMAN, DEBRA,PPTSS 69;
WHITMAN, DEBRA,PPTSS 70;
WHITMAN, DEBRA,PPTSS 72;
WHITMAN, DEBRA,PPTSS 74;
WHITMAN, PATRICIA,FOOL 4;
WHITMAN, PATRICIA,FOOL 5;
WHIZZER III/JAMES SA,A 69;
WHIZZER III/JAMES SA,A 70;
WHIZZER III/JAMES SA,A 8;
WHIZZER III/JAMES SA,ASM 222;
WHIZZER III/JAMES SA,ASM 280;
WHIZZER III/JAMES SA,ASM 281;
WHIZZER III/JAMES SA,C2 55;
WHIZZER III/JAMES SA,DEF 13;
WHIZZER III/JAMES SA,DEF 14;
WHIZZER III/JAMES SA,DFSM 1;
WHIZZER III/JAMES SA,DFSM 2;
WHIZZER III/JAMES SA,DFSM 3;
WHIZZER III/JAMES SA,DFSM 4;
WHIZZER III/JAMES SA,GSDEF 4;
WHIZZER III/JAMES SA,M/TU 121;
WHIZZER III/JAMES SA,NW 2;
WHIZZER III/JAMES SA,PPTSS 12;
WHIZZER III/JAMES SA,Q 17;
WHIZZER III/JAMES SA,TB 35;
WHIZZER III/JAMES SA,TB 36;
WHIZZER III/JAMES SA,TB '97;
WHIZZER III/JAMES SA,WOSM 7/2;
WHIZZER III/JAMES SA,WOSM 8;
WHIZZER II/STANLEY S,A 141;
WHIZZER II/STANLEY S,A 142;
WHIZZER II/STANLEY S,A 144;
WHIZZER II/STANLEY S,A 147;
WHIZZER II/STANLEY S,A 148;
WHIZZER II/STANLEY S,A 149;
WHIZZER II/STANLEY S,A3 5;
WHIZZER II/STANLEY S,A3 6;
WHIZZER II/STANLEY S,A 85;
WHIZZER II/STANLEY S,A 86;
WHIZZER II/STANLEY S,A '98;
WHIZZER II/STANLEY S,DEF 112;
WHIZZER II/STANLEY S,DEF 113;
WHIZZER II/STANLEY S,DEF 114;
WHIZZER II/STANLEY S,Q 13;
WHIZZER II/STANLEY S,Q 14;
WHIZZER II/STANLEY S,Q 15;
WHIZZER II/STANLEY S,Q 16;
WHIZZER II/STANLEY S,Q 17;
WHIZZER II/STANLEY S,Q 19;
WHIZZER II/STANLEY S,Q 25;
WHIZZER II/STANLEY S,Q 27;
WHIZZER II/STANLEY S,Q 28;
WHIZZER II/STANLEY S,Q 60;
WHIZZER II/STANLEY S,SQS 1;
WHIZZER II/STANLEY S,SQS 10;
WHIZZER II/STANLEY S,SQS 11;
WHIZZER II/STANLEY S,SQS 12;
WHIZZER II/STANLEY S,SQS 2;
WHIZZER II/STANLEY S,SQS 3;
WHIZZER II/STANLEY S,SQS 4;
WHIZZER II/STANLEY S,SQS 5;
WHIZZER II/STANLEY S,SQS 6;
WHIZZER II/STANLEY S,SQS 7;
WHIZZER II/STANLEY S,SQS 8;
WHIZZER II/STANLEY S,SQS 9;
WHIZZER II/STANLEY S,SQS:NWO;
WHIZZER II/STANLEY S,T 280;
WHIZZER II/STANLEY S,WOSM 5/6;
WHIZZER/ROBERT L. FR,A 151;
WHIZZER/ROBERT L. FR,A 153;
WHIZZER/ROBERT L. FR,A 154;
WHIZZER/ROBERT L. FR,A 155;
WHIZZER/ROBERT L. FR,A 156;
WHIZZER/ROBERT L. FR,A 160;
WHIZZER/ROBERT L. FR,A 164;
WHIZZER/ROBERT L. FR,A 165;
WHIZZER/ROBERT L. FR,A 173;
WHIZZER/ROBERT L. FR,A 185;
WHIZZER/ROBERT L. FR,A 186;
WHIZZER/ROBERT L. FR,A 6;
WHIZZER/ROBERT L. FR,ALL-SELECT COMICS 3;
WHIZZER/ROBERT L. FR,ALL-SELECT COMICS 4;
WHIZZER/ROBERT L. FR,ALL-SELECT COMICS 5;
WHIZZER/ROBERT L. FR,ALL-SELECT COMICS 7;
WHIZZER/ROBERT L. FR,ALL TEEN 20;
WHIZZER/ROBERT L. FR,ALL WINNERS COMICS 1;
WHIZZER/ROBERT L. FR,ALL WINNERS COMICS 2;
WHIZZER/ROBERT L. FR,ALL WINNERS COMICS 3;
WHIZZER/ROBERT L. FR,ALL WINNERS COMICS 4;
WHIZZER/ROBERT L. FR,ALL WINNERS COMICS 5;
WHIZZER/ROBERT L. FR,ALL WINNERS COMICS 7;
WHIZZER/ROBERT L. FR,ALL WINNERS COMICS 8;
WHIZZER/ROBERT L. FR,ALL WINNERS COMICS 9;
WHIZZER/ROBERT L. FR,AMAZING COMICS 1;
WHIZZER/ROBERT L. FR,COC 1;
WHIZZER/ROBERT L. FR,COMPLETE COMICS 2;
WHIZZER/ROBERT L. FR,FF 150;
WHIZZER/ROBERT L. FR,GSA 1;
WHIZZER/ROBERT L. FR,H2 440;
WHIZZER/ROBERT L. FR,INV 35;
WHIZZER/ROBERT L. FR,INV 36;
WHIZZER/ROBERT L. FR,INV 37;
WHIZZER/ROBERT L. FR,INV 38;
WHIZZER/ROBERT L. FR,INV 40;
WHIZZER/ROBERT L. FR,INV 41;
WHIZZER/ROBERT L. FR,INV 6;
WHIZZER/ROBERT L. FR,KID KOMICS 10;
WHIZZER/ROBERT L. FR,KID KOMICS 7;
WHIZZER/ROBERT L. FR,M/PRM 29;
WHIZZER/ROBERT L. FR,M/PRM 30;
WHIZZER/ROBERT L. FR,M/TIO 1;
WHIZZER/ROBERT L. FR,M/U 1;
WHIZZER/ROBERT L. FR,M/U 2;
WHIZZER/ROBERT L. FR,M/U 3;
WHIZZER/ROBERT L. FR,SVTU 9;
WHIZZER/ROBERT L. FR,USA COMICS 1;
WHIZZER/ROBERT L. FR,USA COMICS 10;
WHIZZER/ROBERT L. FR,USA COMICS 11;
WHIZZER/ROBERT L. FR,USA COMICS 12;
WHIZZER/ROBERT L. FR,USA COMICS 14;
WHIZZER/ROBERT L. FR,USA COMICS 15;
WHIZZER/ROBERT L. FR,USA COMICS 16;
WHIZZER/ROBERT L. FR,USA COMICS 17;
WHIZZER/ROBERT L. FR,USA COMICS 2;
WHIZZER/ROBERT L. FR,USA COMICS 4;
WHIZZER/ROBERT L. FR,USA COMICS 6;
WHIZZER/ROBERT L. FR,USA COMICS 8;
WHIZZER/ROBERT L. FR,USA COMICS 9;
WHIZZER/ROBERT L. FR,V&SW 1;
WHIZZER/ROBERT L. FR,V&SW 2;
WHIZZER/ROBERT L. FR,WOSM 4/3;
WHYTE, HARMONY (HARM,DAZZ 21;
WHYTE, HARMONY (HARM,M/TU 75;
WHYTE, HARMONY (HARM,PM&ID 108;
WHYTE, HARMONY (HARM,PM&IF 100;
WHYTE, HARMONY (HARM,PM&IF 105;
WHYTE, HARMONY (HARM,PM&IF 106;
WHYTE, HARMONY (HARM,PM&IF 51;
WHYTE, HARMONY (HARM,PM&IF 58;
WHYTE, HARMONY (HARM,PM&IF 64;
WHYTE, HARMONY (HARM,PM&IF 66;
WHYTE, HARMONY (HARM,PM&IF 67;
WHYTE, HARMONY (HARM,PM&IF 71;
WHYTE, HARMONY (HARM,PM&IF 73;
WHYTE, HARMONY (HARM,PM&IF 78;
WHYTE, HARMONY (HARM,PM&IF 79;
WHYTE, HARMONY (HARM,PM&IF 83;
WHYTE, HARMONY (HARM,PM&IF 84;
WHYTE, HARMONY (HARM,PM&IF 89;
WHYTE, HARMONY (HARM,PM&IF 90;
WHYTE, HARMONY (HARM,PM&IF 92;
WHYTE, HARMONY (HARM,PM&IF 94;
WHYTE, HARMONY (HARM,PM&IF 95;
WHYTE, HARMONY (HARM,PM&IF 96;
WHYTE, HARMONY (HARM,PM&IF 98;
WHYTE, HARMONY (HARM,UX 159;
WHYTEOUT/STUART ANTH,TS 12;
WIBBOW,MAXSEC:DP;
WIDDOWS, SGT.,TB:LS;
WIDE LOAD ANNIE/ANNI,S-H2 40;
WIDE LOAD ANNIE/ANNI,S-H2 42;
WIDE LOAD ANNIE/ANNI,S-H2 43;
WIDE LOAD ANNIE/ANNI,S-H2 6;
WIDE LOAD ANNIE/ANNI,S-H2 7;
WIDE LOAD ANNIE/ANNI,US1 1;
WIDE LOAD ANNIE/ANNI,US1 10;
WIDE LOAD ANNIE/ANNI,US1 11;
WIDE LOAD ANNIE/ANNI,US1 12;
WIDE LOAD ANNIE/ANNI,US1 2;
WIDE LOAD ANNIE/ANNI,US1 3;
WIDE LOAD ANNIE/ANNI,US1 4;
WIDE LOAD ANNIE/ANNI,US1 6;
WIDE LOAD ANNIE/ANNI,US1 7;
WIDE LOAD ANNIE/ANNI,US1 8;
WIDE LOAD ANNIE/ANNI,US1 9;
WIDGET,M/CP 31/4;
WIDGET,M/CP 32;
WIDGET,M/CP 37;
WIDGET,M/CP 38;
WIDGET,Q 11;
WIDGET,S-H2 26;
WIDGET,XCAL -1;
WIDGET,XCAL 1;
WIDGET,XCAL 11;
WIDGET,XCAL 12;
WIDGET,XCAL 125;
WIDGET,XCAL 13;
WIDGET,XCAL 14;
WIDGET,XCAL 15;
WIDGET,XCAL 17;
WIDGET,XCAL 18;
WIDGET,XCAL 19;
WIDGET,XCAL 2;
WIDGET,XCAL 20;
WIDGET,XCAL 21;
WIDGET,XCAL 22;
WIDGET,XCAL 23;
WIDGET,XCAL 24;
WIDGET,XCAL 25;
WIDGET,XCAL 26;
WIDGET,XCAL 3;
WIDGET,XCAL 30;
WIDGET,XCAL 37;
WIDGET,XCAL 4;
WIDGET,XCAL 42;
WIDGET,XCAL 43;
WIDGET,XCAL 44;
WIDGET,XCAL 45;
WIDGET,XCAL 46;
WIDGET,XCAL 47;
WIDGET,XCAL 48;
WIDGET,XCAL 49;
WIDGET,XCAL 50;
WIDGET,XCAL 54;
WIDGET,XCAL 55;
WIDGET,XCAL 9;
WIDGET,XCAL:MM;
WIDGET,XSOS 2;
WIDOW-MAKER,CA 383;
WIGGINS, TRACY,PWJ 17;
WIGGINS, TRACY,PWJ 18;
WIGGINS, TRACY,PWJ 19;
WILBURN, MYRON,A 18/2;
WILBURN, MYRON,CA 7;
WILBURN, MYRON,M/TU 5;
WILCOX, DR. BRENT,S-H2 14;
WILCOX, DR. BRENT,S-H2 15;
WILCOX, DR. BRENT,S-H2 16;
WILCOX, DR. BRENT,S-H2 17;
WILCOX, DR. BRENT,S-H2 18;
WILCOX, DR. BRENT,S-H2 25;
WILD BLOOD,FF 362;
WILD BLOOD,FF 363;
WILD BLOOD,FF 364;
WILD BLOOD,FF 365;
WILD CHILD DOPPELGAN,AF 111;
WILD CHILD/KYLE GIBN,AF 102;
WILD CHILD/KYLE GIBN,AF 103;
WILD CHILD/KYLE GIBN,AF 104;
WILD CHILD/KYLE GIBN,AF 105;
WILD CHILD/KYLE GIBN,AF 106;
WILD CHILD/KYLE GIBN,AF 107;
WILD CHILD/KYLE GIBN,AF 108;
WILD CHILD/KYLE GIBN,AF 109;
WILD CHILD/KYLE GIBN,AF 109/2;
WILD CHILD/KYLE GIBN,AF 11;
WILD CHILD/KYLE GIBN,AF 110;
WILD CHILD/KYLE GIBN,AF 111;
WILD CHILD/KYLE GIBN,AF 112;
WILD CHILD/KYLE GIBN,AF 113;
WILD CHILD/KYLE GIBN,AF 114;
WILD CHILD/KYLE GIBN,AF 115;
WILD CHILD/KYLE GIBN,AF 12;
WILD CHILD/KYLE GIBN,AF2 3;
WILD CHILD/KYLE GIBN,AF 26;
WILD CHILD/KYLE GIBN,AF 27;
WILD CHILD/KYLE GIBN,AF 28;
WILD CHILD/KYLE GIBN,AF 76;
WILD CHILD/KYLE GIBN,AF 79;
WILD CHILD/KYLE GIBN,AF 80;
WILD CHILD/KYLE GIBN,AF 84;
WILD CHILD/KYLE GIBN,AF 85;
WILD CHILD/KYLE GIBN,AF 86;
WILD CHILD/KYLE GIBN,AF 87;
WILD CHILD/KYLE GIBN,AF 88;
WILD CHILD/KYLE GIBN,AF 89;
WILD CHILD/KYLE GIBN,AF 90;
WILD CHILD/KYLE GIBN,IW 1;
WILD CHILD/KYLE GIBN,IW 2;
WILD CHILD/KYLE GIBN,IW 3;
WILD CHILD/KYLE GIBN,IW 4;
WILD CHILD/KYLE GIBN,M/CP 51;
WILD CHILD/KYLE GIBN,M/CP 52;
WILD CHILD/KYLE GIBN,M/CP 53;
WILD CHILD/KYLE GIBN,M/FAN2 6;
WILD CHILD/KYLE GIBN,MK3 41;
WILD CHILD/KYLE GIBN,NF3 32;
WILD CHILD/KYLE GIBN,NW 27;
WILD CHILD/KYLE GIBN,XF 112;
WILD CHILD/KYLE GIBN,XF 113;
WILD CHILD/KYLE GIBN,XF 114;
WILD CHILD/KYLE GIBN,XF 115;
WILD CHILD/KYLE GIBN,XF 116;
WILD CHILD/KYLE GIBN,XF 117;
WILD CHILD/KYLE GIBN,XF 119;
WILD CHILD/KYLE GIBN,XF 120;
WILD CHILD/KYLE GIBN,XF 121;
WILD CHILD/KYLE GIBN,XF 122;
WILD CHILD/KYLE GIBN,XF 123;
WILD CHILD/KYLE GIBN,XF 124;
WILD CHILD/KYLE GIBN,XF 137;
WILD CHILD/KYLE GIBN,XF 138;
WILD CHILD/KYLE GIBN,XF 141;
WILD CHILD/KYLE GIBN,XF 142;
WILD CHILD | MUTANT,MX 28;
WILD CHILD | MUTANT,MX 29;
WILD CHILD | MUTANT,MX 3;
WILD MAN/ALEX WILDMA,H2 446;
WILD MAN/ALEX WILDMA,H2 447;
WILD MAN/ALEX WILDMA,H2 448;
WILD MAN/ALEX WILDMA,H2 450;
WILD ONE,DRSTR 2;
WILD ONE,SS 5;
WILDPRIDE/KYLLIAN,DRSTR3 77;
WILDSIDE,C 1;
WILDSIDE,C 2;
WILDSIDE,NM 100;
WILDSIDE,NM 86;
WILDSIDE,NM 87;
WILDSIDE,XCAL 104;
WILDSIDE,XCAL 105;
WILDSIDE,XF 77;
WILDSIDE,XF 78;
WILDSIDE,XF 85;
WILDSIDE,XFOR 1;
WILDSIDE,XFOR 10;
WILDSIDE,XFOR 3;
WILDSIDE,XFOR 43;
WILDSIDE,XFOR 7/2;
WILDSIDE,XFOR 9/2;
WILDSTREAK,TS 11;
WILD TIGER/DENG LING,JIM 514;
WILD TIGER/DENG LING,JIM 515;
WILD TIGER/DENG LING,JIM 516;
WILD WHIP,PPTSS 217;
WILFORD, BONNIE,IF 15;
WILFORD, BONNIE,UX 120;
WILFORD, BONNIE,UX 123;
WILFORD, BONNIE,UX 98;
WILFORD, ELISABETH B,CM 50;
WILFORD, ELISABETH B,CX 6;
WILFORD, ELISABETH B,MSM 19;
WILFORD, ELISABETH B,PM&IF 50;
WILFORD, ELISABETH B,UX 123;
WILFORD, ELISABETH B,UX 124;
WILFORD, ELISABETH B,UX 98;
WILFORD, ETHAN,CM 50;
WILFORD, ETHAN,MSM 19;
WILKS, SHANTAL,ASM 427;
WILKS, SHANTAL,ASM 428;
WILKS, SHANTAL,ASM 430;
WILKS, SHANTAL,ASM 432;
WILKS, SHANTAL,ASM 433;
WILKS, SHANTAL,ASM 434;
WILKS, SHANTAL,S-M 89;
WILLIAMS JOHN,BSHP2 9;
WILLIAMS, MINDY,CA 268;
WILLIAMS, MINDY,DEF 102;
WILLIAMS, MINDY,DEF 106;
WILLIAMS, MINDY,DEF 113;
WILLIAMS, MINDY,DEF 115;
WILLIAMS, MINDY,DEF 32;
WILLIAMS, MINDY,M/TU 101;
WILLIAMS, MRS.,AT:WMB 1;
WILLIAMS, MRS.,WCA 2;
WILLIAMS, NILES,DB 2;
WILLIFORD, BRENT,PPSM2 31;
WILLIS,KZ4 -1;
WILL O' THE WISP/JAC,ASM 167;
WILL O' THE WISP/JAC,ASM 168;
WILL O' THE WISP/JAC,ASM 234;
WILL O' THE WISP/JAC,ASM 235;
WILL O' THE WISP/JAC,ASM 236;
WILL O' THE WISP/JAC,ASM 25/3;
WILL O' THE WISP/JAC,PPTSS 11/2;
WILL O' THE WISP/JAC,PPTSS 235;
WILL O' THE WISP/JAC,PPTSS 236;
WILL O' THE WISP/JAC,PPTSS 57;
WILL O' THE WISP/JAC,WOSM 50;
WILL O' THE WISP/JAC,WOSM 7/6;
WILMOTT, DR. KEITH,DRSTR4 1;
WILMOTT, DR. KEITH,DRSTR4 4;
WILSON, DUBOSE,M/CP 69/2;
WILSON, DUBOSE,M/CP 70/2;
WILSON, DUBOSE,M/CP 71/2;
WILSON, DUBOSE,M/CP 72/2;
WILSON, DUBOSE,M/CP 73/2;
WILSON, DUBOSE,M/CP 74/2;
WILSON, DUBOSE,M/CP 76/2;
WILSON, DUBOSE,M/CP 77/2;
WILSON, JIM,CA 230;
WILSON, JIM,CA 231;
WILSON, JIM,CA 270;
WILSON, JIM,CA 272;
WILSON, JIM,H2 131;
WILSON, JIM,H2 132;
WILSON, JIM,H2 133;
WILSON, JIM,H2 136;
WILSON, JIM,H2 138;
WILSON, JIM,H2 139;
WILSON, JIM,H2 146;
WILSON, JIM,H2 155;
WILSON, JIM,H2 167;
WILSON, JIM,H2 168;
WILSON, JIM,H2 171;
WILSON, JIM,H2 172;
WILSON, JIM,H2 208;
WILSON, JIM,H2 209;
WILSON, JIM,H2 211;
WILSON, JIM,H2 212;
WILSON, JIM,H2 213;
WILSON, JIM,H2 214;
WILSON, JIM,H2 215;
WILSON, JIM,H2 216;
WILSON, JIM,H2 221;
WILSON, JIM,H2 223;
WILSON, JIM,H2 226;
WILSON, JIM,H2 227;
WILSON, JIM,H2 232;
WILSON, JIM,H2 388;
WILSON, JIM,H2 420;
WILSON, JIM,H 7;
WILSON, JIM,M/FEA 3;
WILSON, JIM,M/TU 114;
WILSON, LOUIS,ASM 68;
WILSON, LOUIS,ASM 69;
WILSON, LOUIS,ASM 73;
WILSON, LOUIS,ASM 74;
WILSON, LOUIS,SM:L 1;
WILSON, LOUIS,SM:L 2;
WILSON, LOUIS,SM:L 3;
WILSON, MERCEDES,DPOOL3 27;
WILSON, MERCEDES,DPOOL3 28;
WILSON, MERCEDES,DPOOL3 29;
WILSON, MERCEDES,DPOOL3 30;
WILSON, MERCEDES,DPOOL3 31;
WILSON, MERCEDES,DPOOL3 32;
WILSON, MERCEDES,DPOOL3 33;
WINDEAGLE/HECTOR SAN,JA 24;
WINDEAGLE/HECTOR SAN,M/PRM 52;
WINDSHEAR/COLIN ASHW,AF 100;
WINDSHEAR/COLIN ASHW,AF 101;
WINDSHEAR/COLIN ASHW,AF 102;
WINDSHEAR/COLIN ASHW,AF 103;
WINDSHEAR/COLIN ASHW,AF 104;
WINDSHEAR/COLIN ASHW,AF 105;
WINDSHEAR/COLIN ASHW,AF 106;
WINDSHEAR/COLIN ASHW,AF 109/2;
WINDSHEAR/COLIN ASHW,AF 110;
WINDSHEAR/COLIN ASHW,AF 111;
WINDSHEAR/COLIN ASHW,AF 112;
WINDSHEAR/COLIN ASHW,AF 114;
WINDSHEAR/COLIN ASHW,AF 115;
WINDSHEAR/COLIN ASHW,AF 87;
WINDSHEAR/COLIN ASHW,AF 88;
WINDSHEAR/COLIN ASHW,AF 89;
WINDSHEAR/COLIN ASHW,AF 90;
WINDSHEAR/COLIN ASHW,AF 91;
WINDSHEAR/COLIN ASHW,AF 93;
WINDSHEAR/COLIN ASHW,AF 94;
WINDSHEAR/COLIN ASHW,AF 95;
WINDSHEAR/COLIN ASHW,AF 96;
WINDSHEAR/COLIN ASHW,AF 98;
WINDSHEAR/COLIN ASHW,AF 99;
WINDSHEAR/COLIN ASHW,TB 43;
WINDSTORM/,M/SH3 6/4;
WIND-WARRIOR/PAMELA,T 16/4;
WIND-WARRIOR/PAMELA,T 426/2;
WIND-WARRIOR/PAMELA,T 456;
WINDY,GENX 40;
WINDY,GENX 42;
WINDY,GENX 43;
WINDY,GENX 44;
WING, COLLEEN,ASMU 13;
WING, COLLEEN,BIZADV 25/3;
WING, COLLEEN,CX 13/2;
WING, COLLEEN,CX 25;
WING, COLLEEN,DHKF 19;
WING, COLLEEN,DHKF 32;
WING, COLLEEN,DHKF 33/2;
WING, COLLEEN,FF3 6;
WING, COLLEEN,HFH 10;
WING, COLLEEN,HFH 11;
WING, COLLEEN,HFH 13;
WING, COLLEEN,HFH 18;
WING, COLLEEN,HFH 19;
WING, COLLEEN,IF 1;
WING, COLLEEN,IF 10;
WING, COLLEEN,IF 11;
WING, COLLEEN,IF 14;
WING, COLLEEN,IF 2;
WING, COLLEEN,IF 5;
WING, COLLEEN,IF 6;
WING, COLLEEN,IF 7;
WING, COLLEEN,M/CP 42/4;
WING, COLLEEN,M/CP 80/3;
WING, COLLEEN,M/PRM 19;
WING, COLLEEN,M/PRM 20;
WING, COLLEEN,M/PRM 21;
WING, COLLEEN,M/PRM 22;
WING, COLLEEN,M/PRM 23;
WING, COLLEEN,M/TU 105/2;
WING, COLLEEN,M/TU 4;
WING, COLLEEN,M/TU 64;
WING, COLLEEN,N 10;
WING, COLLEEN,N 11;
WING, COLLEEN,N 13;
WING, COLLEEN,N 16;
WING, COLLEEN,N 20;
WING, COLLEEN,N 21;
WING, COLLEEN,N 22;
WING, COLLEEN,N 23;
WING, COLLEEN,N 24;
WING, COLLEEN,N 25;
WING, COLLEEN,N 26;
WING, COLLEEN,N 28;
WING, COLLEEN,N 31;
WING, COLLEEN,N 32;
WING, COLLEEN,N 33;
WING, COLLEEN,N 8;
WING, COLLEEN,PM 48;
WING, COLLEEN,PM&IF 100;
WING, COLLEEN,PM&IF 101;
WING, COLLEEN,PM&IF 103;
WING, COLLEEN,PM&IF 104;
WING, COLLEEN,PM&IF 105;
WING, COLLEEN,PM&IF 108;
WING, COLLEEN,PM&IF 117;
WING, COLLEEN,PM&IF 118;
WING, COLLEEN,PM&IF 119;
WING, COLLEEN,PM&IF 120;
WING, COLLEEN,PM&IF 122;
WING, COLLEEN,PM&IF 125;
WING, COLLEEN,PM&IF 49;
WING, COLLEEN,PM&IF 50;
WING, COLLEEN,PM&IF 51;
WING, COLLEEN,PM&IF 53;
WING, COLLEEN,PM&IF 57;
WING, COLLEEN,PM&IF 59;
WING, COLLEEN,PM&IF 60;
WING, COLLEEN,PM&IF 61;
WING, COLLEEN,PM&IF 62;
WING, COLLEEN,PM&IF 66;
WING, COLLEEN,PM&IF 67;
WING, COLLEEN,PM&IF 68;
WING, COLLEEN,PM&IF 70;
WING, COLLEEN,PM&IF 72;
WING, COLLEEN,PM&IF 73;
WING, COLLEEN,PM&IF 74;
WING, COLLEEN,PM&IF 76;
WING, COLLEEN,PM&IF 78;
WING, COLLEEN,PM&IF 83;
WING, COLLEEN,PM&IF 84;
WING, COLLEEN,PM&IF 90;
WING, COLLEEN,PM&IF 92;
WING, COLLEEN,PM&IF 93;
WING, COLLEEN,PM&IF 94;
WING, COLLEEN,PM&IF 95;
WING, COLLEEN,PM&IF 96;
WING, COLLEEN,PM&IF 97;
WING, COLLEEN,PM&IF 98;
WING, COLLEEN,PM&IF 99;
WING, COLLEEN,UX 118;
WING, COLLEEN,UX 119;
WING, COLLEEN,UX 120;
WING, COLLEEN,UX 121;
WING, COLLEEN,UX 122;
WING, COLLEEN,UX 123;
WING, COLLEEN,UX 124;
WING, COLLEEN,XFOR 80;
WING,DD 296;
WINGFOOT, WYATT,A 259;
WINGFOOT, WYATT,FF 135;
WINGFOOT, WYATT,FF 138;
WINGFOOT, WYATT,FF 139;
WINGFOOT, WYATT,FF 140;
WINGFOOT, WYATT,FF 141;
WINGFOOT, WYATT,FF 142;
WINGFOOT, WYATT,FF 143;
WINGFOOT, WYATT,FF 144;
WINGFOOT, WYATT,FF 192;
WINGFOOT, WYATT,FF 193;
WINGFOOT, WYATT,FF 269;
WINGFOOT, WYATT,FF 270;
WINGFOOT, WYATT,FF 271;
WINGFOOT, WYATT,FF 272;
WINGFOOT, WYATT,FF 273;
WINGFOOT, WYATT,FF 275;
WINGFOOT, WYATT,FF 276;
WINGFOOT, WYATT,FF 277;
WINGFOOT, WYATT,FF 278;
WINGFOOT, WYATT,FF 279;
WINGFOOT, WYATT,FF 280;
WINGFOOT, WYATT,FF 293;
WINGFOOT, WYATT,FF 294;
WINGFOOT, WYATT,FF 295;
WINGFOOT, WYATT,FF 296;
WINGFOOT, WYATT,FF 297;
WINGFOOT, WYATT,FF 298;
WINGFOOT, WYATT,FF 299;
WINGFOOT, WYATT,FF 300;
WINGFOOT, WYATT,FF 301;
WINGFOOT, WYATT,FF3 26;
WINGFOOT, WYATT,FF3 29;
WINGFOOT, WYATT,FF 394;
WINGFOOT, WYATT,FF 4;
WINGFOOT, WYATT,FF 50;
WINGFOOT, WYATT,FF 51;
WINGFOOT, WYATT,FF 52;
WINGFOOT, WYATT,FF 53;
WINGFOOT, WYATT,FF 54;
WINGFOOT, WYATT,FF 55;
WINGFOOT, WYATT,FF 56;
WINGFOOT, WYATT,FF 57;
WINGFOOT, WYATT,FF 58;
WINGFOOT, WYATT,FF 59;
WINGFOOT, WYATT,FF 60;
WINGFOOT, WYATT,FF 61;
WINGFOOT, WYATT,FF 80;
WINGFOOT, WYATT,FFOR 12;
WINGFOOT, WYATT,FFOR 13;
WINGFOOT, WYATT,FFOR 14;
WINGFOOT, WYATT,FFOR 15;
WINGFOOT, WYATT,FFOR 16;
WINGFOOT, WYATT II,ASHEMA;
WINGFOOT, WYATT,KZGN;
WINGFOOT, WYATT,M/FAN 37/2;
WINGFOOT, WYATT,M/GN 18;
WINGFOOT, WYATT,M/SH3 5/5;
WINGFOOT, WYATT,M/TIO 6;
WINGFOOT, WYATT,M/TIO 8;
WINGFOOT, WYATT,M/TU 18;
WINGFOOT, WYATT,M/TU 32;
WINGFOOT, WYATT,S-H2 36;
WINGFOOT, WYATT,S-H2 37;
WINGFOOT, WYATT,S-H2 38;
WINGFOOT, WYATT,S-H2 39;
WINGFOOT, WYATT,S-H2 40;
WINGFOOT, WYATT,S-H2 48;
WINGFOOT, WYATT,S-H2 49;
WINGFOOT, WYATT,SUB-M 67;
WINGFOOT, WYATT,SWII 2;
WINGFOOT, WYATT,TG 25;
WINGFOOT, WYNONA,FF3 26;
WINGFOOT, WYNONA,FF3 29;
WING, PROFESSOR,DHKF 10;
WING, PROFESSOR,DHKF 19;
WING, PROFESSOR,M/PRM 19;
WING, PROFESSOR,M/PRM 20;
WING, PROFESSOR,M/PRM 21;
WING, PROFESSOR,M/PRM 22;
WING, PROFESSOR,M/PRM 23;
WING, PROFESSOR,M/PRM 25;
WING, PROFESSOR,PM&IF 70;
WINTHROP, DESIREE,ASM 407;
WINTHROP, DESIREE,ASM 414;
WINTHROP, DESIREE,ASM 415;
WINTHROP, DESIREE,PPTSS 231;
WINTHROP, DESIREE,SENSM 0;
WINTHROP, DESIREE,SENSM 10;
WINTHROP, DESIREE,SENSM 2;
WINTHROP, DESIREE,SENSM 26;
WINTHROP, DESIREE,SENSM 29;
WINTHROP, DESIREE,SENSM 4;
WINTHROP, DESIREE,SENSM 5;
WINTHROP, DESIREE,SENSM 6;
WINTHROP, DESIREE,SENSM 9;
WIPEOUT,NM 95;
WIPEOUT,NM 96;
WIPEOUT,NM 97;
WIPEOUT,UX 236;
WIPEOUT,UX 238;
WIPEOUT,UX 264;
WIPEOUT,UX 272;
WIPEOUT,XF 60;
WIPEOUT,XF 61;
WIREHEAD,DD 331;
WIREHEAD,DD 332;
WIRETAP/,SLEEP 14;
WIRETAP/,SLEEP 15;
WIRETAP/,SLEEP 16;
WISDOM, HAROLD,P&W 2;
WISDOM, HAROLD,P&W 3;
WISDOM, PETE 2013,XCAL 94;
WISDOM, PETER,KPAOS 1;
WISDOM, PETER,P&W 1;
WISDOM, PETER,P&W 2;
WISDOM, PETER,P&W 3;
WISDOM, PETER,UX 335;
WISDOM, PETER,XCAL 100;
WISDOM, PETER,XCAL 101;
WISDOM, PETER,XCAL 102;
WISDOM, PETER,XCAL 103;
WISDOM, PETER,XCAL 104;
WISDOM, PETER,XCAL 105;
WISDOM, PETER,XCAL 106;
WISDOM, PETER,XCAL 107;
WISDOM, PETER,XCAL 108;
WISDOM, PETER,XCAL 109;
WISDOM, PETER,XCAL 110;
WISDOM, PETER,XCAL 111;
WISDOM, PETER,XCAL 112;
WISDOM, PETER,XCAL 113;
WISDOM, PETER,XCAL 114;
WISDOM, PETER,XCAL 115;
WISDOM, PETER,XCAL 116;
WISDOM, PETER,XCAL 117;
WISDOM, PETER,XCAL 118;
WISDOM, PETER,XCAL 119;
WISDOM, PETER,XCAL 120;
WISDOM, PETER,XCAL 125;
WISDOM, PETER,XCAL 86;
WISDOM, PETER,XCAL 87;
WISDOM, PETER,XCAL 88;
WISDOM, PETER,XCAL 89;
WISDOM, PETER,XCAL 90;
WISDOM, PETER,XCAL 91;
WISDOM, PETER,XCAL 92;
WISDOM, PETER,XCAL 93;
WISDOM, PETER,XCAL 95;
WISDOM, PETER,XCAL 96;
WISDOM, PETER,XCAL 97;
WISDOM, PETER,XCAL 98;
WISDOM, PETER,XCAL 99;
WISDOM, PETER,XFOR 102;
WISDOM, PETER,XFOR 103;
WISDOM, PETER,XFOR 104;
WISDOM, PETER,XFOR 105;
WISDOM, PETER,XFOR 106;
WISDOM, PETER,XFOR 107;
WISDOM, PETER,XFOR 108;
WISDOM, PETER,XFOR 109;
WISDOM, PETER,XFOR 115;
WISDOM, PETER,XFOR 94;
WISDOM, PETER,XFOR 95;
WISDOM, PETER,X:PRIME;
WISDOM, ROMANY,P&W 2;
WISDOM, ROMANY,P&W 3;
WISDOM, ROMANY,XFOR 106;
WISDOM, ROMANY,XFOR 109;
WISDOM, ROMANY,XFOR 115;
WITCHFIRE,AF 109/2;
WITCHFIRE,AF 110;
WITCHFIRE,AF 111;
WITCHFIRE,AF 112;
WITCHFIRE,AF 114;
WITCHFIRE,AF 115;
WITCHFIRE,AF 76;
WITCHFIRE,AF 79;
WITCHFIRE,AF 80;
WITCHFIRE,AF 84;
WITCHFIRE,AF 85;
WITCHFIRE,AF 86;
WITCHFIRE,AF 87;
WITCHFIRE,AF 88;
WITCHFIRE,AF 89;
WITCHFIRE,AF 90;
WITCHFIRE,AF 91;
WITCHFIRE,AF 93;
WITCHFIRE,AF 94;
WITCHFIRE,AF 95;
WITCHFIRE,AF 98;
WITHERS,A 164;
WITNESS II/REMY LEBE,BSHP2 14;
WITNESS II/REMY LEBE,BSHP2 2;
WITNESS II/REMY LEBE,BSHP2 3;
WITNESS II/REMY LEBE,BSHP2 6;
WITNESS II/REMY LEBE,BSHP2 7;
WITNESS/NESS,C2 63;
WITNESS/NESS,XM 39;
WITNESS/NESS,XM 41;
WITNESS/NESS,XM 42;
WITNESS/NESS,XM 43;
WITNESS/NESS,XM 44;
WITNESS/NESS,XM 45;
WITNESS/NESS,XM 47;
WITNESS/NESS,XM 49;
WITNESS/NESS,XM 50;
WITNESS/NESS,XM 51;
WITNESS/NESS,XM 52;
WIZARD/BENTLEY WITTM,A 19/3;
WIZARD/BENTLEY WITTM,A 227;
WIZARD/BENTLEY WITTM,A 232;
WIZARD/BENTLEY WITTM,A 235;
WIZARD/BENTLEY WITTM,A 312;
WIZARD/BENTLEY WITTM,A 313;
WIZARD/BENTLEY WITTM,A3 43;
WIZARD/BENTLEY WITTM,ASM 213;
WIZARD/BENTLEY WITTM,ASM 214;
WIZARD/BENTLEY WITTM,ASM 215;
WIZARD/BENTLEY WITTM,ASM2 4;
WIZARD/BENTLEY WITTM,ASM 24/3;
WIZARD/BENTLEY WITTM,ASM 327;
WIZARD/BENTLEY WITTM,ASM 4;
WIZARD/BENTLEY WITTM,ASM '99;
WIZARD/BENTLEY WITTM,ASPOT 26;
WIZARD/BENTLEY WITTM,ASPOT 29/2;
WIZARD/BENTLEY WITTM,AUP 4;
WIZARD/BENTLEY WITTM,AWC 55;
WIZARD/BENTLEY WITTM,CA 365;
WIZARD/BENTLEY WITTM,CA 366;
WIZARD/BENTLEY WITTM,CA:SL2 8;
WIZARD/BENTLEY WITTM,DPOOL3 35;
WIZARD/BENTLEY WITTM,DPOOL3 45;
WIZARD/BENTLEY WITTM,FF 129;
WIZARD/BENTLEY WITTM,FF 130;
WIZARD/BENTLEY WITTM,FF 133;
WIZARD/BENTLEY WITTM,FF 149;
WIZARD/BENTLEY WITTM,FF 176;
WIZARD/BENTLEY WITTM,FF 177;
WIZARD/BENTLEY WITTM,FF 178;
WIZARD/BENTLEY WITTM,FF 218;
WIZARD/BENTLEY WITTM,FF 300;
WIZARD/BENTLEY WITTM,FF 301;
WIZARD/BENTLEY WITTM,FF 326;
WIZARD/BENTLEY WITTM,FF 327;
WIZARD/BENTLEY WITTM,FF 328;
WIZARD/BENTLEY WITTM,FF 329;
WIZARD/BENTLEY WITTM,FF3 29;
WIZARD/BENTLEY WITTM,FF 330;
WIZARD/BENTLEY WITTM,FF 331;
WIZARD/BENTLEY WITTM,FF 332;
WIZARD/BENTLEY WITTM,FF 333;
WIZARD/BENTLEY WITTM,FF 36;
WIZARD/BENTLEY WITTM,FF 38;
WIZARD/BENTLEY WITTM,FF 41;
WIZARD/BENTLEY WITTM,FF 42;
WIZARD/BENTLEY WITTM,FF 43;
WIZARD/BENTLEY WITTM,FF 57;
WIZARD/BENTLEY WITTM,FF 78;
WIZARD/BENTLEY WITTM,FF 81;
WIZARD/BENTLEY WITTM,FF 94;
WIZARD/BENTLEY WITTM,IM 251;
WIZARD/BENTLEY WITTM,JIM 116;
WIZARD/BENTLEY WITTM,M/CP 88/4;
WIZARD/BENTLEY WITTM,M/SH 15;
WIZARD/BENTLEY WITTM,M/TU 2;
WIZARD/BENTLEY WITTM,M/TU 58;
WIZARD/BENTLEY WITTM,PPTSS 10/3;
WIZARD/BENTLEY WITTM,PPTSS 158;
WIZARD/BENTLEY WITTM,PPTSS 159;
WIZARD/BENTLEY WITTM,PPTSS2 12/2;
WIZARD/BENTLEY WITTM,PPTSS 39;
WIZARD/BENTLEY WITTM,PPTSS 40;
WIZARD/BENTLEY WITTM,PPTSS 42;
WIZARD/BENTLEY WITTM,ST 102;
WIZARD/BENTLEY WITTM,ST 105;
WIZARD/BENTLEY WITTM,ST 110;
WIZARD/BENTLEY WITTM,ST 118;
WIZARD/BENTLEY WITTM,SWII 7;
WIZARD/BENTLEY WITTM,TB '97;
WIZARD/BENTLEY WITTM,WOSM 61;
WIZARD OF THE WEST,M/HOL 1996/4;
WIZ KID/TAKESHI MATS,NM 7;
WIZ KID/TAKESHI MATS,NM 72;
WIZ KID/TAKESHI MATS,NM 7/3;
WIZ KID/TAKESHI MATS,NM 74;
WIZ KID/TAKESHI MATS,XF 40;
WIZ KID/TAKESHI MATS,XFOR 1/2;
WIZ KID/TAKESHI MATS,XTERM 1;
WIZ KID/TAKESHI MATS,XTERM 2;
WIZ KID/TAKESHI MATS,XTERM 3;
WIZ KID/TAKESHI MATS,XTERM 4;
W'KABI,A 62;
W'KABI,BP3 14;
W'KABI,BP3 15;
W'KABI,BP3 16;
W'KABI,BP3 22;
W'KABI,BP3 23;
W'KABI,BP3 24;
W'KABI,BP3 32;
W'KABI,BP3 33;
W'KABI,C2 54;
W'KABI,JA 6;
W'KANDRO,TM/U 1;
WOLFE, HEDY,A '00;
WOLFE, HEDY,HCAT 1;
WOLFE, HEDY,HCAT 2;
WOLFE, HEDY,HCAT 3;
WOLFE, HEDY,M/FAN 59/2;
WOLFE, MR.,A '00;
WOLFE, SARA,DEF 146;
WOLFE, SARA,DRSTR2 38;
WOLFE, SARA,DRSTR2 39;
WOLFE, SARA,DRSTR2 40;
WOLFE, SARA,DRSTR2 42;
WOLFE, SARA,DRSTR2 44;
WOLFE, SARA,DRSTR2 45;
WOLFE, SARA,DRSTR2 47;
WOLFE, SARA,DRSTR2 48;
WOLFE, SARA,DRSTR2 49;
WOLFE, SARA,DRSTR2 53;
WOLFE, SARA,DRSTR2 55;
WOLFE, SARA,DRSTR2 56;
WOLFE, SARA,DRSTR2 57;
WOLFE, SARA,DRSTR2 58;
WOLFE, SARA,DRSTR2 59;
WOLFE, SARA,DRSTR2 60;
WOLFE, SARA,DRSTR2 61;
WOLFE, SARA,DRSTR2 63;
WOLFE, SARA,DRSTR2 66;
WOLFE, SARA,DRSTR2 67;
WOLFE, SARA,DRSTR2 69;
WOLFE, SARA,DRSTR2 70;
WOLFE, SARA,DRSTR2 71;
WOLFE, SARA,DRSTR2 72;
WOLFE, SARA,DRSTR2 74;
WOLFE, SARA,DRSTR2 75;
WOLFE, SARA,DRSTR2 76;
WOLFE, SARA,DRSTR2 77;
WOLFE, SARA,DRSTR2 78;
WOLFE, SARA,DRSTR2 79;
WOLFE, SARA,DRSTR2 80;
WOLFE, SARA,DRSTR2 81;
WOLFE, SARA,DRSTR3 1;
WOLFE, SARA,DRSTR3 10;
WOLFE, SARA,DRSTR3 11;
WOLFE, SARA,DRSTR3 12;
WOLFE, SARA,DRSTR3 13;
WOLFE, SARA,DRSTR3 14;
WOLFE, SARA,DRSTR3 16;
WOLFE, SARA,DRSTR3 2;
WOLFE, SARA,DRSTR3 21;
WOLFE, SARA,DRSTR3 22;
WOLFE, SARA,DRSTR3 23;
WOLFE, SARA,DRSTR3 24;
WOLFE, SARA,DRSTR3 3;
WOLFE, SARA,DRSTR3 36;
WOLFE, SARA,DRSTR3 38;
WOLFE, SARA,DRSTR3 39;
WOLFE, SARA,DRSTR3 40;
WOLFE, SARA,DRSTR3 43;
WOLFE, SARA,DRSTR3 5;
WOLFE, SARA,DRSTR3 6;
WOLFE, SARA,DRSTR3 7;
WOLFE, SARA,DRSTR3 8;
WOLFE, SARA,DRSTR3 9;
WOLFE, SARA,LSHOT 6;
WOLFE, SARA,M/CP 103/4;
WOLFE, SARA,M/CP 79/4;
WOLFE, SARA,M/FAN 52/2;
WOLFE, SARA,ST2 1/2;
WOLFE, SARA,ST2 17/2;
WOLFE, SARA,ST2 18/2;
WOLFE, SARA,ST2 2/2;
WOLFE, SARA,ST2 3/2;
WOLFGANG,WARM 20;
WOLFMAN, MARV,FF 176;
WOLFMAN, MARV,NO 5;
WOLFSBANE 2013,XCAL 94;
WOLFSBANE DOPPELGANG,IW 1;
WOLFSBANE DOPPELGANG,IW 3;
WOLFSBANE DOPPELGANG,IW 4;
WOLFSBANE/RAHNE SINC,A 299;
WOLFSBANE/RAHNE SINC,AF 107;
WOLFSBANE/RAHNE SINC,BSHP2 16;
WOLFSBANE/RAHNE SINC,CA 406;
WOLFSBANE/RAHNE SINC,CA 407;
WOLFSBANE/RAHNE SINC,CX 2;
WOLFSBANE/RAHNE SINC,FA 1;
WOLFSBANE/RAHNE SINC,FA 2;
WOLFSBANE/RAHNE SINC,FF 367;
WOLFSBANE/RAHNE SINC,FS 1;
WOLFSBANE/RAHNE SINC,FS 2;
WOLFSBANE/RAHNE SINC,H2 390;
WOLFSBANE/RAHNE SINC,H2 391;
WOLFSBANE/RAHNE SINC,H2 392;
WOLFSBANE/RAHNE SINC,IW 1;
WOLFSBANE/RAHNE SINC,IW 2;
WOLFSBANE/RAHNE SINC,IW 3;
WOLFSBANE/RAHNE SINC,IW 4;
WOLFSBANE/RAHNE SINC,KPAOS 1;
WOLFSBANE/RAHNE SINC,M/AGE 4;
WOLFSBANE/RAHNE SINC,M/CP 22/3;
WOLFSBANE/RAHNE SINC,MGK 3;
WOLFSBANE/RAHNE SINC,M/GN 4;
WOLFSBANE/RAHNE SINC,MK3 41;
WOLFSBANE/RAHNE SINC,M/TU 6;
WOLFSBANE/RAHNE SINC,MX 26;
WOLFSBANE/RAHNE SINC,MX 27;
WOLFSBANE/RAHNE SINC,NM 1;
WOLFSBANE/RAHNE SINC,NM 10;
WOLFSBANE/RAHNE SINC,NM 11;
WOLFSBANE/RAHNE SINC,NM 12;
WOLFSBANE/RAHNE SINC,NM 13;
WOLFSBANE/RAHNE SINC,NM 14;
WOLFSBANE/RAHNE SINC,NM 15;
WOLFSBANE/RAHNE SINC,NM 16;
WOLFSBANE/RAHNE SINC,NM 17;
WOLFSBANE/RAHNE SINC,NM 18;
WOLFSBANE/RAHNE SINC,NM 19;
WOLFSBANE/RAHNE SINC,NM 2;
WOLFSBANE/RAHNE SINC,NM 20;
WOLFSBANE/RAHNE SINC,NM 21;
WOLFSBANE/RAHNE SINC,NM 22;
WOLFSBANE/RAHNE SINC,NM 23;
WOLFSBANE/RAHNE SINC,NM 24;
WOLFSBANE/RAHNE SINC,NM 25;
WOLFSBANE/RAHNE SINC,NM 26;
WOLFSBANE/RAHNE SINC,NM 27;
WOLFSBANE/RAHNE SINC,NM 28;
WOLFSBANE/RAHNE SINC,NM 3;
WOLFSBANE/RAHNE SINC,NM 32;
WOLFSBANE/RAHNE SINC,NM 33;
WOLFSBANE/RAHNE SINC,NM 34;
WOLFSBANE/RAHNE SINC,NM 35;
WOLFSBANE/RAHNE SINC,NM 36;
WOLFSBANE/RAHNE SINC,NM 37;
WOLFSBANE/RAHNE SINC,NM 38;
WOLFSBANE/RAHNE SINC,NM 39;
WOLFSBANE/RAHNE SINC,NM 4;
WOLFSBANE/RAHNE SINC,NM 40;
WOLFSBANE/RAHNE SINC,NM 4/2;
WOLFSBANE/RAHNE SINC,NM 44;
WOLFSBANE/RAHNE SINC,NM 45;
WOLFSBANE/RAHNE SINC,NM 46;
WOLFSBANE/RAHNE SINC,NM 47;
WOLFSBANE/RAHNE SINC,NM 48;
WOLFSBANE/RAHNE SINC,NM 5;
WOLFSBANE/RAHNE SINC,NM 50;
WOLFSBANE/RAHNE SINC,NM 51;
WOLFSBANE/RAHNE SINC,NM 52;
WOLFSBANE/RAHNE SINC,NM 53;
WOLFSBANE/RAHNE SINC,NM 54;
WOLFSBANE/RAHNE SINC,NM 55;
WOLFSBANE/RAHNE SINC,NM 56;
WOLFSBANE/RAHNE SINC,NM 57;
WOLFSBANE/RAHNE SINC,NM 58;
WOLFSBANE/RAHNE SINC,NM 59;
WOLFSBANE/RAHNE SINC,NM 6;
WOLFSBANE/RAHNE SINC,NM 60;
WOLFSBANE/RAHNE SINC,NM 61;
WOLFSBANE/RAHNE SINC,NM 6/2;
WOLFSBANE/RAHNE SINC,NM 62;
WOLFSBANE/RAHNE SINC,NM 64;
WOLFSBANE/RAHNE SINC,NM 65;
WOLFSBANE/RAHNE SINC,NM 66;
WOLFSBANE/RAHNE SINC,NM 67;
WOLFSBANE/RAHNE SINC,NM 68;
WOLFSBANE/RAHNE SINC,NM 69;
WOLFSBANE/RAHNE SINC,NM 7;
WOLFSBANE/RAHNE SINC,NM 70;
WOLFSBANE/RAHNE SINC,NM 71;
WOLFSBANE/RAHNE SINC,NM 72;
WOLFSBANE/RAHNE SINC,NM 73;
WOLFSBANE/RAHNE SINC,NM 74;
WOLFSBANE/RAHNE SINC,NM 75;
WOLFSBANE/RAHNE SINC,NM 76;
WOLFSBANE/RAHNE SINC,NM 77;
WOLFSBANE/RAHNE SINC,NM 78;
WOLFSBANE/RAHNE SINC,NM 79;
WOLFSBANE/RAHNE SINC,NM 8;
WOLFSBANE/RAHNE SINC,NM 80;
WOLFSBANE/RAHNE SINC,NM 81;
WOLFSBANE/RAHNE SINC,NM 82;
WOLFSBANE/RAHNE SINC,NM 83;
WOLFSBANE/RAHNE SINC,NM 84;
WOLFSBANE/RAHNE SINC,NM 85;
WOLFSBANE/RAHNE SINC,NM 86;
WOLFSBANE/RAHNE SINC,NM 87;
WOLFSBANE/RAHNE SINC,NM 88;
WOLFSBANE/RAHNE SINC,NM 89;
WOLFSBANE/RAHNE SINC,NM 9;
WOLFSBANE/RAHNE SINC,NM 90;
WOLFSBANE/RAHNE SINC,NM 91;
WOLFSBANE/RAHNE SINC,NM 92;
WOLFSBANE/RAHNE SINC,NM 93;
WOLFSBANE/RAHNE SINC,NM 94;
WOLFSBANE/RAHNE SINC,NM 95;
WOLFSBANE/RAHNE SINC,NM 96;
WOLFSBANE/RAHNE SINC,NM 97;
WOLFSBANE/RAHNE SINC,NMSE 1;
WOLFSBANE/RAHNE SINC,NMSS 1;
WOLFSBANE/RAHNE SINC,NM:TD 1;
WOLFSBANE/RAHNE SINC,NM:TD 2;
WOLFSBANE/RAHNE SINC,NM:TD 3;
WOLFSBANE/RAHNE SINC,NW 27;
WOLFSBANE/RAHNE SINC,PP 20;
WOLFSBANE/RAHNE SINC,PP 40;
WOLFSBANE/RAHNE SINC,PP 42;
WOLFSBANE/RAHNE SINC,ROM 3;
WOLFSBANE/RAHNE SINC,SEX 1;
WOLFSBANE/RAHNE SINC,SWII 1;
WOLFSBANE/RAHNE SINC,SWII 7;
WOLFSBANE/RAHNE SINC,SWII 8;
WOLFSBANE/RAHNE SINC,SWII 9;
WOLFSBANE/RAHNE SINC,UX 10;
WOLFSBANE/RAHNE SINC,UX 167;
WOLFSBANE/RAHNE SINC,UX 190;
WOLFSBANE/RAHNE SINC,UX 191;
WOLFSBANE/RAHNE SINC,UX 200;
WOLFSBANE/RAHNE SINC,UX 201;
WOLFSBANE/RAHNE SINC,UX 230;
WOLFSBANE/RAHNE SINC,UX 231;
WOLFSBANE/RAHNE SINC,UX 270;
WOLFSBANE/RAHNE SINC,UX 271;
WOLFSBANE/RAHNE SINC,UX 272;
WOLFSBANE/RAHNE SINC,UX 388;
WOLFSBANE/RAHNE SINC,UX 389;
WOLFSBANE/RAHNE SINC,UX 8;
WOLFSBANE/RAHNE SINC,UX 9;
WOLFSBANE/RAHNE SINC,WOSM 2;
WOLFSBANE/RAHNE SINC,W:RT;
WOLFSBANE/RAHNE SINC,X 108;
WOLFSBANE/RAHNE SINC,X 14;
WOLFSBANE/RAHNE SINC,X 16;
WOLFSBANE/RAHNE SINC,XCAL 100;
WOLFSBANE/RAHNE SINC,XCAL 101;
WOLFSBANE/RAHNE SINC,XCAL 102;
WOLFSBANE/RAHNE SINC,XCAL 104;
WOLFSBANE/RAHNE SINC,XCAL 105;
WOLFSBANE/RAHNE SINC,XCAL 106;
WOLFSBANE/RAHNE SINC,XCAL 107;
WOLFSBANE/RAHNE SINC,XCAL 108;
WOLFSBANE/RAHNE SINC,XCAL 109;
WOLFSBANE/RAHNE SINC,XCAL 110;
WOLFSBANE/RAHNE SINC,XCAL 111;
WOLFSBANE/RAHNE SINC,XCAL 112;
WOLFSBANE/RAHNE SINC,XCAL 113;
WOLFSBANE/RAHNE SINC,XCAL 115;
WOLFSBANE/RAHNE SINC,XCAL 117;
WOLFSBANE/RAHNE SINC,XCAL 118;
WOLFSBANE/RAHNE SINC,XCAL 120;
WOLFSBANE/RAHNE SINC,XCAL 121;
WOLFSBANE/RAHNE SINC,XCAL 122;
WOLFSBANE/RAHNE SINC,XCAL 123;
WOLFSBANE/RAHNE SINC,XCAL 124;
WOLFSBANE/RAHNE SINC,XCAL 125;
WOLFSBANE/RAHNE SINC,XCAL 8;
WOLFSBANE/RAHNE SINC,XCAL 82;
WOLFSBANE/RAHNE SINC,XCAL 90;
WOLFSBANE/RAHNE SINC,XCAL 91;
WOLFSBANE/RAHNE SINC,XCAL 92;
WOLFSBANE/RAHNE SINC,XCAL 93;
WOLFSBANE/RAHNE SINC,XCAL 95;
WOLFSBANE/RAHNE SINC,XCAL 97;
WOLFSBANE/RAHNE SINC,XCAL 98;
WOLFSBANE/RAHNE SINC,XCAL 99;
WOLFSBANE/RAHNE SINC,XF 104;
WOLFSBANE/RAHNE SINC,XF 105;
WOLFSBANE/RAHNE SINC,XF 106;
WOLFSBANE/RAHNE SINC,XF 107;
WOLFSBANE/RAHNE SINC,XF 108;
WOLFSBANE/RAHNE SINC,XF 109;
WOLFSBANE/RAHNE SINC,XF 110;
WOLFSBANE/RAHNE SINC,XF 111;
WOLFSBANE/RAHNE SINC,XF 41;
WOLFSBANE/RAHNE SINC,XF 60;
WOLFSBANE/RAHNE SINC,XF 61;
WOLFSBANE/RAHNE SINC,XF 62;
WOLFSBANE/RAHNE SINC,XF 7;
WOLFSBANE/RAHNE SINC,XF 71;
WOLFSBANE/RAHNE SINC,XF 7/2;
WOLFSBANE/RAHNE SINC,XF 72;
WOLFSBANE/RAHNE SINC,XF 73;
WOLFSBANE/RAHNE SINC,XF 74;
WOLFSBANE/RAHNE SINC,XF 75;
WOLFSBANE/RAHNE SINC,XF 76;
WOLFSBANE/RAHNE SINC,XF 77;
WOLFSBANE/RAHNE SINC,XF 78;
WOLFSBANE/RAHNE SINC,XF 79;
WOLFSBANE/RAHNE SINC,XF 80;
WOLFSBANE/RAHNE SINC,XF 81;
WOLFSBANE/RAHNE SINC,XF 82;
WOLFSBANE/RAHNE SINC,XF 83;
WOLFSBANE/RAHNE SINC,XF 84;
WOLFSBANE/RAHNE SINC,XF 86;
WOLFSBANE/RAHNE SINC,XFOR 16;
WOLFSBANE/RAHNE SINC,XFOR 17;
WOLFSBANE/RAHNE SINC,XFOR 38;
WOLFSBANE/RAHNE SINC,X&M 1;
WOLFSBANE/RAHNE SINC,XM 12;
WOLFSBANE/RAHNE SINC,X&M 2;
WOLFSBANE/RAHNE SINC,X&M 3;
WOLFSBANE/RAHNE SINC,X&M 4;
WOLFSBANE/RAHNE SINC,XTERM 4;
WOLFSBANE/RAHNE SINC,XU 21;
WOLFSBANE/RAHNE SINC,XU 27;
WOLF,SOV 1;
WOLF,SOV 2;
WOLF,SOV 4;
WOLF,SOV 6;
WOLF SPIRIT/OWAYODAT,A 80;
WOLF SPIRIT/OWAYODAT,M/CP 15;
WOLF SPIRIT/OWAYODAT,RED WOLF 6;
WOLMAN, GIDEON,HMAG 10;
WOLVERINE 2013,NM 48;
WOLVERINE 2013,PHOENIX 1;
WOLVERINE 2013,UX 141;
WOLVERINE 2013,UX 142;
WOLVERINE 2013,UX 202;
WOLVERINE DOPPELGANG,FF 368;
WOLVERINE DOPPELGANG,FF 369;
WOLVERINE DOPPELGANG,IW 1;
WOLVERINE DOPPELGANG,IW 5;
WOLVERINE DOPPELGANG,IW 6;
WOLVERINE DOPPELGANG,WM2 15;
WOLVERINE/LOGAN,A 10;
WOLVERINE/LOGAN,A3 10;
WOLVERINE/LOGAN,A 332;
WOLVERINE/LOGAN,A 333;
WOLVERINE/LOGAN,AF 110;
WOLVERINE/LOGAN,AF 111;
WOLVERINE/LOGAN,AF 16;
WOLVERINE/LOGAN,AF 17;
WOLVERINE/LOGAN,AF2 9;
WOLVERINE/LOGAN,AF 33;
WOLVERINE/LOGAN,AF 34;
WOLVERINE/LOGAN,AF 52;
WOLVERINE/LOGAN,AF 53;
WOLVERINE/LOGAN,AF 61;
WOLVERINE/LOGAN,AF 87;
WOLVERINE/LOGAN,AF 88;
WOLVERINE/LOGAN,AF 89;
WOLVERINE/LOGAN,AF 90;
WOLVERINE/LOGAN,AF 9/2;
WOLVERINE/LOGAN,AF SPECIAL;
WOLVERINE/LOGAN,ASM 161;
WOLVERINE/LOGAN,ASM 429;
WOLVERINE/LOGAN,ASMV.W 1;
WOLVERINE/LOGAN,ASTONX2 1;
WOLVERINE/LOGAN,ASTONX2 2;
WOLVERINE/LOGAN,ASTONX2 3;
WOLVERINE/LOGAN,AWC 87;
WOLVERINE/LOGAN,AWC 88;
WOLVERINE/LOGAN,BEST OF MARVEL COMIC;
WOLVERINE/LOGAN,BFF:BGL 1;
WOLVERINE/LOGAN,BFF:BGL 2;
WOLVERINE/LOGAN,BFF:BGL 3;
WOLVERINE/LOGAN,BIZADV 27/3;
WOLVERINE/LOGAN,BSHP2 16;
WOLVERINE/LOGAN,C2 16;
WOLVERINE/LOGAN,C2 75;
WOLVERINE/LOGAN,CA 363;
WOLVERINE/LOGAN,CA 402;
WOLVERINE/LOGAN,CA 403;
WOLVERINE/LOGAN,CA 404;
WOLVERINE/LOGAN,CA 405;
WOLVERINE/LOGAN,CA 406;
WOLVERINE/LOGAN,CA 407;
WOLVERINE/LOGAN,CA 8;
WOLVERINE/LOGAN,COC 1;
WOLVERINE/LOGAN,COC 3;
WOLVERINE/LOGAN,CX 1;
WOLVERINE/LOGAN,CX 10/2;
WOLVERINE/LOGAN,CX 12;
WOLVERINE/LOGAN,CX 13;
WOLVERINE/LOGAN,CX 14;
WOLVERINE/LOGAN,CX 15;
WOLVERINE/LOGAN,CX 16;
WOLVERINE/LOGAN,CX 17/2;
WOLVERINE/LOGAN,CX 18;
WOLVERINE/LOGAN,CX 18/2;
WOLVERINE/LOGAN,CX 19;
WOLVERINE/LOGAN,CX 2;
WOLVERINE/LOGAN,CX 20;
WOLVERINE/LOGAN,CX 21;
WOLVERINE/LOGAN,CX 22/2;
WOLVERINE/LOGAN,CX 23;
WOLVERINE/LOGAN,CX 25;
WOLVERINE/LOGAN,CX 25/2;
WOLVERINE/LOGAN,CX 26/2;
WOLVERINE/LOGAN,CX 27/2;
WOLVERINE/LOGAN,CX 28/2;
WOLVERINE/LOGAN,CX 3;
WOLVERINE/LOGAN,CX 3/2;
WOLVERINE/LOGAN,CX 32;
WOLVERINE/LOGAN,CX 39/2;
WOLVERINE/LOGAN,CX 4;
WOLVERINE/LOGAN,CX 4/2;
WOLVERINE/LOGAN,CX 6;
WOLVERINE/LOGAN,CX 7;
WOLVERINE/LOGAN,CX 8;
WOLVERINE/LOGAN,CX 8/2;
WOLVERINE/LOGAN,CX 9;
WOLVERINE/LOGAN,CX 9/2;
WOLVERINE/LOGAN,DAMCON3 4;
WOLVERINE/LOGAN,DAMCON 4;
WOLVERINE/LOGAN,DAZZ 1;
WOLVERINE/LOGAN,DAZZ 2;
WOLVERINE/LOGAN,DAZZ 38;
WOLVERINE/LOGAN,DD 196;
WOLVERINE/LOGAN,DD 248;
WOLVERINE/LOGAN,DD 249;
WOLVERINE/LOGAN,DLOK2 4;
WOLVERINE/LOGAN,DLOK2 5;
WOLVERINE/LOGAN,DRSTR3 41;
WOLVERINE/LOGAN,ELEK 1;
WOLVERINE/LOGAN,ELEK 14;
WOLVERINE/LOGAN,FF 18;
WOLVERINE/LOGAN,FF 347;
WOLVERINE/LOGAN,FF 348;
WOLVERINE/LOGAN,FF 349;
WOLVERINE/LOGAN,FF 367;
WOLVERINE/LOGAN,FF 368;
WOLVERINE/LOGAN,FF 369;
WOLVERINE/LOGAN,FF 370;
WOLVERINE/LOGAN,FF 395;
WOLVERINE/LOGAN,FFV.X 1;
WOLVERINE/LOGAN,FFV.X 2;
WOLVERINE/LOGAN,FFV.X 3;
WOLVERINE/LOGAN,FFV.X 4;
WOLVERINE/LOGAN,FS 2;
WOLVERINE/LOGAN,GAM3 1;
WOLVERINE/LOGAN,GENX 6;
WOLVERINE/LOGAN,GR3 26;
WOLVERINE/LOGAN,GR3 27;
WOLVERINE/LOGAN,GR3 29;
WOLVERINE/LOGAN,GSX 1;
WOLVERINE/LOGAN,H2 180;
WOLVERINE/LOGAN,H2 181;
WOLVERINE/LOGAN,H2 182;
WOLVERINE/LOGAN,H2 278;
WOLVERINE/LOGAN,H2 279;
WOLVERINE/LOGAN,H2 340;
WOLVERINE/LOGAN,H2 434;
WOLVERINE/LOGAN,H2 454;
WOLVERINE/LOGAN,H2 455;
WOLVERINE/LOGAN,H3 8;
WOLVERINE/LOGAN,HFH 18;
WOLVERINE/LOGAN,HFH 19;
WOLVERINE/LOGAN,HOD;
WOLVERINE/LOGAN,HOPE 1;
WOLVERINE/LOGAN,H&W:M 1;
WOLVERINE/LOGAN,H&W:M 2;
WOLVERINE/LOGAN,H&W:M 3;
WOLVERINE/LOGAN,H&W:M 4;
WOLVERINE/LOGAN,IF 15;
WOLVERINE/LOGAN,IFW 1;
WOLVERINE/LOGAN,IFW 2;
WOLVERINE/LOGAN,IFW 3;
WOLVERINE/LOGAN,IFW 4;
WOLVERINE/LOGAN,IG 2;
WOLVERINE/LOGAN,IG 3;
WOLVERINE/LOGAN,IG 4;
WOLVERINE/LOGAN,IW 1;
WOLVERINE/LOGAN,IW 2;
WOLVERINE/LOGAN,IW 3;
WOLVERINE/LOGAN,IW 4;
WOLVERINE/LOGAN,IW 5;
WOLVERINE/LOGAN,IW 6;
WOLVERINE/LOGAN,KPAOS 1;
WOLVERINE/LOGAN,KPAOS 2;
WOLVERINE/LOGAN,KPAOS 3;
WOLVERINE/LOGAN,KP&W 1;
WOLVERINE/LOGAN,KP&W 2;
WOLVERINE/LOGAN,KP&W 3;
WOLVERINE/LOGAN,KP&W 4;
WOLVERINE/LOGAN,KP&W 5;
WOLVERINE/LOGAN,KP&W 6;
WOLVERINE/LOGAN,M/AGE 4;
WOLVERINE/LOGAN,MAXSEC 3;
WOLVERINE/LOGAN,M/CP 1;
WOLVERINE/LOGAN,M/CP 10;
WOLVERINE/LOGAN,M/CP 100/3;
WOLVERINE/LOGAN,M/CP 100/4;
WOLVERINE/LOGAN,M/CP 101;
WOLVERINE/LOGAN,M/CP 102;
WOLVERINE/LOGAN,M/CP 103;
WOLVERINE/LOGAN,M/CP 104;
WOLVERINE/LOGAN,M/CP 105;
WOLVERINE/LOGAN,M/CP 106;
WOLVERINE/LOGAN,M/CP 107;
WOLVERINE/LOGAN,M/CP 108;
WOLVERINE/LOGAN,M/CP 109;
WOLVERINE/LOGAN,M/CP 110;
WOLVERINE/LOGAN,M/CP 111;
WOLVERINE/LOGAN,M/CP 112;
WOLVERINE/LOGAN,M/CP 113;
WOLVERINE/LOGAN,M/CP 114;
WOLVERINE/LOGAN,M/CP 115;
WOLVERINE/LOGAN,M/CP 116;
WOLVERINE/LOGAN,M/CP 117;
WOLVERINE/LOGAN,M/CP 118;
WOLVERINE/LOGAN,M/CP 16/3;
WOLVERINE/LOGAN,M/CP 2;
WOLVERINE/LOGAN,M/CP 29;
WOLVERINE/LOGAN,M/CP 3;
WOLVERINE/LOGAN,M/CP 30;
WOLVERINE/LOGAN,M/CP 31;
WOLVERINE/LOGAN,M/CP 38;
WOLVERINE/LOGAN,M/CP 39;
WOLVERINE/LOGAN,M/CP 4;
WOLVERINE/LOGAN,M/CP 40;
WOLVERINE/LOGAN,M/CP 41;
WOLVERINE/LOGAN,M/CP 42;
WOLVERINE/LOGAN,M/CP 43;
WOLVERINE/LOGAN,M/CP 44;
WOLVERINE/LOGAN,M/CP 45;
WOLVERINE/LOGAN,M/CP 46;
WOLVERINE/LOGAN,M/CP 47;
WOLVERINE/LOGAN,M/CP 48;
WOLVERINE/LOGAN,M/CP 49;
WOLVERINE/LOGAN,M/CP 5;
WOLVERINE/LOGAN,M/CP 50;
WOLVERINE/LOGAN,M/CP 51;
WOLVERINE/LOGAN,M/CP 52;
WOLVERINE/LOGAN,M/CP 53;
WOLVERINE/LOGAN,M/CP 54;
WOLVERINE/LOGAN,M/CP 55;
WOLVERINE/LOGAN,M/CP 56;
WOLVERINE/LOGAN,M/CP 57;
WOLVERINE/LOGAN,M/CP 58;
WOLVERINE/LOGAN,M/CP 59;
WOLVERINE/LOGAN,M/CP 6;
WOLVERINE/LOGAN,M/CP 60;
WOLVERINE/LOGAN,M/CP 61;
WOLVERINE/LOGAN,M/CP 62;
WOLVERINE/LOGAN,M/CP 63;
WOLVERINE/LOGAN,M/CP 64;
WOLVERINE/LOGAN,M/CP 65;
WOLVERINE/LOGAN,M/CP 66;
WOLVERINE/LOGAN,M/CP 67;
WOLVERINE/LOGAN,M/CP 68;
WOLVERINE/LOGAN,M/CP 69;
WOLVERINE/LOGAN,M/CP 7;
WOLVERINE/LOGAN,M/CP 70;
WOLVERINE/LOGAN,M/CP 71;
WOLVERINE/LOGAN,M/CP 72;
WOLVERINE/LOGAN,M/CP 73;
WOLVERINE/LOGAN,M/CP 74;
WOLVERINE/LOGAN,M/CP 75;
WOLVERINE/LOGAN,M/CP 76;
WOLVERINE/LOGAN,M/CP 77;
WOLVERINE/LOGAN,M/CP 78;
WOLVERINE/LOGAN,M/CP 79;
WOLVERINE/LOGAN,M/CP 8;
WOLVERINE/LOGAN,M/CP 80;
WOLVERINE/LOGAN,M/CP 81;
WOLVERINE/LOGAN,M/CP 82;
WOLVERINE/LOGAN,M/CP 83;
WOLVERINE/LOGAN,M/CP 84;
WOLVERINE/LOGAN,M/CP 85;
WOLVERINE/LOGAN,M/CP 86;
WOLVERINE/LOGAN,M/CP 87;
WOLVERINE/LOGAN,M/CP 88;
WOLVERINE/LOGAN,M/CP 89;
WOLVERINE/LOGAN,M/CP 89/4;
WOLVERINE/LOGAN,M/CP 9;
WOLVERINE/LOGAN,M/CP 90;
WOLVERINE/LOGAN,M/CP 91;
WOLVERINE/LOGAN,M/CP 92;
WOLVERINE/LOGAN,M/CP 93;
WOLVERINE/LOGAN,M/CP 97;
WOLVERINE/LOGAN,M/CP 98;
WOLVERINE/LOGAN,M/CP 99;
WOLVERINE/LOGAN,MEPHV. 3;
WOLVERINE/LOGAN,MEPHV. 4;
WOLVERINE/LOGAN,M/FAN 24/2;
WOLVERINE/LOGAN,M/FAN 3;
WOLVERINE/LOGAN,M/FAN 33;
WOLVERINE/LOGAN,M/FAN 4;
WOLVERINE/LOGAN,M/FAN 54/2;
WOLVERINE/LOGAN,M/FAN 55/2;
WOLVERINE/LOGAN,M/GN 1;
WOLVERINE/LOGAN,M/GN 12;
WOLVERINE/LOGAN,M/GN 5;
WOLVERINE/LOGAN,M/HOL 1996/5;
WOLVERINE/LOGAN,M/HOL SPECIAL 1;
WOLVERINE/LOGAN,MICRO 37;
WOLVERINE/LOGAN,MK3 41;
WOLVERINE/LOGAN,MK 35;
WOLVERINE/LOGAN,M/SH3 6;
WOLVERINE/LOGAN,M/SH3 7;
WOLVERINE/LOGAN,M/SH3 8;
WOLVERINE/LOGAN,M/SHSW 1;
WOLVERINE/LOGAN,M/SHSW 10;
WOLVERINE/LOGAN,M/SHSW 11;
WOLVERINE/LOGAN,M/SHSW 12;
WOLVERINE/LOGAN,M/SHSW 2;
WOLVERINE/LOGAN,M/SHSW 3;
WOLVERINE/LOGAN,M/SHSW 4;
WOLVERINE/LOGAN,M/SHSW 5;
WOLVERINE/LOGAN,M/SHSW 6;
WOLVERINE/LOGAN,M/SHSW 7;
WOLVERINE/LOGAN,M/SHSW 9;
WOLVERINE/LOGAN,M/TALES 262/2;
WOLVERINE/LOGAN,M/TE 26;
WOLVERINE/LOGAN,M/TIO 7;
WOLVERINE/LOGAN,M/TIO 96;
WOLVERINE/LOGAN,M/TU 1;
WOLVERINE/LOGAN,M/TU 100;
WOLVERINE/LOGAN,M/TU 117;
WOLVERINE/LOGAN,M/TU 118;
WOLVERINE/LOGAN,M/TU 135;
WOLVERINE/LOGAN,M/TU 53;
WOLVERINE/LOGAN,N 21;
WOLVERINE/LOGAN,N 22;
WOLVERINE/LOGAN,N 23;
WOLVERINE/LOGAN,N 24;
WOLVERINE/LOGAN,N 25;
WOLVERINE/LOGAN,NF3 25;
WOLVERINE/LOGAN,NF3 26;
WOLVERINE/LOGAN,NF3 27;
WOLVERINE/LOGAN,NF3 28;
WOLVERINE/LOGAN,NF3 29;
WOLVERINE/LOGAN,NM 14;
WOLVERINE/LOGAN,NM 46;
WOLVERINE/LOGAN,NM 93;
WOLVERINE/LOGAN,NM 94;
WOLVERINE/LOGAN,NM 96;
WOLVERINE/LOGAN,NM 97;
WOLVERINE/LOGAN,NW 27;
WOLVERINE/LOGAN,O:MU;
WOLVERINE/LOGAN,O:X;
WOLVERINE/LOGAN,PP 19;
WOLVERINE/LOGAN,PP 27;
WOLVERINE/LOGAN,PPSM2 4;
WOLVERINE/LOGAN,PWJ 6;
WOLVERINE/LOGAN,PWJ 7;
WOLVERINE/LOGAN,Q 28;
WOLVERINE/LOGAN,Q 38;
WOLVERINE/LOGAN,Q 39;
WOLVERINE/LOGAN,ROM 17;
WOLVERINE/LOGAN,ROM 18;
WOLVERINE/LOGAN,ROM 65;
WOLVERINE/LOGAN,ROM 66;
WOLVERINE/LOGAN,SEX 1;
WOLVERINE/LOGAN,S-H2 29;
WOLVERINE/LOGAN,S-M 10;
WOLVERINE/LOGAN,S-M 11;
WOLVERINE/LOGAN,S-M 12;
WOLVERINE/LOGAN,S-M 8;
WOLVERINE/LOGAN,S-M 9;
WOLVERINE/LOGAN,SS3 52;
WOLVERINE/LOGAN,SS3 54;
WOLVERINE/LOGAN,S-W 37;
WOLVERINE/LOGAN,SWII 1;
WOLVERINE/LOGAN,SWII 5;
WOLVERINE/LOGAN,SWII 7;
WOLVERINE/LOGAN,SWII 9;
WOLVERINE/LOGAN,UX 10;
WOLVERINE/LOGAN,UX 100;
WOLVERINE/LOGAN,UX 101;
WOLVERINE/LOGAN,UX 102;
WOLVERINE/LOGAN,UX 103;
WOLVERINE/LOGAN,UX 104;
WOLVERINE/LOGAN,UX 105;
WOLVERINE/LOGAN,UX 106;
WOLVERINE/LOGAN,UX 107;
WOLVERINE/LOGAN,UX 108;
WOLVERINE/LOGAN,UX 109;
WOLVERINE/LOGAN,UX 11;
WOLVERINE/LOGAN,UX 110;
WOLVERINE/LOGAN,UX 111;
WOLVERINE/LOGAN,UX 112;
WOLVERINE/LOGAN,UX 113;
WOLVERINE/LOGAN,UX 114;
WOLVERINE/LOGAN,UX 115;
WOLVERINE/LOGAN,UX 116;
WOLVERINE/LOGAN,UX 117;
WOLVERINE/LOGAN,UX 118;
WOLVERINE/LOGAN,UX 119;
WOLVERINE/LOGAN,UX 12;
WOLVERINE/LOGAN,UX 120;
WOLVERINE/LOGAN,UX 121;
WOLVERINE/LOGAN,UX 122;
WOLVERINE/LOGAN,UX 123;
WOLVERINE/LOGAN,UX 124;
WOLVERINE/LOGAN,UX 125;
WOLVERINE/LOGAN,UX 126;
WOLVERINE/LOGAN,UX 127;
WOLVERINE/LOGAN,UX 128;
WOLVERINE/LOGAN,UX 129;
WOLVERINE/LOGAN,UX 13;
WOLVERINE/LOGAN,UX 130;
WOLVERINE/LOGAN,UX 131;
WOLVERINE/LOGAN,UX 13/2;
WOLVERINE/LOGAN,UX 132;
WOLVERINE/LOGAN,UX 133;
WOLVERINE/LOGAN,UX 134;
WOLVERINE/LOGAN,UX 135;
WOLVERINE/LOGAN,UX 136;
WOLVERINE/LOGAN,UX 137;
WOLVERINE/LOGAN,UX 138;
WOLVERINE/LOGAN,UX 139;
WOLVERINE/LOGAN,UX 140;
WOLVERINE/LOGAN,UX 141;
WOLVERINE/LOGAN,UX 14/2;
WOLVERINE/LOGAN,UX 142;
WOLVERINE/LOGAN,UX 143;
WOLVERINE/LOGAN,UX 144;
WOLVERINE/LOGAN,UX 145;
WOLVERINE/LOGAN,UX 146;
WOLVERINE/LOGAN,UX 147;
WOLVERINE/LOGAN,UX 148;
WOLVERINE/LOGAN,UX 149;
WOLVERINE/LOGAN,UX 150;
WOLVERINE/LOGAN,UX 151;
WOLVERINE/LOGAN,UX 152;
WOLVERINE/LOGAN,UX 153;
WOLVERINE/LOGAN,UX 15/4;
WOLVERINE/LOGAN,UX 154;
WOLVERINE/LOGAN,UX 155;
WOLVERINE/LOGAN,UX 156;
WOLVERINE/LOGAN,UX 157;
WOLVERINE/LOGAN,UX 158;
WOLVERINE/LOGAN,UX 159;
WOLVERINE/LOGAN,UX 160;
WOLVERINE/LOGAN,UX 161;
WOLVERINE/LOGAN,UX 16/2;
WOLVERINE/LOGAN,UX 162;
WOLVERINE/LOGAN,UX 163;
WOLVERINE/LOGAN,UX 164;
WOLVERINE/LOGAN,UX 165;
WOLVERINE/LOGAN,UX 166;
WOLVERINE/LOGAN,UX 167;
WOLVERINE/LOGAN,UX 168;
WOLVERINE/LOGAN,UX 172;
WOLVERINE/LOGAN,UX 173;
WOLVERINE/LOGAN,UX 174;
WOLVERINE/LOGAN,UX 175;
WOLVERINE/LOGAN,UX 176;
WOLVERINE/LOGAN,UX 178;
WOLVERINE/LOGAN,UX 179;
WOLVERINE/LOGAN,UX 180;
WOLVERINE/LOGAN,UX 181;
WOLVERINE/LOGAN,UX 183;
WOLVERINE/LOGAN,UX 187;
WOLVERINE/LOGAN,UX 192;
WOLVERINE/LOGAN,UX 193;
WOLVERINE/LOGAN,UX 194;
WOLVERINE/LOGAN,UX 195;
WOLVERINE/LOGAN,UX 196;
WOLVERINE/LOGAN,UX 199;
WOLVERINE/LOGAN,UX 200;
WOLVERINE/LOGAN,UX 201;
WOLVERINE/LOGAN,UX 202;
WOLVERINE/LOGAN,UX 203;
WOLVERINE/LOGAN,UX 205;
WOLVERINE/LOGAN,UX 207;
WOLVERINE/LOGAN,UX 208;
WOLVERINE/LOGAN,UX 209;
WOLVERINE/LOGAN,UX 210;
WOLVERINE/LOGAN,UX 211;
WOLVERINE/LOGAN,UX 212;
WOLVERINE/LOGAN,UX 213;
WOLVERINE/LOGAN,UX 214;
WOLVERINE/LOGAN,UX 215;
WOLVERINE/LOGAN,UX 216;
WOLVERINE/LOGAN,UX 220;
WOLVERINE/LOGAN,UX 221;
WOLVERINE/LOGAN,UX 222;
WOLVERINE/LOGAN,UX 223;
WOLVERINE/LOGAN,UX 224;
WOLVERINE/LOGAN,UX 225;
WOLVERINE/LOGAN,UX 226;
WOLVERINE/LOGAN,UX 227;
WOLVERINE/LOGAN,UX 228;
WOLVERINE/LOGAN,UX 229;
WOLVERINE/LOGAN,UX 230;
WOLVERINE/LOGAN,UX 231;
WOLVERINE/LOGAN,UX 232;
WOLVERINE/LOGAN,UX 233;
WOLVERINE/LOGAN,UX 234;
WOLVERINE/LOGAN,UX 235;
WOLVERINE/LOGAN,UX 236;
WOLVERINE/LOGAN,UX 237;
WOLVERINE/LOGAN,UX 238;
WOLVERINE/LOGAN,UX 239;
WOLVERINE/LOGAN,UX 240;
WOLVERINE/LOGAN,UX 241;
WOLVERINE/LOGAN,UX 242;
WOLVERINE/LOGAN,UX 243;
WOLVERINE/LOGAN,UX 245;
WOLVERINE/LOGAN,UX 246;
WOLVERINE/LOGAN,UX 251;
WOLVERINE/LOGAN,UX 252;
WOLVERINE/LOGAN,UX 253;
WOLVERINE/LOGAN,UX 257;
WOLVERINE/LOGAN,UX 258;
WOLVERINE/LOGAN,UX 261;
WOLVERINE/LOGAN,UX 268;
WOLVERINE/LOGAN,UX 271;
WOLVERINE/LOGAN,UX 272;
WOLVERINE/LOGAN,UX 273;
WOLVERINE/LOGAN,UX 274;
WOLVERINE/LOGAN,UX 275;
WOLVERINE/LOGAN,UX 276;
WOLVERINE/LOGAN,UX 277;
WOLVERINE/LOGAN,UX 278;
WOLVERINE/LOGAN,UX 279;
WOLVERINE/LOGAN,UX 280;
WOLVERINE/LOGAN,UX 295;
WOLVERINE/LOGAN,UX 296;
WOLVERINE/LOGAN,UX 3;
WOLVERINE/LOGAN,UX 322;
WOLVERINE/LOGAN,UX 323;
WOLVERINE/LOGAN,UX 324;
WOLVERINE/LOGAN,UX 325;
WOLVERINE/LOGAN,UX 329;
WOLVERINE/LOGAN,UX 330;
WOLVERINE/LOGAN,UX 332;
WOLVERINE/LOGAN,UX 333;
WOLVERINE/LOGAN,UX 334;
WOLVERINE/LOGAN,UX 337;
WOLVERINE/LOGAN,UX 338;
WOLVERINE/LOGAN,UX 339;
WOLVERINE/LOGAN,UX 340;
WOLVERINE/LOGAN,UX 341;
WOLVERINE/LOGAN,UX 350;
WOLVERINE/LOGAN,UX 351;
WOLVERINE/LOGAN,UX 352;
WOLVERINE/LOGAN,UX 353;
WOLVERINE/LOGAN,UX 354;
WOLVERINE/LOGAN,UX 355;
WOLVERINE/LOGAN,UX 356;
WOLVERINE/LOGAN,UX 359;
WOLVERINE/LOGAN,UX 360;
WOLVERINE/LOGAN,UX 361;
WOLVERINE/LOGAN,UX 362;
WOLVERINE/LOGAN,UX 363;
WOLVERINE/LOGAN,UX 364;
WOLVERINE/LOGAN,UX 365;
WOLVERINE/LOGAN,UX 366;
WOLVERINE/LOGAN,UX 367;
WOLVERINE/LOGAN,UX 368;
WOLVERINE/LOGAN,UX 369;
WOLVERINE/LOGAN,UX 370;
WOLVERINE/LOGAN,UX 377;
WOLVERINE/LOGAN,UX 379;
WOLVERINE/LOGAN,UX 380;
WOLVERINE/LOGAN,UX 384;
WOLVERINE/LOGAN,UX 385;
WOLVERINE/LOGAN,UX 388;
WOLVERINE/LOGAN,UX 389;
WOLVERINE/LOGAN,UX 390;
WOLVERINE/LOGAN,UX 392;
WOLVERINE/LOGAN,UX 393;
WOLVERINE/LOGAN,UX 394;
WOLVERINE/LOGAN,UX 395;
WOLVERINE/LOGAN,UX 4;
WOLVERINE/LOGAN,UX 5;
WOLVERINE/LOGAN,UX 6;
WOLVERINE/LOGAN,UX 7;
WOLVERINE/LOGAN,UX 8;
WOLVERINE/LOGAN,UX 9;
WOLVERINE/LOGAN,UX 94;
WOLVERINE/LOGAN,UX '95;
WOLVERINE/LOGAN,UX 95;
WOLVERINE/LOGAN,UX 96;
WOLVERINE/LOGAN,UX 97;
WOLVERINE/LOGAN,UX 98;
WOLVERINE/LOGAN,UX '99;
WOLVERINE/LOGAN,UX 99;
WOLVERINE/LOGAN,UX/FF '98;
WOLVERINE/LOGAN,W '00;
WOLVERINE/LOGAN,W 1;
WOLVERINE/LOGAN,W 2;
WOLVERINE/LOGAN,W2 -1;
WOLVERINE/LOGAN,W2 1;
WOLVERINE/LOGAN,W2 10;
WOLVERINE/LOGAN,W2 100;
WOLVERINE/LOGAN,W2 101;
WOLVERINE/LOGAN,W2 102;
WOLVERINE/LOGAN,W2 104;
WOLVERINE/LOGAN,W2 105;
WOLVERINE/LOGAN,W2 11;
WOLVERINE/LOGAN,W2 115;
WOLVERINE/LOGAN,W2 116;
WOLVERINE/LOGAN,W2 117;
WOLVERINE/LOGAN,W2 118;
WOLVERINE/LOGAN,W2 119;
WOLVERINE/LOGAN,W2 12;
WOLVERINE/LOGAN,W2 120;
WOLVERINE/LOGAN,W2 121;
WOLVERINE/LOGAN,W2 122;
WOLVERINE/LOGAN,W2 123;
WOLVERINE/LOGAN,W2 124;
WOLVERINE/LOGAN,W2 125;
WOLVERINE/LOGAN,W2 126;
WOLVERINE/LOGAN,W2 127;
WOLVERINE/LOGAN,W2 128;
WOLVERINE/LOGAN,W2 129;
WOLVERINE/LOGAN,W2 13;
WOLVERINE/LOGAN,W2 130;
WOLVERINE/LOGAN,W2 131;
WOLVERINE/LOGAN,W2 132;
WOLVERINE/LOGAN,W2 133;
WOLVERINE/LOGAN,W2 134;
WOLVERINE/LOGAN,W2 135;
WOLVERINE/LOGAN,W2 136;
WOLVERINE/LOGAN,W2 137;
WOLVERINE/LOGAN,W2 138;
WOLVERINE/LOGAN,W2 139;
WOLVERINE/LOGAN,W2 14;
WOLVERINE/LOGAN,W2 144;
WOLVERINE/LOGAN,W2 145;
WOLVERINE/LOGAN,W2 146;
WOLVERINE/LOGAN,W2 147;
WOLVERINE/LOGAN,W2 148;
WOLVERINE/LOGAN,W2 149;
WOLVERINE/LOGAN,W2 15;
WOLVERINE/LOGAN,W2 150;
WOLVERINE/LOGAN,W2 151;
WOLVERINE/LOGAN,W2 152;
WOLVERINE/LOGAN,W2 153;
WOLVERINE/LOGAN,W2 154;
WOLVERINE/LOGAN,W2 155;
WOLVERINE/LOGAN,W2 156;
WOLVERINE/LOGAN,W2 157;
WOLVERINE/LOGAN,W2 158;
WOLVERINE/LOGAN,W2 159;
WOLVERINE/LOGAN,W2 16;
WOLVERINE/LOGAN,W2 160;
WOLVERINE/LOGAN,W2 161;
WOLVERINE/LOGAN,W2 162;
WOLVERINE/LOGAN,W2 163;
WOLVERINE/LOGAN,W2 164;
WOLVERINE/LOGAN,W2 165;
WOLVERINE/LOGAN,W2 17;
WOLVERINE/LOGAN,W2 18;
WOLVERINE/LOGAN,W2 19;
WOLVERINE/LOGAN,W2 2;
WOLVERINE/LOGAN,W2 20;
WOLVERINE/LOGAN,W2 21;
WOLVERINE/LOGAN,W2 22;
WOLVERINE/LOGAN,W2 23;
WOLVERINE/LOGAN,W2 24;
WOLVERINE/LOGAN,W2 25;
WOLVERINE/LOGAN,W2 26;
WOLVERINE/LOGAN,W2 27;
WOLVERINE/LOGAN,W2 28;
WOLVERINE/LOGAN,W2 29;
WOLVERINE/LOGAN,W2 3;
WOLVERINE/LOGAN,W2 30;
WOLVERINE/LOGAN,W2 31;
WOLVERINE/LOGAN,W2 32;
WOLVERINE/LOGAN,W2 33;
WOLVERINE/LOGAN,W2 34;
WOLVERINE/LOGAN,W2 35;
WOLVERINE/LOGAN,W2 36;
WOLVERINE/LOGAN,W2 37;
WOLVERINE/LOGAN,W2 38;
WOLVERINE/LOGAN,W2 39;
WOLVERINE/LOGAN,W2 4;
WOLVERINE/LOGAN,W2 40;
WOLVERINE/LOGAN,W2 41;
WOLVERINE/LOGAN,W2 42;
WOLVERINE/LOGAN,W2 43;
WOLVERINE/LOGAN,W2 44;
WOLVERINE/LOGAN,W2 45;
WOLVERINE/LOGAN,W2 46;
WOLVERINE/LOGAN,W2 47;
WOLVERINE/LOGAN,W2 48;
WOLVERINE/LOGAN,W2 49;
WOLVERINE/LOGAN,W2 5;
WOLVERINE/LOGAN,W2 50;
WOLVERINE/LOGAN,W2 51;
WOLVERINE/LOGAN,W2 52;
WOLVERINE/LOGAN,W2 53;
WOLVERINE/LOGAN,W2 54;
WOLVERINE/LOGAN,W2 55;
WOLVERINE/LOGAN,W2 56;
WOLVERINE/LOGAN,W2 57;
WOLVERINE/LOGAN,W2 58;
WOLVERINE/LOGAN,W2 59;
WOLVERINE/LOGAN,W2 6;
WOLVERINE/LOGAN,W2 60;
WOLVERINE/LOGAN,W2 61;
WOLVERINE/LOGAN,W2 62;
WOLVERINE/LOGAN,W2 63;
WOLVERINE/LOGAN,W2 64;
WOLVERINE/LOGAN,W2 65;
WOLVERINE/LOGAN,W2 7;
WOLVERINE/LOGAN,W2 8;
WOLVERINE/LOGAN,W2 82;
WOLVERINE/LOGAN,W2 83;
WOLVERINE/LOGAN,W2 84;
WOLVERINE/LOGAN,W2 85;
WOLVERINE/LOGAN,W2 87;
WOLVERINE/LOGAN,W2 88;
WOLVERINE/LOGAN,W2 89;
WOLVERINE/LOGAN,W2 9;
WOLVERINE/LOGAN,W2 90;
WOLVERINE/LOGAN,W2 91;
WOLVERINE/LOGAN,W2 92;
WOLVERINE/LOGAN,W2 93;
WOLVERINE/LOGAN,W2 94;
WOLVERINE/LOGAN,W2 95;
WOLVERINE/LOGAN,W2 96;
WOLVERINE/LOGAN,W2 '97;
WOLVERINE/LOGAN,W2 97;
WOLVERINE/LOGAN,W2 98;
WOLVERINE/LOGAN,W2 99;
WOLVERINE/LOGAN,W 3;
WOLVERINE/LOGAN,W 4;
WOLVERINE/LOGAN,W '99/2;
WOLVERINE/LOGAN,W:BC;
WOLVERINE/LOGAN,W: BLOODLUST;
WOLVERINE/LOGAN,W/C;
WOLVERINE/LOGAN,W/G 1;
WOLVERINE/LOGAN,W/G 2;
WOLVERINE/LOGAN,W/G 3;
WOLVERINE/LOGAN,W/G 4;
WOLVERINE/LOGAN,WIW 8;
WOLVERINE/LOGAN,W:JA;
WOLVERINE/LOGAN,WM2 13;
WOLVERINE/LOGAN,WM2 14;
WOLVERINE/LOGAN,WM2 15;
WOLVERINE/LOGAN,W/NF;
WOLVERINE/LOGAN,WOSM 29;
WOLVERINE/LOGAN,W:RT;
WOLVERINE/LOGAN,X '00;
WOLVERINE/LOGAN,X 1;
WOLVERINE/LOGAN,X 10;
WOLVERINE/LOGAN,X 102;
WOLVERINE/LOGAN,X 103;
WOLVERINE/LOGAN,X 104;
WOLVERINE/LOGAN,X 105;
WOLVERINE/LOGAN,X 106;
WOLVERINE/LOGAN,X 107;
WOLVERINE/LOGAN,X 108;
WOLVERINE/LOGAN,X 109;
WOLVERINE/LOGAN,X 11;
WOLVERINE/LOGAN,X 112;
WOLVERINE/LOGAN,X 113;
WOLVERINE/LOGAN,X 114;
WOLVERINE/LOGAN,X 115;
WOLVERINE/LOGAN,X 1/2;
WOLVERINE/LOGAN,X 12;
WOLVERINE/LOGAN,X 13;
WOLVERINE/LOGAN,X 14;
WOLVERINE/LOGAN,X 15;
WOLVERINE/LOGAN,X 16;
WOLVERINE/LOGAN,X 2;
WOLVERINE/LOGAN,X 3;
WOLVERINE/LOGAN,X 4;
WOLVERINE/LOGAN,X 40;
WOLVERINE/LOGAN,X 5;
WOLVERINE/LOGAN,X 50;
WOLVERINE/LOGAN,X 54;
WOLVERINE/LOGAN,X 57;
WOLVERINE/LOGAN,X 58;
WOLVERINE/LOGAN,X 59;
WOLVERINE/LOGAN,X 6;
WOLVERINE/LOGAN,X 62;
WOLVERINE/LOGAN,X 63;
WOLVERINE/LOGAN,X 64;
WOLVERINE/LOGAN,X 65;
WOLVERINE/LOGAN,X 66;
WOLVERINE/LOGAN,X 7;
WOLVERINE/LOGAN,X 70;
WOLVERINE/LOGAN,X 71;
WOLVERINE/LOGAN,X 72;
WOLVERINE/LOGAN,X 73;
WOLVERINE/LOGAN,X 74;
WOLVERINE/LOGAN,X 75;
WOLVERINE/LOGAN,X 76;
WOLVERINE/LOGAN,X 77;
WOLVERINE/LOGAN,X 78;
WOLVERINE/LOGAN,X 8;
WOLVERINE/LOGAN,X 80;
WOLVERINE/LOGAN,X 81;
WOLVERINE/LOGAN,X 83;
WOLVERINE/LOGAN,X 84;
WOLVERINE/LOGAN,X 85;
WOLVERINE/LOGAN,X 86;
WOLVERINE/LOGAN,X 87;
WOLVERINE/LOGAN,X 88;
WOLVERINE/LOGAN,X 89;
WOLVERINE/LOGAN,X 9;
WOLVERINE/LOGAN,X 90;
WOLVERINE/LOGAN,X 95;
WOLVERINE/LOGAN,X 96;
WOLVERINE/LOGAN,X '97;
WOLVERINE/LOGAN,X 98;
WOLVERINE/LOGAN,X 99;
WOLVERINE/LOGAN,X&AF 1;
WOLVERINE/LOGAN,X&AF 2;
WOLVERINE/LOGAN,X&AF2 1;
WOLVERINE/LOGAN,X&AF2 2;
WOLVERINE/LOGAN,XCAL 116;
WOLVERINE/LOGAN,XCAL 57;
WOLVERINE/LOGAN,XCAL 58;
WOLVERINE/LOGAN,XCAL 85;
WOLVERINE/LOGAN,X&CD 1;
WOLVERINE/LOGAN,X&CD 2;
WOLVERINE/LOGAN,XF 37;
WOLVERINE/LOGAN,XF 38;
WOLVERINE/LOGAN,XF 39;
WOLVERINE/LOGAN,XF 61;
WOLVERINE/LOGAN,XF 62;
WOLVERINE/LOGAN,XF 69;
WOLVERINE/LOGAN,XF 70;
WOLVERINE/LOGAN,XF 84;
WOLVERINE/LOGAN,XF 85;
WOLVERINE/LOGAN,XF 86;
WOLVERINE/LOGAN,XFOR 116;
WOLVERINE/LOGAN,XFOR 16;
WOLVERINE/LOGAN,XFOR 17;
WOLVERINE/LOGAN,XFOR 18;
WOLVERINE/LOGAN,XFOR 46;
WOLVERINE/LOGAN,X:L 1;
WOLVERINE/LOGAN,X:L 2;
WOLVERINE/LOGAN,X:L 3;
WOLVERINE/LOGAN,X:L 4;
WOLVERINE/LOGAN,X&M 1;
WOLVERINE/LOGAN,X&M 2;
WOLVERINE/LOGAN,X&M 3;
WOLVERINE/LOGAN,X&M 4;
WOLVERINE/LOGAN,X:MW 1;
WOLVERINE/LOGAN,X:PRIME;
WOLVERINE/LOGAN,XU 17;
WOLVERINE/LOGAN,XU 22;
WOLVERINE/LOGAN,XU 25;
WOLVERINE/LOGAN,XU 25/2;
WOLVERINE/LOGAN,XU 26/2;
WOLVERINE/LOGAN,XU 29;
WOLVERINE/LOGAN,XU 29/2;
WOLVERINE/LOGAN,XU 30/4;
WOLVERINE/LOGAN,XU 9;
WOLVERINE/LOGAN,XV.A 1;
WOLVERINE/LOGAN,XV.A 2;
WOLVERINE/LOGAN,XV.A 3;
WOLVERINE/LOGAN,XV.A 4;
WOLVERINE | MUTANT X,MX '01;
WOLVERINE | MUTANT X,MX 28;
WOLVERINE | MUTANT X,MX 29;
WOLVERINE | MUTANT X,MX 3;
WOLVERINE | MUTANT X,MX 30;
WOLVERINE | MUTANT X,MX 31;
WOLVERINE SKRULL,ASTONX2 1;
WOLVERINE SKRULL,ASTONX2 2;
WOLVERINE SKRULL,ASTONX2 3;
WOLVERINE SKRULL,DPOOL3 27;
WOLVERINE SKRULL,H3 7;
WOLVERINE SKRULL,H3 8;
WOLVERINE SKRULL,UX 371;
WOLVERINE SKRULL,UX 372;
WOLVERINE SKRULL,UX 375;
WOLVERINE SKRULL,W2 140;
WOLVERINE SKRULL,W2 141;
WOLVERINE SKRULL,W2 142;
WOLVERINE SKRULL,W2 143;
WOLVERINE SKRULL,W2 143/2;
WOLVERINE SKRULL,W2 144;
WOLVERINE SKRULL,W2 145;
WOLVERINE SKRULL,W/P 1;
WOLVERINE SKRULL,W/P 2;
WOLVERINE SKRULL,W/P 3;
WOLVERINE SKRULL,W/P 4;
WOLVERINE SKRULL,X 91;
WOLVERINE SKRULL,X 92;
WOLVERINE SKRULL,X 95;
WOLVERINE SKRULL,XU 24;
WONDER MAN 2010/SIMO,FW 21;
WONDER MAN 2010/SIMO,FW 22;
WONDER MAN DOPPELGAN,WM2 13;
WONDER MAN DOPPELGAN,WM2 15;
WONDER MAN/SIMON WIL,A 10;
WONDER MAN/SIMON WIL,A 102;
WONDER MAN/SIMON WIL,A 107;
WONDER MAN/SIMON WIL,A 108;
WONDER MAN/SIMON WIL,A 131;
WONDER MAN/SIMON WIL,A 132;
WONDER MAN/SIMON WIL,A 15;
WONDER MAN/SIMON WIL,A 151;
WONDER MAN/SIMON WIL,A 152;
WONDER MAN/SIMON WIL,A 153;
WONDER MAN/SIMON WIL,A 154;
WONDER MAN/SIMON WIL,A 155;
WONDER MAN/SIMON WIL,A 156;
WONDER MAN/SIMON WIL,A 157;
WONDER MAN/SIMON WIL,A 158;
WONDER MAN/SIMON WIL,A 159;
WONDER MAN/SIMON WIL,A 16;
WONDER MAN/SIMON WIL,A 160;
WONDER MAN/SIMON WIL,A 161;
WONDER MAN/SIMON WIL,A 162;
WONDER MAN/SIMON WIL,A 164;
WONDER MAN/SIMON WIL,A 165;
WONDER MAN/SIMON WIL,A 166;
WONDER MAN/SIMON WIL,A 167;
WONDER MAN/SIMON WIL,A 168;
WONDER MAN/SIMON WIL,A 170;
WONDER MAN/SIMON WIL,A 171;
WONDER MAN/SIMON WIL,A 172;
WONDER MAN/SIMON WIL,A 173;
WONDER MAN/SIMON WIL,A 174;
WONDER MAN/SIMON WIL,A 175;
WONDER MAN/SIMON WIL,A 176;
WONDER MAN/SIMON WIL,A 177;
WONDER MAN/SIMON WIL,A 178;
WONDER MAN/SIMON WIL,A 179;
WONDER MAN/SIMON WIL,A 18;
WONDER MAN/SIMON WIL,A 180;
WONDER MAN/SIMON WIL,A 181;
WONDER MAN/SIMON WIL,A 18/2;
WONDER MAN/SIMON WIL,A 182;
WONDER MAN/SIMON WIL,A 186;
WONDER MAN/SIMON WIL,A 187;
WONDER MAN/SIMON WIL,A 188;
WONDER MAN/SIMON WIL,A 189;
WONDER MAN/SIMON WIL,A 192;
WONDER MAN/SIMON WIL,A 193;
WONDER MAN/SIMON WIL,A 194;
WONDER MAN/SIMON WIL,A 195;
WONDER MAN/SIMON WIL,A 196;
WONDER MAN/SIMON WIL,A 197;
WONDER MAN/SIMON WIL,A 198;
WONDER MAN/SIMON WIL,A 199;
WONDER MAN/SIMON WIL,A 200;
WONDER MAN/SIMON WIL,A 201;
WONDER MAN/SIMON WIL,A 201/2;
WONDER MAN/SIMON WIL,A 203;
WONDER MAN/SIMON WIL,A 204;
WONDER MAN/SIMON WIL,A 205;
WONDER MAN/SIMON WIL,A 206;
WONDER MAN/SIMON WIL,A 207;
WONDER MAN/SIMON WIL,A 208;
WONDER MAN/SIMON WIL,A 209;
WONDER MAN/SIMON WIL,A 210;
WONDER MAN/SIMON WIL,A 211;
WONDER MAN/SIMON WIL,A 231;
WONDER MAN/SIMON WIL,A 239;
WONDER MAN/SIMON WIL,A 250;
WONDER MAN/SIMON WIL,A 253;
WONDER MAN/SIMON WIL,A 254;
WONDER MAN/SIMON WIL,A 255;
WONDER MAN/SIMON WIL,A 302;
WONDER MAN/SIMON WIL,A 303;
WONDER MAN/SIMON WIL,A 305;
WONDER MAN/SIMON WIL,A 306;
WONDER MAN/SIMON WIL,A 307;
WONDER MAN/SIMON WIL,A 308;
WONDER MAN/SIMON WIL,A3 10;
WONDER MAN/SIMON WIL,A3 11;
WONDER MAN/SIMON WIL,A3 12;
WONDER MAN/SIMON WIL,A 313;
WONDER MAN/SIMON WIL,A3 13;
WONDER MAN/SIMON WIL,A3 14;
WONDER MAN/SIMON WIL,A3 15;
WONDER MAN/SIMON WIL,A3 16;
WONDER MAN/SIMON WIL,A3 17;
WONDER MAN/SIMON WIL,A3 18;
WONDER MAN/SIMON WIL,A3 19;
WONDER MAN/SIMON WIL,A3 2;
WONDER MAN/SIMON WIL,A3 20;
WONDER MAN/SIMON WIL,A3 21;
WONDER MAN/SIMON WIL,A3 22;
WONDER MAN/SIMON WIL,A3 23;
WONDER MAN/SIMON WIL,A3 24;
WONDER MAN/SIMON WIL,A3 25;
WONDER MAN/SIMON WIL,A3 27;
WONDER MAN/SIMON WIL,A 329;
WONDER MAN/SIMON WIL,A3 3;
WONDER MAN/SIMON WIL,A 332;
WONDER MAN/SIMON WIL,A3 32;
WONDER MAN/SIMON WIL,A 333;
WONDER MAN/SIMON WIL,A3 33;
WONDER MAN/SIMON WIL,A3 34;
WONDER MAN/SIMON WIL,A3 35;
WONDER MAN/SIMON WIL,A3 36;
WONDER MAN/SIMON WIL,A3 37;
WONDER MAN/SIMON WIL,A3 38;
WONDER MAN/SIMON WIL,A3 39;
WONDER MAN/SIMON WIL,A3 4;
WONDER MAN/SIMON WIL,A3 40;
WONDER MAN/SIMON WIL,A3 41;
WONDER MAN/SIMON WIL,A 345;
WONDER MAN/SIMON WIL,A 347;
WONDER MAN/SIMON WIL,A3 5;
WONDER MAN/SIMON WIL,A3 6;
WONDER MAN/SIMON WIL,A3 7;
WONDER MAN/SIMON WIL,A3 8;
WONDER MAN/SIMON WIL,A3 9;
WONDER MAN/SIMON WIL,A 58;
WONDER MAN/SIMON WIL,A 6;
WONDER MAN/SIMON WIL,A 8;
WONDER MAN/SIMON WIL,A 9;
WONDER MAN/SIMON WIL,A '98;
WONDER MAN/SIMON WIL,A '99;
WONDER MAN/SIMON WIL,ASPOT 21;
WONDER MAN/SIMON WIL,ASPOT 22/2;
WONDER MAN/SIMON WIL,ASPOT 23/2;
WONDER MAN/SIMON WIL,ASPOT 28/2;
WONDER MAN/SIMON WIL,ASPOT 30;
WONDER MAN/SIMON WIL,ASPOT 32;
WONDER MAN/SIMON WIL,AT:WMB 1;
WONDER MAN/SIMON WIL,AT:WMB 2;
WONDER MAN/SIMON WIL,AWC 4;
WONDER MAN/SIMON WIL,AWC 47;
WONDER MAN/SIMON WIL,AWC 48;
WONDER MAN/SIMON WIL,AWC 49;
WONDER MAN/SIMON WIL,AWC 5;
WONDER MAN/SIMON WIL,AWC 50;
WONDER MAN/SIMON WIL,AWC 51;
WONDER MAN/SIMON WIL,AWC 52;
WONDER MAN/SIMON WIL,AWC 53;
WONDER MAN/SIMON WIL,AWC 5/4;
WONDER MAN/SIMON WIL,AWC 54;
WONDER MAN/SIMON WIL,AWC 5/5;
WONDER MAN/SIMON WIL,AWC 55;
WONDER MAN/SIMON WIL,AWC 56;
WONDER MAN/SIMON WIL,AWC 57;
WONDER MAN/SIMON WIL,AWC 58;
WONDER MAN/SIMON WIL,AWC 6;
WONDER MAN/SIMON WIL,AWC 60;
WONDER MAN/SIMON WIL,AWC 61;
WONDER MAN/SIMON WIL,AWC 62;
WONDER MAN/SIMON WIL,AWC 63;
WONDER MAN/SIMON WIL,AWC 64;
WONDER MAN/SIMON WIL,AWC 65;
WONDER MAN/SIMON WIL,AWC 66;
WONDER MAN/SIMON WIL,AWC 66/2;
WONDER MAN/SIMON WIL,AWC 67;
WONDER MAN/SIMON WIL,AWC 68;
WONDER MAN/SIMON WIL,AWC 69;
WONDER MAN/SIMON WIL,AWC 7;
WONDER MAN/SIMON WIL,AWC 70;
WONDER MAN/SIMON WIL,AWC 71;
WONDER MAN/SIMON WIL,AWC 72;
WONDER MAN/SIMON WIL,AWC 73;
WONDER MAN/SIMON WIL,AWC 7/4;
WONDER MAN/SIMON WIL,AWC 74;
WONDER MAN/SIMON WIL,AWC 75;
WONDER MAN/SIMON WIL,AWC 76;
WONDER MAN/SIMON WIL,AWC 77;
WONDER MAN/SIMON WIL,AWC 78;
WONDER MAN/SIMON WIL,AWC 79;
WONDER MAN/SIMON WIL,AWC 80;
WONDER MAN/SIMON WIL,AWC 82;
WONDER MAN/SIMON WIL,AWC 84;
WONDER MAN/SIMON WIL,AWC 85;
WONDER MAN/SIMON WIL,AWC 86;
WONDER MAN/SIMON WIL,AWC 87;
WONDER MAN/SIMON WIL,AWC 88;
WONDER MAN/SIMON WIL,AWC 89;
WONDER MAN/SIMON WIL,AWC 90;
WONDER MAN/SIMON WIL,AWC 91;
WONDER MAN/SIMON WIL,B&B 1;
WONDER MAN/SIMON WIL,BP3 7;
WONDER MAN/SIMON WIL,BP3 8;
WONDER MAN/SIMON WIL,C2 66;
WONDER MAN/SIMON WIL,C2 67;
WONDER MAN/SIMON WIL,C2 68;
WONDER MAN/SIMON WIL,CA 373/2;
WONDER MAN/SIMON WIL,CA 383;
WONDER MAN/SIMON WIL,CA 401;
WONDER MAN/SIMON WIL,CAGE 6;
WONDER MAN/SIMON WIL,CAGE 7;
WONDER MAN/SIMON WIL,CAGE 8;
WONDER MAN/SIMON WIL,CM 54;
WONDER MAN/SIMON WIL,COC 1;
WONDER MAN/SIMON WIL,COC 3;
WONDER MAN/SIMON WIL,COH 3;
WONDER MAN/SIMON WIL,DAMCON3 4;
WONDER MAN/SIMON WIL,DAZZ 21;
WONDER MAN/SIMON WIL,DEF 104;
WONDER MAN/SIMON WIL,DEF 47;
WONDER MAN/SIMON WIL,DEF 48;
WONDER MAN/SIMON WIL,DEF 98;
WONDER MAN/SIMON WIL,DHAWK 1;
WONDER MAN/SIMON WIL,E2 12;
WONDER MAN/SIMON WIL,FF 14;
WONDER MAN/SIMON WIL,FF 22;
WONDER MAN/SIMON WIL,FF 293;
WONDER MAN/SIMON WIL,FF3 23;
WONDER MAN/SIMON WIL,FF3 27;
WONDER MAN/SIMON WIL,FF 333;
WONDER MAN/SIMON WIL,FF 367;
WONDER MAN/SIMON WIL,FF 368;
WONDER MAN/SIMON WIL,FF 369;
WONDER MAN/SIMON WIL,FF 370;
WONDER MAN/SIMON WIL,FW 1;
WONDER MAN/SIMON WIL,GAL 2;
WONDER MAN/SIMON WIL,GAL 3;
WONDER MAN/SIMON WIL,GAL 4;
WONDER MAN/SIMON WIL,GAL 5;
WONDER MAN/SIMON WIL,GAL 6;
WONDER MAN/SIMON WIL,GSA 3;
WONDER MAN/SIMON WIL,H 11;
WONDER MAN/SIMON WIL,H2 278;
WONDER MAN/SIMON WIL,H2 279;
WONDER MAN/SIMON WIL,H2 316;
WONDER MAN/SIMON WIL,H2 320;
WONDER MAN/SIMON WIL,H2 321;
WONDER MAN/SIMON WIL,H2 322;
WONDER MAN/SIMON WIL,H2 323;
WONDER MAN/SIMON WIL,H2 380;
WONDER MAN/SIMON WIL,H3 3;
WONDER MAN/SIMON WIL,H3 7;
WONDER MAN/SIMON WIL,HCAT 3;
WONDER MAN/SIMON WIL,IG 2;
WONDER MAN/SIMON WIL,IM 114;
WONDER MAN/SIMON WIL,IM 115;
WONDER MAN/SIMON WIL,IM 13;
WONDER MAN/SIMON WIL,IM 226;
WONDER MAN/SIMON WIL,IM 229;
WONDER MAN/SIMON WIL,IM 263;
WONDER MAN/SIMON WIL,IM 284;
WONDER MAN/SIMON WIL,IM3 10;
WONDER MAN/SIMON WIL,IM 7;
WONDER MAN/SIMON WIL,IM '98;
WONDER MAN/SIMON WIL,IM '99;
WONDER MAN/SIMON WIL,IMSVS 2;
WONDER MAN/SIMON WIL,IW 1;
WONDER MAN/SIMON WIL,IW 2;
WONDER MAN/SIMON WIL,IW 3;
WONDER MAN/SIMON WIL,IW 4;
WONDER MAN/SIMON WIL,IW 5;
WONDER MAN/SIMON WIL,IW 6;
WONDER MAN/SIMON WIL,KS;
WONDER MAN/SIMON WIL,MAXSEC 1;
WONDER MAN/SIMON WIL,MAXSEC 3;
WONDER MAN/SIMON WIL,M/CP 38/2;
WONDER MAN/SIMON WIL,M/CP 39/2;
WONDER MAN/SIMON WIL,M/CP 40/2;
WONDER MAN/SIMON WIL,M/CP 41/2;
WONDER MAN/SIMON WIL,M/CP 42/2;
WONDER MAN/SIMON WIL,M/CP 43/2;
WONDER MAN/SIMON WIL,M/CP 44/2;
WONDER MAN/SIMON WIL,M/CP 45/2;
WONDER MAN/SIMON WIL,MEPHV. 4;
WONDER MAN/SIMON WIL,M/FAN 24/2;
WONDER MAN/SIMON WIL,M/GN 1;
WONDER MAN/SIMON WIL,M/GN 17;
WONDER MAN/SIMON WIL,M/GN 27;
WONDER MAN/SIMON WIL,MK3 41;
WONDER MAN/SIMON WIL,M/PRM 55;
WONDER MAN/SIMON WIL,M/SH3 4/3;
WONDER MAN/SIMON WIL,M/SH3 9;
WONDER MAN/SIMON WIL,MSM 18;
WONDER MAN/SIMON WIL,M/SS 1;
WONDER MAN/SIMON WIL,M/TIO 51;
WONDER MAN/SIMON WIL,M/TIO 7;
WONDER MAN/SIMON WIL,M/TIO 78;
WONDER MAN/SIMON WIL,M/TIO 96;
WONDER MAN/SIMON WIL,M/TU 136;
WONDER MAN/SIMON WIL,M/TU 78;
WONDER MAN/SIMON WIL,NFV.S 2;
WONDER MAN/SIMON WIL,NW 27;
WONDER MAN/SIMON WIL,PM&IF 110;
WONDER MAN/SIMON WIL,Q 11;
WONDER MAN/SIMON WIL,Q 12;
WONDER MAN/SIMON WIL,Q 28;
WONDER MAN/SIMON WIL,Q 29;
WONDER MAN/SIMON WIL,Q 32;
WONDER MAN/SIMON WIL,Q 33;
WONDER MAN/SIMON WIL,Q 38;
WONDER MAN/SIMON WIL,Q 39;
WONDER MAN/SIMON WIL,QS 10;
WONDER MAN/SIMON WIL,ROM 65;
WONDER MAN/SIMON WIL,ROM 66;
WONDER MAN/SIMON WIL,SOLOA 1;
WONDER MAN/SIMON WIL,SOLOA 13/2;
WONDER MAN/SIMON WIL,SOLOA 8;
WONDER MAN/SIMON WIL,SVTU 14;
WONDER MAN/SIMON WIL,SVTU 9;
WONDER MAN/SIMON WIL,SWII 5;
WONDER MAN/SIMON WIL,SWII 9;
WONDER MAN/SIMON WIL,T 14;
WONDER MAN/SIMON WIL,T 271;
WONDER MAN/SIMON WIL,T 381;
WONDER MAN/SIMON WIL,T 445;
WONDER MAN/SIMON WIL,T 446;
WONDER MAN/SIMON WIL,TB 25;
WONDER MAN/SIMON WIL,TB 34;
WONDER MAN/SIMON WIL,TB 42;
WONDER MAN/SIMON WIL,TB 43;
WONDER MAN/SIMON WIL,TB 44;
WONDER MAN/SIMON WIL,TG 5;
WONDER MAN/SIMON WIL,TM:WY 1;
WONDER MAN/SIMON WIL,UTSM 17;
WONDER MAN/SIMON WIL,V&SW2 12;
WONDER MAN/SIMON WIL,V&SW2 2;
WONDER MAN/SIMON WIL,V&SW 3;
WONDER MAN/SIMON WIL,WCA 1;
WONDER MAN/SIMON WIL,WCA 2;
WONDER MAN/SIMON WIL,WCA2 1;
WONDER MAN/SIMON WIL,WCA2 10;
WONDER MAN/SIMON WIL,WCA2 11;
WONDER MAN/SIMON WIL,WCA2 12;
WONDER MAN/SIMON WIL,WCA2 13;
WONDER MAN/SIMON WIL,WCA2 14;
WONDER MAN/SIMON WIL,WCA2 15;
WONDER MAN/SIMON WIL,WCA2 16;
WONDER MAN/SIMON WIL,WCA2 17;
WONDER MAN/SIMON WIL,WCA2 18;
WONDER MAN/SIMON WIL,WCA2 19;
WONDER MAN/SIMON WIL,WCA2 2;
WONDER MAN/SIMON WIL,WCA2 20;
WONDER MAN/SIMON WIL,WCA2 21;
WONDER MAN/SIMON WIL,WCA2 23;
WONDER MAN/SIMON WIL,WCA2 24;
WONDER MAN/SIMON WIL,WCA2 25;
WONDER MAN/SIMON WIL,WCA2 26;
WONDER MAN/SIMON WIL,WCA2 27;
WONDER MAN/SIMON WIL,WCA2 28;
WONDER MAN/SIMON WIL,WCA2 29;
WONDER MAN/SIMON WIL,WCA2 3;
WONDER MAN/SIMON WIL,WCA2 30;
WONDER MAN/SIMON WIL,WCA2 31;
WONDER MAN/SIMON WIL,WCA2 32;
WONDER MAN/SIMON WIL,WCA2 33;
WONDER MAN/SIMON WIL,WCA2 34;
WONDER MAN/SIMON WIL,WCA2 35;
WONDER MAN/SIMON WIL,WCA2 36;
WONDER MAN/SIMON WIL,WCA2 37;
WONDER MAN/SIMON WIL,WCA2 38;
WONDER MAN/SIMON WIL,WCA2 39;
WONDER MAN/SIMON WIL,WCA2 4;
WONDER MAN/SIMON WIL,WCA2 40;
WONDER MAN/SIMON WIL,WCA2 42;
WONDER MAN/SIMON WIL,WCA2 43;
WONDER MAN/SIMON WIL,WCA2 44;
WONDER MAN/SIMON WIL,WCA2 45;
WONDER MAN/SIMON WIL,WCA2 5;
WONDER MAN/SIMON WIL,WCA2 6;
WONDER MAN/SIMON WIL,WCA2 7;
WONDER MAN/SIMON WIL,WCA2 8;
WONDER MAN/SIMON WIL,WCA2 9;
WONDER MAN/SIMON WIL,WCA 3;
WONDER MAN/SIMON WIL,WCA 4;
WONDER MAN/SIMON WIL,WIW 8;
WONDER MAN/SIMON WIL,WM 1;
WONDER MAN/SIMON WIL,WM 1/2;
WONDER MAN/SIMON WIL,WM2 1;
WONDER MAN/SIMON WIL,WM2 10;
WONDER MAN/SIMON WIL,WM2 11;
WONDER MAN/SIMON WIL,WM2 12;
WONDER MAN/SIMON WIL,WM2 13;
WONDER MAN/SIMON WIL,WM2 14;
WONDER MAN/SIMON WIL,WM2 15;
WONDER MAN/SIMON WIL,WM2 16;
WONDER MAN/SIMON WIL,WM2 17;
WONDER MAN/SIMON WIL,WM2 18;
WONDER MAN/SIMON WIL,WM2 2;
WONDER MAN/SIMON WIL,WM2 3;
WONDER MAN/SIMON WIL,WM2 4;
WONDER MAN/SIMON WIL,WM2 5;
WONDER MAN/SIMON WIL,WM2 6;
WONDER MAN/SIMON WIL,WM2 7;
WONDER MAN/SIMON WIL,WM2 8;
WONDER MAN/SIMON WIL,WM2 9;
WONDER MAN/SIMON WIL,WOSM 46;
WONDER MAN/SIMON WIL,XCAL 37;
WONDER MAN/SIMON WIL,XCAL 38;
WONDER MAN/SIMON WIL,XCAL 39;
WONG,A 11;
WONG,A 116;
WONG,A 8;
WONG,AF 101;
WONG,AF 78;
WONG,AF 86;
WONG,ASM 14;
WONG,ASM 229;
WONG,AWC 78;
WONG CHU,IM '00;
WONG CHU,IM 267;
WONG CHU,IM 268;
WONG CHU,IM3 32;
WONG CHU,TOS 39;
WONG,CRYS 3;
WONG,DD2 5;
WONG,DEF 102;
WONG,DEF 103;
WONG,DEF 104;
WONG,DEF 106;
WONG,DEF 117;
WONG,DEF 12;
WONG,DEF 120;
WONG,DEF 122;
WONG,DEF 146;
WONG,DEF2 1;
WONG,DEF 22;
WONG,DEF 23;
WONG,DEF 24;
WONG,DEF 25;
WONG,DEF 30;
WONG,DEF 31;
WONG,DEF 34;
WONG,DEF 36;
WONG,DEF 38;
WONG,DEF 39;
WONG,DEF 40;
WONG,DEF 44;
WONG,DEF 47;
WONG,DEF 58;
WONG,DEF 60;
WONG,DEF 7;
WONG,DEF 71;
WONG,DEF 78;
WONG,DEF 8/2;
WONG,DEF 93;
WONG,DEF 95;
WONG,DEF 96;
WONG,DEF 98;
WONG,DRSTR 171;
WONG,DRSTR 173;
WONG,DRSTR 174;
WONG,DRSTR 175;
WONG,DRSTR 176;
WONG,DRSTR 180;
WONG,DRSTR 181;
WONG,DRSTR 182;
WONG,DRSTR 183;
WONG,DRSTR2 1;
WONG,DRSTR2 14;
WONG,DRSTR2 15;
WONG,DRSTR2 16;
WONG,DRSTR2 22;
WONG,DRSTR2 24;
WONG,DRSTR2 25;
WONG,DRSTR2 26;
WONG,DRSTR2 27;
WONG,DRSTR2 28;
WONG,DRSTR2 29;
WONG,DRSTR2 32;
WONG,DRSTR2 33;
WONG,DRSTR2 34;
WONG,DRSTR2 35;
WONG,DRSTR2 38;
WONG,DRSTR2 39;
WONG,DRSTR2 43;
WONG,DRSTR2 44;
WONG,DRSTR2 45;
WONG,DRSTR2 47;
WONG,DRSTR2 48;
WONG,DRSTR2 49;
WONG,DRSTR2 5;
WONG,DRSTR2 50;
WONG,DRSTR2 52;
WONG,DRSTR2 53;
WONG,DRSTR2 54;
WONG,DRSTR2 55;
WONG,DRSTR2 56;
WONG,DRSTR2 57;
WONG,DRSTR2 58;
WONG,DRSTR2 6;
WONG,DRSTR2 60;
WONG,DRSTR2 61;
WONG,DRSTR2 62;
WONG,DRSTR2 63;
WONG,DRSTR2 64;
WONG,DRSTR2 65;
WONG,DRSTR2 66;
WONG,DRSTR2 67;
WONG,DRSTR2 69;
WONG,DRSTR2 7;
WONG,DRSTR2 71;
WONG,DRSTR2 72;
WONG,DRSTR2 74;
WONG,DRSTR2 75;
WONG,DRSTR2 76;
WONG,DRSTR2 77;
WONG,DRSTR2 79;
WONG,DRSTR2 80;
WONG,DRSTR2 81;
WONG,DRSTR2 84;
WONG,DRSTR2 9;
WONG,DRSTR3 1;
WONG,DRSTR3 10;
WONG,DRSTR3 11;
WONG,DRSTR3 12;
WONG,DRSTR3 15;
WONG,DRSTR3 2;
WONG,DRSTR3 20;
WONG,DRSTR3 21;
WONG,DRSTR3 22;
WONG,DRSTR3 23;
WONG,DRSTR3 24;
WONG,DRSTR3 26;
WONG,DRSTR3 29;
WONG,DRSTR3 3;
WONG,DRSTR3 36;
WONG,DRSTR3 39;
WONG,DRSTR3 40;
WONG,DRSTR3 41;
WONG,DRSTR3 46;
WONG,DRSTR3 48;
WONG,DRSTR3 49;
WONG,DRSTR3 5;
WONG,DRSTR3 50;
WONG,DRSTR3 6;
WONG,DRSTR3 65;
WONG,DRSTR3 66;
WONG,DRSTR3 7;
WONG,DRSTR3 71;
WONG,DRSTR3 76;
WONG,DRSTR3 77;
WONG,DRSTR3 78;
WONG,DRSTR3 81;
WONG,DRSTR3 83;
WONG,DRSTR3 88;
WONG,DRSTR3 89;
WONG,DRSTR3 9;
WONG,DRSTR 4;
WONG,DRSTR4 1;
WONG,DRSTR4 2;
WONG,DRSTR4 3;
WONG,DS:WDS;
WONG,FF 222;
WONG,FF 276;
WONG,FF '99;
WONG,GR2 29;
WONG,GR2 30;
WONG,H 18/2;
WONG,H2 207;
WONG,H2 299;
WONG,H2 370;
WONG,H2 371;
WONG,H2 383;
WONG,H2 399;
WONG,IG 1;
WONG,LSHOT 5;
WONG,LSHOT 6;
WONG,M/CP 44/3;
WONG,M/CP 79/4;
WONG,M/FAN 21;
WONG,M/FAN 49;
WONG,M/FAN 5;
WONG,M/FAN 52/2;
WONG,M/FAN 6/2;
WONG,M/FAN 8;
WONG,M/FEA 1/3;
WONG,M/FEA 2;
WONG,M/PRM 12;
WONG,M/PRM 4;
WONG,M/PRM 5;
WONG,M/PRM 6;
WONG,M/PRM 7;
WONG,M/PRM 8;
WONG,M/SH3 5/4;
WONG,M-T2 10;
WONG,M-T2 11;
WONG,M/TIO 6;
WONG,M/TU 111;
WONG,M/TU 112;
WONG,M/TU 116;
WONG,M/TU 125/2;
WONG,M/TU2 8;
WONG,M/TU 5;
WONG,M/TU 76;
WONG,M/TU 77;
WONG,M/TU 80;
WONG,M/TU 81;
WONG,N 21;
WONG,N 24;
WONG,NM 77;
WONG,OE 2;
WONG,PPTSS 115;
WONG,SENSM 22;
WONG,SS3 60;
WONG,ST 110/2;
WONG,ST 116/2;
WONG,ST 119/2;
WONG,ST 147/2;
WONG,ST 151/2;
WONG,ST 156/2;
WONG,ST 159/2;
WONG,ST2 1/2;
WONG,ST2 17/2;
WONG,ST2 18/2;
WONG,ST2 2/2;
WONG,ST2 3/2;
WONG,ST3 1;
WONG,T 413;
WONG,T 443;
WONG,TM/U 1;
WONG,UTSM '97;
WONG,UTSM:SE;
WONG,V&SW2 12;
WONG,W2 165;
WONG,XCAL 30;
WOO, CHOW YUN,JIM 514;
WOO, CHOW YUN,JIM 515;
WOO, CHOW YUN,JIM 516;
WOODGOD,AF2 13;
WOODGOD,H2 251;
WOODGOD,H2 252;
WOODGOD,H2 253;
WOODGOD,H2 256;
WOODGOD,M/CP 76/4;
WOODGOD,M/PRM 31;
WOODGOD,M/TU 53;
WOODGOD,M/TU 54;
WOODGOD,M/TU 55;
WOODGOD,NF3 37;
WOODGOD,Q 20;
WOODS, MIRANDA,SOV 6;
WOODS, TIMOTHY,SOV 5;
WOO, JIMMY,A 72;
WOO, JIMMY,GZILL 1;
WOO, JIMMY,GZILL 10;
WOO, JIMMY,GZILL 13;
WOO, JIMMY,GZILL 14;
WOO, JIMMY,GZILL 15;
WOO, JIMMY,GZILL 17;
WOO, JIMMY,GZILL 18;
WOO, JIMMY,GZILL 19;
WOO, JIMMY,GZILL 2;
WOO, JIMMY,GZILL 20;
WOO, JIMMY,GZILL 21;
WOO, JIMMY,GZILL 22;
WOO, JIMMY,GZILL 24;
WOO, JIMMY,GZILL 3;
WOO, JIMMY,GZILL 4;
WOO, JIMMY,GZILL 6;
WOO, JIMMY,GZILL 7;
WOO, JIMMY,GZILL 8;
WOO, JIMMY,M/FAN 12;
WOO, JIMMY,M/FAN 13;
WOO, JIMMY,NFAOS 12;
WOO, JIMMY,NFAOS 2;
WOO, JIMMY,NFAOS 7;
WOO, JIMMY,NFAOS 8;
WOO, JIMMY,NFAOS 9;
WOO, JIMMY,NFV.S 1;
WOO, JIMMY,NFV.S 2;
WOO, JIMMY,NFV.S 3;
WOO, JIMMY,NFV.S 4;
WOO, JIMMY,NFV.S 5;
WOO, JIMMY,NFV.S 6;
WOO, JIMMY,ST 160;
WOO, JIMMY,ST 161;
WOO, JIMMY,ST 162;
WOO, JIMMY,ST 163;
WOO, JIMMY,ST 166/2;
WOO, JIMMY,ST 167;
WOO, JIMMY,ST 168/2;
WOO, JIMMY,YC 4;
WOO, MAI YIN,JIM 514;
WOO, MAI YIN,JIM 515;
WOO, MAI YIN,JIM 516;
WOO, SONIA,FFOR 16;
WORD II/,DD 307;
WORD II/,DD 308;
WORD II/,DD 309;
WORD II/,NOM2 4;
WORD II/,NOM2 5;
WORD II/,NOM2 6;
WORD,M/TIO 89;
WORD,S-H 10;
WORM,UX 250;
WORM,UX 274;
WORM,UX 275;
WORMWOOD,XFOR '97;
WORM,XU 6;
WORTHINGTON, ELIZABE,X:HC 2;
WORTHINGTON, KATHRYN,KZ 2/2;
WORTHINGTON, KATHRYN,UX 14;
WORTHINGTON, KATHRYN,UX 17;
WORTHINGTON, KATHRYN,UX 18;
WORTHINGTON, KATHRYN,UX 54/2;
WORTHINGTON, KATHRYN,X:HY 13;
WORTHINGTON, KATHRYN,X:HY 14;
WORTHINGTON, KATHRYN,X:HY 15;
WORTHINGTON, MAJOR G,X:HC 2;
WORTHINGTON, WARREN,KZ 2/2;
WORTHINGTON, WARREN,UX 14;
WORTHINGTON, WARREN,UX 17;
WORTHINGTON, WARREN,UX 18;
WORTHINGTON, WARREN,UX 54/2;
WORTHINGTON, WARREN,X:HC 4;
WOZ/DEWOZ,INH2 10;
WOZ/DEWOZ,INH2 11;
WOZ/DEWOZ,INH2 12;
WOZ/DEWOZ,INH2 2;
WOZ/DEWOZ,INH2 3;
WOZ/DEWOZ,INH2 4;
WOZ/DEWOZ,INH2 5;
WOZ/DEWOZ,INH2 6;
WOZ/DEWOZ,INH2 7;
WOZ/DEWOZ,INH2 8;
WRAITH,ASM 278;
WRAITH II/HECTOR REN,UX 392;
WRAITH II/HECTOR REN,UX 393;
WRAITH II/HECTOR REN,X 112;
WRAITH II/HECTOR REN,X 113;
WRAITH,IM 105;
WRAITH,IM 106;
WRAITH,IM 108;
WRAITH,M/TU 48;
WRAITH,M/TU 49;
WRAITH,M/TU 50;
WRAITH,M/TU 51;
WRAITH,M/TU 72;
WRANGLER/,CA 388;
WRANGLER/,CA 389;
WRANGLER/,CA 390;
WRANGLER/,CA 391;
WRANGLER/,CA 392;
WRANGLER II/EMILY DO,W2 45;
WRANGLER II/EMILY DO,W2 46;
WRAP,GENX 57;
WRECKER/DR. KARL KOR,FF 12;
WRECKER III/DIRK GAR,A 19/5;
WRECKER III/DIRK GAR,A 273;
WRECKER III/DIRK GAR,A 274;
WRECKER III/DIRK GAR,A 275;
WRECKER III/DIRK GAR,A 276;
WRECKER III/DIRK GAR,A 277;
WRECKER III/DIRK GAR,A3 15;
WRECKER III/DIRK GAR,A3 16;
WRECKER III/DIRK GAR,A3 17;
WRECKER III/DIRK GAR,A3 18;
WRECKER III/DIRK GAR,AUP 4;
WRECKER III/DIRK GAR,DAMCON2 1;
WRECKER III/DIRK GAR,DEF 17;
WRECKER III/DIRK GAR,DEF 18;
WRECKER III/DIRK GAR,DEF 19;
WRECKER III/DIRK GAR,FF 168;
WRECKER III/DIRK GAR,FF 355;
WRECKER III/DIRK GAR,IF 11;
WRECKER III/DIRK GAR,IF 12;
WRECKER III/DIRK GAR,IM 251;
WRECKER III/DIRK GAR,JIM 505;
WRECKER III/DIRK GAR,M/SHSW 1;
WRECKER III/DIRK GAR,M/SHSW 10;
WRECKER III/DIRK GAR,M/SHSW 11;
WRECKER III/DIRK GAR,M/SHSW 12;
WRECKER III/DIRK GAR,M/SHSW 2;
WRECKER III/DIRK GAR,M/SHSW 3;
WRECKER III/DIRK GAR,M/SHSW 4;
WRECKER III/DIRK GAR,M/SHSW 5;
WRECKER III/DIRK GAR,M/SHSW 6;
WRECKER III/DIRK GAR,M/SHSW 7;
WRECKER III/DIRK GAR,M/SHSW 8;
WRECKER III/DIRK GAR,M/TU2 10;
WRECKER III/DIRK GAR,M/TU2 11;
WRECKER III/DIRK GAR,M/TU2 6;
WRECKER III/DIRK GAR,PPTSS 125;
WRECKER III/DIRK GAR,PPTSS 126;
WRECKER III/DIRK GAR,SWII 7;
WRECKER III/DIRK GAR,T 148;
WRECKER III/DIRK GAR,T 149;
WRECKER III/DIRK GAR,T 150;
WRECKER III/DIRK GAR,T 171;
WRECKER III/DIRK GAR,T2 28;
WRECKER III/DIRK GAR,T2 29;
WRECKER III/DIRK GAR,T 304;
WRECKER III/DIRK GAR,T 383;
WRECKER III/DIRK GAR,T 418;
WRECKER III/DIRK GAR,T 426;
WRECKER III/DIRK GAR,T 427;
WRECKER III/DIRK GAR,T 428;
WRECKER III/DIRK GAR,T 429;
WRECKER III/DIRK GAR,T 430;
WRECKER III/DIRK GAR,T 431;
WRECKER III/DIRK GAR,TB 1;
WRECKER III/DIRK GAR,TB:LS;
WRECKER III/DIRK GAR,W2 164;
WRECKER II,TTA 63;
WRONG,NW 54;
WRONG,NW 55;
WRONG,NW 56;
WRONG,NW 62;
WRONG,NW 65;
WU, LEIKO,H2 434;
WU, LEIKO,M/CP 1/3;
WU, LEIKO,M/CP 2/3;
WU, LEIKO,M/CP 4/3;
WU, LEIKO,M/CP 5/3;
WU, LEIKO,M/CP 7/3;
WU, LEIKO,M/CP 8/3;
WU, LEIKO,MOKF 100;
WU, LEIKO,MOKF 101;
WU, LEIKO,MOKF 103;
WU, LEIKO,MOKF 104;
WU, LEIKO,MOKF 105;
WU, LEIKO,MOKF 106;
WU, LEIKO,MOKF 108;
WU, LEIKO,MOKF 109;
WU, LEIKO,MOKF 110;
WU, LEIKO,MOKF 111;
WU, LEIKO,MOKF 112;
WU, LEIKO,MOKF 113;
WU, LEIKO,MOKF 114;
WU, LEIKO,MOKF 115;
WU, LEIKO,MOKF 116;
WU, LEIKO,MOKF 117;
WU, LEIKO,MOKF 118;
WU, LEIKO,MOKF 119;
WU, LEIKO,MOKF 122;
WU, LEIKO,MOKF 123;
WU, LEIKO,MOKF 124;
WU, LEIKO,MOKF 125;
WU, LEIKO,MOKF 33;
WU, LEIKO,MOKF 34;
WU, LEIKO,MOKF 35;
WU, LEIKO,MOKF 38;
WU, LEIKO,MOKF 39;
WU, LEIKO,MOKF 40;
WU, LEIKO,MOKF 43;
WU, LEIKO,MOKF 44;
WU, LEIKO,MOKF 45;
WU, LEIKO,MOKF 46;
WU, LEIKO,MOKF 47;
WU, LEIKO,MOKF 48;
WU, LEIKO,MOKF 49;
WU, LEIKO,MOKF 50;
WU, LEIKO,MOKF 51;
WU, LEIKO,MOKF 54;
WU, LEIKO,MOKF 56;
WU, LEIKO,MOKF 57;
WU, LEIKO,MOKF 58;
WU, LEIKO,MOKF 59;
WU, LEIKO,MOKF 60;
WU, LEIKO,MOKF 61;
WU, LEIKO,MOKF 62;
WU, LEIKO,MOKF 63;
WU, LEIKO,MOKF 65;
WU, LEIKO,MOKF 66;
WU, LEIKO,MOKF 67;
WU, LEIKO,MOKF 68;
WU, LEIKO,MOKF 71;
WU, LEIKO,MOKF 72;
WU, LEIKO,MOKF 73;
WU, LEIKO,MOKF 74;
WU, LEIKO,MOKF 75;
WU, LEIKO,MOKF 76;
WU, LEIKO,MOKF 77;
WU, LEIKO,MOKF 78;
WU, LEIKO,MOKF 79;
WU, LEIKO,MOKF 80;
WU, LEIKO,MOKF 81;
WU, LEIKO,MOKF 82;
WU, LEIKO,MOKF 83;
WU, LEIKO,MOKF 84;
WU, LEIKO,MOKF 85;
WU, LEIKO,MOKF 86;
WU, LEIKO,MOKF 87;
WU, LEIKO,MOKF 88;
WU, LEIKO,MOKF 89;
WU, LEIKO,MOKF 90;
WU, LEIKO,MOKF 91;
WU, LEIKO,MOKF 92;
WU, LEIKO,MOKF 93;
WU, LEIKO,MOKF 94;
WU, LEIKO,MOKF 95;
WU, LEIKO,MOKF 96;
WU, LEIKO,MOKF 97;
WU, LEIKO,MOKF 99;
WU, LEIKO,MOKF:BB;
WU, LEIKO,ROM 38;
WU, LEIKO,ROM 39;
WU, SONIA,FFOR 3;
WYNDHAM, LUCAS,XFOR 83;
WYNDHAM, LUCAS,XFOR 84;
WYNTER,XM 50;
WYRE/,AF 114;
WYRE/,AF 115;
WYSPER/MS. STEWART,TB 23;
WYSPER/MS. STEWART,TB 28;
WYSPER/MS. STEWART,TB 32;
XANDU,ASM 2;
XANDU,M/FAN 20;
XANDU,M/FAN 21;
XANDU,M/FAN 6;
XANDU,M/TU 21;
X-CUTIONER/CARL DENT,GAM3 '00;
X-CUTIONER/CARL DENT,GAM3 1;
X-CUTIONER/CARL DENT,GAM3 17;
X-CUTIONER/CARL DENT,GAM3 19;
X-CUTIONER/CARL DENT,GAM3 2;
X-CUTIONER/CARL DENT,GAM3 21;
X-CUTIONER/CARL DENT,GENX 17;
X-CUTIONER/CARL DENT,XM 11;
XELOCKS [TRIONIAN],SK 3;
XEMNU,DEF 12;
XEMNU,H 5;
XEMNU,M/FEA 3;
XEMNU,M/TIO 78;
XEMNU,S-H2 42;
XEMNU,S-H2 43;
XEMNU,S-H2 6;
XEMNU,S-H2 7;
XEMU,FF 158;
XEMU,FF 159;
XEMU,ST 103;
X'HOSS,T2 23;
XIANDU,XCAL 108;
XIANDU,XCAL 109;
XIANDU,XCAL 110;
X-MAN | MUTANT X-VER,MX 23;
X-MAN/NATHAN GREY,A 400;
X-MAN/NATHAN GREY,ASM 420;
X-MAN/NATHAN GREY,ASM 425;
X-MAN/NATHAN GREY,ASM 429;
X-MAN/NATHAN GREY,ASTONX2 1;
X-MAN/NATHAN GREY,ASTONX2 2;
X-MAN/NATHAN GREY,ASTONX2 3;
X-MAN/NATHAN GREY,C2 30;
X-MAN/NATHAN GREY,C2 31;
X-MAN/NATHAN GREY,C2 63;
X-MAN/NATHAN GREY,DD 371;
X-MAN/NATHAN GREY,GENX 50;
X-MAN/NATHAN GREY,MAXSEC 1;
X-MAN/NATHAN GREY,O:MU;
X-MAN/NATHAN GREY,O:X;
X-MAN/NATHAN GREY,UX 335;
X-MAN/NATHAN GREY,UX 375;
X-MAN/NATHAN GREY,UX 377;
X-MAN/NATHAN GREY,UX 378;
X-MAN/NATHAN GREY,X 56;
X-MAN/NATHAN GREY,X 97;
X-MAN/NATHAN GREY,XCAL 95;
X-MAN/NATHAN GREY,XFOR 57;
X-MAN/NATHAN GREY,XM -1;
X-MAN/NATHAN GREY,XM 1;
X-MAN/NATHAN GREY,XM 10;
X-MAN/NATHAN GREY,XM 11;
X-MAN/NATHAN GREY,XM 12;
X-MAN/NATHAN GREY,XM 13;
X-MAN/NATHAN GREY,XM 14;
X-MAN/NATHAN GREY,XM 15;
X-MAN/NATHAN GREY,XM 16;
X-MAN/NATHAN GREY,XM 2;
X-MAN/NATHAN GREY,XM 25;
X-MAN/NATHAN GREY,XM 28;
X-MAN/NATHAN GREY,XM 29;
X-MAN/NATHAN GREY,XM 3;
X-MAN/NATHAN GREY,XM 30;
X-MAN/NATHAN GREY,XM 32;
X-MAN/NATHAN GREY,XM 33;
X-MAN/NATHAN GREY,XM 34;
X-MAN/NATHAN GREY,XM 35;
X-MAN/NATHAN GREY,XM 36;
X-MAN/NATHAN GREY,XM 37;
X-MAN/NATHAN GREY,XM 38;
X-MAN/NATHAN GREY,XM 39;
X-MAN/NATHAN GREY,XM 4;
X-MAN/NATHAN GREY,XM 41;
X-MAN/NATHAN GREY,XM 42;
X-MAN/NATHAN GREY,XM 43;
X-MAN/NATHAN GREY,XM 44;
X-MAN/NATHAN GREY,XM 45;
X-MAN/NATHAN GREY,XM 46;
X-MAN/NATHAN GREY,XM 47;
X-MAN/NATHAN GREY,XM 48;
X-MAN/NATHAN GREY,XM 49;
X-MAN/NATHAN GREY,XM 5;
X-MAN/NATHAN GREY,XM 50;
X-MAN/NATHAN GREY,XM 51;
X-MAN/NATHAN GREY,XM 52;
X-MAN/NATHAN GREY,XM 53;
X-MAN/NATHAN GREY,XM 54;
X-MAN/NATHAN GREY,XM 55;
X-MAN/NATHAN GREY,XM 56;
X-MAN/NATHAN GREY,XM 57;
X-MAN/NATHAN GREY,XM 58;
X-MAN/NATHAN GREY,XM 59;
X-MAN/NATHAN GREY,XM 6;
X-MAN/NATHAN GREY,XM 60;
X-MAN/NATHAN GREY,XM 61;
X-MAN/NATHAN GREY,XM 62;
X-MAN/NATHAN GREY,XM 63;
X-MAN/NATHAN GREY,XM 64;
X-MAN/NATHAN GREY,XM 65;
X-MAN/NATHAN GREY,XM 66;
X-MAN/NATHAN GREY,XM 67;
X-MAN/NATHAN GREY,XM 68;
X-MAN/NATHAN GREY,XM 7;
X-MAN/NATHAN GREY,XM 70;
X-MAN/NATHAN GREY,XM 71;
X-MAN/NATHAN GREY,XM 72;
X-MAN/NATHAN GREY,XM 73;
X-MAN/NATHAN GREY,XM 8;
X-MAN/NATHAN GREY,XM 9;
X-MAN/NATHAN GREY,XM '98;
X-MAN/NATHAN GREY,X:OMEGA;
X-MAN/NATHAN GREY,X:PRIME;
X-MAN/NATHAN GREY,XU 31/3;
X-RAY,A 304;
X-RAY,AWC 53;
X-RAY,DHAWK 6;
X-RAY,H2 254;
X-RAY,H2 275;
X-RAY,H2 276;
X-RAY,H2 277;
X-RAY,H2 278;
X-RAY,H2 304;
X-RAY,H2 305;
X-RAY,H2 397;
X-RAY,HFH 1;
X-RAY,HFH 12;
X-RAY,HFH 2;
X-RAY,HFH 4;
X-RAY II/,BP3 19/2;
X-RAY,TB '97;
X THE UNKNOWABLE,AF2 17;
XYOSS,SK 4;
YAMIR, SASHA,NW 8;
YAMIR, SASHA,NW 9;
YANDROTH,DEF 119;
YANDROTH,DEF2 1;
YANDROTH,DEF 5;
YANDROTH,DEF 69;
YANDROTH,M/FEA 1;
YANDROTH,ST 168;
YANKEE CLIPPER/PAT C,M/:LG 1;
YANKEE CLIPPER/PAT C,M/:LG 2;
YANKEE CLIPPER/PAT C,M/:LG 3;
YANKEE CLIPPER/PAT C,M/:LG 4;
YANO,ASM 424;
YAP,FF3 6;
YAP,FF3 7;
YAP,FF3 8;
YAP,XCAL 125;
YAP,XCAL 42;
YAP,XCAL 51;
YAP,XCALSE;
YASHIDA, MARIKO,BEST OF MARVEL COMIC;
YASHIDA, MARIKO,KP&W 5;
YASHIDA, MARIKO,KP&W 6;
YASHIDA, MARIKO | MU,MX '01;
YASHIDA, MARIKO | MU,MX 28;
YASHIDA, MARIKO | MU,MX 29;
YASHIDA, MARIKO | MU,MX 30;
YASHIDA, MARIKO | MU,MX 31;
YASHIDA, MARIKO,NW 20;
YASHIDA, MARIKO,UX 118;
YASHIDA, MARIKO,UX 119;
YASHIDA, MARIKO,UX 120;
YASHIDA, MARIKO,UX 122;
YASHIDA, MARIKO,UX 123;
YASHIDA, MARIKO,UX 143;
YASHIDA, MARIKO,UX 172;
YASHIDA, MARIKO,UX 173;
YASHIDA, MARIKO,UX 174;
YASHIDA, MARIKO,UX 176;
YASHIDA, MARIKO,UX 181;
YASHIDA, MARIKO,W 1;
YASHIDA, MARIKO,W 2;
YASHIDA, MARIKO,W2 55;
YASHIDA, MARIKO,W2 56;
YASHIDA, MARIKO,W2 57;
YASHIDA, MARIKO,W 3;
YASHIDA, MARIKO,W 4;
YASHIDA, MARIKO,XF 63;
YASHIDA, MARIKO,XF 64;
YAYAUHCO,DRSTR3 28;
YEAGER, CALLIE,FF3 15;
YEAGER, CALLIE,IM3 14;
YEAGER, CALLIE,IM3 15;
YEE, WAI CHEE,DSDDGN;
YELLOW CLAW ROBOT,ST 161;
YELLOW CLAW ROBOT,ST 162;
YELLOW CLAW ROBOT,ST 163;
YELLOW CLAW ROBOT,ST 164/2;
YELLOW CLAW ROBOT,ST 165;
YELLOW CLAW/TZING JA,A 204;
YELLOW CLAW/TZING JA,A 205;
YELLOW CLAW/TZING JA,CA 164;
YELLOW CLAW/TZING JA,CA 165;
YELLOW CLAW/TZING JA,CA 166;
YELLOW CLAW/TZING JA,CA 167;
YELLOW CLAW/TZING JA,IM 69;
YELLOW CLAW/TZING JA,IM 70;
YELLOW CLAW/TZING JA,IM 71;
YELLOW CLAW/TZING JA,IM 75;
YELLOW CLAW/TZING JA,IM 77;
YELLOW CLAW/TZING JA,INV 41;
YELLOW CLAW/TZING JA,M/FAN 31;
YELLOW CLAW/TZING JA,M/FAN 32;
YELLOW CLAW/TZING JA,M/:LG 3;
YELLOW CLAW/TZING JA,M/:LG 7;
YELLOW CLAW/TZING JA,NF3 12;
YELLOW CLAW/TZING JA,NF3 13;
YELLOW CLAW/TZING JA,NF3 14;
YELLOW CLAW/TZING JA,NO 16;
YELLOW CLAW/TZING JA,NO 17;
YELLOW CLAW/TZING JA,NO 18;
YELLOW CLAW/TZING JA,YC 1;
YELLOW CLAW/TZING JA,YC 1/3;
YELLOW CLAW/TZING JA,YC 1/5;
YELLOW CLAW/TZING JA,YC 2;
YELLOW CLAW/TZING JA,YC 2/3;
YELLOW CLAW/TZING JA,YC 2/4;
YELLOW CLAW/TZING JA,YC 2/6;
YELLOW CLAW/TZING JA,YC 3;
YELLOW CLAW/TZING JA,YC 3/3;
YELLOW CLAW/TZING JA,YC 3/4;
YELLOW CLAW/TZING JA,YC 3/6;
YELLOW CLAW/TZING JA,YC 4;
YELLOW CLAW/TZING JA,YC 4/3;
YELLOW CLAW/TZING JA,YC 4/4;
YELLOW CLAW/TZING JA,YC 4/6;
YELLOWJACKET III/HEN,A '01;
YELLOWJACKET III/HEN,A3 29;
YELLOWJACKET III/HEN,A3 30;
YELLOWJACKET III/HEN,A3 31;
YELLOWJACKET III/HEN,A3 32;
YELLOWJACKET III/HEN,A3 34;
YELLOWJACKET III/HEN,A3 36;
YELLOWJACKET III/HEN,A3 37;
YELLOWJACKET III/HEN,A3 38;
YELLOWJACKET III/HEN,A3 39;
YELLOWJACKET III/HEN,A3 40;
YELLOWJACKET III/HEN,A3 41;
YELLOWJACKET III/HEN,A3 42;
YELLOWJACKET III/HEN,A3 43;
YELLOWJACKET III/HEN,FF 39;
YELLOWJACKET III/HEN,IM3 37;
YELLOWJACKET III/HEN,IM3 43;
YELLOWJACKET II | MU,MX '01;
YELLOWJACKET II | MU,MX 32;
YELLOWJACKET II | MU,MX '99;
YELLOWJACKET II/RITA,A 17;
YELLOWJACKET II/RITA,A 264;
YELLOWJACKET II/RITA,A 271;
YELLOWJACKET II/RITA,A 273;
YELLOWJACKET II/RITA,A 274;
YELLOWJACKET II/RITA,A 275;
YELLOWJACKET II/RITA,A 276;
YELLOWJACKET II/RITA,A 277;
YELLOWJACKET II/RITA,A:C;
YELLOWJACKET II/RITA,A:T;
YELLOWJACKET II/RITA,CA 389;
YELLOWJACKET II/RITA,CA 390;
YELLOWJACKET II/RITA,CA 391;
YELLOWJACKET II/RITA,SOLOA 12/2;
YETI,FF 99;
YETI,M/:LG 10;
YETI,M/:LG 11;
YETI,M/:LG 12;
YETI,M/:LG 7;
YETI,X:HY 16;
YETRIGAR,ASPOT 26/2;
YETRIGAR,GZILL 10;
YETRIGAR,GZILL 11;
YETRIGAR,WCA2 32;
YGMLOSVORRAICH,DRSTR3 48;
YIN, ANGELA,ASM 418;
YIN, ANGELA,ASM 419;
YIN, ANGELA,ASM 421;
YIN, ANGELA,ASM 423;
YIN, ANGELA,ASM 424;
YIN, ANGELA,DB 1;
YIN, ANGELA,DB 3;
YIN, ANGELA,PPTSS 215;
YIN, ANGELA,PPTSS 225/2;
YIN, ANGELA,PPTSS 228;
YIN, ANGELA,SCARSPI 1;
YIN, ANGELA,SCARSPI 2;
YIN, ANGELA,SENSM 7;
YIN, ANGELA,S-M 66;
YIN, ANGELA,S-M 69;
YIN, ANGELA,S-M 75;
YIN, ANGELA,SSCARSPI 2;
YIN, ANGELA,UX 346;
YIN, ANGELA,WOSS 2;
YIN, DR. SU,IM 270;
YIN, DR. SU,IM 271;
YIN, DR. SU,IM 272;
YIN, DR. SU,IM 274;
YIN, DR. SU,IM 275/2;
YIN, DR. SU,IM 312;
YIN, DR. SU,WARM 10;
YIN, DR. SU,WARM 9;
YLA,SS3 112;
YMIR,A 61;
YMIR,DRSTR 177;
YMIR,DRSTR 178;
YMIR,JIM 97/2;
YMIR,JIM 98/2;
YMIR,M/SH3 5;
YMIR,T2 14;
YMIR,T 294;
YMIR,T 421/2;
YMIR,T 422/2;
YMIR,T 423/2;
YMIR,T 424/2;
YMIR,T 425;
YONDU/YONDU UDONTA,FF 24;
YONDU/YONDU UDONTA,NW 68;
YONDU/YONDU UDONTA,SS 4;
YORK, SANDY,CB 3;
YORK, SANDY,CB 5;
YOUNG, AGNES,XF 146;
YOUNG, KIM SUNG,PUN3 2;
YOUNG, KIM SUNG,PUN3 3;
YOUNG, LAWRENCE,C2 60;
YOUNG, LOUISE,XF 146;
YOUNG, MAX,ASM 370;
YOUNG, MAX,ASM 371;
YOUNG, MAX,ASM 372;
YOUNG, MR.,XF 146;
YOVA,SK 4;
YOVA,SK 5;
YRDISIS,E2 10;
YRDISIS,E2 11;
YRDISIS,E2 12;
YRDISIS,E2 5;
YRDISIS,E2 7;
YRDISIS,E:HEROD;
YRDISIS,FFU 10;
YRIK,PP:PP 1;
YRIK,PP:PP 3;
YRIK,PP:PP 4;
YSSA,FF3 34;
YUAN, ANNIE,IM3 16;
YUAN, ANNIE,IM3 17;
YUAN, BILLY,IM3 15;
YUAN, BILLY,IM3 16;
YUAN, BILLY,IM3 17;
YUKIO,ELEK 15;
YUKIO,KP&W 3;
YUKIO,KP&W 4;
YUKIO,KP&W 5;
YUKIO,KP&W 6;
YUKIO,UX 172;
YUKIO,UX 173;
YUKIO,UX 311;
YUKIO,UX 312;
YUKIO,UX 313;
YUKIO,W 2;
YUKIO,W2 125;
YUKIO,W2 126;
YUKIO,W2 150;
YUKIO,W2 151;
YUKIO,W2 152;
YUKIO,W2 153;
YUKIO,W2 55;
YUKIO,W2 56;
YUKIO,W2 57;
YUKIO,W2 60;
YUKIO,W2 82;
YUKIO,W 3;
YUKIO,W 4;
YUKIO,XF 113;
YURGE,SS3 113;
ZABO,CAT 1;
ZABO,M/TU 125;
ZABU,A 118;
ZABU,A 256;
ZABU,A 257;
ZABU,ASM 103;
ZABU,ASM 104;
ZABU,ASM 57;
ZABU,ASM 58;
ZABU,AT 1;
ZABU,AT 10;
ZABU,AT 11;
ZABU,AT 12;
ZABU,AT 13;
ZABU,AT 15;
ZABU,AT 16;
ZABU,AT 17;
ZABU,AT 18;
ZABU,AT 19;
ZABU,AT 2;
ZABU,AT 20;
ZABU,AT 3;
ZABU,AT 4;
ZABU,AT 5;
ZABU,AT 6;
ZABU,AT 7;
ZABU,AT 8;
ZABU,AT 9;
ZABU,CA3 29;
ZABU,CA3 31;
ZABU,CX 22/2;
ZABU,DD 12;
ZABU,DD 13;
ZABU,DD 14;
ZABU,DD 24;
ZABU,H2 109;
ZABU,H2 110;
ZABU,H2 111;
ZABU,H2 454;
ZABU,IM 202;
ZABU,IMSVS 2/2;
ZABU,KZ2 1;
ZABU,KZ2 10;
ZABU,KZ2 11;
ZABU,KZ2 12;
ZABU,KZ2 13;
ZABU,KZ2 14;
ZABU,KZ2 15;
ZABU,KZ2 16;
ZABU,KZ2 17;
ZABU,KZ2 18;
ZABU,KZ2 19;
ZABU,KZ2 2;
ZABU,KZ2 20;
ZABU,KZ2 3;
ZABU,KZ2 4;
ZABU,KZ2 5;
ZABU,KZ2 6;
ZABU,KZ2 7;
ZABU,KZ2 8;
ZABU,KZ2 9;
ZABU,KZ3 1;
ZABU,KZ3 10;
ZABU,KZ3 11;
ZABU,KZ3 11/2;
ZABU,KZ3 12;
ZABU,KZ3 12/2;
ZABU,KZ3 13;
ZABU,KZ3 14;
ZABU,KZ3 14/2;
ZABU,KZ3 15;
ZABU,KZ3 15/2;
ZABU,KZ3 16;
ZABU,KZ3 16/2;
ZABU,KZ3 17;
ZABU,KZ3 17/2;
ZABU,KZ3 18;
ZABU,KZ3 18/2;
ZABU,KZ3 19;
ZABU,KZ3 19/2;
ZABU,KZ3 2;
ZABU,KZ3 20;
ZABU,KZ3 21;
ZABU,KZ3 21/2;
ZABU,KZ3 22;
ZABU,KZ3 22/2;
ZABU,KZ3 23;
ZABU,KZ3 23/2;
ZABU,KZ3 24;
ZABU,KZ3 24/2;
ZABU,KZ3 25;
ZABU,KZ3 25/2;
ZABU,KZ3 26;
ZABU,KZ3 26/2;
ZABU,KZ3 27;
ZABU,KZ3 28;
ZABU,KZ3 29;
ZABU,KZ3 3;
ZABU,KZ3 30;
ZABU,KZ3 31;
ZABU,KZ3 32;
ZABU,KZ3 34;
ZABU,KZ3 4;
ZABU,KZ3 5;
ZABU,KZ3 6;
ZABU,KZ3 7;
ZABU,KZ3 8;
ZABU,KZ3 9;
ZABU,KZ4 -1;
ZABU,KZ4 1;
ZABU,KZ4 10;
ZABU,KZ4 11;
ZABU,KZ4 12;
ZABU,KZ4 13;
ZABU,KZ4 14;
ZABU,KZ4 14/2;
ZABU,KZ4 15;
ZABU,KZ4 17;
ZABU,KZ4 18;
ZABU,KZ4 19;
ZABU,KZ4 2;
ZABU,KZ4 20;
ZABU,KZ4 5;
ZABU,KZ4 6;
ZABU,KZ4 7;
ZABU,KZ4 8;
ZABU,KZ4 9;
ZABU,KZ '97;
ZABU,KZGN;
ZABU,M/CP 16/4;
ZABU,M/FAN 2;
ZABU,M/FAN 4;
ZABU,M/SH 19;
ZABU,M/TIO 16;
ZABU,M/TIO 17;
ZABU,M/TIO 6;
ZABU,M/TU 104;
ZABU,M/TU 19;
ZABU,N 14;
ZABU,N 17;
ZABU,SENSM 13;
ZABU,SENSM 14;
ZABU,SENSM 15;
ZABU,SVT 1;
ZABU,SVT 10;
ZABU,SVT 11;
ZABU,SVT 6;
ZABU,SVT 7;
ZABU,SVT 7/3;
ZABU,SVT 8;
ZABU,SVT 9;
ZABU,TM/U 1;
ZABU,UX 10;
ZABU,UX 115;
ZABU,UX 116;
ZABU,UX 12;
ZABU,UX 274;
ZABU,UX 275;
ZABU,UX 354;
ZABU,UX 62;
ZABU,UX 63;
ZABU,UX 7;
ZABU,WCA 3;
ZABU,X:HY 3;
ZABU,X:HY 5;
ZAFAR, OFFICER JIMMY,ASM 353;
ZAFAR, OFFICER JIMMY,DHAWK 1/5;
ZAFAR, OFFICER JIMMY,DHAWK 16;
ZAFAR, OFFICER JIMMY,DHAWK 3;
ZAFAR, OFFICER JIMMY,DHAWK 4;
ZAFAR, OFFICER JIMMY,DHAWK 6;
ZA'KEN,A 399;
ZAKKA,E 1;
ZALADANE,AT 3;
ZALADANE,AT 4;
ZALADANE,AT 5;
ZALADANE,M/FAN 3;
ZALADANE,M/FAN 4;
ZALADANE,UX 115;
ZALADANE,UX 116;
ZALADANE,UX 12;
ZALADANE,UX 249;
ZALADANE,UX 250;
ZALADANE,UX 274;
ZALADANE,UX 275;
ZAMORA, PETE,ASPOT 30;
ZAMORA, PETE,ASPOT 31;
ZAMORA, PETE,ASPOT 32;
ZAMORA, PETE,ASPOT 33;
ZANE, DONOVAN,S-M 82;
ZANE, DONOVAN,S-M 85;
ZANE, DONOVAN,S-M 87;
ZANIAC/BRAD WOLFE,T 319;
ZANIAC/BRAD WOLFE,T 371;
ZANIAC II/THUG THATC,T 368;
ZANIAC II/THUG THATC,T 369;
ZANIAC II/THUG THATC,T 371;
ZANIAC II/THUG THATC,T 372;
ZANKOR/JAY STEVENSON,M/:LG 11;
ZANTOR,H' 98;
ZAPPER, DAN,S-H 10;
ZAPPER, DAN,S-H 11;
ZAPPER, DAN,S-H 12;
ZAPPER, DAN,S-H 13;
ZAPPER, DAN,S-H 14;
ZAPPER, DAN,S-H 15;
ZAPPER, DAN,S-H 17;
ZAPPER, DAN,S-H 18;
ZAPPER, DAN,S-H 19;
ZAPPER, DAN,S-H 2;
ZAPPER, DAN,S-H 20;
ZAPPER, DAN,S-H 21;
ZAPPER, DAN,S-H 22;
ZAPPER, DAN,S-H 23;
ZAPPER, DAN,S-H2 36;
ZAPPER, DAN,S-H 24;
ZAPPER, DAN,S-H 25;
ZAPPER, DAN,S-H 3;
ZAPPER, DAN,S-H 4;
ZAPPER, DAN,S-H 5;
ZAPPER, DAN,S-H 6;
ZAPPER, DAN,S-H 9;
ZARAN II,M/K 11;
ZARAN II,M/K 12;
ZARAN II,M/K 13;
ZARAN II,M/K 4;
ZARAN II,M/K 5;
ZARAN II,M/K 6;
ZARAN II,M/K 7;
ZARAN II,MOKF:BB;
ZARAN/MAXIMILLIAN ZA,CA 302;
ZARAN/MAXIMILLIAN ZA,CA 303;
ZARAN/MAXIMILLIAN ZA,CA 357/2;
ZARAN/MAXIMILLIAN ZA,CA 358;
ZARAN/MAXIMILLIAN ZA,CA 359;
ZARAN/MAXIMILLIAN ZA,CA 360;
ZARAN/MAXIMILLIAN ZA,CA 361;
ZARAN/MAXIMILLIAN ZA,CA 362;
ZARAN/MAXIMILLIAN ZA,GAM3 17;
ZARAN/MAXIMILLIAN ZA,GAM3 19;
ZARAN/MAXIMILLIAN ZA,HAWK2;
ZARAN/MAXIMILLIAN ZA,MOKF 109;
ZARAN/MAXIMILLIAN ZA,MOKF 77;
ZARAN/MAXIMILLIAN ZA,MOKF 78;
ZARAN/MAXIMILLIAN ZA,MOKF 79;
ZARAN/MAXIMILLIAN ZA,MOKF 83;
ZARAN/MAXIMILLIAN ZA,MOKF 84;
ZARAN/MAXIMILLIAN ZA,MOKF 86;
ZARAN/MAXIMILLIAN ZA,MOKF 87;
ZARAN/MAXIMILLIAN ZA,MOKF 88;
ZARAN/MAXIMILLIAN ZA,MOKF 89;
ZARAN/MAXIMILLIAN ZA,SOLOA 3;
ZARAN/MAXIMILLIAN ZA,W2 158;
ZARAN/MAXIMILLIAN ZA,WCA2 11;
ZARATHOS,ASM 274;
ZARATHOS,BFF:S 3;
ZARATHOS,GR2 80;
ZARATHOS,GR2 81;
ZARATHUSTRA,FFOR 10;
ZARATHUSTRA,FFOR 11;
ZARATHUSTRA,FFOR 16;
ZARATHUSTRA,FFOR 2;
ZARIN,A 248;
ZARIN,E 11;
ZARIN,E:HEROD;
ZARRKO, ARTHUR,AR 1;
ZARRKO, ARTHUR,C&D2 10;
ZARRKO, ARTHUR,FF 20;
ZARRKO, ARTHUR,FF 258;
ZARRKO, ARTHUR,FF 397;
ZARRKO, ARTHUR,FF 398;
ZARRKO, ARTHUR,FF 399;
ZARRKO, ARTHUR,FF 400;
ZARRKO, ARTHUR,FF 400/2;
ZARRKO, ARTHUR,FF 401;
ZARRKO, ARTHUR,FF 402;
ZARRKO, ARTHUR,FF 403;
ZARRKO, ARTHUR,FF 404;
ZARRKO, ARTHUR,FF 405;
ZARRKO, ARTHUR,FF 406;
ZARRKO, ARTHUR,FF 407;
ZARRKO, ARTHUR,FF 408;
ZARRKO, ARTHUR,FF 409;
ZARRKO, ARTHUR,FFU 12;
ZARRKO, ARTHUR,FFUP 3;
ZARRKO, ARTHUR,JIM 101;
ZARRKO, ARTHUR,JIM 102;
ZARRKO, ARTHUR,JIM 86;
ZARRKO, ARTHUR,M/TU 10;
ZARRKO, ARTHUR,M/TU 11;
ZARRKO, ARTHUR,M/TU 9;
ZARRKO, ARTHUR,T2 33;
ZARRKO, ARTHUR,T2 35;
ZARRKO, ARTHUR,T 242;
ZARRKO, ARTHUR,T 243;
ZARRKO, ARTHUR,T 244;
ZARRKO, ARTHUR,T 245;
ZARRKO, ARTHUR,T 438;
ZARRKO, ARTHUR,T 439;
ZARRKO, ARTHUR,T 440;
ZARRKO, ARTHUR,T 441;
ZARRKO, ARTHUR,WCA2 35;
ZAWADI,M/:LG 2;
ZAWADI,M/U 4;
ZAWADI,M/U 5;
ZAWADI,M/U 6;
ZAWADI,M/U 7;
ZCANN,BSHP2 15;
ZCANN,MAXSEC 3;
ZCANN,MAXSEC:DP;
ZCANN,X 107;
ZCANN,XU 29;
ZEAKLAR,SS3 41;
ZEAKLAR,SS3 42;
ZEAKLAR,SS3 43;
ZEALOT/MOREAU,MR 1;
ZEDRAO, GENERAL,A 14;
ZEDRAO, GENERAL,A 259;
ZEDRAO, GENERAL,A 260;
ZEDRAO, GENERAL,A 261;
ZEDRAO, GENERAL,M/GN 1;
ZEFRA,FFU 9;
ZEFRA,T 475;
ZEFRA,T 477;
ZEFRA,T 480;
ZEFRA,T 481;
ZEFRA,T 482;
ZEFRA,T 487;
ZEFRA,T 488;
ZEITGEIST II/AXEL CL,XFOR 116;
ZEITGEIST, NICOLA,XM 71;
ZEITGEIST, NICOLA,XM 72;
ZEITGEIST, NICOLA,XM 73;
ZELDA,M/HOL 1994;
ZELDA,UX 14;
ZELDA,UX 19;
ZELDA,UX 22;
ZELDA,UX 27;
ZELDA,UX 31;
ZELDA,UX 32;
ZELDA,UX 41;
ZELDA,UX 47;
ZELDA,UX 7;
ZELDA,X:HY 2;
ZELIG, LON,FF3 37;
ZEMO/BARON HEINRICH,A 10;
ZEMO/BARON HEINRICH,A 131;
ZEMO/BARON HEINRICH,A 132;
ZEMO/BARON HEINRICH,A 15;
ZEMO/BARON HEINRICH,A 353;
ZEMO/BARON HEINRICH,A 354;
ZEMO/BARON HEINRICH,A 4;
ZEMO/BARON HEINRICH,A 56;
ZEMO/BARON HEINRICH,A 6;
ZEMO/BARON HEINRICH,A 7;
ZEMO/BARON HEINRICH,A 9;
ZEMO/BARON HEINRICH,CA 168;
ZEMO/BARON HEINRICH,CA 221/2;
ZEMO/BARON HEINRICH,CA '98;
ZEMO/BARON HEINRICH,CA: MEDUSA EFFECT;
ZEMO/BARON HEINRICH,CA:SL2 12;
ZEMO/BARON HEINRICH,GSA 3;
ZEMO/BARON HEINRICH,SGT. FURY 8;
ZEMO/BARON HEINRICH,SPIDER-MAN: FEAR ITS;
ZEMO/BARON HEINRICH,TB -1;
ZEMO/BARON HEINRICH,TOS 60/2;
ZERO,C 1;
ZERO,C 2;
ZERO,NM 100;
ZERO,NM 86;
ZERO,NM 87;
ZERO,NM 93;
ZERO,UX 296;
ZERO,X 13;
ZERO,X 14;
ZERO,X 15;
ZERO,X 16;
ZERO,XCAL 78;
ZERO,XCAL 79;
ZERO,XCAL 80;
ZERO,XF 78;
ZERO,XFOR 1;
ZERO,XFOR 16;
ZERO,XFOR 17;
ZERO,XFOR 6;
ZET,W '00;
ZEUS,A 100;
ZEUS,A 173;
ZEUS,A 23;
ZEUS,A 281;
ZEUS,A 282;
ZEUS,A 283;
ZEUS,A 284;
ZEUS,A 285;
ZEUS,A 357;
ZEUS,A 38;
ZEUS,A 384;
ZEUS,A 49;
ZEUS,A 50;
ZEUS,CHAMP 2;
ZEUS,CHAMP 3;
ZEUS,DEF2 4;
ZEUS,DEF 4;
ZEUS,IG 2;
ZEUS,JIM 1;
ZEUS,JIM 124;
ZEUS,KZ 1/2;
ZEUS,M/CP 12/3;
ZEUS,M/PRM 26;
ZEUS,M/SH3 9;
ZEUS,M/TIO 44;
ZEUS,NM 81;
ZEUS,NW2 10;
ZEUS,S-H2 25;
ZEUS,SOLOA 11/2;
ZEUS,SUB-M 29;
ZEUS,T '01;
ZEUS,T 10;
ZEUS,T 129;
ZEUS,T 164;
ZEUS,T 221;
ZEUS,T 222;
ZEUS,T2 7;
ZEUS,T 289;
ZEUS,T 291;
ZEUS,T 292;
ZEUS,T 300;
ZEUS,T 301;
ZEUS,T 398;
ZEUS,T 5;
ZEY-ROGG,CM4 4;
ZEY-ROGG,CM5 12;
ZEY-ROGG,CM5 13;
ZIMMER, ABE,FW 8;
ZIMMER, ABE,IM 15/2;
ZIMMER, ABE,IM 219;
ZIMMER, ABE,IM 225;
ZIMMER, ABE,IM 226;
ZIMMER, ABE,IM 229;
ZIMMER, ABE,IM 230;
ZIMMER, ABE,IM 236;
ZIMMER, ABE,IM 239;
ZIMMER, ABE,IM 246;
ZIMMER, ABE,IM 247;
ZIMMER, ABE,IM 248;
ZIMMER, ABE,IM 281;
ZIMMER, ABE,IM 283;
ZIMMER, ABE,IM 284;
ZIMMER, ABE,IM 285;
ZIMMER, ABE,IM 286;
ZIMMER, ABE,IM 287;
ZIMMER, ABE,IM 288/2;
ZIMMER, ABE,IM 305;
ZIMMER, ABE,IM 306;
ZIMMER, ABE,IM 307;
ZIMMER, ABE,IM 308;
ZIMMER, ABE,IM 310;
ZIMMER, ABE,IM 318;
ZIMMER, ABE,IM 319;
ZINGH,M/K 11;
ZINGH,M/K 12;
ZINOVIEV, IVAN,M/U 5;
ZINOVIEV, IVAN,M/U 6;
ZIRA,KZ4 1;
ZIRA,KZ4 10;
ZIRA,KZ4 11;
ZIRA,KZ4 13;
ZIRA,KZ4 14;
ZIRA,KZ4 14/2;
ZIRA,KZ4 15;
ZIRA,KZ4 16;
ZIRA,KZ4 17;
ZIRA,KZ4 18;
ZIRA,KZ4 19;
ZIRA,KZ4 2;
ZIRA,KZ4 20;
ZIRA,KZ4 3;
ZIRA,KZ4 7;
ZIRA,KZ '97;
ZIRAN,A 339;
ZIRAN,E 18;
ZIRAN,E 19;
ZIRAN,E2 12;
ZIRAN,FF 23;
ZIRAN,HR:R 1;
ZIRAN,IG 3;
ZIRAN,IG 4;
ZIRAN,IG 5;
ZIRAN,IG 6;
ZIRAN,T 300;
ZIRAN,T 424;
ZIRAN,WI 23/2;
ZIRAN,WIW 1;
ZIRAN,XF 48;
ZIRAN,XF 49;
ZIRAN,XF 50;
ZIRCONIUM,A 188;
ZIRCONIUM,TB 6;
ZIRCONIUM,TB 7;
ZODIAK/NORMAN HARRIS,DRSTR3 28;
ZODIAK/NORMAN HARRIS,GR3 10;
ZODIAK/NORMAN HARRIS,GR3 11;
ZODIAK/NORMAN HARRIS,GR3 19;
ZODIAK/NORMAN HARRIS,GR3 20;
ZOLA, ARNIM,A 13;
ZOLA, ARNIM,CA 208;
ZOLA, ARNIM,CA 209;
ZOLA, ARNIM,CA 210;
ZOLA, ARNIM,CA 211;
ZOLA, ARNIM,CA 212;
ZOLA, ARNIM,CA 350/2;
ZOLA, ARNIM,CA 383/4;
ZOLA, ARNIM,CA 387/2;
ZOLA, ARNIM,CA 393;
ZOLA, ARNIM,CA 394;
ZOLA, ARNIM,CA 395;
ZOLA, ARNIM,CA 396;
ZOLA, ARNIM,CA 437;
ZOLA, ARNIM II,XCAL 36;
ZOLA, ARNIM,M/CP 24/3;
ZOLA, ARNIM,SVTU 17;
ZOLA, ARNIM,TB 24;
ZOLA, ARNIM,TB 4;
ZOLA, ARNIM,W2 139;
ZOLA, ARNIM,XF 3/3;
ZOMBIE/SIMON GARTH,ASMU 20;
ZOMBIE/SIMON GARTH,BIZADV 33;
ZOMBIE/SIMON GARTH,DL 2/5;
ZOMBIE/SIMON GARTH,ST5 1/3;
ZOMBIE/SIMON GARTH,TOTZ 1;
ZOMBIE/SIMON GARTH,TOTZ 1/2;
ZOMBIE/SIMON GARTH,TOTZ 1/6;
ZOMBIE/SIMON GARTH,TOTZ 2;
ZOMBIE/SIMON GARTH,TOTZ 2/6;
ZOMBIE/SIMON GARTH,TOTZ 3;
ZOMBIE/SIMON GARTH,TOTZ 4;
ZOMBIE/SIMON GARTH,TOTZ 4/6;
ZOMBIE/SIMON GARTH,TOTZ 5;
ZOMBIE/SIMON GARTH,TOTZ 6;
ZOMBIE/SIMON GARTH,TOTZ 7;
ZOMBIE/SIMON GARTH,TOTZ 8;
ZOMBIE/SIMON GARTH,TOTZ 9;
ZOM,DRSTR3 20;
ZOM,ST 156/2;
ZOM,ST 157/2;
ZOM,ST 158/2;
ZONA,XFOR 84;
ZONA,XFOR 97;
ZONE,M/CP 118/4;
ZON,T 422;
ZON,T 423;
ZON,T 424;
ZON,T 425;
ZON,T 447/2;
ZON,T 448/2;
ZON,T 450/2;
ZON,T 482;
ZOOG [KYMELLIAN],CM5 14;
ZORN,M/:LG 8;
ZOTA, CARLO,A 12;
ZOTA, CARLO,A 262;
ZOTA, CARLO,A 263;
ZOTA, CARLO,CPU 2;
ZOTA, CARLO,CPU 2/2;
ZOTA, CARLO,FF 207;
ZOTA, CARLO,FF 66;
ZOTA, CARLO,FF 67;
ZOTA, CARLO,H 6;
ZOTA, CARLO,SMTU 7;
ZOTA,DRSTR3 33;
ZOTA,ST 124/2;
ZURAS,CM 29;
ZURAS,E 1;
ZURAS,E 10;
ZURAS,E 11;
ZURAS,E 12;
ZURAS,E 14;
ZURAS,E 15;
ZURAS,E 16;
ZURAS,E 17;
ZURAS,E 18;
ZURAS,E2 4;
ZURAS,E2 9;
ZURAS,E 5;
ZURAS,E 9;
ZURAS,E:HEROD;
ZURAS,IM 6;
ZURAS,T 287;
ZURAS,T 288;
ZURAS,T 289;
ZURAS,T 291;
ZURAS,T 292;
ZURAS,T 301;
ZURAS,WI 25/2;
ZURI,BP3 1;
ZURI,BP3 11;
ZURI,BP3 12;
ZURI,BP3 18;
ZURI,BP3 19;
ZURI,BP3 19/2;
ZURI,BP3 2;
ZURI,BP3 20;
ZURI,BP3 21;
ZURI,BP3 23;
ZURI,BP3 24;
ZURI,BP3 27;
ZURI,BP3 32;
ZURI,BP3 33;
ZURI,BP3 4;
ZURI,BP3 5;
ZURI,BP3 6;
ZURI,BP3 7;
ZURI,BP3 8;
ZURI,BP3 9;
ZURI,DD2 8;
ZZZAX,C2 59;
ZZZAX,H2 166;
ZZZAX,H2 183;
ZZZAX,H2 285;
ZZZAX,H2 325;
ZZZAX,H2 326;
ZZZAX,H2 327;
ZZZAX,M/CP 8/4;
ZZZAX,PM 47;
ZZZAX,WCA2 12;
